17 0 400.0 201.0 1.4027610059999915 0.0 7.92 0.0018465901997017245 0.003438161109826199 False True 0.006840480198184125 5.490061192189014 -0.05657802072629651 -2.669812925160566 0.0
17 1 412.0 213.0 2.8386567469999875 0.0 7.92 0.0018465901997017245 0.006738255227171444 False True 0.006840480198184125 5.490061192189014 -0.05657802072629651 -2.669812925160566 0.0
17 2 424.0 224.99999999999997 4.287491018999987 0.0 7.97 0.006738255227171444 0.00954537209366498 False True 0.006840480198184125 5.490061192189014 -0.05657802072629651 -2.669812925160566 0.0
17 3 436.0 236.99999999999997 5.722392047 0.0 7.97 0.006738255227171444 0.005516677641423846 False True 0.006840480198184125 5.490061192189014 -0.05657802072629651 -2.669812925160566 0.0
17 4 448.0 248.99999999999997 7.158189413999992 0.0 7.96 0.005516677641423846 0.004416605188991052 False True 0.006840480198184125 5.490061192189014 -0.05657802072629651 -2.669812925160566 0.0
17 5 460.0 261.0 8.615021202000008 0.0 7.95 0.004416605188991052 0.01466355692798554 False True 0.006840480198184125 5.490061192189014 -0.05657802072629651 -2.669812925160566 0.0
17 6 472.0 273.0 10.062349931000028 0.0 7.96 0.005516677641423846 0.012836727086343154 False True 0.006840480198184125 5.490061192189014 -0.05657802072629651 -2.669812925160566 0.0
17 7 484.0 285.0 11.498847760000046 0.0 7.96 0.005516677641423846 0.0007427073580717218 False True 0.006840480198184125 5.490061192189014 -0.05657802072629651 -2.669812925160566 0.0
17 8 496.0 297.0 12.93737600600005 0.0 7.96 0.005516677641423846 0.0012336489851386113 False True 0.006840480198184125 5.490061192189014 -0.05657802072629651 -2.669812925160566 0.0
17 9 508.0 309.0 14.394426668000051 0.0 7.96 0.005516677641423846 0.01661089779309923 False True 0.006840480198184125 5.490061192189014 -0.05657802072629651 -2.669812925160566 0.0
17 10 520.0 321.0 15.825840217000035 0.0 8.03 0.01661089779309923 0.00012705994206832185 False True 0.006840480198184125 5.490061192189014 -0.05657802072629651 -2.669812925160566 0.0
17 11 532.0 333.0 17.26418430700005 0.0 8.03 0.01661089779309923 0.0003738276392654202 False True 0.006840480198184125 5.490061192189014 -0.05657802072629651 -2.669812925160566 0.0
17 12 544.0 345.0 18.713933014000048 0.0 7.89 0.0003738276392654202 0.0 False True 0.006840480198184125 5.490061192189014 -0.05657802072629651 -2.669812925160566 0.0
17 13 556.0 357.0 20.153892246000055 0.0 7.89 0.0003738276392654202 0.000361684130541146 False True 0.006840480198184125 5.490061192189014 -0.05657802072629651 -2.669812925160566 0.0
17 14 568.0 369.0 21.60426433400005 0.0 7.89 0.0003738276392654202 0.0007258006998502551 False True 0.006840480198184125 5.490061192189014 -0.05657802072629651 -2.669812925160566 0.0
17 15 580.0 381.0 23.039920300000034 0.0 8.03 0.01661089779309923 0.0001197469057747794 False True 0.006840480198184125 5.490061192189014 -0.05657802072629651 -2.669812925160566 0.0
17 16 592.0 393.0 24.476547797000052 0.0 7.89 0.0003738276392654202 0.0018204668808641075 False True 0.006840480198184125 5.490061192189014 -0.05657802072629651 -2.669812925160566 0.0
17 17 604.0 405.0 25.912578514000046 0.0 7.89 0.0003738276392654202 0.0012120734201043057 False True 0.006840480198184125 5.490061192189014 -0.05657802072629651 -2.669812925160566 0.0
17 18 616.0 417.0 27.350399289000052 0.0 8.03 0.01661089779309923 2.442167408499637e-06 False True 0.006840480198184125 5.490061192189014 -0.05657802072629651 -2.669812925160566 0.0
17 19 628.0 429.0 28.787754060000054 0.0 7.89 0.0003738276392654202 0.002581456479820931 False True 0.006840480198184125 5.490061192189014 -0.05657802072629651 -2.669812925160566 0.0
17 20 640.0 441.0 30.248952176000046 0.0 7.84 0.000361684130541146 0.004416605188991052 False True 0.006840480198184125 5.490061192189014 -0.05657802072629651 -2.669812925160566 0.0
17 21 644.0 445.0 31.70018271600003 0.0 8.03 0.01661089779309923 0.0034034133204550294 False True 0.006840480198184125 5.490061192189014 -0.05657802072629651 -2.669812925160566 0.0
17 22 656.0 457.0 33.15019124700004 0.0 8.03 0.01661089779309923 0.002550933458401605 False True 0.006840480198184125 5.490061192189014 -0.05657802072629651 -2.669812925160566 0.0
17 23 668.0 469.0 34.58944535400002 0.0 7.82 0.0012120734201043057 0.004377834432215981 False True 0.006840480198184125 5.490061192189014 -0.05657802072629651 -2.669812925160566 0.0
17 24 680.0 481.0 36.026811374000005 0.0 7.78 0.004377834432215981 0.005474112563531077 False True 0.006840480198184125 5.490061192189014 -0.05657802072629651 -2.669812925160566 0.0
17 25 692.0 493.0 37.46370752300001 0.0 7.77 0.005474112563531077 0.006692151297323601 False True 0.006840480198184125 5.490061192189014 -0.05657802072629651 -2.669812925160566 0.0
17 26 704.0 505.0 38.900234384000015 0.0 7.78 0.004377834432215981 0.008081202554546143 False True 0.006840480198184125 5.490061192189014 -0.05657802072629651 -2.669812925160566 0.0
17 27 716.0 517.0 40.34905997000001 0.0 7.89 0.0003738276392654202 0.023173846640085843 False True 0.006840480198184125 5.490061192189014 -0.05657802072629651 -2.669812925160566 0.0
17 28 728.0 529.0 41.81082493200003 0.0 7.96 0.005516677641423846 0.009493064028505619 False True 0.006840480198184125 5.490061192189014 -0.05657802072629651 -2.669812925160566 0.0
17 29 740.0 541.0 43.247461085000026 0.0 7.96 0.005516677641423846 0.012779557947551558 False True 0.006840480198184125 5.490061192189014 -0.05657802072629651 -2.669812925160566 0.0
17 30 752.0 553.0 44.68387432000003 0.0 7.89 0.0003738276392654202 0.016550424129121926 False True 0.006840480198184125 5.490061192189014 -0.05657802072629651 -2.669812925160566 0.0
17 31 764.0 565.0 46.119627012000024 0.0 7.87 2.442167408499637e-06 0.014604527638441257 False True 0.006840480198184125 5.490061192189014 -0.05657802072629651 -2.669812925160566 0.0
17 32 776.0 577.0 47.55625155900003 0.0 7.96 0.005516677641423846 0.020804259884310478 False True 0.006840480198184125 5.490061192189014 -0.05657802072629651 -2.669812925160566 0.0
17 33 788.0 589.0 49.00375111200003 0.0 7.96 0.005516677641423846 0.01107568434999967 False True 0.006840480198184125 5.490061192189014 -0.05657802072629651 -2.669812925160566 0.0
17 34 800.0 601.0 50.439825471000034 0.0 7.96 0.005516677641423846 0.018617066032147855 False True 0.006840480198184125 5.490061192189014 -0.05657802072629651 -2.669812925160566 0.0
17 35 812.0 613.0 51.87531355700003 0.0 7.96 0.005516677641423846 0.008031842039240556 False True 0.006840480198184125 5.490061192189014 -0.05657802072629651 -2.669812925160566 0.0
17 36 824.0 625.0 53.309383001000015 0.0 7.96 0.005516677641423846 0.2985985776746224 False True 0.006840480198184125 5.490061192189014 -0.05657802072629651 -2.669812925160566 0.0
17 37 836.0 637.0 54.73336439100001 0.0 7.96 0.005516677641423846 0.282822325849288 False True 0.006840480198184125 5.490061192189014 -0.05657802072629651 -2.669812925160566 0.0
17 38 848.0 649.0 56.187265064 0.0 7.96 0.005516677641423846 0.31474031681317216 False True 0.006840480198184125 5.490061192189014 -0.05657802072629651 -2.669812925160566 0.0
17 39 860.0 661.0 57.632995068000014 0.0 8.6 0.31474031681317216 0.33124098024376725 False True 0.006840480198184125 5.490061192189014 -0.05657802072629651 -2.669812925160566 0.0
17 40 872.0 673.0 59.06836039500001 0.0 7.96 0.005516677641423846 0.30662416812221965 False True 0.006840480198184125 5.490061192189014 -0.05657802072629651 -2.669812925160566 0.0
17 41 884.0 685.0 60.50464364900003 0.0 7.96 0.005516677641423846 0.028087037781848366 False True 0.006840480198184125 5.490061192189014 -0.05657802072629651 -2.669812925160566 0.0
17 42 896.0 697.0 61.94011397400004 0.0 7.96 0.005516677641423846 0.025539469321698868 False True 0.006840480198184125 5.490061192189014 -0.05657802072629651 -2.669812925160566 0.0
17 43 908.0 709.0 63.377156557000035 0.0 7.78 0.004377834432215981 0.03354089440551233 False True 0.006840480198184125 5.490061192189014 -0.05657802072629651 -2.669812925160566 0.0
17 44 920.0 721.0 64.82506621200005 0.0 7.63 0.03354089440551233 0.03644666357191568 False True 0.006840480198184125 5.490061192189014 -0.05657802072629651 -2.669812925160566 0.0
17 45 932.0 733.0 66.26374512100003 0.0 7.63 0.03354089440551233 0.03947129410043601 False True 0.006840480198184125 5.490061192189014 -0.05657802072629651 -2.669812925160566 0.0
17 46 944.0 745.0 70.46084698500005 0.0 7.63 0.03354089440551233 0.030754263985698464 False True 0.006840480198184125 5.490061192189014 -0.05657802072629651 -2.669812925160566 0.0
17 47 956.0 757.0 82.01193211700001 0.0 7.63 0.03354089440551233 0.04587597029809337 False True 0.006840480198184125 5.490061192189014 -0.05657802072629651 -2.669812925160566 0.0
17 48 968.0 769.0 85.692517554 0.0 7.63 0.03354089440551233 0.04925540187840334 False True 0.006840480198184125 5.490061192189014 -0.05657802072629651 -2.669812925160566 0.0
17 49 980.0 781.0 88.77371157300001 0.0 7.63 0.03354089440551233 0.04261449671924656 False True 0.006840480198184125 5.490061192189014 -0.05657802072629651 -2.669812925160566 0.0
17 50 992.0 793.0 91.542509741 0.0 7.59 0.04587597029809337 0.05636682825649843 False True 0.006840480198184125 5.490061192189014 -0.05657802072629651 -2.669812925160566 0.0
17 51 1004.0 805.0 94.11290629000001 0.0 7.62 0.03644666357191568 0.023111800165988922 False True 0.006840480198184125 5.490061192189014 -0.05657802072629651 -2.669812925160566 0.0
17 52 1016.0 817.0 96.54539954199998 0.0 7.67 0.023111800165988922 0.000361684130541146 False True 0.006840480198184125 5.490061192189014 -0.05657802072629651 -2.669812925160566 0.0
17 53 1020.0 821.0 98.86198802499996 0.0 7.67 0.023111800165988922 0.05275246670458392 False True 0.006840480198184125 5.490061192189014 -0.05657802072629651 -2.669812925160566 0.0
17 54 1032.0 833.0 101.08757033199993 0.0 7.67 0.023111800165988922 0.014604527638441257 False True 0.006840480198184125 5.490061192189014 -0.05657802072629651 -2.669812925160566 0.0
17 55 1036.0 837.0 103.2384574049999 0.0 7.63 0.03354089440551233 0.0012120734201043057 False True 0.006840480198184125 5.490061192189014 -0.05657802072629651 -2.669812925160566 0.0
17 56 1040.0 841.0 105.22729710899989 0.0 7.63 0.03354089440551233 0.0012120734201043057 False True 0.006840480198184125 5.490061192189014 -0.05657802072629651 -2.669812925160566 0.0
17 57 1044.0 845.0 107.12036559599989 0.0 7.63 0.03354089440551233 0.020866268660797035 False True 0.006840480198184125 5.490061192189014 -0.05657802072629651 -2.669812925160566 0.0
17 58 1056.0 857.0 108.94669614399993 0.0 8.05 0.020866268660797035 0.005474112563531077 False True 0.006840480198184125 5.490061192189014 -0.05657802072629651 -2.669812925160566 0.0
17 59 1060.0 861.0 110.72434448099995 0.0 8.05 0.020866268660797035 0.0012120734201043057 False True 0.006840480198184125 5.490061192189014 -0.05657802072629651 -2.669812925160566 0.0
17 60 1064.0 865.0 112.47849828099993 0.0 8.05 0.020866268660797035 0.008031842039240556 False True 0.006840480198184125 5.490061192189014 -0.05657802072629651 -2.669812925160566 0.0
17 61 1068.0 869.0 114.19601181799993 0.0 8.05 0.020866268660797035 0.06791015231199439 False True 0.006840480198184125 5.490061192189014 -0.05657802072629651 -2.669812925160566 0.0
17 62 1080.0 881.0 115.87741312299994 0.0 7.96 0.005516677641423846 0.08049591007423335 False True 0.006840480198184125 5.490061192189014 -0.05657802072629651 -2.669812925160566 0.0
17 63 1092.0 893.0 117.52201534099993 0.0 7.96 0.005516677641423846 0.06394603683733957 False True 0.006840480198184125 5.490061192189014 -0.05657802072629651 -2.669812925160566 0.0
17 64 1104.0 905.0 119.11505151499995 0.0 7.54 0.06394603683733957 0.06009813828311678 False True 0.006840480198184125 5.490061192189014 -0.05657802072629651 -2.669812925160566 0.0
17 65 1116.0 917.0 120.65549791399991 0.0 7.54 0.06394603683733957 0.07199010147699672 False True 0.006840480198184125 5.490061192189014 -0.05657802072629651 -2.669812925160566 0.0
17 66 1128.0 929.0 122.17020712699991 0.0 7.96 0.005516677641423846 0.09411313092616701 False True 0.006840480198184125 5.490061192189014 -0.05657802072629651 -2.669812925160566 0.0
17 67 1140.0 941.0 123.67789995499993 0.0 7.96 0.005516677641423846 0.030813186915463378 False True 0.006840480198184125 5.490061192189014 -0.05657802072629651 -2.669812925160566 0.0
17 68 1152.0 953.0 125.15599704199991 0.0 8.09 0.030813186915463378 0.028147567700250422 False True 0.006840480198184125 5.490061192189014 -0.05657802072629651 -2.669812925160566 0.0
17 69 1164.0 965.0 126.63045135699991 0.0 8.09 0.030813186915463378 0.03359760947655854 False True 0.006840480198184125 5.490061192189014 -0.05657802072629651 -2.669812925160566 0.0
17 70 1176.0 977.0 128.1012167689999 0.0 7.96 0.005516677641423846 0.03952168601560815 False True 0.006840480198184125 5.490061192189014 -0.05657802072629651 -2.669812925160566 0.0
17 71 1188.0 989.0 129.55050912199994 0.0 8.12 0.03952168601560815 0.03650054369143716 False True 0.006840480198184125 5.490061192189014 -0.05657802072629651 -2.669812925160566 0.0
17 72 1200.0 1001.0 130.98745579399997 0.0 8.12 0.03952168601560815 0.042660721082541375 False True 0.006840480198184125 5.490061192189014 -0.05657802072629651 -2.669812925160566 0.0
17 73 1212.0 1013.0 132.410020622 0.0 7.96 0.005516677641423846 0.04929114905879005 False True 0.006840480198184125 5.490061192189014 -0.05657802072629651 -2.669812925160566 0.0
17 74 1224.0 1025.0 133.827738593 0.0 7.96 0.005516677641423846 0.04591732173520841 False True 0.006840480198184125 5.490061192189014 -0.05657802072629651 -2.669812925160566 0.0
17 75 1236.0 1037.0 135.23057274800004 0.0 7.96 0.005516677641423846 0.05638906947502043 False True 0.006840480198184125 5.490061192189014 -0.05657802072629651 -2.669812925160566 0.0
17 76 1248.0 1049.0 136.62917545000005 0.0 7.96 0.005516677641423846 0.05278185241457562 False True 0.006840480198184125 5.490061192189014 -0.05657802072629651 -2.669812925160566 0.0
17 77 1260.0 1061.0 138.02316689100007 0.0 7.96 0.005516677641423846 0.06395153717411296 False True 0.006840480198184125 5.490061192189014 -0.05657802072629651 -2.669812925160566 0.0
17 78 1272.0 1073.0 139.41777960300004 0.0 7.96 0.005516677641423846 0.060112426259980846 False True 0.006840480198184125 5.490061192189014 -0.05657802072629651 -2.669812925160566 0.0
17 79 1284.0 1085.0 140.80319683500005 0.0 7.96 0.005516677641423846 0.07615936532789533 False True 0.006840480198184125 5.490061192189014 -0.05657802072629651 -2.669812925160566 0.0
17 80 1296.0 1097.0 142.19534574900007 0.0 7.96 0.005516677641423846 0.07197542116501077 False True 0.006840480198184125 5.490061192189014 -0.05657802072629651 -2.669812925160566 0.0
17 81 1308.0 1109.0 143.56421285800008 0.0 7.96 0.005516677641423846 0.08486909973666666 False True 0.006840480198184125 5.490061192189014 -0.05657802072629651 -2.669812925160566 0.0
17 82 1320.0 1121.0 144.92973417600007 0.0 8.24 0.08486909973666666 0.0804574058750718 False True 0.006840480198184125 5.490061192189014 -0.05657802072629651 -2.669812925160566 0.0
17 83 1332.0 1133.0 146.31943195100007 0.0 8.24 0.08486909973666666 0.08939399247624047 False True 0.006840480198184125 5.490061192189014 -0.05657802072629651 -2.669812925160566 0.0
17 84 1344.0 1145.0 147.67415444900007 0.0 8.23 0.0804574058750718 0.10364315006221221 False True 0.006840480198184125 5.490061192189014 -0.05657802072629651 -2.669812925160566 0.0
17 85 1356.0 1157.0 149.05865779200008 0.0 8.23 0.0804574058750718 0.09878150028454026 False True 0.006840480198184125 5.490061192189014 -0.05657802072629651 -2.669812925160566 0.0
17 86 1368.0 1169.0 150.4154825060001 0.0 8.24 0.08486909973666666 0.1086160682322853 False True 0.006840480198184125 5.490061192189014 -0.05657802072629651 -2.669812925160566 0.0
17 87 1380.0 1181.0 151.7743798890001 0.0 8.28 0.10364315006221221 0.09403161833623368 False True 0.006840480198184125 5.490061192189014 -0.05657802072629651 -2.669812925160566 0.0
17 88 1392.0 1193.0 153.14857336200015 0.0 8.28 0.10364315006221221 0.11889365641245579 False True 0.006840480198184125 5.490061192189014 -0.05657802072629651 -2.669812925160566 0.0
17 89 1404.0 1205.0 154.51164417600012 0.0 8.23 0.0804574058750718 0.12961004769460066 False True 0.006840480198184125 5.490061192189014 -0.05657802072629651 -2.669812925160566 0.0
17 90 1416.0 1217.0 155.8878826240001 0.0 8.23 0.0804574058750718 0.1407608494116299 False True 0.006840480198184125 5.490061192189014 -0.05657802072629651 -2.669812925160566 0.0
17 91 1428.0 1229.0 157.25450066000008 0.0 7.96 0.005516677641423846 0.12419727211358277 False True 0.006840480198184125 5.490061192189014 -0.05657802072629651 -2.669812925160566 0.0
17 92 1440.0 1241.0 158.6303935190001 0.0 7.96 0.005516677641423846 0.13513142859978103 False True 0.006840480198184125 5.490061192189014 -0.05657802072629651 -2.669812925160566 0.0
17 93 1452.0 1253.0 160.00729083800013 0.0 8.23 0.0804574058750718 0.15234149511682277 False True 0.006840480198184125 5.490061192189014 -0.05657802072629651 -2.669812925160566 0.0
17 94 1464.0 1265.0 161.3954657060001 0.0 7.96 0.005516677641423846 0.11369974422971853 False True 0.006840480198184125 5.490061192189014 -0.05657802072629651 -2.669812925160566 0.0
17 95 1476.0 1277.0 162.77356583800008 0.0 8.05 0.020866268660797035 0.06790600504542828 False True 0.006840480198184125 5.490061192189014 -0.05657802072629651 -2.669812925160566 0.0
17 96 1488.0 1289.0 164.15307816500007 0.0 8.2 0.06790600504542828 0.17050800934934157 False True 0.006840480198184125 5.490061192189014 -0.05657802072629651 -2.669812925160566 0.0
17 97 1500.0 1301.0 165.53120410200012 0.0 8.05 0.020866268660797035 0.18961426383708332 False True 0.006840480198184125 5.490061192189014 -0.05657802072629651 -2.669812925160566 0.0
17 98 1512.0 1313.0 166.91012039600014 0.0 8.05 0.020866268660797035 0.20964270530933202 False True 0.006840480198184125 5.490061192189014 -0.05657802072629651 -2.669812925160566 0.0
17 99 1524.0 1325.0 168.2784378010001 0.0 8.05 0.020866268660797035 0.20286521080198228 False True 0.006840480198184125 5.490061192189014 -0.05657802072629651 -2.669812925160566 0.0
17 100 1536.0 1337.0 169.65860199500014 0.0 8.05 0.020866268660797035 0.2234982812241381 False True 0.006840480198184125 5.490061192189014 -0.05657802072629651 -2.669812925160566 0.0
17 101 1548.0 1349.0 171.03865669800012 0.0 8.18 0.060112426259980846 0.19618883666773979 False True 0.006840480198184125 5.490061192189014 -0.05657802072629651 -2.669812925160566 0.0
17 102 1560.0 1361.0 172.41930773000013 0.0 8.28 0.10364315006221221 0.18314216305911105 False True 0.006840480198184125 5.490061192189014 -0.05657802072629651 -2.669812925160566 0.0
17 103 1572.0 1373.0 173.78892717300016 0.0 7.63 0.03354089440551233 0.2598572329825011 False True 0.006840480198184125 5.490061192189014 -0.05657802072629651 -2.669812925160566 0.0
17 104 1584.0 1385.0 175.16832697600017 0.0 7.96 0.005516677641423846 0.15829153538058896 False True 0.006840480198184125 5.490061192189014 -0.05657802072629651 -2.669812925160566 0.0
17 105 1596.0 1397.0 176.54719420600014 0.0 7.96 0.005516677641423846 0.02560103164145914 False True 0.006840480198184125 5.490061192189014 -0.05657802072629651 -2.669812925160566 0.0
17 106 1608.0 1409.0 177.92670946800013 0.0 7.96 0.005516677641423846 0.146497733907422 False True 0.006840480198184125 5.490061192189014 -0.05657802072629651 -2.669812925160566 0.0
17 107 1620.0 1421.0 179.29558573200012 0.0 7.96 0.005516677641423846 0.10874991589688295 False True 0.006840480198184125 5.490061192189014 -0.05657802072629651 -2.669812925160566 0.0
17 108 1632.0 1433.0 180.67532031000013 0.0 7.96 0.005516677641423846 0.1190679052817506 False True 0.006840480198184125 5.490061192189014 -0.05657802072629651 -2.669812925160566 0.0
17 109 1644.0 1445.0 182.05426646300015 0.0 7.96 0.005516677641423846 0.1298293349010569 False True 0.006840480198184125 5.490061192189014 -0.05657802072629651 -2.669812925160566 0.0
17 110 1656.0 1457.0 183.43305018800015 0.0 7.96 0.005516677641423846 0.1410300056173785 False True 0.006840480198184125 5.490061192189014 -0.05657802072629651 -2.669812925160566 0.0
17 111 1668.0 1469.0 184.80250045300016 0.0 7.96 0.005516677641423846 0.1353750344520802 False True 0.006840480198184125 5.490061192189014 -0.05657802072629651 -2.669812925160566 0.0
17 112 1680.0 1481.0 186.18180305700014 0.0 7.96 0.005516677641423846 0.12439344836991814 False True 0.006840480198184125 5.490061192189014 -0.05657802072629651 -2.669812925160566 0.0
17 113 1692.0 1493.0 187.55062972700017 0.0 7.96 0.005516677641423846 0.15266554258164827 False True 0.006840480198184125 5.490061192189014 -0.05657802072629651 -2.669812925160566 0.0
17 114 1704.0 1505.0 188.90593971700014 0.0 7.96 0.005516677641423846 0.10375847506186552 False True 0.006840480198184125 5.490061192189014 -0.05657802072629651 -2.669812925160566 0.0
17 115 1716.0 1517.0 190.25195722400014 0.0 7.96 0.005516677641423846 0.11385322502406746 False True 0.006840480198184125 5.490061192189014 -0.05657802072629651 -2.669812925160566 0.0
17 116 1728.0 1529.0 191.60028485700013 0.0 7.96 0.005516677641423846 0.17722284786849826 False True 0.006840480198184125 5.490061192189014 -0.05657802072629651 -2.669812925160566 0.0
17 117 1740.0 1541.0 192.96078715900012 0.0 7.96 0.005516677641423846 0.1901350040309096 False True 0.006840480198184125 5.490061192189014 -0.05657802072629651 -2.669812925160566 0.0
17 118 1752.0 1553.0 194.31084671500014 0.0 7.96 0.005516677641423846 0.1647313969830572 False True 0.006840480198184125 5.490061192189014 -0.05657802072629651 -2.669812925160566 0.0
17 119 1764.0 1565.0 195.67268890600013 0.0 7.96 0.005516677641423846 0.17092422459798226 False True 0.006840480198184125 5.490061192189014 -0.05657802072629651 -2.669812925160566 0.0
17 120 1776.0 1577.0 197.03616108200015 0.0 7.96 0.005516677641423846 0.21028094748033171 False True 0.006840480198184125 5.490061192189014 -0.05657802072629651 -2.669812925160566 0.0
17 121 1788.0 1589.0 198.39832855600014 0.0 7.96 0.005516677641423846 0.2034628059656896 False True 0.006840480198184125 5.490061192189014 -0.05657802072629651 -2.669812925160566 0.0
17 122 1800.0 1601.0 199.76043736900016 0.0 7.96 0.005516677641423846 0.22422236834833834 False True 0.006840480198184125 5.490061192189014 -0.05657802072629651 -2.669812925160566 0.0
17 123 1812.0 1613.0 201.11278503100016 0.0 7.96 0.005516677641423846 0.24588700985830822 False True 0.006840480198184125 5.490061192189014 -0.05657802072629651 -2.669812925160566 0.0
17 124 1824.0 1625.0 202.48474305100018 0.0 7.96 0.005516677641423846 0.21720102789443096 False True 0.006840480198184125 5.490061192189014 -0.05657802072629651 -2.669812925160566 0.0
17 125 1836.0 1637.0 203.8399576190002 0.0 7.96 0.005516677641423846 0.27614789928344724 False True 0.006840480198184125 5.490061192189014 -0.05657802072629651 -2.669812925160566 0.0
17 126 1848.0 1649.0 205.11722638000015 0.0 7.96 0.005516677641423846 0.2998485753678447 False True 0.006840480198184125 5.490061192189014 -0.05657802072629651 -2.669812925160566 0.0
17 127 1860.0 1661.0 206.44585139900016 0.0 7.96 0.005516677641423846 0.2608235061073261 False True 0.006840480198184125 5.490061192189014 -0.05657802072629651 -2.669812925160566 0.0
17 128 1872.0 1673.0 221.48588894200014 0.0 8.6 0.31474031681317216 0.2313442798551706 False True 0.006840480198184125 5.490061192189014 -0.05657802072629651 -2.669812925160566 0.0
17 129 1884.0 1685.0 225.13482093400012 0.0 7.96 0.005516677641423846 0.1836266500880355 False True 0.006840480198184125 5.490061192189014 -0.05657802072629651 -2.669812925160566 0.0
17 130 1896.0 1697.0 228.12131897900008 0.0 7.59 0.04587597029809337 0.28395368056102277 False True 0.006840480198184125 5.490061192189014 -0.05657802072629651 -2.669812925160566 0.0
17 131 1908.0 1709.0 230.78166643600008 0.0 7.59 0.04587597029809337 0.32438745408684483 False True 0.006840480198184125 5.490061192189014 -0.05657802072629651 -2.669812925160566 0.0
17 132 1920.0 1721.0 233.22375650100008 0.0 7.59 0.04587597029809337 0.2918541648932759 False True 0.006840480198184125 5.490061192189014 -0.05657802072629651 -2.669812925160566 0.0
17 133 1932.0 1733.0 235.49653004200013 0.0 7.59 0.04587597029809337 0.3497428064721917 False True 0.006840480198184125 5.490061192189014 -0.05657802072629651 -2.669812925160566 0.0
17 134 1944.0 1745.0 237.6256257500001 0.0 8.12 0.03952168601560815 0.2684375885013692 False True 0.006840480198184125 5.490061192189014 -0.05657802072629651 -2.669812925160566 0.0
17 135 1956.0 1757.0 239.6568766840001 0.0 8.36 0.146497733907422 0.004416605188991052 False True 0.006840480198184125 5.490061192189014 -0.05657802072629651 -2.669812925160566 0.0
17 136 1960.0 1761.0 241.62502200400007 0.0 8.36 0.146497733907422 0.3079361256785267 False True 0.006840480198184125 5.490061192189014 -0.05657802072629651 -2.669812925160566 0.0
17 137 1972.0 1773.0 243.48818796900008 0.0 7.14 0.3079361256785267 0.3161160202038884 False True 0.006840480198184125 5.490061192189014 -0.05657802072629651 -2.669812925160566 0.0
17 138 1984.0 1785.0 245.29285062700006 0.0 7.96 0.005516677641423846 0.08492094528242554 False True 0.006840480198184125 5.490061192189014 -0.05657802072629651 -2.669812925160566 0.0
17 139 1996.0 1797.0 247.04818643300007 0.0 7.96 0.005516677641423846 0.32294619882078357 False True 0.006840480198184125 5.490061192189014 -0.05657802072629651 -2.669812925160566 0.0
17 140 2008.0 1809.0 248.76652957300007 0.0 7.96 0.005516677641423846 0.36529211264777695 False True 0.006840480198184125 5.490061192189014 -0.05657802072629651 -2.669812925160566 0.0
17 141 2020.0 1821.0 250.43580192100012 0.0 7.96 0.005516677641423846 0.39172174039740254 False True 0.006840480198184125 5.490061192189014 -0.05657802072629651 -2.669812925160566 0.0
17 142 2032.0 1833.0 252.07814237600007 0.0 7.96 0.005516677641423846 0.418888556791753 False True 0.006840480198184125 5.490061192189014 -0.05657802072629651 -2.669812925160566 0.0
17 143 2044.0 1845.0 253.68327567300008 0.0 7.96 0.005516677641423846 0.3480938613590052 False True 0.006840480198184125 5.490061192189014 -0.05657802072629651 -2.669812925160566 0.0
17 144 2056.0 1857.0 255.2623814760001 0.0 7.96 0.005516677641423846 0.011130604191200379 False True 0.006840480198184125 5.490061192189014 -0.05657802072629651 -2.669812925160566 0.0
17 145 2068.0 1869.0 256.7986692850001 0.0 8.0 0.011130604191200379 0.4562147452520057 False True 0.006840480198184125 5.490061192189014 -0.05657802072629651 -2.669812925160566 0.0
17 146 2080.0 1881.0 258.32328633500003 0.0 8.0 0.011130604191200379 0.09887938849263608 False True 0.006840480198184125 5.490061192189014 -0.05657802072629651 -2.669812925160566 0.0
17 147 2092.0 1893.0 259.819274955 0.0 8.0 0.011130604191200379 0.15864497114948808 False True 0.006840480198184125 5.490061192189014 -0.05657802072629651 -2.669812925160566 0.0
17 148 2104.0 1905.0 261.29469563900005 0.0 7.96 0.005516677641423846 0.14679369606295004 False True 0.006840480198184125 5.490061192189014 -0.05657802072629651 -2.669812925160566 0.0
17 149 2116.0 1917.0 262.7618677560001 0.0 8.05 0.020866268660797035 0.008081202554546143 False True 0.006840480198184125 5.490061192189014 -0.05657802072629651 -2.669812925160566 0.0
17 150 2120.0 1921.0 264.20165538400005 0.0 8.03 0.01661089779309923 0.008081202554546143 False True 0.006840480198184125 5.490061192189014 -0.05657802072629651 -2.669812925160566 0.0
17 151 2124.0 1925.0 265.62433627800004 0.0 7.96 0.005516677641423846 0.25330640036978364 False True 0.006840480198184125 5.490061192189014 -0.05657802072629651 -2.669812925160566 0.0
17 152 2136.0 1937.0 267.03974002 0.0 7.96 0.005516677641423846 0.29066436133999557 False True 0.006840480198184125 5.490061192189014 -0.05657802072629651 -2.669812925160566 0.0
17 153 2148.0 1949.0 268.453777462 0.0 8.459999999999999 0.20964270530933202 0.000361684130541146 False True 0.006840480198184125 5.490061192189014 -0.05657802072629651 -2.669812925160566 0.0
17 154 2152.0 1953.0 269.836408118 0.0 7.96 0.005516677641423846 0.437397092604337 False True 0.006840480198184125 5.490061192189014 -0.05657802072629651 -2.669812925160566 0.0
17 155 2164.0 1965.0 271.214518381 0.0 7.96 0.005516677641423846 0.49474674635596894 False True 0.006840480198184125 5.490061192189014 -0.05657802072629651 -2.669812925160566 0.0
17 156 2176.0 1977.0 272.578855458 0.0 7.96 0.005516677641423846 0.524399535712503 False True 0.006840480198184125 5.490061192189014 -0.05657802072629651 -2.669812925160566 0.0
17 157 2188.0 1989.0 273.936658958 0.0 7.96 0.005516677641423846 0.5648902215705387 False True 0.006840480198184125 5.490061192189014 -0.05657802072629651 -2.669812925160566 0.0
