112 0 400.0 200.99999999999997 1.6304257150000154 0.0 1.42 0.0938622779845586 0.0920109688015565 False True 0.0031040919629407413 3.7225134007829146 -0.07121966562634144 -1.7516111936125698 0.0
112 1 412.0 212.99999999999997 3.1449868229999964 0.0 1.43 0.0920109688015565 0.09583133639981388 False True 0.0031040919629407413 3.7225134007829146 -0.07121966562634144 -1.7516111936125698 0.0
112 2 424.0 224.99999999999997 4.584671962999991 0.0 1.42 0.0938622779845586 0.06233372279519433 False True 0.0031040919629407413 3.7225134007829146 -0.07121966562634144 -1.7516111936125698 0.0
112 3 436.0 236.99999999999997 5.976745935999972 0.0 1.42 0.0938622779845586 0.07015462253475338 False True 0.0031040919629407413 3.7225134007829146 -0.07121966562634144 -1.7516111936125698 0.0
112 4 448.0 248.99999999999997 7.39751357699997 0.0 8.209999999999999 0.07015462253475338 0.0742327233461501 False True 0.0031040919629407413 3.7225134007829146 -0.07121966562634144 -1.7516111936125698 0.0
112 5 460.0 261.0 8.952675293999974 0.0 8.22 0.0742327233461501 0.07842203418790189 False True 0.0031040919629407413 3.7225134007829146 -0.07121966562634144 -1.7516111936125698 0.0
112 6 472.0 273.0 10.54043094799998 0.0 8.22 0.0742327233461501 0.058591731811459456 False True 0.0031040919629407413 3.7225134007829146 -0.07121966562634144 -1.7516111936125698 0.0
112 7 484.0 285.0 12.188841736999976 0.0 8.22 0.0742327233461501 0.05496256666614881 False True 0.0031040919629407413 3.7225134007829146 -0.07121966562634144 -1.7516111936125698 0.0
112 8 496.0 297.0 13.895853492999962 0.0 8.22 0.0742327233461501 0.05144660320000588 False True 0.0031040919629407413 3.7225134007829146 -0.07121966562634144 -1.7516111936125698 0.0
112 9 508.0 309.0 15.507830323999954 0.0 8.22 0.0742327233461501 0.05496256666614881 False True 0.0031040919629407413 3.7225134007829146 -0.07121966562634144 -1.7516111936125698 0.0
112 10 512.0 313.0 17.057049204999956 0.0 8.209999999999999 0.07015462253475338 0.09027758189671659 False True 0.0031040919629407413 3.7225134007829146 -0.07121966562634144 -1.7516111936125698 0.0
112 11 524.0 325.0 18.63993622699995 0.0 8.209999999999999 0.07015462253475338 0.11097302241019259 False True 0.0031040919629407413 3.7225134007829146 -0.07121966562634144 -1.7516111936125698 0.0
112 12 536.0 337.0 20.146350953999942 0.0 8.22 0.0742327233461501 0.12124660439542195 False True 0.0031040919629407413 3.7225134007829146 -0.07121966562634144 -1.7516111936125698 0.0
112 13 548.0 349.0 21.623734865999936 0.0 8.18 0.058591731811459456 0.12654497655582236 False True 0.0031040919629407413 3.7225134007829146 -0.07121966562634144 -1.7516111936125698 0.0
112 14 560.0 361.0 22.992864465999915 0.0 7.4 0.12654497655582236 0.13195038374060625 False True 0.0031040919629407413 3.7225134007829146 -0.07121966562634144 -1.7516111936125698 0.0
112 15 572.0 373.0 24.45445945899992 0.0 7.4 0.12654497655582236 0.08272212319869787 False True 0.0031040919629407413 3.7225134007829146 -0.07121966562634144 -1.7516111936125698 0.0
112 16 584.0 385.0 25.904046891999926 0.0 7.4 0.12654497655582236 0.09791795922537454 False True 0.0031040919629407413 3.7225134007829146 -0.07121966562634144 -1.7516111936125698 0.0
112 17 596.0 397.0 27.320861631999932 0.0 7.4 0.12654497655582236 0.04471542267602397 False True 0.0031040919629407413 3.7225134007829146 -0.07121966562634144 -1.7516111936125698 0.0
112 18 608.0 409.0 28.86788339099992 0.0 7.4 0.12654497655582236 0.038472768811257184 False True 0.0031040919629407413 3.7225134007829146 -0.07121966562634144 -1.7516111936125698 0.0
112 19 620.0 421.0 30.512341661999912 0.0 7.4 0.12654497655582236 0.03552465389090173 False True 0.0031040919629407413 3.7225134007829146 -0.07121966562634144 -1.7516111936125698 0.0
112 20 632.0 433.0 32.08141612499993 0.0 7.4 0.12654497655582236 0.032692393436672525 False True 0.0031040919629407413 3.7225134007829146 -0.07121966562634144 -1.7516111936125698 0.0
112 21 644.0 445.0 33.72687348899994 0.0 8.18 0.058591731811459456 0.048009363066523876 False True 0.0031040919629407413 3.7225134007829146 -0.07121966562634144 -1.7516111936125698 0.0
112 22 656.0 457.0 35.44893767799995 0.0 8.18 0.058591731811459456 0.05141796087518145 False True 0.0031040919629407413 3.7225134007829146 -0.07121966562634144 -1.7516111936125698 0.0
112 23 668.0 469.0 37.03209264699994 0.0 8.18 0.058591731811459456 0.058577805284772154 False True 0.0031040919629407413 3.7225134007829146 -0.07121966562634144 -1.7516111936125698 0.0
112 24 680.0 481.0 38.64913535799995 0.0 8.18 0.058591731811459456 0.05494088809498009 False True 0.0031040919629407413 3.7225134007829146 -0.07121966562634144 -1.7516111936125698 0.0
112 25 692.0 493.0 40.55251251799997 0.0 8.18 0.058591731811459456 0.06619219484389192 False True 0.0031040919629407413 3.7225134007829146 -0.07121966562634144 -1.7516111936125698 0.0
112 26 704.0 505.0 42.59973160299997 0.0 8.18 0.058591731811459456 0.06232836160322205 False True 0.0031040919629407413 3.7225134007829146 -0.07121966562634144 -1.7516111936125698 0.0
112 27 716.0 517.0 44.464167819999986 0.0 8.18 0.058591731811459456 0.07016893147146255 False True 0.0031040919629407413 3.7225134007829146 -0.07121966562634144 -1.7516111936125698 0.0
112 28 728.0 529.0 46.24542014000001 0.0 8.18 0.058591731811459456 0.07845956432686402 False True 0.0031040919629407413 3.7225134007829146 -0.07121966562634144 -1.7516111936125698 0.0
112 29 740.0 541.0 47.78575630600001 0.0 7.5 0.07845956432686402 0.07425818665908619 False True 0.0031040919629407413 3.7225134007829146 -0.07121966562634144 -1.7516111936125698 0.0
112 30 752.0 553.0 49.44888778200003 0.0 8.18 0.058591731811459456 0.08277265718146518 False True 0.0031040919629407413 3.7225134007829146 -0.07121966562634144 -1.7516111936125698 0.0
112 31 764.0 565.0 51.31553052100004 0.0 8.18 0.058591731811459456 0.09637798659440583 False True 0.0031040919629407413 3.7225134007829146 -0.07121966562634144 -1.7516111936125698 0.0
112 32 776.0 577.0 53.181529156000025 0.0 7.4 0.12654497655582236 0.09173230345609584 False True 0.0031040919629407413 3.7225134007829146 -0.07121966562634144 -1.7516111936125698 0.0
112 33 788.0 589.0 54.89989810600001 0.0 7.47 0.09173230345609584 0.0871970467568449 False True 0.0031040919629407413 3.7225134007829146 -0.07121966562634144 -1.7516111936125698 0.0
112 34 800.0 601.0 56.49260980800001 0.0 7.4799999999999995 0.0871970467568449 0.10113364444313089 False True 0.0031040919629407413 3.7225134007829146 -0.07121966562634144 -1.7516111936125698 0.0
112 35 812.0 613.0 57.987363575 0.0 7.47 0.09173230345609584 0.10599881427495997 False True 0.0031040919629407413 3.7225134007829146 -0.07121966562634144 -1.7516111936125698 0.0
112 36 824.0 625.0 59.456313503000004 0.0 7.4799999999999995 0.0871970467568449 0.10599881427495997 False True 0.0031040919629407413 3.7225134007829146 -0.07121966562634144 -1.7516111936125698 0.0
112 37 828.0 629.0 60.916332693 0.0 7.4799999999999995 0.0871970467568449 0.08866227852261693 False True 0.0031040919629407413 3.7225134007829146 -0.07121966562634144 -1.7516111936125698 0.0
112 38 840.0 641.0 62.408771133 0.0 8.18 0.058591731811459456 0.08716520812236572 False True 0.0031040919629407413 3.7225134007829146 -0.07121966562634144 -1.7516111936125698 0.0
112 39 852.0 653.0 63.975006230999995 0.0 8.18 0.058591731811459456 0.08578650831466839 False True 0.0031040919629407413 3.7225134007829146 -0.07121966562634144 -1.7516111936125698 0.0
112 40 864.0 665.0 65.49155021199998 0.0 1.47 0.08578650831466839 0.08452630488006053 False True 0.0031040919629407413 3.7225134007829146 -0.07121966562634144 -1.7516111936125698 0.0
112 41 876.0 677.0 66.95855221099997 0.0 1.48 0.08452630488006053 0.08338471174832582 False True 0.0031040919629407413 3.7225134007829146 -0.07121966562634144 -1.7516111936125698 0.0
112 42 888.0 689.0 68.56058965799998 0.0 1.48 0.08452630488006053 0.0814577527917219 False True 0.0031040919629407413 3.7225134007829146 -0.07121966562634144 -1.7516111936125698 0.0
112 43 900.0 701.0 70.02060516799999 0.0 1.48 0.08452630488006053 0.0823618309871135 False True 0.0031040919629407413 3.7225134007829146 -0.07121966562634144 -1.7516111936125698 0.0
112 44 912.0 713.0 71.42928881499999 0.0 8.18 0.058591731811459456 0.10012194988174578 False True 0.0031040919629407413 3.7225134007829146 -0.07121966562634144 -1.7516111936125698 0.0
112 45 924.0 725.0 73.014592735 0.0 8.18 0.058591731811459456 0.10244310005153395 False True 0.0031040919629407413 3.7225134007829146 -0.07121966562634144 -1.7516111936125698 0.0
112 46 936.0 737.0 74.50664589899999 0.0 1.3800000000000001 0.10244310005153395 0.10488118970029026 False True 0.0031040919629407413 3.7225134007829146 -0.07121966562634144 -1.7516111936125698 0.0
112 47 948.0 749.0 75.965772151 0.0 8.18 0.058591731811459456 0.10743598709850109 False True 0.0031040919629407413 3.7225134007829146 -0.07121966562634144 -1.7516111936125698 0.0
112 48 960.0 761.0 77.31936037599998 0.0 8.18 0.058591731811459456 0.029976257815906775 False True 0.0031040919629407413 3.7225134007829146 -0.07121966562634144 -1.7516111936125698 0.0
112 49 972.0 773.0 78.83799987099998 0.0 8.18 0.058591731811459456 0.027376505782265737 False True 0.0031040919629407413 3.7225134007829146 -0.07121966562634144 -1.7516111936125698 0.0
112 50 984.0 785.0 80.392939648 0.0 8.18 0.058591731811459456 0.04475572802492112 False True 0.0031040919629407413 3.7225134007829146 -0.07121966562634144 -1.7516111936125698 0.0
112 51 996.0 797.0 82.06567470700001 0.0 8.14 0.04475572802492112 0.04804420593240947 False True 0.0031040919629407413 3.7225134007829146 -0.07121966562634144 -1.7516111936125698 0.0
112 52 1008.0 809.0 83.72263283 0.0 8.14 0.04475572802492112 0.041581511245966714 False True 0.0031040919629407413 3.7225134007829146 -0.07121966562634144 -1.7516111936125698 0.0
112 53 1020.0 821.0 85.325761845 0.0 8.14 0.04475572802492112 0.03852188593666586 False True 0.0031040919629407413 3.7225134007829146 -0.07121966562634144 -1.7516111936125698 0.0
112 54 1032.0 833.0 86.77872438299998 0.0 8.12 0.03852188593666586 0.0355771709777902 False True 0.0031040919629407413 3.7225134007829146 -0.07121966562634144 -1.7516111936125698 0.0
112 55 1044.0 845.0 88.25341336999996 0.0 8.11 0.0355771709777902 0.03274767375788325 False True 0.0031040919629407413 3.7225134007829146 -0.07121966562634144 -1.7516111936125698 0.0
112 56 1056.0 857.0 89.73520064399996 0.0 8.12 0.03852188593666586 0.030033690142517583 False True 0.0031040919629407413 3.7225134007829146 -0.07121966562634144 -1.7516111936125698 0.0
112 57 1068.0 869.0 91.32040156299995 0.0 8.14 0.04475572802492112 0.02743550444470941 False True 0.0031040919629407413 3.7225134007829146 -0.07121966562634144 -1.7516111936125698 0.0
112 58 1080.0 881.0 92.83930774299994 0.0 8.1 0.03274767375788325 0.0355771709777902 False True 0.0031040919629407413 3.7225134007829146 -0.07121966562634144 -1.7516111936125698 0.0
112 59 1084.0 885.0 94.24738155199994 0.0 8.14 0.04475572802492112 0.02252712926856495 False True 0.0031040919629407413 3.7225134007829146 -0.07121966562634144 -1.7516111936125698 0.0
112 60 1096.0 897.0 95.63897756799993 0.0 8.12 0.03852188593666586 0.024893384449866874 False True 0.0031040919629407413 3.7225134007829146 -0.07121966562634144 -1.7516111936125698 0.0
112 61 1108.0 909.0 97.09913521799994 0.0 8.12 0.03852188593666586 0.018146100697286782 False True 0.0031040919629407413 3.7225134007829146 -0.07121966562634144 -1.7516111936125698 0.0
112 62 1120.0 921.0 98.56695307699995 0.0 8.09 0.030033690142517583 0.020277964000413852 False True 0.0031040919629407413 3.7225134007829146 -0.07121966562634144 -1.7516111936125698 0.0
112 63 1132.0 933.0 100.07055676099993 0.0 8.12 0.03852188593666586 0.01613173967967082 False True 0.0031040919629407413 3.7225134007829146 -0.07121966562634144 -1.7516111936125698 0.0
112 64 1144.0 945.0 101.54348372899993 0.0 8.14 0.04475572802492112 0.014235069516637907 False True 0.0031040919629407413 3.7225134007829146 -0.07121966562634144 -1.7516111936125698 0.0
112 65 1156.0 957.0 103.18321287899995 0.0 8.14 0.04475572802492112 0.0124562670069838 False True 0.0031040919629407413 3.7225134007829146 -0.07121966562634144 -1.7516111936125698 0.0
112 66 1168.0 969.0 104.62655304599996 0.0 8.14 0.04475572802492112 0.010795497161550871 False True 0.0031040919629407413 3.7225134007829146 -0.07121966562634144 -1.7516111936125698 0.0
112 67 1180.0 981.0 106.16118497499995 0.0 8.14 0.04475572802492112 0.11289471989016851 False True 0.0031040919629407413 3.7225134007829146 -0.07121966562634144 -1.7516111936125698 0.0
112 68 1192.0 993.0 107.69919508699995 0.0 8.14 0.04475572802492112 0.11010724884477405 False True 0.0031040919629407413 3.7225134007829146 -0.07121966562634144 -1.7516111936125698 0.0
112 69 1204.0 1005.0 109.13626750599995 0.0 8.14 0.04475572802492112 0.11579813356370061 False True 0.0031040919629407413 3.7225134007829146 -0.07121966562634144 -1.7516111936125698 0.0
112 70 1216.0 1017.0 110.59290071699995 0.0 8.14 0.04475572802492112 0.03274767375788325 False True 0.0031040919629407413 3.7225134007829146 -0.07121966562634144 -1.7516111936125698 0.0
112 71 1220.0 1021.0 112.14813323399996 0.0 1.47 0.08578650831466839 0.10599881427495997 False True 0.0031040919629407413 3.7225134007829146 -0.07121966562634144 -1.7516111936125698 0.0
112 72 1224.0 1025.0 113.62596053399996 0.0 8.18 0.058591731811459456 0.1219516641622144 False True 0.0031040919629407413 3.7225134007829146 -0.07121966562634144 -1.7516111936125698 0.0
112 73 1236.0 1037.0 115.03280177599997 0.0 1.48 0.08452630488006053 0.11881721159901612 False True 0.0031040919629407413 3.7225134007829146 -0.07121966562634144 -1.7516111936125698 0.0
112 74 1248.0 1049.0 116.36645896599997 0.0 7.5 0.07845956432686402 0.12520118988082765 False True 0.0031040919629407413 3.7225134007829146 -0.07121966562634144 -1.7516111936125698 0.0
112 75 1260.0 1061.0 117.79165182799998 0.0 7.5 0.07845956432686402 0.1285654758739639 False True 0.0031040919629407413 3.7225134007829146 -0.07121966562634144 -1.7516111936125698 0.0
112 76 1272.0 1073.0 119.16622244 0.0 1.42 0.0938622779845586 0.13204419778359464 False True 0.0031040919629407413 3.7225134007829146 -0.07121966562634144 -1.7516111936125698 0.0
112 77 1284.0 1085.0 120.59110308999998 0.0 8.1 0.03274767375788325 0.13563701980698512 False True 0.0031040919629407413 3.7225134007829146 -0.07121966562634144 -1.7516111936125698 0.0
112 78 1296.0 1097.0 122.05803376299998 0.0 8.1 0.03274767375788325 0.13934359473027763 False True 0.0031040919629407413 3.7225134007829146 -0.07121966562634144 -1.7516111936125698 0.0
112 79 1308.0 1109.0 123.428927704 0.0 1.47 0.08578650831466839 0.14316356396321345 False True 0.0031040919629407413 3.7225134007829146 -0.07121966562634144 -1.7516111936125698 0.0
112 80 1320.0 1121.0 124.87047988399998 0.0 7.56 0.05494088809498009 0.14709655757499285 False True 0.0031040919629407413 3.7225134007829146 -0.07121966562634144 -1.7516111936125698 0.0
112 81 1332.0 1133.0 126.26193832399998 0.0 7.62 0.03552465389090173 0.041581511245966714 False True 0.0031040919629407413 3.7225134007829146 -0.07121966562634144 -1.7516111936125698 0.0
112 82 1336.0 1137.0 127.647597215 0.0 7.62 0.03552465389090173 0.1511421943312629 False True 0.0031040919629407413 3.7225134007829146 -0.07121966562634144 -1.7516111936125698 0.0
112 83 1348.0 1149.0 129.06384802300005 0.0 8.22 0.0742327233461501 0.15530008173224605 False True 0.0031040919629407413 3.7225134007829146 -0.07121966562634144 -1.7516111936125698 0.0
112 84 1360.0 1161.0 130.5309703970001 0.0 1.47 0.08578650831466839 0.0661881524928256 False True 0.0031040919629407413 3.7225134007829146 -0.07121966562634144 -1.7516111936125698 0.0
112 85 1364.0 1165.0 131.9226419910001 0.0 7.4 0.12654497655582236 0.024893384449866874 False True 0.0031040919629407413 3.7225134007829146 -0.07121966562634144 -1.7516111936125698 0.0
112 86 1368.0 1169.0 133.35243358500009 0.0 8.18 0.058591731811459456 0.02258760612162709 False True 0.0031040919629407413 3.7225134007829146 -0.07121966562634144 -1.7516111936125698 0.0
112 87 1380.0 1181.0 134.81379591600012 0.0 8.209999999999999 0.07015462253475338 0.024953389396489473 False True 0.0031040919629407413 3.7225134007829146 -0.07121966562634144 -1.7516111936125698 0.0
112 88 1392.0 1193.0 136.23150748500007 0.0 1.3800000000000001 0.10244310005153395 0.1219516641622144 False True 0.0031040919629407413 3.7225134007829146 -0.07121966562634144 -1.7516111936125698 0.0
112 89 1396.0 1197.0 137.5061654010001 0.0 1.3800000000000001 0.10244310005153395 0.007828656469128155 False True 0.0031040919629407413 3.7225134007829146 -0.07121966562634144 -1.7516111936125698 0.0
112 90 1408.0 1209.0 138.8934419750001 0.0 7.75 0.007828656469128155 0.10244310005153395 False True 0.0031040919629407413 3.7225134007829146 -0.07121966562634144 -1.7516111936125698 0.0
112 91 1412.0 1213.0 140.23115477700009 0.0 7.75 0.007828656469128155 0.009252913186728379 False True 0.0031040919629407413 3.7225134007829146 -0.07121966562634144 -1.7516111936125698 0.0
112 92 1424.0 1225.0 141.4956102490001 0.0 7.74 0.009252913186728379 0.006522856561448328 False True 0.0031040919629407413 3.7225134007829146 -0.07121966562634144 -1.7516111936125698 0.0
112 93 1436.0 1237.0 142.73390329900013 0.0 7.74 0.009252913186728379 0.007828656469128155 False True 0.0031040919629407413 3.7225134007829146 -0.07121966562634144 -1.7516111936125698 0.0
112 94 1440.0 1241.0 144.09108795200012 0.0 7.74 0.009252913186728379 0.007828656469128155 False True 0.0031040919629407413 3.7225134007829146 -0.07121966562634144 -1.7516111936125698 0.0
112 95 1444.0 1245.0 145.4799194620001 0.0 7.74 0.009252913186728379 0.00533563116951879 False True 0.0031040919629407413 3.7225134007829146 -0.07121966562634144 -1.7516111936125698 0.0
112 96 1456.0 1257.0 146.8888578690001 0.0 7.74 0.009252913186728379 0.004267086140526268 False True 0.0031040919629407413 3.7225134007829146 -0.07121966562634144 -1.7516111936125698 0.0
112 97 1468.0 1269.0 148.23323615200007 0.0 7.74 0.009252913186728379 0.003317315452435929 False True 0.0031040919629407413 3.7225134007829146 -0.07121966562634144 -1.7516111936125698 0.0
112 98 1480.0 1281.0 149.54621644200006 0.0 7.74 0.009252913186728379 0.002486401204588364 False True 0.0031040919629407413 3.7225134007829146 -0.07121966562634144 -1.7516111936125698 0.0
112 99 1492.0 1293.0 150.82152816900003 0.0 7.74 0.009252913186728379 0.001774413609490995 False True 0.0031040919629407413 3.7225134007829146 -0.07121966562634144 -1.7516111936125698 0.0
112 100 1504.0 1305.0 152.14125489300005 0.0 7.74 0.009252913186728379 0.0011814109857986046 False True 0.0031040919629407413 3.7225134007829146 -0.07121966562634144 -1.7516111936125698 0.0
112 101 1516.0 1317.0 153.52647380000008 0.0 7.74 0.009252913186728379 0.0007074397524777146 False True 0.0031040919629407413 3.7225134007829146 -0.07121966562634144 -1.7516111936125698 0.0
112 102 1528.0 1329.0 154.90726197300006 0.0 7.74 0.009252913186728379 0.00035253442417172644 False True 0.0031040919629407413 3.7225134007829146 -0.07121966562634144 -1.7516111936125698 0.0
112 103 1540.0 1341.0 156.19190038500005 0.0 7.74 0.009252913186728379 0.00011671760773826758 False True 0.0031040919629407413 3.7225134007829146 -0.07121966562634144 -1.7516111936125698 0.0
112 104 1552.0 1353.0 157.55323297700005 0.0 7.74 0.009252913186728379 0.0 False True 0.0031040919629407413 3.7225134007829146 -0.07121966562634144 -1.7516111936125698 0.0
112 105 1564.0 1365.0 158.80984648400005 0.0 7.86 0.0 2.3803866644584054e-06 False True 0.0031040919629407413 3.7225134007829146 -0.07121966562634144 -1.7516111936125698 0.0
112 106 1576.0 1377.0 160.16361220600004 0.0 7.86 0.0 0.00012384564245417735 False True 0.0031040919629407413 3.7225134007829146 -0.07121966562634144 -1.7516111936125698 0.0
112 107 1588.0 1389.0 161.43287589000005 0.0 7.86 0.0 0.0007239187144157333 False True 0.0031040919629407413 3.7225134007829146 -0.07121966562634144 -1.7516111936125698 0.0
112 108 1600.0 1401.0 162.74599556700002 0.0 7.86 0.0 0.0003643707324143114 False True 0.0031040919629407413 3.7225134007829146 -0.07121966562634144 -1.7516111936125698 0.0
112 109 1612.0 1413.0 164.02344627400004 0.0 7.86 0.0 0.0012024407428525522 False True 0.0031040919629407413 3.7225134007829146 -0.07121966562634144 -1.7516111936125698 0.0
112 110 1624.0 1425.0 165.43026353400006 0.0 7.86 0.0 0.0017998760735202983 False True 0.0031040919629407413 3.7225134007829146 -0.07121966562634144 -1.7516111936125698 0.0
112 111 1636.0 1437.0 166.79730910300003 0.0 7.86 0.0 0.002516152069698049 False True 0.0031040919629407413 3.7225134007829146 -0.07121966562634144 -1.7516111936125698 0.0
112 112 1648.0 1449.0 168.00877507600006 0.0 7.86 0.0 0.003351184209405934 False True 0.0031040919629407413 3.7225134007829146 -0.07121966562634144 -1.7516111936125698 0.0
112 113 1660.0 1461.0 169.19048414300005 0.0 7.94 0.003351184209405934 0.004304876093859172 False True 0.0031040919629407413 3.7225134007829146 -0.07121966562634144 -1.7516111936125698 0.0
112 114 1672.0 1473.0 170.367678753 0.0 7.95 0.004304876093859172 0.0012024407428525522 False True 0.0031040919629407413 3.7225134007829146 -0.07121966562634144 -1.7516111936125698 0.0
112 115 1676.0 1477.0 171.53304850399996 0.0 7.91 0.0012024407428525522 0.005377119457109127 False True 0.0031040919629407413 3.7225134007829146 -0.07121966562634144 -1.7516111936125698 0.0
112 116 1688.0 1489.0 172.68908727499996 0.0 7.91 0.0012024407428525522 0.004304876093859172 False True 0.0031040919629407413 3.7225134007829146 -0.07121966562634144 -1.7516111936125698 0.0
112 117 1692.0 1493.0 173.85161747499995 0.0 7.91 0.0012024407428525522 0.0065677941768660835 False True 0.0031040919629407413 3.7225134007829146 -0.07121966562634144 -1.7516111936125698 0.0
112 118 1704.0 1505.0 175.04997984899995 0.0 7.91 0.0012024407428525522 0.010849027667753414 False True 0.0031040919629407413 3.7225134007829146 -0.07121966562634144 -1.7516111936125698 0.0
112 119 1716.0 1517.0 176.26388394699995 0.0 7.91 0.0012024407428525522 0.009303897988308982 False True 0.0031040919629407413 3.7225134007829146 -0.07121966562634144 -1.7516111936125698 0.0
112 120 1728.0 1529.0 177.50885317899997 0.0 7.91 0.0012024407428525522 0.012511989909158508 False True 0.0031040919629407413 3.7225134007829146 -0.07121966562634144 -1.7516111936125698 0.0
112 121 1740.0 1541.0 178.78290546 0.0 7.91 0.0012024407428525522 0.016190683510786376 False True 0.0031040919629407413 3.7225134007829146 -0.07121966562634144 -1.7516111936125698 0.0
112 122 1752.0 1553.0 180.038621713 0.0 7.91 0.0012024407428525522 0.014292605512390954 False True 0.0031040919629407413 3.7225134007829146 -0.07121966562634144 -1.7516111936125698 0.0
112 123 1764.0 1565.0 181.274271802 0.0 7.91 0.0012024407428525522 0.018206021190249493 False True 0.0031040919629407413 3.7225134007829146 -0.07121966562634144 -1.7516111936125698 0.0
112 124 1776.0 1577.0 182.510629263 0.0 7.91 0.0012024407428525522 0.020338404109521143 False True 0.0031040919629407413 3.7225134007829146 -0.07121966562634144 -1.7516111936125698 0.0
112 125 1788.0 1589.0 183.765744417 0.0 7.91 0.0012024407428525522 0.014292605512390954 False True 0.0031040919629407413 3.7225134007829146 -0.07121966562634144 -1.7516111936125698 0.0
112 126 1792.0 1593.0 185.05502934000003 0.0 7.91 0.0012024407428525522 0.014292605512390954 False True 0.0031040919629407413 3.7225134007829146 -0.07121966562634144 -1.7516111936125698 0.0
112 127 1796.0 1597.0 186.257146643 0.0 7.91 0.0012024407428525522 0.016190683510786376 False True 0.0031040919629407413 3.7225134007829146 -0.07121966562634144 -1.7516111936125698 0.0
112 128 1800.0 1601.0 187.49276520400002 0.0 8.03 0.016190683510786376 0.003351184209405934 False True 0.0031040919629407413 3.7225134007829146 -0.07121966562634144 -1.7516111936125698 0.0
112 129 1804.0 1605.0 188.710749878 0.0 7.94 0.003351184209405934 0.018206021190249493 False True 0.0031040919629407413 3.7225134007829146 -0.07121966562634144 -1.7516111936125698 0.0
112 130 1808.0 1609.0 189.938027744 0.0 7.91 0.0012024407428525522 0.003351184209405934 False True 0.0031040919629407413 3.7225134007829146 -0.07121966562634144 -1.7516111936125698 0.0
112 131 1812.0 1613.0 191.12363390400003 0.0 7.91 0.0012024407428525522 0.016190683510786376 False True 0.0031040919629407413 3.7225134007829146 -0.07121966562634144 -1.7516111936125698 0.0
112 132 1816.0 1617.0 192.31900515500007 0.0 7.91 0.0012024407428525522 0.007876768286514334 False True 0.0031040919629407413 3.7225134007829146 -0.07121966562634144 -1.7516111936125698 0.0
112 133 1828.0 1629.0 193.50428715700008 0.0 7.91 0.0012024407428525522 0.14308018169380074 False True 0.0031040919629407413 3.7225134007829146 -0.07121966562634144 -1.7516111936125698 0.0
112 134 1840.0 1641.0 194.6999444180001 0.0 7.91 0.0012024407428525522 0.1374622982403754 False True 0.0031040919629407413 3.7225134007829146 -0.07121966562634144 -1.7516111936125698 0.0
112 135 1852.0 1653.0 195.89444072100008 0.0 7.91 0.0012024407428525522 0.15463164908077842 False True 0.0031040919629407413 3.7225134007829146 -0.07121966562634144 -1.7516111936125698 0.0
112 136 1864.0 1665.0 197.0773279010001 0.0 7.86 0.0 0.1488034851414718 False True 0.0031040919629407413 3.7225134007829146 -0.07121966562634144 -1.7516111936125698 0.0
112 137 1876.0 1677.0 198.29325782900008 0.0 7.86 0.0 0.1605641035218701 False True 0.0031040919629407413 3.7225134007829146 -0.07121966562634144 -1.7516111936125698 0.0
112 138 1888.0 1689.0 199.47203911800005 0.0 7.86 0.0 0.16660026804464287 False True 0.0031040919629407413 3.7225134007829146 -0.07121966562634144 -1.7516111936125698 0.0
112 139 1900.0 1701.0 200.780532219 0.0 7.86 0.0 0.004304876093859172 False True 0.0031040919629407413 3.7225134007829146 -0.07121966562634144 -1.7516111936125698 0.0
112 140 1904.0 1705.0 201.99445639099997 0.0 7.91 0.0012024407428525522 0.014292605512390954 False True 0.0031040919629407413 3.7225134007829146 -0.07121966562634144 -1.7516111936125698 0.0
112 141 1908.0 1709.0 203.174960215 0.0 7.91 0.0012024407428525522 0.014292605512390954 False True 0.0031040919629407413 3.7225134007829146 -0.07121966562634144 -1.7516111936125698 0.0
112 142 1912.0 1713.0 204.353212693 0.0 8.02 0.014292605512390954 0.003351184209405934 False True 0.0031040919629407413 3.7225134007829146 -0.07121966562634144 -1.7516111936125698 0.0
112 143 1916.0 1717.0 205.51879026699999 0.0 8.02 0.014292605512390954 0.0 False True 0.0031040919629407413 3.7225134007829146 -0.07121966562634144 -1.7516111936125698 0.0
112 144 1920.0 1721.0 206.69319235599994 0.0 7.91 0.0012024407428525522 0.08000630546492937 False True 0.0031040919629407413 3.7225134007829146 -0.07121966562634144 -1.7516111936125698 0.0
112 145 1932.0 1733.0 207.85472695499993 0.0 7.86 0.0 0.07945905728715774 False True 0.0031040919629407413 3.7225134007829146 -0.07121966562634144 -1.7516111936125698 0.0
112 146 1944.0 1745.0 209.0129992719999 0.0 1.54 0.07945905728715774 0.07903085357036578 False True 0.0031040919629407413 3.7225134007829146 -0.07121966562634144 -1.7516111936125698 0.0
112 147 1956.0 1757.0 210.1968352809999 0.0 7.74 0.009252913186728379 0.0787217250365959 False True 0.0031040919629407413 3.7225134007829146 -0.07121966562634144 -1.7516111936125698 0.0
112 148 1968.0 1769.0 211.45102972699988 0.0 7.74 0.009252913186728379 0.08067255547608258 False True 0.0031040919629407413 3.7225134007829146 -0.07121966562634144 -1.7516111936125698 0.0
112 149 1980.0 1781.0 212.67240250399988 0.0 1.52 0.08067255547608258 0.07945905728715774 False True 0.0031040919629407413 3.7225134007829146 -0.07121966562634144 -1.7516111936125698 0.0
112 150 1984.0 1785.0 213.86346387099985 0.0 1.52 0.08067255547608258 0.08000630546492937 False True 0.0031040919629407413 3.7225134007829146 -0.07121966562634144 -1.7516111936125698 0.0
112 151 1988.0 1789.0 215.02223889599986 0.0 7.74 0.009252913186728379 0.0784607568612685 False True 0.0031040919629407413 3.7225134007829146 -0.07121966562634144 -1.7516111936125698 0.0
112 152 2000.0 1801.0 216.16740183099984 0.0 7.91 0.0012024407428525522 0.07853169049926266 False True 0.0031040919629407413 3.7225134007829146 -0.07121966562634144 -1.7516111936125698 0.0
112 153 2012.0 1813.0 217.35860652899981 0.0 1.57 0.07853169049926266 0.0785089191143182 False True 0.0031040919629407413 3.7225134007829146 -0.07121966562634144 -1.7516111936125698 0.0
112 154 2024.0 1825.0 218.63235885699982 0.0 1.57 0.07853169049926266 0.07867616033941194 False True 0.0031040919629407413 3.7225134007829146 -0.07121966562634144 -1.7516111936125698 0.0
112 155 2036.0 1837.0 219.85938901399982 0.0 1.57 0.07853169049926266 0.07936775248758919 False True 0.0031040919629407413 3.7225134007829146 -0.07121966562634144 -1.7516111936125698 0.0
112 156 2048.0 1849.0 221.04406866599982 0.0 1.57 0.07853169049926266 0.09165285293137446 False True 0.0031040919629407413 3.7225134007829146 -0.07121966562634144 -1.7516111936125698 0.0
112 157 2060.0 1861.0 222.2017570969998 0.0 1.57 0.07853169049926266 0.1010212368783186 False True 0.0031040919629407413 3.7225134007829146 -0.07121966562634144 -1.7516111936125698 0.0
112 158 2072.0 1873.0 223.40286619599982 0.0 1.57 0.07853169049926266 0.09628257471381646 False True 0.0031040919629407413 3.7225134007829146 -0.07121966562634144 -1.7516111936125698 0.0
112 159 2084.0 1885.0 224.56316267999983 0.0 1.57 0.07853169049926266 0.08713254743820706 False True 0.0031040919629407413 3.7225134007829146 -0.07121966562634144 -1.7516111936125698 0.0
112 160 2096.0 1897.0 225.76201591799986 0.0 1.57 0.07853169049926266 0.11082342429712011 False True 0.0031040919629407413 3.7225134007829146 -0.07121966562634144 -1.7516111936125698 0.0
112 161 2108.0 1909.0 226.93213953399987 0.0 1.57 0.07853169049926266 0.10586835262242614 False True 0.0031040919629407413 3.7225134007829146 -0.07121966562634144 -1.7516111936125698 0.0
112 162 2120.0 1921.0 228.20702131999985 0.0 1.57 0.07853169049926266 0.11588594345658733 False True 0.0031040919629407413 3.7225134007829146 -0.07121966562634144 -1.7516111936125698 0.0
112 163 2132.0 1933.0 229.3883157389999 0.0 1.57 0.07853169049926266 0.1210553909090578 False True 0.0031040919629407413 3.7225134007829146 -0.07121966562634144 -1.7516111936125698 0.0
112 164 2144.0 1945.0 230.6043426669999 0.0 1.57 0.07853169049926266 0.1263312367687308 False True 0.0031040919629407413 3.7225134007829146 -0.07121966562634144 -1.7516111936125698 0.0
112 165 2156.0 1957.0 231.78359446299987 0.0 1.57 0.07853169049926266 0.13171294050875454 False True 0.0031040919629407413 3.7225134007829146 -0.07121966562634144 -1.7516111936125698 0.0
112 166 2168.0 1969.0 233.00200976799988 0.0 1.57 0.07853169049926266 0.1371999510152874 False True 0.0031040919629407413 3.7225134007829146 -0.07121966562634144 -1.7516111936125698 0.0
112 167 2180.0 1981.0 234.18263500099988 0.0 1.57 0.07853169049926266 0.07896245170854638 False True 0.0031040919629407413 3.7225134007829146 -0.07121966562634144 -1.7516111936125698 0.0
112 168 2192.0 1993.0 235.35756281199986 0.0 1.57 0.07853169049926266 0.14848763526924863 False True 0.0031040919629407413 3.7225134007829146 -0.07121966562634144 -1.7516111936125698 0.0
