993 0 400.0 200.99999999999997 1.1497665600000033 0.0 8.34 0.16021054582033367 0.1668847339811781 False True 0.0037488659724421156 4.4851030876694535 -0.08315997710933504 -2.1377851384517816 0.0
993 1 412.0 212.99999999999997 2.3304189560000026 0.0 8.34 0.16021054582033367 0.15366444875270932 False True 0.0037488659724421156 4.4851030876694535 -0.08315997710933504 -2.1377851384517816 0.0
993 2 424.0 224.99999999999997 3.505911416999993 0.0 8.34 0.16021054582033367 0.1472471131319472 False True 0.0037488659724421156 4.4851030876694535 -0.08315997710933504 -2.1377851384517816 0.0
993 3 436.0 236.99999999999997 4.670045363999989 0.0 8.34 0.16021054582033367 0.1409591964340827 False True 0.0037488659724421156 4.4851030876694535 -0.08315997710933504 -2.1377851384517816 0.0
993 4 448.0 248.99999999999997 5.833935711999985 0.0 8.34 0.16021054582033367 0.13480134319178697 False True 0.0037488659724421156 4.4851030876694535 -0.08315997710933504 -2.1377851384517816 0.0
993 5 460.0 261.0 7.0092972699999905 0.0 8.34 0.16021054582033367 0.12877418492992407 False True 0.0037488659724421156 4.4851030876694535 -0.08315997710933504 -2.1377851384517816 0.0
993 6 472.0 273.0 8.189887196 0.0 8.34 0.16021054582033367 0.15366444875270932 False True 0.0037488659724421156 4.4851030876694535 -0.08315997710933504 -2.1377851384517816 0.0
993 7 476.0 277.0 9.368803165999992 0.0 8.34 0.16021054582033367 0.15366444875270932 False True 0.0037488659724421156 4.4851030876694535 -0.08315997710933504 -2.1377851384517816 0.0
993 8 480.0 281.0 10.549365851999994 0.0 8.33 0.15366444875270932 0.1736863300710203 False True 0.0037488659724421156 4.4851030876694535 -0.08315997710933504 -2.1377851384517816 0.0
993 9 492.0 293.0 11.725171654000007 0.0 8.36 0.1736863300710203 0.18061463818337387 False True 0.0037488659724421156 4.4851030876694535 -0.08315997710933504 -2.1377851384517816 0.0
993 10 504.0 305.0 12.887162622999995 0.0 8.36 0.1736863300710203 0.15366444875270932 False True 0.0037488659724421156 4.4851030876694535 -0.08315997710933504 -2.1377851384517816 0.0
993 11 508.0 309.0 14.068324514000011 0.0 8.36 0.1736863300710203 0.15366444875270932 False True 0.0037488659724421156 4.4851030876694535 -0.08315997710933504 -2.1377851384517816 0.0
993 12 512.0 313.0 15.24772224900002 0.0 8.33 0.15366444875270932 0.18766894973908319 False True 0.0037488659724421156 4.4851030876694535 -0.08315997710933504 -2.1377851384517816 0.0
993 13 524.0 325.0 16.41184106100002 0.0 8.38 0.18766894973908319 0.19484854355717723 False True 0.0037488659724421156 4.4851030876694535 -0.08315997710933504 -2.1377851384517816 0.0
993 14 536.0 337.0 17.58653343000003 0.0 8.38 0.18766894973908319 0.15366444875270932 False True 0.0037488659724421156 4.4851030876694535 -0.08315997710933504 -2.1377851384517816 0.0
993 15 540.0 341.0 18.763558446000047 0.0 8.38 0.18766894973908319 0.15366444875270932 False True 0.0037488659724421156 4.4851030876694535 -0.08315997710933504 -2.1377851384517816 0.0
993 16 544.0 345.0 19.93171439200006 0.0 8.33 0.15366444875270932 0.18766894973908319 False True 0.0037488659724421156 4.4851030876694535 -0.08315997710933504 -2.1377851384517816 0.0
993 17 548.0 349.0 21.106646848000054 0.0 8.33 0.15366444875270932 0.18766894973908319 False True 0.0037488659724421156 4.4851030876694535 -0.08315997710933504 -2.1377851384517816 0.0
993 18 552.0 353.0 22.268737942000058 0.0 8.33 0.15366444875270932 0.1736863300710203 False True 0.0037488659724421156 4.4851030876694535 -0.08315997710933504 -2.1377851384517816 0.0
993 19 556.0 357.0 23.429410514000068 0.0 8.33 0.15366444875270932 0.12287834010239031 False True 0.0037488659724421156 4.4851030876694535 -0.08315997710933504 -2.1377851384517816 0.0
993 20 568.0 369.0 24.58938409400008 0.0 8.33 0.15366444875270932 0.11711441403027753 False True 0.0037488659724421156 4.4851030876694535 -0.08315997710933504 -2.1377851384517816 0.0
993 21 580.0 381.0 25.765143057000074 0.0 8.33 0.15366444875270932 0.20958063068151495 False True 0.0037488659724421156 4.4851030876694535 -0.08315997710933504 -2.1377851384517816 0.0
993 22 592.0 393.0 26.93139117000007 0.0 8.33 0.15366444875270932 0.20215268592698676 False True 0.0037488659724421156 4.4851030876694535 -0.08315997710933504 -2.1377851384517816 0.0
993 23 604.0 405.0 28.104602655000065 0.0 8.33 0.15366444875270932 0.2171316192720564 False True 0.0037488659724421156 4.4851030876694535 -0.08315997710933504 -2.1377851384517816 0.0
993 24 616.0 417.0 29.283247583000048 0.0 8.33 0.15366444875270932 0.18061463818337387 False True 0.0037488659724421156 4.4851030876694535 -0.08315997710933504 -2.1377851384517816 0.0
993 25 620.0 421.0 30.447435202000065 0.0 8.33 0.15366444875270932 0.2248048808440489 False True 0.0037488659724421156 4.4851030876694535 -0.08315997710933504 -2.1377851384517816 0.0
993 26 632.0 433.0 31.609863715000046 0.0 8.33 0.15366444875270932 0.23259963231415 False True 0.0037488659724421156 4.4851030876694535 -0.08315997710933504 -2.1377851384517816 0.0
993 27 644.0 445.0 32.78258026200004 0.0 8.33 0.15366444875270932 0.2405150784485623 False True 0.0037488659724421156 4.4851030876694535 -0.08315997710933504 -2.1377851384517816 0.0
993 28 656.0 457.0 33.943652118000045 0.0 8.33 0.15366444875270932 0.18061463818337387 False True 0.0037488659724421156 4.4851030876694535 -0.08315997710933504 -2.1377851384517816 0.0
993 29 660.0 461.0 35.107516152000045 0.0 8.33 0.15366444875270932 0.11148299884133471 False True 0.0037488659724421156 4.4851030876694535 -0.08315997710933504 -2.1377851384517816 0.0
993 30 672.0 473.0 36.26906309100005 0.0 8.26 0.11148299884133471 0.10598467341076044 False True 0.0037488659724421156 4.4851030876694535 -0.08315997710933504 -2.1377851384517816 0.0
993 31 684.0 485.0 37.43115381600006 0.0 8.26 0.11148299884133471 0.15366444875270932 False True 0.0037488659724421156 4.4851030876694535 -0.08315997710933504 -2.1377851384517816 0.0
993 32 688.0 489.0 38.591080453000075 0.0 8.26 0.11148299884133471 0.15366444875270932 False True 0.0037488659724421156 4.4851030876694535 -0.08315997710933504 -2.1377851384517816 0.0
993 33 692.0 493.0 39.76300017500009 0.0 8.26 0.11148299884133471 0.15366444875270932 False True 0.0037488659724421156 4.4851030876694535 -0.08315997710933504 -2.1377851384517816 0.0
993 34 696.0 497.0 40.931110824000086 0.0 8.33 0.15366444875270932 0.18766894973908319 False True 0.0037488659724421156 4.4851030876694535 -0.08315997710933504 -2.1377851384517816 0.0
993 35 700.0 501.0 42.1008587530001 0.0 8.33 0.15366444875270932 0.10062000330331544 False True 0.0037488659724421156 4.4851030876694535 -0.08315997710933504 -2.1377851384517816 0.0
993 36 712.0 513.0 43.24364915600012 0.0 8.33 0.15366444875270932 0.09538954071676455 False True 0.0037488659724421156 4.4851030876694535 -0.08315997710933504 -2.1377851384517816 0.0
993 37 724.0 525.0 44.40000491800012 0.0 8.33 0.15366444875270932 0.09029382442665952 False True 0.0037488659724421156 4.4851030876694535 -0.08315997710933504 -2.1377851384517816 0.0
993 38 736.0 537.0 45.54589627000013 0.0 8.33 0.15366444875270932 0.0853333797324589 False True 0.0037488659724421156 4.4851030876694535 -0.08315997710933504 -2.1377851384517816 0.0
993 39 748.0 549.0 46.703547907000114 0.0 8.33 0.15366444875270932 0.08050871840500934 False True 0.0037488659724421156 4.4851030876694535 -0.08315997710933504 -2.1377851384517816 0.0
993 40 760.0 561.0 47.85866669800009 0.0 8.33 0.15366444875270932 0.09029382442665952 False True 0.0037488659724421156 4.4851030876694535 -0.08315997710933504 -2.1377851384517816 0.0
993 41 764.0 565.0 49.005139288000095 0.0 8.33 0.15366444875270932 0.09029382442665952 False True 0.0037488659724421156 4.4851030876694535 -0.08315997710933504 -2.1377851384517816 0.0
993 42 768.0 569.0 50.16343826500011 0.0 8.33 0.15366444875270932 0.09029382442665952 False True 0.0037488659724421156 4.4851030876694535 -0.08315997710933504 -2.1377851384517816 0.0
993 43 772.0 573.0 51.3221487430001 0.0 8.22 0.09029382442665952 0.1736863300710203 False True 0.0037488659724421156 4.4851030876694535 -0.08315997710933504 -2.1377851384517816 0.0
993 44 776.0 577.0 52.480454661000095 0.0 8.36 0.1736863300710203 0.0853333797324589 False True 0.0037488659724421156 4.4851030876694535 -0.08315997710933504 -2.1377851384517816 0.0
993 45 780.0 581.0 53.65763552900012 0.0 8.33 0.15366444875270932 0.10062000330331544 False True 0.0037488659724421156 4.4851030876694535 -0.08315997710933504 -2.1377851384517816 0.0
993 46 784.0 585.0 54.83610929000011 0.0 8.33 0.15366444875270932 0.18766894973908319 False True 0.0037488659724421156 4.4851030876694535 -0.08315997710933504 -2.1377851384517816 0.0
993 47 788.0 589.0 56.04037885300011 0.0 8.33 0.15366444875270932 0.24855041194253955 False True 0.0037488659724421156 4.4851030876694535 -0.08315997710933504 -2.1377851384517816 0.0
993 48 800.0 601.0 57.21664507200009 0.0 8.33 0.15366444875270932 0.19409457588140272 False True 0.0037488659724421156 4.4851030876694535 -0.08315997710933504 -2.1377851384517816 0.0
993 49 812.0 613.0 58.379941011000085 0.0 8.33 0.15366444875270932 0.18384354154393134 False True 0.0037488659724421156 4.4851030876694535 -0.08315997710933504 -2.1377851384517816 0.0
993 50 824.0 625.0 59.55582802000009 0.0 8.33 0.15366444875270932 0.1789225848755184 False True 0.0037488659724421156 4.4851030876694535 -0.08315997710933504 -2.1377851384517816 0.0
993 51 836.0 637.0 60.73342864300008 0.0 1.24 0.1789225848755184 0.17413864298782528 False True 0.0037488659724421156 4.4851030876694535 -0.08315997710933504 -2.1377851384517816 0.0
993 52 848.0 649.0 61.89877252800008 0.0 1.25 0.17413864298782528 0.1789225848755184 False True 0.0037488659724421156 4.4851030876694535 -0.08315997710933504 -2.1377851384517816 0.0
993 53 852.0 653.0 63.07210679500008 0.0 1.25 0.17413864298782528 0.16949217959962956 False True 0.0037488659724421156 4.4851030876694535 -0.08315997710933504 -2.1377851384517816 0.0
993 54 864.0 665.0 64.22021189400007 0.0 1.25 0.17413864298782528 0.16498364468050225 False True 0.0037488659724421156 4.4851030876694535 -0.08315997710933504 -2.1377851384517816 0.0
993 55 876.0 677.0 65.37943788200005 0.0 1.26 0.16949217959962956 0.17413864298782528 False True 0.0037488659724421156 4.4851030876694535 -0.08315997710933504 -2.1377851384517816 0.0
993 56 880.0 681.0 66.55203679000005 0.0 1.25 0.17413864298782528 0.1789225848755184 False True 0.0037488659724421156 4.4851030876694535 -0.08315997710933504 -2.1377851384517816 0.0
993 57 884.0 685.0 67.71072234200005 0.0 1.24 0.1789225848755184 0.16061347440581736 False True 0.0037488659724421156 4.4851030876694535 -0.08315997710933504 -2.1377851384517816 0.0
993 58 896.0 697.0 68.85863552700005 0.0 8.33 0.15366444875270932 0.1563820911131328 False True 0.0037488659724421156 4.4851030876694535 -0.08315997710933504 -2.1377851384517816 0.0
993 59 908.0 709.0 70.01649360700006 0.0 1.29 0.1563820911131328 0.15228990325995648 False True 0.0037488659724421156 4.4851030876694535 -0.08315997710933504 -2.1377851384517816 0.0
993 60 920.0 721.0 71.17301489500005 0.0 1.29 0.1563820911131328 0.1483373053828964 False True 0.0037488659724421156 4.4851030876694535 -0.08315997710933504 -2.1377851384517816 0.0
993 61 932.0 733.0 72.33100012900005 0.0 1.29 0.1563820911131328 0.14452467805821406 False True 0.0037488659724421156 4.4851030876694535 -0.08315997710933504 -2.1377851384517816 0.0
993 62 944.0 745.0 73.49209997100004 0.0 1.32 0.14452467805821406 0.14085238786376708 False True 0.0037488659724421156 4.4851030876694535 -0.08315997710933504 -2.1377851384517816 0.0
993 63 956.0 757.0 74.65776224700002 0.0 1.29 0.1563820911131328 0.14452467805821406 False True 0.0037488659724421156 4.4851030876694535 -0.08315997710933504 -2.1377851384517816 0.0
993 64 960.0 761.0 75.817676535 0.0 1.29 0.1563820911131328 0.14452467805821406 False True 0.0037488659724421156 4.4851030876694535 -0.08315997710933504 -2.1377851384517816 0.0
993 65 964.0 765.0 76.97739606300001 0.0 1.29 0.1563820911131328 0.13393021496641824 False True 0.0037488659724421156 4.4851030876694535 -0.08315997710933504 -2.1377851384517816 0.0
993 66 976.0 777.0 78.13696870600003 0.0 1.29 0.1563820911131328 0.13732078734234468 False True 0.0037488659724421156 4.4851030876694535 -0.08315997710933504 -2.1377851384517816 0.0
993 67 988.0 789.0 79.30003723900003 0.0 1.34 0.13732078734234468 0.1563820911131328 False True 0.0037488659724421156 4.4851030876694535 -0.08315997710933504 -2.1377851384517816 0.0
993 68 992.0 793.0 80.45639974800002 0.0 1.34 0.13732078734234468 0.13068099510429754 False True 0.0037488659724421156 4.4851030876694535 -0.08315997710933504 -2.1377851384517816 0.0
993 69 1004.0 805.0 81.61795059100001 0.0 1.34 0.13732078734234468 0.1563820911131328 False True 0.0037488659724421156 4.4851030876694535 -0.08315997710933504 -2.1377851384517816 0.0
993 70 1008.0 809.0 82.77894554600002 0.0 1.34 0.13732078734234468 0.1563820911131328 False True 0.0037488659724421156 4.4851030876694535 -0.08315997710933504 -2.1377851384517816 0.0
993 71 1012.0 813.0 83.93888160600002 0.0 1.34 0.13732078734234468 0.1563820911131328 False True 0.0037488659724421156 4.4851030876694535 -0.08315997710933504 -2.1377851384517816 0.0
993 72 1016.0 817.0 85.09771012600004 0.0 1.34 0.13732078734234468 0.1563820911131328 False True 0.0037488659724421156 4.4851030876694535 -0.08315997710933504 -2.1377851384517816 0.0
993 73 1020.0 821.0 86.25611433300006 0.0 1.34 0.13732078734234468 0.1563820911131328 False True 0.0037488659724421156 4.4851030876694535 -0.08315997710933504 -2.1377851384517816 0.0
993 74 1024.0 825.0 87.41673040400005 0.0 1.34 0.13732078734234468 0.1563820911131328 False True 0.0037488659724421156 4.4851030876694535 -0.08315997710933504 -2.1377851384517816 0.0
993 75 1028.0 829.0 88.57750771300005 0.0 1.29 0.1563820911131328 0.14452467805821406 False True 0.0037488659724421156 4.4851030876694535 -0.08315997710933504 -2.1377851384517816 0.0
993 76 1032.0 833.0 89.75375184400002 0.0 1.32 0.14452467805821406 0.1563820911131328 False True 0.0037488659724421156 4.4851030876694535 -0.08315997710933504 -2.1377851384517816 0.0
993 77 1036.0 837.0 90.91891956800004 0.0 1.32 0.14452467805821406 0.17413864298782528 False True 0.0037488659724421156 4.4851030876694535 -0.08315997710933504 -2.1377851384517816 0.0
993 78 1040.0 841.0 92.09418408600004 0.0 1.32 0.14452467805821406 0.17413864298782528 False True 0.0037488659724421156 4.4851030876694535 -0.08315997710933504 -2.1377851384517816 0.0
993 79 1044.0 845.0 93.25999582300005 0.0 1.32 0.14452467805821406 0.2048877630623283 False True 0.0037488659724421156 4.4851030876694535 -0.08315997710933504 -2.1377851384517816 0.0
993 80 1056.0 857.0 94.43197625500005 0.0 1.32 0.14452467805821406 0.19942365779109195 False True 0.0037488659724421156 4.4851030876694535 -0.08315997710933504 -2.1377851384517816 0.0
993 81 1068.0 869.0 95.59434937800003 0.0 1.32 0.14452467805821406 0.21048635995323772 False True 0.0037488659724421156 4.4851030876694535 -0.08315997710933504 -2.1377851384517816 0.0
993 82 1080.0 881.0 96.75815769400003 0.0 1.32 0.14452467805821406 0.2162189032714161 False True 0.0037488659724421156 4.4851030876694535 -0.08315997710933504 -2.1377851384517816 0.0
993 83 1092.0 893.0 97.93289824900003 0.0 1.32 0.14452467805821406 0.22208483442847599 False True 0.0037488659724421156 4.4851030876694535 -0.08315997710933504 -2.1377851384517816 0.0
993 84 1104.0 905.0 99.09794320600002 0.0 1.32 0.14452467805821406 0.17413864298782528 False True 0.0037488659724421156 4.4851030876694535 -0.08315997710933504 -2.1377851384517816 0.0
993 85 1108.0 909.0 100.29129547800002 0.0 1.32 0.14452467805821406 0.22808358149588012 False True 0.0037488659724421156 4.4851030876694535 -0.08315997710933504 -2.1377851384517816 0.0
993 86 1120.0 921.0 101.45655111300002 0.0 1.1500000000000001 0.22808358149588012 0.2342145592621469 False True 0.0037488659724421156 4.4851030876694535 -0.08315997710933504 -2.1377851384517816 0.0
993 87 1132.0 933.0 102.63207342800004 0.0 1.1500000000000001 0.22808358149588012 0.2468707999830784 False True 0.0037488659724421156 4.4851030876694535 -0.08315997710933504 -2.1377851384517816 0.0
993 88 1144.0 945.0 103.79661733000006 0.0 1.1500000000000001 0.22808358149588012 0.2404771692913759 False True 0.0037488659724421156 4.4851030876694535 -0.08315997710933504 -2.1377851384517816 0.0
993 89 1156.0 957.0 104.97235623600008 0.0 1.1500000000000001 0.22808358149588012 0.2533948266333464 False True 0.0037488659724421156 4.4851030876694535 -0.08315997710933504 -2.1377851384517816 0.0
993 90 1168.0 969.0 106.14282057600008 0.0 1.1500000000000001 0.22808358149588012 0.26004861149731306 False True 0.0037488659724421156 4.4851030876694535 -0.08315997710933504 -2.1377851384517816 0.0
993 91 1180.0 981.0 107.31077149800007 0.0 1.1500000000000001 0.22808358149588012 0.2668315038529394 False True 0.0037488659724421156 4.4851030876694535 -0.08315997710933504 -2.1377851384517816 0.0
993 92 1192.0 993.0 108.47558540800006 0.0 1.1500000000000001 0.22808358149588012 0.14452467805821406 False True 0.0037488659724421156 4.4851030876694535 -0.08315997710933504 -2.1377851384517816 0.0
993 93 1196.0 997.0 109.64834974000007 0.0 1.1500000000000001 0.22808358149588012 0.13732078734234468 False True 0.0037488659724421156 4.4851030876694535 -0.08315997710933504 -2.1377851384517816 0.0
993 94 1200.0 1001.0 110.81341993100006 0.0 1.1500000000000001 0.22808358149588012 0.273742840066082 False True 0.0037488659724421156 4.4851030876694535 -0.08315997710933504 -2.1377851384517816 0.0
993 95 1212.0 1013.0 111.98862621300006 0.0 1.1500000000000001 0.22808358149588012 0.2807819436568452 False True 0.0037488659724421156 4.4851030876694535 -0.08315997710933504 -2.1377851384517816 0.0
993 96 1224.0 1025.0 113.15268564600007 0.0 1.1500000000000001 0.22808358149588012 0.2879481253672461 False True 0.0037488659724421156 4.4851030876694535 -0.08315997710933504 -2.1377851384517816 0.0
993 97 1236.0 1037.0 114.32747658400007 0.0 1.1500000000000001 0.22808358149588012 0.2807819436568452 False True 0.0037488659724421156 4.4851030876694535 -0.08315997710933504 -2.1377851384517816 0.0
993 98 1240.0 1041.0 115.49164130900007 0.0 1.24 0.1789225848755184 0.19942365779109195 False True 0.0037488659724421156 4.4851030876694535 -0.08315997710933504 -2.1377851384517816 0.0
993 99 1244.0 1045.0 116.66668239300006 0.0 8.33 0.15366444875270932 0.13732078734234468 False True 0.0037488659724421156 4.4851030876694535 -0.08315997710933504 -2.1377851384517816 0.0
993 100 1248.0 1049.0 117.82939276600007 0.0 8.33 0.15366444875270932 0.273742840066082 False True 0.0037488659724421156 4.4851030876694535 -0.08315997710933504 -2.1377851384517816 0.0
993 101 1252.0 1053.0 118.99297883200009 0.0 8.33 0.15366444875270932 0.12460783968066086 False True 0.0037488659724421156 4.4851030876694535 -0.08315997710933504 -2.1377851384517816 0.0
993 102 1264.0 1065.0 120.1675131100001 0.0 8.33 0.15366444875270932 0.12757343798768667 False True 0.0037488659724421156 4.4851030876694535 -0.08315997710933504 -2.1377851384517816 0.0
993 103 1276.0 1077.0 121.34435420200009 0.0 8.33 0.15366444875270932 0.12178448205007172 False True 0.0037488659724421156 4.4851030876694535 -0.08315997710933504 -2.1377851384517816 0.0
993 104 1288.0 1089.0 122.51049700400009 0.0 1.3900000000000001 0.12178448205007172 0.11910363273734469 False True 0.0037488659724421156 4.4851030876694535 -0.08315997710933504 -2.1377851384517816 0.0
993 105 1300.0 1101.0 123.68682824900009 0.0 1.3900000000000001 0.12178448205007172 0.30265890263935247 False True 0.0037488659724421156 4.4851030876694535 -0.08315997710933504 -2.1377851384517816 0.0
993 106 1312.0 1113.0 124.8509858840001 0.0 1.3900000000000001 0.12178448205007172 0.29524068323012487 False True 0.0037488659724421156 4.4851030876694535 -0.08315997710933504 -2.1377851384517816 0.0
993 107 1324.0 1125.0 126.0448637800001 0.0 1.3900000000000001 0.12178448205007172 0.3102020564212788 False True 0.0037488659724421156 4.4851030876694535 -0.08315997710933504 -2.1377851384517816 0.0
993 108 1336.0 1137.0 127.19636909300007 0.0 1.3900000000000001 0.12178448205007172 0.31786940490746235 False True 0.0037488659724421156 4.4851030876694535 -0.08315997710933504 -2.1377851384517816 0.0
993 109 1348.0 1149.0 128.35179129400007 0.0 1.3900000000000001 0.12178448205007172 0.3102020564212788 False True 0.0037488659724421156 4.4851030876694535 -0.08315997710933504 -2.1377851384517816 0.0
993 110 1352.0 1153.0 129.49851761500005 0.0 1.3900000000000001 0.12178448205007172 0.33357366528988514 False True 0.0037488659724421156 4.4851030876694535 -0.08315997710933504 -2.1377851384517816 0.0
993 111 1364.0 1165.0 130.65455933800004 0.0 1.3900000000000001 0.12178448205007172 0.32566019600863055 False True 0.0037488659724421156 4.4851030876694535 -0.08315997710933504 -2.1377851384517816 0.0
993 112 1376.0 1177.0 131.80050995100004 0.0 1.3900000000000001 0.12178448205007172 0.34160903604715137 False True 0.0037488659724421156 4.4851030876694535 -0.08315997710933504 -2.1377851384517816 0.0
993 113 1388.0 1189.0 132.97567338100004 0.0 1.3900000000000001 0.12178448205007172 0.3497655193848412 False True 0.0037488659724421156 4.4851030876694535 -0.08315997710933504 -2.1377851384517816 0.0
993 114 1400.0 1201.0 134.13320524000005 0.0 1.3900000000000001 0.12178448205007172 0.35804231429474986 False True 0.0037488659724421156 4.4851030876694535 -0.08315997710933504 -2.1377851384517816 0.0
993 115 1412.0 1213.0 135.29461462100005 0.0 1.3900000000000001 0.12178448205007172 0.3102020564212788 False True 0.0037488659724421156 4.4851030876694535 -0.08315997710933504 -2.1377851384517816 0.0
993 116 1416.0 1217.0 136.45314021000007 0.0 1.3900000000000001 0.12178448205007172 0.16949217959962956 False True 0.0037488659724421156 4.4851030876694535 -0.08315997710933504 -2.1377851384517816 0.0
993 117 1420.0 1221.0 137.61382823800005 0.0 1.3900000000000001 0.12178448205007172 0.26004861149731306 False True 0.0037488659724421156 4.4851030876694535 -0.08315997710933504 -2.1377851384517816 0.0
993 118 1424.0 1225.0 138.77621548600007 0.0 1.3900000000000001 0.12178448205007172 0.17413864298782528 False True 0.0037488659724421156 4.4851030876694535 -0.08315997710933504 -2.1377851384517816 0.0
993 119 1428.0 1229.0 139.95374449200006 0.0 1.3900000000000001 0.12178448205007172 0.17413864298782528 False True 0.0037488659724421156 4.4851030876694535 -0.08315997710933504 -2.1377851384517816 0.0
993 120 1432.0 1233.0 141.13103155300007 0.0 1.3900000000000001 0.12178448205007172 0.17413864298782528 False True 0.0037488659724421156 4.4851030876694535 -0.08315997710933504 -2.1377851384517816 0.0
993 121 1436.0 1237.0 142.2909893000001 0.0 1.3900000000000001 0.12178448205007172 0.19942365779109195 False True 0.0037488659724421156 4.4851030876694535 -0.08315997710933504 -2.1377851384517816 0.0
993 122 1440.0 1241.0 143.45073730500008 0.0 1.3900000000000001 0.12178448205007172 0.16949217959962956 False True 0.0037488659724421156 4.4851030876694535 -0.08315997710933504 -2.1377851384517816 0.0
993 123 1444.0 1245.0 144.5986132230001 0.0 1.3900000000000001 0.12178448205007172 0.16949217959962956 False True 0.0037488659724421156 4.4851030876694535 -0.08315997710933504 -2.1377851384517816 0.0
993 124 1448.0 1249.0 145.75635284300012 0.0 1.3900000000000001 0.12178448205007172 0.16949217959962956 False True 0.0037488659724421156 4.4851030876694535 -0.08315997710933504 -2.1377851384517816 0.0
993 125 1452.0 1253.0 146.91740302100015 0.0 1.26 0.16949217959962956 0.12178448205007172 False True 0.0037488659724421156 4.4851030876694535 -0.08315997710933504 -2.1377851384517816 0.0
993 126 1456.0 1257.0 148.07485822100017 0.0 1.26 0.16949217959962956 0.12178448205007172 False True 0.0037488659724421156 4.4851030876694535 -0.08315997710933504 -2.1377851384517816 0.0
993 127 1460.0 1261.0 149.2345873710002 0.0 1.26 0.16949217959962956 0.12178448205007172 False True 0.0037488659724421156 4.4851030876694535 -0.08315997710933504 -2.1377851384517816 0.0
993 128 1464.0 1265.0 150.39263302000023 0.0 1.3900000000000001 0.12178448205007172 0.16949217959962956 False True 0.0037488659724421156 4.4851030876694535 -0.08315997710933504 -2.1377851384517816 0.0
993 129 1468.0 1269.0 151.55231045500028 0.0 1.3900000000000001 0.12178448205007172 0.16949217959962956 False True 0.0037488659724421156 4.4851030876694535 -0.08315997710933504 -2.1377851384517816 0.0
993 130 1472.0 1273.0 152.71219195400028 0.0 1.3900000000000001 0.12178448205007172 0.1141704583449529 False True 0.0037488659724421156 4.4851030876694535 -0.08315997710933504 -2.1377851384517816 0.0
993 131 1484.0 1285.0 153.8772434140003 0.0 1.3900000000000001 0.12178448205007172 0.11656554513173072 False True 0.0037488659724421156 4.4851030876694535 -0.08315997710933504 -2.1377851384517816 0.0
993 132 1496.0 1297.0 155.05263282000027 0.0 1.3900000000000001 0.12178448205007172 0.10981017214516975 False True 0.0037488659724421156 4.4851030876694535 -0.08315997710933504 -2.1377851384517816 0.0
993 133 1508.0 1309.0 156.21797707100023 0.0 1.44 0.10981017214516975 0.11191859718730722 False True 0.0037488659724421156 4.4851030876694535 -0.08315997710933504 -2.1377851384517816 0.0
993 134 1520.0 1321.0 157.3936597080002 0.0 1.44 0.10981017214516975 0.10784537935996326 False True 0.0037488659724421156 4.4851030876694535 -0.08315997710933504 -2.1377851384517816 0.0
993 135 1532.0 1333.0 158.5690137440002 0.0 1.44 0.10981017214516975 0.10602440060852637 False True 0.0037488659724421156 4.4851030876694535 -0.08315997710933504 -2.1377851384517816 0.0
993 136 1544.0 1345.0 159.73374738000018 0.0 1.44 0.10981017214516975 0.10784537935996326 False True 0.0037488659724421156 4.4851030876694535 -0.08315997710933504 -2.1377851384517816 0.0
993 137 1548.0 1349.0 160.90947364600015 0.0 1.44 0.10981017214516975 0.10281454038383067 False True 0.0037488659724421156 4.4851030876694535 -0.08315997710933504 -2.1377851384517816 0.0
993 138 1560.0 1361.0 162.07541994900015 0.0 1.44 0.10981017214516975 0.10434740328494982 False True 0.0037488659724421156 4.4851030876694535 -0.08315997710933504 -2.1377851384517816 0.0
993 139 1572.0 1373.0 163.2377881400002 0.0 1.44 0.10981017214516975 0.10434740328494982 False True 0.0037488659724421156 4.4851030876694535 -0.08315997710933504 -2.1377851384517816 0.0
993 140 1576.0 1377.0 164.41248115100018 0.0 1.47 0.10434740328494982 0.10981017214516975 False True 0.0037488659724421156 4.4851030876694535 -0.08315997710933504 -2.1377851384517816 0.0
993 141 1580.0 1381.0 165.57672289000016 0.0 1.44 0.10981017214516975 0.10434740328494982 False True 0.0037488659724421156 4.4851030876694535 -0.08315997710933504 -2.1377851384517816 0.0
993 142 1584.0 1385.0 166.75467982800018 0.0 1.47 0.10434740328494982 0.10981017214516975 False True 0.0037488659724421156 4.4851030876694535 -0.08315997710933504 -2.1377851384517816 0.0
993 143 1588.0 1389.0 167.92919641400022 0.0 1.47 0.10434740328494982 0.10981017214516975 False True 0.0037488659724421156 4.4851030876694535 -0.08315997710933504 -2.1377851384517816 0.0
993 144 1592.0 1393.0 169.0952666240002 0.0 1.44 0.10981017214516975 0.10434740328494982 False True 0.0037488659724421156 4.4851030876694535 -0.08315997710933504 -2.1377851384517816 0.0
993 145 1596.0 1397.0 170.2722715560002 0.0 1.3900000000000001 0.12178448205007172 0.10981017214516975 False True 0.0037488659724421156 4.4851030876694535 -0.08315997710933504 -2.1377851384517816 0.0
993 146 1600.0 1401.0 171.4494215760002 0.0 1.3900000000000001 0.12178448205007172 0.10784537935996326 False True 0.0037488659724421156 4.4851030876694535 -0.08315997710933504 -2.1377851384517816 0.0
993 147 1604.0 1405.0 172.61436653800018 0.0 1.3900000000000001 0.12178448205007172 0.10784537935996326 False True 0.0037488659724421156 4.4851030876694535 -0.08315997710933504 -2.1377851384517816 0.0
993 148 1608.0 1409.0 173.7894164890002 0.0 1.45 0.10784537935996326 0.12178448205007172 False True 0.0037488659724421156 4.4851030876694535 -0.08315997710933504 -2.1377851384517816 0.0
993 149 1612.0 1413.0 174.96606654900017 0.0 1.3900000000000001 0.12178448205007172 0.10142595048496794 False True 0.0037488659724421156 4.4851030876694535 -0.08315997710933504 -2.1377851384517816 0.0
993 150 1624.0 1425.0 176.13150960000013 0.0 1.3900000000000001 0.12178448205007172 0.10018175773951747 False True 0.0037488659724421156 4.4851030876694535 -0.08315997710933504 -2.1377851384517816 0.0
993 151 1636.0 1437.0 177.3070710240001 0.0 1.3900000000000001 0.12178448205007172 0.0990820718575648 False True 0.0037488659724421156 4.4851030876694535 -0.08315997710933504 -2.1377851384517816 0.0
993 152 1648.0 1449.0 178.4719942160001 0.0 1.51 0.0990820718575648 0.12178448205007172 False True 0.0037488659724421156 4.4851030876694535 -0.08315997710933504 -2.1377851384517816 0.0
993 153 1652.0 1453.0 179.6476443310001 0.0 1.51 0.0990820718575648 0.09812698809715877 False True 0.0037488659724421156 4.4851030876694535 -0.08315997710933504 -2.1377851384517816 0.0
993 154 1664.0 1465.0 180.81365518400008 0.0 1.51 0.0990820718575648 0.12178448205007172 False True 0.0037488659724421156 4.4851030876694535 -0.08315997710933504 -2.1377851384517816 0.0
993 155 1668.0 1469.0 181.98961248700004 0.0 1.51 0.0990820718575648 0.14452467805821406 False True 0.0037488659724421156 4.4851030876694535 -0.08315997710933504 -2.1377851384517816 0.0
993 156 1672.0 1473.0 183.1644341340001 0.0 1.51 0.0990820718575648 0.09731658725478622 False True 0.0037488659724421156 4.4851030876694535 -0.08315997710933504 -2.1377851384517816 0.0
993 157 1684.0 1485.0 184.33076623500006 0.0 1.53 0.09731658725478622 0.09665093565729457 False True 0.0037488659724421156 4.4851030876694535 -0.08315997710933504 -2.1377851384517816 0.0
993 158 1696.0 1497.0 185.50550867800007 0.0 1.54 0.09665093565729457 0.09613008515525163 False True 0.0037488659724421156 4.4851030876694535 -0.08315997710933504 -2.1377851384517816 0.0
993 159 1708.0 1509.0 186.67224775000005 0.0 1.54 0.09665093565729457 0.09575407311776607 False True 0.0037488659724421156 4.4851030876694535 -0.08315997710933504 -2.1377851384517816 0.0
993 160 1720.0 1521.0 187.84792152100005 0.0 1.56 0.09575407311776607 0.09552292242875043 False True 0.0037488659724421156 4.4851030876694535 -0.08315997710933504 -2.1377851384517816 0.0
993 161 1732.0 1533.0 189.02533912400008 0.0 1.56 0.09575407311776607 0.09665093565729457 False True 0.0037488659724421156 4.4851030876694535 -0.08315997710933504 -2.1377851384517816 0.0
993 162 1736.0 1537.0 190.19089097500006 0.0 1.54 0.09665093565729457 0.09613008515525163 False True 0.0037488659724421156 4.4851030876694535 -0.08315997710933504 -2.1377851384517816 0.0
993 163 1740.0 1541.0 191.3692177420001 0.0 1.54 0.09665093565729457 0.09613008515525163 False True 0.0037488659724421156 4.4851030876694535 -0.08315997710933504 -2.1377851384517816 0.0
993 164 1744.0 1545.0 192.5468413630001 0.0 1.54 0.09665093565729457 0.09613008515525163 False True 0.0037488659724421156 4.4851030876694535 -0.08315997710933504 -2.1377851384517816 0.0
993 165 1748.0 1549.0 193.72528974900007 0.0 1.54 0.09665093565729457 0.09613008515525163 False True 0.0037488659724421156 4.4851030876694535 -0.08315997710933504 -2.1377851384517816 0.0
993 166 1752.0 1553.0 194.89114589500008 0.0 1.54 0.09665093565729457 0.09613008515525163 False True 0.0037488659724421156 4.4851030876694535 -0.08315997710933504 -2.1377851384517816 0.0
993 167 1756.0 1557.0 196.06804635100008 0.0 1.54 0.09665093565729457 0.09613008515525163 False True 0.0037488659724421156 4.4851030876694535 -0.08315997710933504 -2.1377851384517816 0.0
993 168 1760.0 1561.0 197.2449796350001 0.0 1.54 0.09665093565729457 0.09613008515525163 False True 0.0037488659724421156 4.4851030876694535 -0.08315997710933504 -2.1377851384517816 0.0
993 169 1764.0 1565.0 198.4114398740001 0.0 1.54 0.09665093565729457 0.0954366414846293 False True 0.0037488659724421156 4.4851030876694535 -0.08315997710933504 -2.1377851384517816 0.0
993 170 1776.0 1577.0 199.58810195500013 0.0 1.54 0.09665093565729457 0.09549522419350534 False True 0.0037488659724421156 4.4851030876694535 -0.08315997710933504 -2.1377851384517816 0.0
993 171 1788.0 1589.0 200.7652093360001 0.0 1.58 0.0954366414846293 0.09613008515525163 False True 0.0037488659724421156 4.4851030876694535 -0.08315997710933504 -2.1377851384517816 0.0
993 172 1792.0 1593.0 201.94298186600008 0.0 1.58 0.0954366414846293 0.09569864997575904 False True 0.0037488659724421156 4.4851030876694535 -0.08315997710933504 -2.1377851384517816 0.0
993 173 1804.0 1605.0 203.11053470600012 0.0 1.58 0.0954366414846293 0.09665093565729457 False True 0.0037488659724421156 4.4851030876694535 -0.08315997710933504 -2.1377851384517816 0.0
993 174 1808.0 1609.0 204.28649221800015 0.0 1.54 0.09665093565729457 0.09604688376611793 False True 0.0037488659724421156 4.4851030876694535 -0.08315997710933504 -2.1377851384517816 0.0
993 175 1820.0 1621.0 205.4637652350001 0.0 1.54 0.09665093565729457 0.09653987601715297 False True 0.0037488659724421156 4.4851030876694535 -0.08315997710933504 -2.1377851384517816 0.0
993 176 1832.0 1633.0 206.6406840080001 0.0 1.54 0.09665093565729457 0.09717756270423795 False True 0.0037488659724421156 4.4851030876694535 -0.08315997710933504 -2.1377851384517816 0.0
993 177 1844.0 1645.0 207.8078680760001 0.0 1.54 0.09665093565729457 0.09795986533195165 False True 0.0037488659724421156 4.4851030876694535 -0.08315997710933504 -2.1377851384517816 0.0
993 178 1856.0 1657.0 208.98363620200007 0.0 1.54 0.09665093565729457 0.09888669094192626 False True 0.0037488659724421156 4.4851030876694535 -0.08315997710933504 -2.1377851384517816 0.0
993 179 1868.0 1669.0 210.16048374900004 0.0 1.54 0.09665093565729457 0.09995793212214349 False True 0.0037488659724421156 4.4851030876694535 -0.08315997710933504 -2.1377851384517816 0.0
993 180 1880.0 1681.0 211.32606903100003 0.0 1.54 0.09665093565729457 0.1011734670176759 False True 0.0037488659724421156 4.4851030876694535 -0.08315997710933504 -2.1377851384517816 0.0
993 181 1892.0 1693.0 212.504243255 0.0 1.54 0.09665093565729457 0.10253315934286948 False True 0.0037488659724421156 4.4851030876694535 -0.08315997710933504 -2.1377851384517816 0.0
993 182 1904.0 1705.0 213.680594079 0.0 1.54 0.09665093565729457 0.09653987601715297 False True 0.0037488659724421156 4.4851030876694535 -0.08315997710933504 -2.1377851384517816 0.0
993 183 1908.0 1709.0 214.84801327600002 0.0 1.54 0.09665093565729457 0.09653987601715297 False True 0.0037488659724421156 4.4851030876694535 -0.08315997710933504 -2.1377851384517816 0.0
993 184 1912.0 1713.0 216.03206247400004 0.0 1.54 0.09665093565729457 0.09653987601715297 False True 0.0037488659724421156 4.4851030876694535 -0.08315997710933504 -2.1377851384517816 0.0
993 185 1916.0 1717.0 217.20301879800007 0.0 1.54 0.09665093565729457 0.09653987601715297 False True 0.0037488659724421156 4.4851030876694535 -0.08315997710933504 -2.1377851384517816 0.0
993 186 1920.0 1721.0 218.36920063200012 0.0 1.62 0.09653987601715297 0.09665093565729457 False True 0.0037488659724421156 4.4851030876694535 -0.08315997710933504 -2.1377851384517816 0.0
993 187 1924.0 1725.0 219.5464057950001 0.0 1.62 0.09653987601715297 0.09665093565729457 False True 0.0037488659724421156 4.4851030876694535 -0.08315997710933504 -2.1377851384517816 0.0
993 188 1928.0 1729.0 220.7224847930001 0.0 1.62 0.09653987601715297 0.09665093565729457 False True 0.0037488659724421156 4.4851030876694535 -0.08315997710933504 -2.1377851384517816 0.0
993 189 1932.0 1733.0 221.88761410600011 0.0 1.62 0.09653987601715297 0.09665093565729457 False True 0.0037488659724421156 4.4851030876694535 -0.08315997710933504 -2.1377851384517816 0.0
993 190 1936.0 1737.0 223.06258514500013 0.0 1.62 0.09653987601715297 0.09665093565729457 False True 0.0037488659724421156 4.4851030876694535 -0.08315997710933504 -2.1377851384517816 0.0
993 191 1940.0 1741.0 224.24000073700017 0.0 1.62 0.09653987601715297 0.09665093565729457 False True 0.0037488659724421156 4.4851030876694535 -0.08315997710933504 -2.1377851384517816 0.0
993 192 1944.0 1745.0 225.40710131200018 0.0 1.62 0.09653987601715297 0.09665093565729457 False True 0.0037488659724421156 4.4851030876694535 -0.08315997710933504 -2.1377851384517816 0.0
993 193 1948.0 1749.0 226.60197687000016 0.0 1.54 0.09665093565729457 0.09653987601715297 False True 0.0037488659724421156 4.4851030876694535 -0.08315997710933504 -2.1377851384517816 0.0
993 194 1952.0 1753.0 227.77981085300019 0.0 1.54 0.09665093565729457 0.09653987601715297 False True 0.0037488659724421156 4.4851030876694535 -0.08315997710933504 -2.1377851384517816 0.0
993 195 1956.0 1757.0 228.9440332320002 0.0 1.54 0.09665093565729457 0.07126872498491217 False True 0.0037488659724421156 4.4851030876694535 -0.08315997710933504 -2.1377851384517816 0.0
993 196 1968.0 1769.0 230.1184565070002 0.0 1.54 0.09665093565729457 0.06685434833705575 False True 0.0037488659724421156 4.4851030876694535 -0.08315997710933504 -2.1377851384517816 0.0
993 197 1980.0 1781.0 231.2838038830002 0.0 1.54 0.09665093565729457 0.06257766584997947 False True 0.0037488659724421156 4.4851030876694535 -0.08315997710933504 -2.1377851384517816 0.0
993 198 1992.0 1793.0 232.4568004520002 0.0 8.16 0.06257766584997947 0.05843912091101045 False True 0.0037488659724421156 4.4851030876694535 -0.08315997710933504 -2.1377851384517816 0.0
993 199 2004.0 1805.0 233.6223073990002 0.0 8.15 0.05843912091101045 0.05443914309226455 False True 0.0037488659724421156 4.4851030876694535 -0.08315997710933504 -2.1377851384517816 0.0
993 200 2016.0 1817.0 234.79889765600024 0.0 8.15 0.05843912091101045 0.050578148107686356 False True 0.0037488659724421156 4.4851030876694535 -0.08315997710933504 -2.1377851384517816 0.0
993 201 2028.0 1829.0 235.97751618000024 0.0 8.15 0.05843912091101045 0.04685653777148545 False True 0.0037488659724421156 4.4851030876694535 -0.08315997710933504 -2.1377851384517816 0.0
993 202 2040.0 1841.0 237.14579988700024 0.0 8.15 0.05843912091101045 0.04327469995794568 False True 0.0037488659724421156 4.4851030876694535 -0.08315997710933504 -2.1377851384517816 0.0
993 203 2052.0 1853.0 238.32140453000022 0.0 8.16 0.06257766584997947 0.05843912091101045 False True 0.0037488659724421156 4.4851030876694535 -0.08315997710933504 -2.1377851384517816 0.0
993 204 2056.0 1857.0 239.48515440100022 0.0 8.16 0.06257766584997947 0.07582033863534984 False True 0.0037488659724421156 4.4851030876694535 -0.08315997710933504 -2.1377851384517816 0.0
993 205 2068.0 1869.0 240.6646864080002 0.0 8.16 0.06257766584997947 0.07126872498491217 False True 0.0037488659724421156 4.4851030876694535 -0.08315997710933504 -2.1377851384517816 0.0
993 206 2072.0 1873.0 241.84001500000022 0.0 8.18 0.07126872498491217 0.09665093565729457 False True 0.0037488659724421156 4.4851030876694535 -0.08315997710933504 -2.1377851384517816 0.0
993 207 2076.0 1877.0 243.01788985800022 0.0 8.18 0.07126872498491217 0.06257766584997947 False True 0.0037488659724421156 4.4851030876694535 -0.08315997710933504 -2.1377851384517816 0.0
993 208 2080.0 1881.0 244.19348556600022 0.0 8.18 0.07126872498491217 0.06257766584997947 False True 0.0037488659724421156 4.4851030876694535 -0.08315997710933504 -2.1377851384517816 0.0
993 209 2084.0 1885.0 245.3619329730002 0.0 8.18 0.07126872498491217 0.06257766584997947 False True 0.0037488659724421156 4.4851030876694535 -0.08315997710933504 -2.1377851384517816 0.0
993 210 2088.0 1889.0 246.5418386460002 0.0 8.18 0.07126872498491217 0.06257766584997947 False True 0.0037488659724421156 4.4851030876694535 -0.08315997710933504 -2.1377851384517816 0.0
993 211 2092.0 1893.0 247.71977071800018 0.0 8.18 0.07126872498491217 0.06257766584997947 False True 0.0037488659724421156 4.4851030876694535 -0.08315997710933504 -2.1377851384517816 0.0
993 212 2096.0 1897.0 248.89869801100014 0.0 8.16 0.06257766584997947 0.07126872498491217 False True 0.0037488659724421156 4.4851030876694535 -0.08315997710933504 -2.1377851384517816 0.0
993 213 2100.0 1901.0 250.0758364950001 0.0 8.16 0.06257766584997947 0.07126872498491217 False True 0.0037488659724421156 4.4851030876694535 -0.08315997710933504 -2.1377851384517816 0.0
993 214 2104.0 1905.0 251.2555614480001 0.0 8.16 0.06257766584997947 0.06685434833705575 False True 0.0037488659724421156 4.4851030876694535 -0.08315997710933504 -2.1377851384517816 0.0
993 215 2108.0 1909.0 252.4357841000001 0.0 8.16 0.06257766584997947 0.06685434833705575 False True 0.0037488659724421156 4.4851030876694535 -0.08315997710933504 -2.1377851384517816 0.0
993 216 2112.0 1913.0 253.6141472000001 0.0 8.16 0.06257766584997947 0.03653182346507325 False True 0.0037488659724421156 4.4851030876694535 -0.08315997710933504 -2.1377851384517816 0.0
993 217 2124.0 1925.0 254.79273072800015 0.0 8.16 0.06257766584997947 0.03983300856264744 False True 0.0037488659724421156 4.4851030876694535 -0.08315997710933504 -2.1377851384517816 0.0
993 218 2136.0 1937.0 255.97198202300018 0.0 8.16 0.06257766584997947 0.03337149049262121 False True 0.0037488659724421156 4.4851030876694535 -0.08315997710933504 -2.1377851384517816 0.0
993 219 2148.0 1949.0 257.1525933210002 0.0 8.16 0.06257766584997947 0.03035234138602489 False True 0.0037488659724421156 4.4851030876694535 -0.08315997710933504 -2.1377851384517816 0.0
993 220 2160.0 1961.0 258.3342792140002 0.0 8.16 0.06257766584997947 0.027474693766175978 False True 0.0037488659724421156 4.4851030876694535 -0.08315997710933504 -2.1377851384517816 0.0
993 221 2172.0 1973.0 259.5133372370002 0.0 8.16 0.06257766584997947 0.024738851102366226 False True 0.0037488659724421156 4.4851030876694535 -0.08315997710933504 -2.1377851384517816 0.0
993 222 2184.0 1985.0 260.68114131300024 0.0 8.16 0.06257766584997947 0.02214510268193854 False True 0.0037488659724421156 4.4851030876694535 -0.08315997710933504 -2.1377851384517816 0.0
993 223 2196.0 1997.0 261.8585522570002 0.0 8.16 0.06257766584997947 0.01969372358135875 False True 0.0037488659724421156 4.4851030876694535 -0.08315997710933504 -2.1377851384517816 0.0
