167 0 400.0 200.99999999999994 1.2739921059999801 0.0 7.91 0.0013997227155511354 0.0020951780287374014 False True -0.002404020783601895 4.992232873862701 -0.0622452910358989 -2.4065760974701105 0.0
167 1 412.0 212.99999999999994 2.59755909499998 0.0 7.92 0.0020951780287374014 0.002928971950320244 False True -0.002404020783601895 4.992232873862701 -0.0622452910358989 -2.4065760974701105 0.0
167 2 424.0 224.99999999999994 3.93842768799999 0.0 7.92 0.0020951780287374014 0.0008426905648393602 False True -0.002404020783601895 4.992232873862701 -0.0622452910358989 -2.4065760974701105 0.0
167 3 436.0 236.99999999999994 5.269713445999997 0.0 7.92 0.0020951780287374014 0.0039010060909728784 False True -0.002404020783601895 4.992232873862701 -0.0622452910358989 -2.4065760974701105 0.0
167 4 448.0 248.99999999999994 6.598747421999974 0.0 7.92 0.0020951780287374014 0.00042415228698289075 False True -0.002404020783601895 4.992232873862701 -0.0622452910358989 -2.4065760974701105 0.0
167 5 460.0 260.99999999999994 7.921712045999982 0.0 7.92 0.0020951780287374014 0.16562545477071888 False True -0.002404020783601895 4.992232873862701 -0.0622452910358989 -2.4065760974701105 0.0
167 6 472.0 272.99999999999994 9.233168974999955 0.0 7.92 0.0020951780287374014 0.17483088383105902 False True -0.002404020783601895 4.992232873862701 -0.0622452910358989 -2.4065760974701105 0.0
167 7 484.0 284.99999999999994 10.529003896999967 0.0 7.92 0.0020951780287374014 0.17962852699710274 False True -0.002404020783601895 4.992232873862701 -0.0622452910358989 -2.4065760974701105 0.0
167 8 496.0 296.99999999999994 11.828023696999963 0.0 7.92 0.0020951780287374014 0.0013997227155511354 False True -0.002404020783601895 4.992232873862701 -0.0622452910358989 -2.4065760974701105 0.0
167 9 500.0 300.99999999999994 13.137055424999943 0.0 7.92 0.0020951780287374014 0.16121861768320342 False True -0.002404020783601895 4.992232873862701 -0.0622452910358989 -2.4065760974701105 0.0
167 10 512.0 312.99999999999994 14.461492202999949 0.0 7.9 0.0008426905648393602 0.002928971950320244 False True -0.002404020783601895 4.992232873862701 -0.0622452910358989 -2.4065760974701105 0.0
167 11 516.0 316.99999999999994 15.77189443599994 0.0 7.91 0.0013997227155511354 0.15694297633417062 False True -0.002404020783601895 4.992232873862701 -0.0622452910358989 -2.4065760974701105 0.0
167 12 528.0 328.99999999999994 17.085040659999947 0.0 7.91 0.0013997227155511354 0.1527989724164302 False True -0.002404020783601895 4.992232873862701 -0.0622452910358989 -2.4065760974701105 0.0
167 13 540.0 340.99999999999994 18.40722384999995 0.0 7.91 0.0013997227155511354 0.005011168235960722 False True -0.002404020783601895 4.992232873862701 -0.0622452910358989 -2.4065760974701105 0.0
167 14 552.0 352.99999999999994 19.720392459999943 0.0 7.91 0.0013997227155511354 0.0062593323563642405 False True -0.002404020783601895 4.992232873862701 -0.0622452910358989 -2.4065760974701105 0.0
167 15 564.0 364.99999999999994 21.05226026799994 0.0 7.92 0.0020951780287374014 0.007645358621677392 False True -0.002404020783601895 4.992232873862701 -0.0622452910358989 -2.4065760974701105 0.0
167 16 576.0 376.99999999999994 22.37245873799995 0.0 7.97 0.007645358621677392 0.009169093413794004 False True -0.002404020783601895 4.992232873862701 -0.0622452910358989 -2.4065760974701105 0.0
167 17 588.0 388.99999999999994 23.686332268999962 0.0 7.97 0.007645358621677392 0.010830369342369752 False True -0.002404020783601895 4.992232873862701 -0.0622452910358989 -2.4065760974701105 0.0
167 18 600.0 400.99999999999994 24.999091788999948 0.0 7.97 0.007645358621677392 0.014564806288124336 False True -0.002404020783601895 4.992232873862701 -0.0622452910358989 -2.4065760974701105 0.0
167 19 612.0 412.99999999999994 26.323214160999953 0.0 7.97 0.007645358621677392 0.012629005261558513 False True -0.002404020783601895 4.992232873862701 -0.0622452910358989 -2.4065760974701105 0.0
167 20 624.0 424.99999999999994 27.634846291999935 0.0 8.0 0.012629005261558513 0.007645358621677392 False True -0.002404020783601895 4.992232873862701 -0.0622452910358989 -2.4065760974701105 0.0
167 21 628.0 428.99999999999994 28.959210945999956 0.0 8.0 0.012629005261558513 0.007645358621677392 False True -0.002404020783601895 4.992232873862701 -0.0622452910358989 -2.4065760974701105 0.0
167 22 632.0 432.99999999999994 30.286446087999963 0.0 8.0 0.012629005261558513 0.0001441647415854345 False True -0.002404020783601895 4.992232873862701 -0.0622452910358989 -2.4065760974701105 0.0
167 23 644.0 444.99999999999994 31.61050839599997 0.0 8.0 0.012629005261558513 2.770931795053119e-06 False True -0.002404020783601895 4.992232873862701 -0.0622452910358989 -2.4065760974701105 0.0
167 24 656.0 456.99999999999994 32.92532537799997 0.0 7.87 2.770931795053119e-06 0.012629005261558513 False True -0.002404020783601895 4.992232873862701 -0.0622452910358989 -2.4065760974701105 0.0
167 25 660.0 460.99999999999994 34.24850645799998 0.0 7.87 2.770931795053119e-06 0.0 False True -0.002404020783601895 4.992232873862701 -0.0622452910358989 -2.4065760974701105 0.0
167 26 672.0 472.99999999999994 35.561372242000004 0.0 7.87 2.770931795053119e-06 0.012629005261558513 False True -0.002404020783601895 4.992232873862701 -0.0622452910358989 -2.4065760974701105 0.0
167 27 676.0 476.99999999999994 36.884973755999994 0.0 7.87 2.770931795053119e-06 0.012629005261558513 False True -0.002404020783601895 4.992232873862701 -0.0622452910358989 -2.4065760974701105 0.0
167 28 680.0 480.99999999999994 38.20029498799997 0.0 7.87 2.770931795053119e-06 0.012629005261558513 False True -0.002404020783601895 4.992232873862701 -0.0622452910358989 -2.4065760974701105 0.0
167 29 684.0 484.99999999999994 39.52319570299997 0.0 7.87 2.770931795053119e-06 0.012629005261558513 False True -0.002404020783601895 4.992232873862701 -0.0622452910358989 -2.4065760974701105 0.0
167 30 688.0 488.99999999999994 40.85713922999997 0.0 7.87 2.770931795053119e-06 0.01884705556182726 False True -0.002404020783601895 4.992232873862701 -0.0622452910358989 -2.4065760974701105 0.0
167 31 700.0 500.99999999999994 42.18003795499996 0.0 7.87 2.770931795053119e-06 0.01663756382093763 False True -0.002404020783601895 4.992232873862701 -0.0622452910358989 -2.4065760974701105 0.0
167 32 712.0 513.0 43.492049435999974 0.0 7.87 2.770931795053119e-06 0.021193045537814415 False True -0.002404020783601895 4.992232873862701 -0.0622452910358989 -2.4065760974701105 0.0
167 33 724.0 525.0 44.80003362399998 0.0 7.87 2.770931795053119e-06 0.02367528412470482 False True -0.002404020783601895 4.992232873862701 -0.0622452910358989 -2.4065760974701105 0.0
167 34 736.0 537.0 46.09474544399998 0.0 7.87 2.770931795053119e-06 0.01663756382093763 False True -0.002404020783601895 4.992232873862701 -0.0622452910358989 -2.4065760974701105 0.0
167 35 740.0 541.0 47.37130583199999 0.0 7.87 2.770931795053119e-06 0.01663756382093763 False True -0.002404020783601895 4.992232873862701 -0.0622452910358989 -2.4065760974701105 0.0
167 36 744.0 545.0 48.66446598499999 0.0 7.87 2.770931795053119e-06 0.01663756382093763 False True -0.002404020783601895 4.992232873862701 -0.0622452910358989 -2.4065760974701105 0.0
167 37 748.0 549.0 49.968847177999976 0.0 7.87 2.770931795053119e-06 0.0004103740200588109 False True -0.002404020783601895 4.992232873862701 -0.0622452910358989 -2.4065760974701105 0.0
167 38 760.0 561.0 51.26198586099997 0.0 7.87 2.770931795053119e-06 0.00013586722491494403 False True -0.002404020783601895 4.992232873862701 -0.0622452910358989 -2.4065760974701105 0.0
167 39 772.0 573.0 52.555153425999976 0.0 7.85 0.00013586722491494403 0.0008235079336033062 False True -0.002404020783601895 4.992232873862701 -0.0622452910358989 -2.4065760974701105 0.0
167 40 784.0 585.0 53.85817124099998 0.0 7.85 0.00013586722491494403 0.001375242649630297 False True -0.002404020783601895 4.992232873862701 -0.0622452910358989 -2.4065760974701105 0.0
167 41 796.0 597.0 55.13804155699998 0.0 7.85 0.00013586722491494403 0.0008235079336033062 False True -0.002404020783601895 4.992232873862701 -0.0622452910358989 -2.4065760974701105 0.0
167 42 800.0 601.0 56.44264105399998 0.0 7.85 0.00013586722491494403 0.002894339922131866 False True -0.002404020783601895 4.992232873862701 -0.0622452910358989 -2.4065760974701105 0.0
167 43 812.0 613.0 57.73321397699999 0.0 7.85 0.00013586722491494403 0.0020655379907500242 False True -0.002404020783601895 4.992232873862701 -0.0622452910358989 -2.4065760974701105 0.0
167 44 824.0 625.0 59.02498386100001 0.0 7.85 0.00013586722491494403 0.0038615805568996287 False True -0.002404020783601895 4.992232873862701 -0.0622452910358989 -2.4065760974701105 0.0
167 45 836.0 637.0 60.299890635 0.0 7.85 0.00013586722491494403 0.004967178162924609 False True -0.002404020783601895 4.992232873862701 -0.0622452910358989 -2.4065760974701105 0.0
167 46 848.0 649.0 61.58490342799999 0.0 7.78 0.004967178162924609 0.006211037170996729 False True -0.002404020783601895 4.992232873862701 -0.0622452910358989 -2.4065760974701105 0.0
167 47 860.0 661.0 62.87279692499999 0.0 7.78 0.004967178162924609 0.00013586722491494403 False True -0.002404020783601895 4.992232873862701 -0.0622452910358989 -2.4065760974701105 0.0
167 48 864.0 665.0 64.160277692 0.0 7.85 0.00013586722491494403 0.004967178162924609 False True -0.002404020783601895 4.992232873862701 -0.0622452910358989 -2.4065760974701105 0.0
167 49 868.0 669.0 65.448654447 0.0 7.85 0.00013586722491494403 0.004967178162924609 False True -0.002404020783601895 4.992232873862701 -0.0622452910358989 -2.4065760974701105 0.0
167 50 872.0 673.0 66.719652016 0.0 7.85 0.00013586722491494403 0.004967178162924609 False True -0.002404020783601895 4.992232873862701 -0.0622452910358989 -2.4065760974701105 0.0
167 51 876.0 677.0 67.97765771800002 0.0 7.78 0.004967178162924609 0.00013586722491494403 False True -0.002404020783601895 4.992232873862701 -0.0622452910358989 -2.4065760974701105 0.0
167 52 880.0 681.0 69.21864230800003 0.0 7.78 0.004967178162924609 0.00013586722491494403 False True -0.002404020783601895 4.992232873862701 -0.0622452910358989 -2.4065760974701105 0.0
167 53 884.0 685.0 70.47462260100002 0.0 7.78 0.004967178162924609 0.009113087989757787 False True -0.002404020783601895 4.992232873862701 -0.0622452910358989 -2.4065760974701105 0.0
167 54 896.0 697.0 71.732119866 0.0 7.78 0.004967178162924609 0.007593048184379904 False True -0.002404020783601895 4.992232873862701 -0.0622452910358989 -2.4065760974701105 0.0
167 55 908.0 709.0 72.987635614 0.0 7.78 0.004967178162924609 0.00013586722491494403 False True -0.002404020783601895 4.992232873862701 -0.0622452910358989 -2.4065760974701105 0.0
167 56 912.0 713.0 74.254771008 0.0 7.85 0.00013586722491494403 0.004967178162924609 False True -0.002404020783601895 4.992232873862701 -0.0622452910358989 -2.4065760974701105 0.0
167 57 916.0 717.0 75.53261056200003 0.0 7.85 0.00013586722491494403 0.004967178162924609 False True -0.002404020783601895 4.992232873862701 -0.0622452910358989 -2.4065760974701105 0.0
167 58 920.0 721.0 76.80255276800003 0.0 7.85 0.00013586722491494403 0.004967178162924609 False True -0.002404020783601895 4.992232873862701 -0.0622452910358989 -2.4065760974701105 0.0
167 59 924.0 725.0 78.07408502400003 0.0 7.85 0.00013586722491494403 0.004967178162924609 False True -0.002404020783601895 4.992232873862701 -0.0622452910358989 -2.4065760974701105 0.0
167 60 928.0 729.0 79.34758321000004 0.0 7.85 0.00013586722491494403 0.004967178162924609 False True -0.002404020783601895 4.992232873862701 -0.0622452910358989 -2.4065760974701105 0.0
167 61 932.0 733.0 80.62616440900004 0.0 7.78 0.004967178162924609 0.0004103740200588109 False True -0.002404020783601895 4.992232873862701 -0.0622452910358989 -2.4065760974701105 0.0
167 62 936.0 737.0 81.89364965800004 0.0 7.78 0.004967178162924609 0.0020655379907500242 False True -0.002404020783601895 4.992232873862701 -0.0622452910358989 -2.4065760974701105 0.0
167 63 940.0 741.0 83.16517255700006 0.0 7.78 0.004967178162924609 0.0008235079336033062 False True -0.002404020783601895 4.992232873862701 -0.0622452910358989 -2.4065760974701105 0.0
167 64 944.0 745.0 84.42534918400005 0.0 7.78 0.004967178162924609 0.1449075777779858 False True -0.002404020783601895 4.992232873862701 -0.0622452910358989 -2.4065760974701105 0.0
167 65 956.0 757.0 85.69701183700005 0.0 7.78 0.004967178162924609 0.00013586722491494403 False True -0.002404020783601895 4.992232873862701 -0.0622452910358989 -2.4065760974701105 0.0
167 66 960.0 761.0 86.96712744400006 0.0 7.78 0.004967178162924609 0.13754770324732016 False True -0.002404020783601895 4.992232873862701 -0.0622452910358989 -2.4065760974701105 0.0
167 67 972.0 773.0 88.22287046200006 0.0 7.78 0.004967178162924609 0.14116100444757582 False True -0.002404020783601895 4.992232873862701 -0.0622452910358989 -2.4065760974701105 0.0
167 68 984.0 785.0 89.52051733600007 0.0 7.78 0.004967178162924609 0.14878703445774738 False True -0.002404020783601895 4.992232873862701 -0.0622452910358989 -2.4065760974701105 0.0
167 69 996.0 797.0 90.73664216300006 0.0 7.78 0.004967178162924609 2.770931795053119e-06 False True -0.002404020783601895 4.992232873862701 -0.0622452910358989 -2.4065760974701105 0.0
167 70 1000.0 801.0 91.98974613100006 0.0 7.78 0.004967178162924609 0.13406804962949512 False True -0.002404020783601895 4.992232873862701 -0.0622452910358989 -2.4065760974701105 0.0
167 71 1012.0 813.0 93.24260963600005 0.0 7.78 0.004967178162924609 0.13072240568032858 False True -0.002404020783601895 4.992232873862701 -0.0622452910358989 -2.4065760974701105 0.0
167 72 1024.0 825.0 94.48929021300006 0.0 7.78 0.004967178162924609 2.770931795053119e-06 False True -0.002404020783601895 4.992232873862701 -0.0622452910358989 -2.4065760974701105 0.0
167 73 1028.0 829.0 95.73938221800009 0.0 7.78 0.004967178162924609 2.770931795053119e-06 False True -0.002404020783601895 4.992232873862701 -0.0622452910358989 -2.4065760974701105 0.0
167 74 1032.0 833.0 96.99426194300008 0.0 7.78 0.004967178162924609 0.00013586722491494403 False True -0.002404020783601895 4.992232873862701 -0.0622452910358989 -2.4065760974701105 0.0
167 75 1036.0 837.0 98.24975369100008 0.0 7.78 0.004967178162924609 0.012566692115607637 False True -0.002404020783601895 4.992232873862701 -0.0622452910358989 -2.4065760974701105 0.0
167 76 1048.0 849.0 99.49505604300009 0.0 7.78 0.004967178162924609 0.010771019569547735 False True -0.002404020783601895 4.992232873862701 -0.0622452910358989 -2.4065760974701105 0.0
167 77 1060.0 861.0 100.7677753270001 0.0 7.78 0.004967178162924609 0.014499941044315864 False True -0.002404020783601895 4.992232873862701 -0.0622452910358989 -2.4065760974701105 0.0
167 78 1072.0 873.0 102.02168323600009 0.0 7.78 0.004967178162924609 0.016570588013026848 False True -0.002404020783601895 4.992232873862701 -0.0622452910358989 -2.4065760974701105 0.0
167 79 1084.0 885.0 103.27739530800008 0.0 7.78 0.004967178162924609 0.018778440937909636 False True -0.002404020783601895 4.992232873862701 -0.0622452910358989 -2.4065760974701105 0.0
167 80 1096.0 897.0 104.53279693400009 0.0 7.78 0.004967178162924609 0.0211232940131547 False True -0.002404020783601895 4.992232873862701 -0.0622452910358989 -2.4065760974701105 0.0
167 81 1108.0 909.0 105.78556140600008 0.0 7.78 0.004967178162924609 0.023604927731551373 False True -0.002404020783601895 4.992232873862701 -0.0622452910358989 -2.4065760974701105 0.0
167 82 1120.0 921.0 107.03028983400009 0.0 7.78 0.004967178162924609 0.026223108906443412 False True -0.002404020783601895 4.992232873862701 -0.0622452910358989 -2.4065760974701105 0.0
167 83 1132.0 933.0 108.2855310870001 0.0 7.78 0.004967178162924609 0.028977590695044127 False True -0.002404020783601895 4.992232873862701 -0.0622452910358989 -2.4065760974701105 0.0
167 84 1144.0 945.0 109.53962067300012 0.0 7.66 0.028977590695044127 0.031868112623120955 False True -0.002404020783601895 4.992232873862701 -0.0622452910358989 -2.4065760974701105 0.0
167 85 1156.0 957.0 110.79463628900012 0.0 7.66 0.028977590695044127 0.03489440061104706 False True -0.002404020783601895 4.992232873862701 -0.0622452910358989 -2.4065760974701105 0.0
167 86 1168.0 969.0 112.04834725800012 0.0 7.65 0.031868112623120955 0.028977590695044127 False True -0.002404020783601895 4.992232873862701 -0.0622452910358989 -2.4065760974701105 0.0
167 87 1172.0 973.0 113.30167167900012 0.0 7.65 0.031868112623120955 0.04135311058674315 False True -0.002404020783601895 4.992232873862701 -0.0622452910358989 -2.4065760974701105 0.0
167 88 1184.0 985.0 114.55515421100012 0.0 7.65 0.031868112623120955 0.03805616700120138 False True -0.002404020783601895 4.992232873862701 -0.0622452910358989 -2.4065760974701105 0.0
167 89 1196.0 997.0 115.80891981700012 0.0 7.65 0.031868112623120955 0.04835125695256557 False True -0.002404020783601895 4.992232873862701 -0.0622452910358989 -2.4065760974701105 0.0
167 90 1208.0 1009.0 117.0538296010001 0.0 7.65 0.031868112623120955 0.05205178985088333 False True -0.002404020783601895 4.992232873862701 -0.0622452910358989 -2.4065760974701105 0.0
167 91 1220.0 1021.0 118.3085401240001 0.0 7.65 0.031868112623120955 0.05588616024764513 False True -0.002404020783601895 4.992232873862701 -0.0622452910358989 -2.4065760974701105 0.0
167 92 1232.0 1033.0 119.56197728400011 0.0 7.59 0.05205178985088333 0.044784916641723745 False True -0.002404020783601895 4.992232873862701 -0.0622452910358989 -2.4065760974701105 0.0
167 93 1244.0 1045.0 120.81656632600013 0.0 7.63 0.03805616700120138 0.031868112623120955 False True -0.002404020783601895 4.992232873862701 -0.0622452910358989 -2.4065760974701105 0.0
167 94 1248.0 1049.0 122.07079099800015 0.0 7.63 0.03805616700120138 0.059853999668685834 False True -0.002404020783601895 4.992232873862701 -0.0622452910358989 -2.4065760974701105 0.0
167 95 1260.0 1061.0 123.32593297100019 0.0 7.87 2.770931795053119e-06 0.06395492629155414 False True -0.002404020783601895 4.992232873862701 -0.0622452910358989 -2.4065760974701105 0.0
167 96 1272.0 1073.0 124.57920479800018 0.0 7.63 0.03805616700120138 0.06818854498369337 False True -0.002404020783601895 4.992232873862701 -0.0622452910358989 -2.4065760974701105 0.0
167 97 1284.0 1085.0 125.83371086200017 0.0 7.63 0.03805616700120138 0.07255444734195361 False True -0.002404020783601895 4.992232873862701 -0.0622452910358989 -2.4065760974701105 0.0
167 98 1296.0 1097.0 127.08755626800016 0.0 7.54 0.07255444734195361 0.0770522117334338 False True -0.002404020783601895 4.992232873862701 -0.0622452910358989 -2.4065760974701105 0.0
167 99 1308.0 1109.0 128.34236413000016 0.0 7.54 0.07255444734195361 0.00013586722491494403 False True -0.002404020783601895 4.992232873862701 -0.0622452910358989 -2.4065760974701105 0.0
167 100 1312.0 1113.0 129.59687269900016 0.0 1.87 0.14878703445774738 0.028977590695044127 False True -0.002404020783601895 4.992232873862701 -0.0622452910358989 -2.4065760974701105 0.0
167 101 1316.0 1117.0 130.8512916140002 0.0 7.87 2.770931795053119e-06 0.07255444734195361 False True -0.002404020783601895 4.992232873862701 -0.0622452910358989 -2.4065760974701105 0.0
167 102 1320.0 1121.0 132.10495733800016 0.0 7.87 2.770931795053119e-06 0.002894339922131866 False True -0.002404020783601895 4.992232873862701 -0.0622452910358989 -2.4065760974701105 0.0
167 103 1324.0 1125.0 133.36392090000018 0.0 7.8 0.002894339922131866 0.04835125695256557 False True -0.002404020783601895 4.992232873862701 -0.0622452910358989 -2.4065760974701105 0.0
167 104 1328.0 1129.0 134.61839705400016 0.0 7.8 0.002894339922131866 0.04835125695256557 False True -0.002404020783601895 4.992232873862701 -0.0622452910358989 -2.4065760974701105 0.0
167 105 1332.0 1133.0 135.87230246800019 0.0 7.8 0.002894339922131866 0.04835125695256557 False True -0.002404020783601895 4.992232873862701 -0.0622452910358989 -2.4065760974701105 0.0
167 106 1336.0 1137.0 137.1245253080002 0.0 7.8 0.002894339922131866 0.04835125695256557 False True -0.002404020783601895 4.992232873862701 -0.0622452910358989 -2.4065760974701105 0.0
167 107 1340.0 1141.0 138.37554665800016 0.0 7.8 0.002894339922131866 0.04835125695256557 False True -0.002404020783601895 4.992232873862701 -0.0622452910358989 -2.4065760974701105 0.0
167 108 1344.0 1145.0 139.61390035300016 0.0 7.6 0.04835125695256557 0.002894339922131866 False True -0.002404020783601895 4.992232873862701 -0.0622452910358989 -2.4065760974701105 0.0
167 109 1348.0 1149.0 140.8495072010002 0.0 7.8 0.002894339922131866 0.04835125695256557 False True -0.002404020783601895 4.992232873862701 -0.0622452910358989 -2.4065760974701105 0.0
167 110 1352.0 1153.0 142.10151856600018 0.0 7.8 0.002894339922131866 0.04835125695256557 False True -0.002404020783601895 4.992232873862701 -0.0622452910358989 -2.4065760974701105 0.0
167 111 1356.0 1157.0 143.35506119300018 0.0 7.6 0.04835125695256557 0.06395492629155414 False True -0.002404020783601895 4.992232873862701 -0.0622452910358989 -2.4065760974701105 0.0
167 112 1360.0 1161.0 144.6062943530002 0.0 7.78 0.004967178162924609 0.08168140333764526 False True -0.002404020783601895 4.992232873862701 -0.0622452910358989 -2.4065760974701105 0.0
167 113 1372.0 1173.0 145.86255770900019 0.0 7.63 0.03805616700120138 0.031868112623120955 False True -0.002404020783601895 4.992232873862701 -0.0622452910358989 -2.4065760974701105 0.0
167 114 1376.0 1177.0 147.12512627900023 0.0 7.65 0.031868112623120955 0.021193045537814415 False True -0.002404020783601895 4.992232873862701 -0.0622452910358989 -2.4065760974701105 0.0
167 115 1380.0 1181.0 148.38510249400022 0.0 7.65 0.031868112623120955 0.0008235079336033062 False True -0.002404020783601895 4.992232873862701 -0.0622452910358989 -2.4065760974701105 0.0
167 116 1384.0 1185.0 149.64762817500022 0.0 7.57 0.059853999668685834 0.01663756382093763 False True -0.002404020783601895 4.992232873862701 -0.0622452910358989 -2.4065760974701105 0.0
167 117 1388.0 1189.0 150.9035735480002 0.0 7.57 0.059853999668685834 0.0913322632265662 False True -0.002404020783601895 4.992232873862701 -0.0622452910358989 -2.4065760974701105 0.0
167 118 1400.0 1201.0 152.16037728500018 0.0 7.6 0.04835125695256557 0.08644157418999303 False True -0.002404020783601895 4.992232873862701 -0.0622452910358989 -2.4065760974701105 0.0
167 119 1412.0 1213.0 153.4281834990002 0.0 7.6 0.04835125695256557 0.09635299633025714 False True -0.002404020783601895 4.992232873862701 -0.0622452910358989 -2.4065760974701105 0.0
167 120 1424.0 1225.0 154.69527496800023 0.0 7.87 2.770931795053119e-06 0.04835125695256557 False True -0.002404020783601895 4.992232873862701 -0.0622452910358989 -2.4065760974701105 0.0
167 121 1428.0 1229.0 155.95120496600023 0.0 7.65 0.031868112623120955 0.0020655379907500242 False True -0.002404020783601895 4.992232873862701 -0.0622452910358989 -2.4065760974701105 0.0
167 122 1432.0 1233.0 157.20572379700027 0.0 7.78 0.004967178162924609 0.0020655379907500242 False True -0.002404020783601895 4.992232873862701 -0.0622452910358989 -2.4065760974701105 0.0
167 123 1436.0 1237.0 158.44717789300026 0.0 7.81 0.0020655379907500242 0.002894339922131866 False True -0.002404020783601895 4.992232873862701 -0.0622452910358989 -2.4065760974701105 0.0
167 124 1440.0 1241.0 159.69553136000027 0.0 7.81 0.0020655379907500242 0.002894339922131866 False True -0.002404020783601895 4.992232873862701 -0.0622452910358989 -2.4065760974701105 0.0
167 125 1444.0 1245.0 160.93510590300028 0.0 7.81 0.0020655379907500242 0.1067826332902894 False True -0.002404020783601895 4.992232873862701 -0.0622452910358989 -2.4065760974701105 0.0
167 126 1456.0 1257.0 162.1858217730003 0.0 7.81 0.0020655379907500242 0.10150328637816018 False True -0.002404020783601895 4.992232873862701 -0.0622452910358989 -2.4065760974701105 0.0
167 127 1468.0 1269.0 163.42564721500034 0.0 7.81 0.0020655379907500242 0.10150328637816018 False True -0.002404020783601895 4.992232873862701 -0.0622452910358989 -2.4065760974701105 0.0
167 128 1472.0 1273.0 164.67630977200034 0.0 7.81 0.0020655379907500242 0.11219052407958442 False True -0.002404020783601895 4.992232873862701 -0.0622452910358989 -2.4065760974701105 0.0
167 129 1484.0 1285.0 165.9177354400003 0.0 7.81 0.0020655379907500242 0.10150328637816018 False True -0.002404020783601895 4.992232873862701 -0.0622452910358989 -2.4065760974701105 0.0
167 130 1488.0 1289.0 167.16952477400034 0.0 7.81 0.0020655379907500242 0.11772643290321431 False True -0.002404020783601895 4.992232873862701 -0.0622452910358989 -2.4065760974701105 0.0
167 131 1500.0 1301.0 168.42014293600036 0.0 7.81 0.0020655379907500242 0.12338982111515244 False True -0.002404020783601895 4.992232873862701 -0.0622452910358989 -2.4065760974701105 0.0
167 132 1512.0 1313.0 169.66140676400036 0.0 7.81 0.0020655379907500242 0.1291801373200468 False True -0.002404020783601895 4.992232873862701 -0.0622452910358989 -2.4065760974701105 0.0
167 133 1524.0 1325.0 170.91396202700034 0.0 7.4399999999999995 0.12338982111515244 0.0020655379907500242 False True -0.002404020783601895 4.992232873862701 -0.0622452910358989 -2.4065760974701105 0.0
167 134 1528.0 1329.0 172.16503496900035 0.0 7.81 0.0020655379907500242 0.12338982111515244 False True -0.002404020783601895 4.992232873862701 -0.0622452910358989 -2.4065760974701105 0.0
167 135 1532.0 1333.0 173.4163924600003 0.0 7.81 0.0020655379907500242 0.13509681742836385 False True -0.002404020783601895 4.992232873862701 -0.0622452910358989 -2.4065760974701105 0.0
167 136 1544.0 1345.0 174.65830651300027 0.0 7.81 0.0020655379907500242 0.10150328637816018 False True -0.002404020783601895 4.992232873862701 -0.0622452910358989 -2.4065760974701105 0.0
167 137 1548.0 1349.0 175.93050623500025 0.0 7.81 0.0020655379907500242 0.12338982111515244 False True -0.002404020783601895 4.992232873862701 -0.0622452910358989 -2.4065760974701105 0.0
167 138 1552.0 1353.0 177.18641181800027 0.0 7.81 0.0020655379907500242 0.002894339922131866 False True -0.002404020783601895 4.992232873862701 -0.0622452910358989 -2.4065760974701105 0.0
167 139 1556.0 1357.0 178.45384161500024 0.0 7.8 0.002894339922131866 0.0020655379907500242 False True -0.002404020783601895 4.992232873862701 -0.0622452910358989 -2.4065760974701105 0.0
167 140 1560.0 1361.0 179.7104519020002 0.0 7.81 0.0020655379907500242 0.002894339922131866 False True -0.002404020783601895 4.992232873862701 -0.0622452910358989 -2.4065760974701105 0.0
167 141 1564.0 1365.0 180.9656647740002 0.0 7.8 0.002894339922131866 0.0020655379907500242 False True -0.002404020783601895 4.992232873862701 -0.0622452910358989 -2.4065760974701105 0.0
167 142 1568.0 1369.0 182.2308824800002 0.0 7.81 0.0020655379907500242 0.002894339922131866 False True -0.002404020783601895 4.992232873862701 -0.0622452910358989 -2.4065760974701105 0.0
167 143 1572.0 1373.0 183.48596510100018 0.0 7.81 0.0020655379907500242 0.10150328637816018 False True -0.002404020783601895 4.992232873862701 -0.0622452910358989 -2.4065760974701105 0.0
167 144 1576.0 1377.0 184.74170952000023 0.0 7.81 0.0020655379907500242 0.028977590695044127 False True -0.002404020783601895 4.992232873862701 -0.0622452910358989 -2.4065760974701105 0.0
167 145 1580.0 1381.0 185.99817799300027 0.0 7.85 0.00013586722491494403 0.028977590695044127 False True -0.002404020783601895 4.992232873862701 -0.0622452910358989 -2.4065760974701105 0.0
167 146 1584.0 1385.0 187.26591672100025 0.0 7.85 0.00013586722491494403 0.01884705556182726 False True -0.002404020783601895 4.992232873862701 -0.0622452910358989 -2.4065760974701105 0.0
167 147 1588.0 1389.0 188.52294042900027 0.0 8.03 0.01884705556182726 0.002894339922131866 False True -0.002404020783601895 4.992232873862701 -0.0622452910358989 -2.4065760974701105 0.0
167 148 1592.0 1393.0 189.7909711420003 0.0 7.65 0.031868112623120955 0.01884705556182726 False True -0.002404020783601895 4.992232873862701 -0.0622452910358989 -2.4065760974701105 0.0
167 149 1596.0 1397.0 191.04762072400027 0.0 7.78 0.004967178162924609 0.01884705556182726 False True -0.002404020783601895 4.992232873862701 -0.0622452910358989 -2.4065760974701105 0.0
167 150 1600.0 1401.0 192.3036604140003 0.0 8.03 0.01884705556182726 0.01663756382093763 False True -0.002404020783601895 4.992232873862701 -0.0622452910358989 -2.4065760974701105 0.0
167 151 1604.0 1405.0 193.57011185800027 0.0 8.03 0.01884705556182726 0.01663756382093763 False True -0.002404020783601895 4.992232873862701 -0.0622452910358989 -2.4065760974701105 0.0
167 152 1608.0 1409.0 194.8243101440003 0.0 8.02 0.01663756382093763 0.021193045537814415 False True -0.002404020783601895 4.992232873862701 -0.0622452910358989 -2.4065760974701105 0.0
167 153 1612.0 1413.0 196.0798365550003 0.0 8.04 0.021193045537814415 0.01663756382093763 False True -0.002404020783601895 4.992232873862701 -0.0622452910358989 -2.4065760974701105 0.0
167 154 1616.0 1417.0 197.33496028800025 0.0 7.65 0.031868112623120955 0.021193045537814415 False True -0.002404020783601895 4.992232873862701 -0.0622452910358989 -2.4065760974701105 0.0
167 155 1620.0 1421.0 198.59061269600025 0.0 8.04 0.021193045537814415 0.002894339922131866 False True -0.002404020783601895 4.992232873862701 -0.0622452910358989 -2.4065760974701105 0.0
167 156 1624.0 1425.0 199.84711389300023 0.0 7.81 0.0020655379907500242 0.01884705556182726 False True -0.002404020783601895 4.992232873862701 -0.0622452910358989 -2.4065760974701105 0.0
167 157 1628.0 1429.0 201.11336855500022 0.0 7.81 0.0020655379907500242 0.010771019569547735 False True -0.002404020783601895 4.992232873862701 -0.0622452910358989 -2.4065760974701105 0.0
167 158 1632.0 1433.0 202.36963585800024 0.0 7.81 0.0020655379907500242 0.021193045537814415 False True -0.002404020783601895 4.992232873862701 -0.0622452910358989 -2.4065760974701105 0.0
167 159 1636.0 1437.0 203.62644308200024 0.0 7.81 0.0020655379907500242 0.021193045537814415 False True -0.002404020783601895 4.992232873862701 -0.0622452910358989 -2.4065760974701105 0.0
167 160 1640.0 1441.0 204.88152132000025 0.0 7.78 0.004967178162924609 0.014499941044315864 False True -0.002404020783601895 4.992232873862701 -0.0622452910358989 -2.4065760974701105 0.0
167 161 1644.0 1445.0 206.1333592880002 0.0 7.87 2.770931795053119e-06 0.01663756382093763 False True -0.002404020783601895 4.992232873862701 -0.0622452910358989 -2.4065760974701105 0.0
167 162 1648.0 1449.0 207.40037039600023 0.0 8.02 0.01663756382093763 0.059853999668685834 False True -0.002404020783601895 4.992232873862701 -0.0622452910358989 -2.4065760974701105 0.0
167 163 1652.0 1453.0 208.6561460400002 0.0 7.87 2.770931795053119e-06 0.0038615805568996287 False True -0.002404020783601895 4.992232873862701 -0.0622452910358989 -2.4065760974701105 0.0
167 164 1656.0 1457.0 209.91153603000024 0.0 7.85 0.00013586722491494403 0.021193045537814415 False True -0.002404020783601895 4.992232873862701 -0.0622452910358989 -2.4065760974701105 0.0
167 165 1660.0 1461.0 211.16663904200018 0.0 8.04 0.021193045537814415 0.01663756382093763 False True -0.002404020783601895 4.992232873862701 -0.0622452910358989 -2.4065760974701105 0.0
167 166 1664.0 1465.0 212.4225028940002 0.0 8.04 0.021193045537814415 0.04835125695256557 False True -0.002404020783601895 4.992232873862701 -0.0622452910358989 -2.4065760974701105 0.0
167 167 1668.0 1469.0 213.67845977900018 0.0 7.6 0.04835125695256557 0.11219052407958442 False True -0.002404020783601895 4.992232873862701 -0.0622452910358989 -2.4065760974701105 0.0
167 168 1672.0 1473.0 214.94512818700022 0.0 7.6 0.04835125695256557 0.14730694986587836 False True -0.002404020783601895 4.992232873862701 -0.0622452910358989 -2.4065760974701105 0.0
167 169 1684.0 1485.0 216.20244814400021 0.0 7.6 0.04835125695256557 0.05205178985088333 False True -0.002404020783601895 4.992232873862701 -0.0622452910358989 -2.4065760974701105 0.0
167 170 1688.0 1489.0 217.4590932030002 0.0 7.6 0.04835125695256557 0.12443452808664954 False True -0.002404020783601895 4.992232873862701 -0.0622452910358989 -2.4065760974701105 0.0
167 171 1700.0 1501.0 218.71465268600022 0.0 7.6 0.04835125695256557 0.12149295146511875 False True -0.002404020783601895 4.992232873862701 -0.0622452910358989 -2.4065760974701105 0.0
167 172 1712.0 1513.0 219.97167087300025 0.0 7.6 0.04835125695256557 0.12751112008377374 False True -0.002404020783601895 4.992232873862701 -0.0622452910358989 -2.4065760974701105 0.0
167 173 1724.0 1525.0 221.2384162250003 0.0 7.6 0.04835125695256557 0.12443452808664954 False True -0.002404020783601895 4.992232873862701 -0.0622452910358989 -2.4065760974701105 0.0
167 174 1728.0 1529.0 222.4945312370003 0.0 7.6 0.04835125695256557 0.11868669849250355 False True -0.002404020783601895 4.992232873862701 -0.0622452910358989 -2.4065760974701105 0.0
167 175 1740.0 1541.0 223.7501753300003 0.0 7.6 0.04835125695256557 0.11601606390846282 False True -0.002404020783601895 4.992232873862701 -0.0622452910358989 -2.4065760974701105 0.0
167 176 1752.0 1553.0 225.00562006500033 0.0 1.77 0.11601606390846282 0.11348132888951963 False True -0.002404020783601895 4.992232873862701 -0.0622452910358989 -2.4065760974701105 0.0
167 177 1764.0 1565.0 226.27274932200035 0.0 1.76 0.11348132888951963 0.11108276102094179 False True -0.002404020783601895 4.992232873862701 -0.0622452910358989 -2.4065760974701105 0.0
167 178 1776.0 1577.0 227.52978652800036 0.0 1.76 0.11348132888951963 0.10669512896048743 False True -0.002404020783601895 4.992232873862701 -0.0622452910358989 -2.4065760974701105 0.0
167 179 1788.0 1589.0 228.7849599020004 0.0 7.6 0.04835125695256557 0.11601606390846282 False True -0.002404020783601895 4.992232873862701 -0.0622452910358989 -2.4065760974701105 0.0
167 180 1792.0 1593.0 230.04243908100037 0.0 7.6 0.04835125695256557 0.11348132888951963 False True -0.002404020783601895 4.992232873862701 -0.0622452910358989 -2.4065760974701105 0.0
167 181 1796.0 1597.0 231.31110847200037 0.0 1.76 0.11348132888951963 0.04835125695256557 False True -0.002404020783601895 4.992232873862701 -0.0622452910358989 -2.4065760974701105 0.0
167 182 1800.0 1601.0 232.56753576800034 0.0 7.6 0.04835125695256557 0.10882061426998221 False True -0.002404020783601895 4.992232873862701 -0.0622452910358989 -2.4065760974701105 0.0
167 183 1812.0 1613.0 233.82348215600032 0.0 7.6 0.04835125695256557 0.12443452808664954 False True -0.002404020783601895 4.992232873862701 -0.0622452910358989 -2.4065760974701105 0.0
167 184 1816.0 1617.0 235.0796374680003 0.0 7.6 0.04835125695256557 0.10285503560139873 False True -0.002404020783601895 4.992232873862701 -0.0622452910358989 -2.4065760974701105 0.0
167 185 1828.0 1629.0 236.33599198600027 0.0 7.6 0.04835125695256557 0.10114083977299673 False True -0.002404020783601895 4.992232873862701 -0.0622452910358989 -2.4065760974701105 0.0
167 186 1840.0 1641.0 237.5934075400003 0.0 1.7 0.10114083977299673 0.09956412978722066 False True -0.002404020783601895 4.992232873862701 -0.0622452910358989 -2.4065760974701105 0.0
167 187 1852.0 1653.0 238.85131616900028 0.0 1.7 0.10114083977299673 0.09812507741775776 False True -0.002404020783601895 4.992232873862701 -0.0622452910358989 -2.4065760974701105 0.0
167 188 1864.0 1665.0 240.11842927200027 0.0 7.6 0.04835125695256557 0.10470653174886077 False True -0.002404020783601895 4.992232873862701 -0.0622452910358989 -2.4065760974701105 0.0
167 189 1876.0 1677.0 241.37665240400028 0.0 1.81 0.12751112008377374 0.09682384067123563 False True -0.002404020783601895 4.992232873862701 -0.0622452910358989 -2.4065760974701105 0.0
167 190 1888.0 1689.0 242.63345834200024 0.0 1.81 0.12751112008377374 0.09566056377142557 False True -0.002404020783601895 4.992232873862701 -0.0622452910358989 -2.4065760974701105 0.0
167 191 1900.0 1701.0 243.89404843400027 0.0 1.81 0.12751112008377374 0.10285503560139873 False True -0.002404020783601895 4.992232873862701 -0.0622452910358989 -2.4065760974701105 0.0
167 192 1904.0 1705.0 245.14730078700026 0.0 1.81 0.12751112008377374 0.09374839740758809 False True -0.002404020783601895 4.992232873862701 -0.0622452910358989 -2.4065760974701105 0.0
167 193 1916.0 1717.0 246.40355508100023 0.0 1.6400000000000001 0.09374839740758809 0.09299972735391475 False True -0.002404020783601895 4.992232873862701 -0.0622452910358989 -2.4065760974701105 0.0
167 194 1928.0 1729.0 247.65894694900024 0.0 1.6400000000000001 0.09374839740758809 0.12751112008377374 False True -0.002404020783601895 4.992232873862701 -0.0622452910358989 -2.4065760974701105 0.0
167 195 1932.0 1733.0 248.91568308300023 0.0 1.6400000000000001 0.09374839740758809 0.09463537714482022 False True -0.002404020783601895 4.992232873862701 -0.0622452910358989 -2.4065760974701105 0.0
167 196 1944.0 1745.0 250.1823614730002 0.0 1.6400000000000001 0.09374839740758809 0.12751112008377374 False True -0.002404020783601895 4.992232873862701 -0.0622452910358989 -2.4065760974701105 0.0
167 197 1948.0 1749.0 251.4389118140002 0.0 1.6400000000000001 0.09374839740758809 0.12751112008377374 False True -0.002404020783601895 4.992232873862701 -0.0622452910358989 -2.4065760974701105 0.0
167 198 1952.0 1753.0 252.6950123940002 0.0 1.6400000000000001 0.09374839740758809 0.004967178162924609 False True -0.002404020783601895 4.992232873862701 -0.0622452910358989 -2.4065760974701105 0.0
167 199 1956.0 1757.0 253.95163047300022 0.0 1.6400000000000001 0.09374839740758809 0.002894339922131866 False True -0.002404020783601895 4.992232873862701 -0.0622452910358989 -2.4065760974701105 0.0
167 200 1960.0 1761.0 255.20815212900024 0.0 7.81 0.0020655379907500242 0.01884705556182726 False True -0.002404020783601895 4.992232873862701 -0.0622452910358989 -2.4065760974701105 0.0
167 201 1964.0 1765.0 256.46428476400024 0.0 7.6 0.04835125695256557 0.007645358621677392 False True -0.002404020783601895 4.992232873862701 -0.0622452910358989 -2.4065760974701105 0.0
167 202 1968.0 1769.0 257.7209916930002 0.0 7.6 0.04835125695256557 0.10285503560139873 False True -0.002404020783601895 4.992232873862701 -0.0622452910358989 -2.4065760974701105 0.0
167 203 1972.0 1773.0 258.9771349270002 0.0 7.6 0.04835125695256557 0.09191765830377804 False True -0.002404020783601895 4.992232873862701 -0.0622452910358989 -2.4065760974701105 0.0
167 204 1984.0 1785.0 260.2313083660002 0.0 7.6 0.04835125695256557 0.09238945594572333 False True -0.002404020783601895 4.992232873862701 -0.0622452910358989 -2.4065760974701105 0.0
167 205 1996.0 1797.0 261.4971731150001 0.0 7.6 0.04835125695256557 0.09158439570017309 False True -0.002404020783601895 4.992232873862701 -0.0622452910358989 -2.4065760974701105 0.0
167 206 2008.0 1809.0 262.7542595470002 0.0 7.6 0.04835125695256557 0.0913897155522059 False True -0.002404020783601895 4.992232873862701 -0.0622452910358989 -2.4065760974701105 0.0
167 207 2020.0 1821.0 264.01225301800014 0.0 7.6 0.04835125695256557 0.09133365141763086 False True -0.002404020783601895 4.992232873862701 -0.0622452910358989 -2.4065760974701105 0.0
167 208 2032.0 1833.0 265.26917514900015 0.0 7.6 0.04835125695256557 0.09141622299131322 False True -0.002404020783601895 4.992232873862701 -0.0622452910358989 -2.4065760974701105 0.0
167 209 2044.0 1845.0 266.52200163500015 0.0 7.87 2.770931795053119e-06 0.09163743610324883 False True -0.002404020783601895 4.992232873862701 -0.0622452910358989 -2.4065760974701105 0.0
167 210 2056.0 1857.0 267.77796957500016 0.0 7.87 2.770931795053119e-06 0.0919972827179903 False True -0.002404020783601895 4.992232873862701 -0.0622452910358989 -2.4065760974701105 0.0
167 211 2068.0 1869.0 269.04557299200013 0.0 7.87 2.770931795053119e-06 0.09133365141763086 False True -0.002404020783601895 4.992232873862701 -0.0622452910358989 -2.4065760974701105 0.0
167 212 2072.0 1873.0 270.30090347000015 0.0 7.6 0.04835125695256557 0.09313277499306824 False True -0.002404020783601895 4.992232873862701 -0.0622452910358989 -2.4065760974701105 0.0
167 213 2084.0 1885.0 271.5563109340001 0.0 7.65 0.031868112623120955 0.09249574093544496 False True -0.002404020783601895 4.992232873862701 -0.0622452910358989 -2.4065760974701105 0.0
167 214 2096.0 1897.0 272.81141058000014 0.0 7.65 0.031868112623120955 0.09390833526943997 False True -0.002404020783601895 4.992232873862701 -0.0622452910358989 -2.4065760974701105 0.0
167 215 2108.0 1909.0 274.0671646060002 0.0 7.65 0.031868112623120955 0.09587476672950916 False True -0.002404020783601895 4.992232873862701 -0.0622452910358989 -2.4065760974701105 0.0
167 216 2120.0 1921.0 275.3230275870002 0.0 7.65 0.031868112623120955 0.09133365141763086 False True -0.002404020783601895 4.992232873862701 -0.0622452910358989 -2.4065760974701105 0.0
167 217 2124.0 1925.0 276.57956397400017 0.0 7.65 0.031868112623120955 0.09133365141763086 False True -0.002404020783601895 4.992232873862701 -0.0622452910358989 -2.4065760974701105 0.0
167 218 2128.0 1929.0 277.83594428500015 0.0 7.65 0.031868112623120955 0.09482235828922125 False True -0.002404020783601895 4.992232873862701 -0.0622452910358989 -2.4065760974701105 0.0
167 219 2140.0 1941.0 279.10707434000017 0.0 1.51 0.09482235828922125 0.031868112623120955 False True -0.002404020783601895 4.992232873862701 -0.0622452910358989 -2.4065760974701105 0.0
167 220 2144.0 1945.0 280.3780577470001 0.0 1.51 0.09482235828922125 0.031868112623120955 False True -0.002404020783601895 4.992232873862701 -0.0622452910358989 -2.4065760974701105 0.0
167 221 2148.0 1949.0 281.6503866220001 0.0 1.51 0.09482235828922125 0.031868112623120955 False True -0.002404020783601895 4.992232873862701 -0.0622452910358989 -2.4065760974701105 0.0
167 222 2152.0 1953.0 282.9221692510001 0.0 7.65 0.031868112623120955 0.10285503560139873 False True -0.002404020783601895 4.992232873862701 -0.0622452910358989 -2.4065760974701105 0.0
167 223 2156.0 1957.0 284.1842357200001 0.0 7.65 0.031868112623120955 0.06818854498369337 False True -0.002404020783601895 4.992232873862701 -0.0622452910358989 -2.4065760974701105 0.0
167 224 2160.0 1961.0 285.4557739100001 0.0 7.55 0.06818854498369337 0.0211232940131547 False True -0.002404020783601895 4.992232873862701 -0.0622452910358989 -2.4065760974701105 0.0
167 225 2164.0 1965.0 286.7268385430001 0.0 7.87 2.770931795053119e-06 0.06818854498369337 False True -0.002404020783601895 4.992232873862701 -0.0622452910358989 -2.4065760974701105 0.0
167 226 2168.0 1969.0 287.9989429240001 0.0 7.87 2.770931795053119e-06 0.06818854498369337 False True -0.002404020783601895 4.992232873862701 -0.0622452910358989 -2.4065760974701105 0.0
167 227 2172.0 1973.0 289.2700908420001 0.0 8.0 0.012629005261558513 0.014499941044315864 False True -0.002404020783601895 4.992232873862701 -0.0622452910358989 -2.4065760974701105 0.0
167 228 2176.0 1977.0 290.54077756200013 0.0 8.0 0.012629005261558513 0.09482235828922125 False True -0.002404020783601895 4.992232873862701 -0.0622452910358989 -2.4065760974701105 0.0
167 229 2180.0 1981.0 291.80185964900016 0.0 7.65 0.031868112623120955 0.0004103740200588109 False True -0.002404020783601895 4.992232873862701 -0.0622452910358989 -2.4065760974701105 0.0
167 230 2184.0 1985.0 293.07291221800017 0.0 7.84 0.0004103740200588109 0.012629005261558513 False True -0.002404020783601895 4.992232873862701 -0.0622452910358989 -2.4065760974701105 0.0
167 231 2188.0 1989.0 294.34475578700017 0.0 7.84 0.0004103740200588109 0.05205178985088333 False True -0.002404020783601895 4.992232873862701 -0.0622452910358989 -2.4065760974701105 0.0
167 232 2192.0 1993.0 295.60480777500015 0.0 7.84 0.0004103740200588109 0.12751112008377374 False True -0.002404020783601895 4.992232873862701 -0.0622452910358989 -2.4065760974701105 0.0
167 233 2196.0 1997.0 296.87610674100017 0.0 7.6 0.04835125695256557 0.0004103740200588109 False True -0.002404020783601895 4.992232873862701 -0.0622452910358989 -2.4065760974701105 0.0
