35 0 400.0 200.99999999999994 1.1333195509999996 0.0 8.09 0.0339011971552954 0.030968437139143754 False True -0.0018191454905434066 3.8180608670846308 -0.018111507754733393 -1.8083007145052161 0.0
35 1 412.0 212.99999999999994 2.314821239000011 0.0 8.09 0.0339011971552954 0.036964666651855924 False True -0.0018191454905434066 3.8180608670846308 -0.018111507754733393 -1.8083007145052161 0.0
35 2 424.0 224.99999999999994 3.497871345000007 0.0 8.1 0.036964666651855924 0.04015852470417133 False True -0.0018191454905434066 3.8180608670846308 -0.018111507754733393 -1.8083007145052161 0.0
35 3 436.0 236.99999999999994 4.681120195000005 0.0 8.1 0.036964666651855924 0.04348243734738219 False True -0.0018191454905434066 3.8180608670846308 -0.018111507754733393 -1.8083007145052161 0.0
35 4 448.0 248.99999999999994 5.871339762000005 0.0 8.1 0.036964666651855924 0.02816669445575946 False True -0.0018191454905434066 3.8180608670846308 -0.018111507754733393 -1.8083007145052161 0.0
35 5 460.0 260.99999999999994 7.054022669000005 0.0 8.1 0.036964666651855924 0.025496263854417205 False True -0.0018191454905434066 3.8180608670846308 -0.018111507754733393 -1.8083007145052161 0.0
35 6 472.0 272.99999999999994 8.260435957000013 0.0 8.1 0.036964666651855924 0.022957426951836737 False True -0.0018191454905434066 3.8180608670846308 -0.018111507754733393 -1.8083007145052161 0.0
35 7 484.0 284.99999999999994 9.481872680000023 0.0 8.1 0.036964666651855924 0.025496263854417205 False True -0.0018191454905434066 3.8180608670846308 -0.018111507754733393 -1.8083007145052161 0.0
35 8 488.0 288.99999999999994 10.694150216000025 0.0 8.1 0.036964666651855924 0.04693605760981875 False True -0.0018191454905434066 3.8180608670846308 -0.018111507754733393 -1.8083007145052161 0.0
35 9 500.0 300.99999999999994 11.915976509000046 0.0 8.1 0.036964666651855924 0.05051902554770264 False True -0.0018191454905434066 3.8180608670846308 -0.018111507754733393 -1.8083007145052161 0.0
35 10 512.0 312.99999999999994 13.167327096000037 0.0 8.1 0.036964666651855924 0.05423096828113229 False True -0.0018191454905434066 3.8180608670846308 -0.018111507754733393 -1.8083007145052161 0.0
35 11 524.0 324.99999999999994 14.419866936000034 0.0 8.1 0.036964666651855924 0.05807150003137947 False True -0.0018191454905434066 3.8180608670846308 -0.018111507754733393 -1.8083007145052161 0.0
35 12 536.0 336.99999999999994 15.677403475000034 0.0 8.15 0.05423096828113229 0.036964666651855924 False True -0.0018191454905434066 3.8180608670846308 -0.018111507754733393 -1.8083007145052161 0.0
35 13 540.0 340.99999999999994 16.946372006000047 0.0 8.1 0.036964666651855924 0.06204022215946012 False True -0.0018191454905434066 3.8180608670846308 -0.018111507754733393 -1.8083007145052161 0.0
35 14 552.0 352.99999999999994 18.21584800900007 0.0 8.1 0.036964666651855924 0.06613672320600082 False True -0.0018191454905434066 3.8180608670846308 -0.018111507754733393 -1.8083007145052161 0.0
35 15 564.0 364.99999999999994 19.48531006500005 0.0 8.1 0.036964666651855924 0.07036057893238543 False True -0.0018191454905434066 3.8180608670846308 -0.018111507754733393 -1.8083007145052161 0.0
35 16 576.0 376.99999999999994 20.769491246000058 0.0 8.1 0.036964666651855924 0.07471135236317471 False True -0.0018191454905434066 3.8180608670846308 -0.018111507754733393 -1.8083007145052161 0.0
35 17 588.0 388.99999999999994 22.036961501000064 0.0 8.2 0.07471135236317471 0.07918859382980371 False True -0.0018191454905434066 3.8180608670846308 -0.018111507754733393 -1.8083007145052161 0.0
35 18 600.0 400.99999999999994 23.30654034300005 0.0 8.2 0.07471135236317471 0.08379184101555699 False True -0.0018191454905434066 3.8180608670846308 -0.018111507754733393 -1.8083007145052161 0.0
35 19 612.0 412.99999999999994 24.577560377000054 0.0 8.2 0.07471135236317471 0.08852061900178212 False True -0.0018191454905434066 3.8180608670846308 -0.018111507754733393 -1.8083007145052161 0.0
35 20 624.0 424.99999999999994 25.848510823000055 0.0 8.2 0.07471135236317471 0.09835280497763622 False True -0.0018191454905434066 3.8180608670846308 -0.018111507754733393 -1.8083007145052161 0.0
35 21 636.0 436.99999999999994 27.12117882000007 0.0 8.2 0.07471135236317471 0.0933744403153989 False True -0.0018191454905434066 3.8180608670846308 -0.018111507754733393 -1.8083007145052161 0.0
35 22 648.0 448.99999999999994 28.392486443000053 0.0 8.2 0.07471135236317471 0.018275594879402623 False True -0.0018191454905434066 3.8180608670846308 -0.018111507754733393 -1.8083007145052161 0.0
35 23 660.0 460.99999999999994 29.683318935000045 0.0 8.2 0.07471135236317471 0.020550452204019326 False True -0.0018191454905434066 3.8180608670846308 -0.018111507754733393 -1.8083007145052161 0.0
35 24 672.0 472.99999999999994 30.95363374500002 0.0 8.2 0.07471135236317471 0.016133097033337485 False True -0.0018191454905434066 3.8180608670846308 -0.018111507754733393 -1.8083007145052161 0.0
35 25 684.0 484.99999999999994 32.22449111200001 0.0 8.2 0.07471135236317471 0.020550452204019326 False True -0.0018191454905434066 3.8180608670846308 -0.018111507754733393 -1.8083007145052161 0.0
35 26 688.0 488.99999999999994 33.49666408800002 0.0 8.2 0.07471135236317471 0.014123187483877165 False True -0.0018191454905434066 3.8180608670846308 -0.018111507754733393 -1.8083007145052161 0.0
35 27 700.0 500.99999999999994 34.76784938 0.0 8.2 0.07471135236317471 0.012246081788900439 False True -0.0018191454905434066 3.8180608670846308 -0.018111507754733393 -1.8083007145052161 0.0
35 28 712.0 513.0 36.04963539399998 0.0 8.0 0.012246081788900439 0.07471135236317471 False True -0.0018191454905434066 3.8180608670846308 -0.018111507754733393 -1.8083007145052161 0.0
35 29 716.0 517.0 37.32172535099997 0.0 8.2 0.07471135236317471 0.010501982224551893 False True -0.0018191454905434066 3.8180608670846308 -0.018111507754733393 -1.8083007145052161 0.0
35 30 728.0 529.0 38.594168733999965 0.0 8.2 0.07471135236317471 0.012246081788900439 False True -0.0018191454905434066 3.8180608670846308 -0.018111507754733393 -1.8083007145052161 0.0
35 31 732.0 533.0 39.865074850999946 0.0 8.0 0.012246081788900439 0.07471135236317471 False True -0.0018191454905434066 3.8180608670846308 -0.018111507754733393 -1.8083007145052161 0.0
35 32 736.0 537.0 41.15402808799996 0.0 8.0 0.012246081788900439 0.07471135236317471 False True -0.0018191454905434066 3.8180608670846308 -0.018111507754733393 -1.8083007145052161 0.0
35 33 740.0 541.0 42.43595480299996 0.0 8.0 0.012246081788900439 0.008891077765022078 False True -0.0018191454905434066 3.8180608670846308 -0.018111507754733393 -1.8083007145052161 0.0
35 34 752.0 553.0 43.70918778599997 0.0 8.0 0.012246081788900439 0.07471135236317471 False True -0.0018191454905434066 3.8180608670846308 -0.018111507754733393 -1.8083007145052161 0.0
35 35 756.0 557.0 44.98033282499998 0.0 8.0 0.012246081788900439 0.020550452204019326 False True -0.0018191454905434066 3.8180608670846308 -0.018111507754733393 -1.8083007145052161 0.0
35 36 760.0 561.0 46.26281188299998 0.0 8.0 0.012246081788900439 0.07471135236317471 False True -0.0018191454905434066 3.8180608670846308 -0.018111507754733393 -1.8083007145052161 0.0
35 37 764.0 565.0 47.535231517 0.0 8.0 0.012246081788900439 0.007413544063642457 False True -0.0018191454905434066 3.8180608670846308 -0.018111507754733393 -1.8083007145052161 0.0
35 38 776.0 577.0 48.80509514799999 0.0 8.0 0.012246081788900439 0.004859224840321412 False True -0.0018191454905434066 3.8180608670846308 -0.018111507754733393 -1.8083007145052161 0.0
35 39 788.0 589.0 50.085415694999995 0.0 8.0 0.012246081788900439 0.006069543435322628 False True -0.0018191454905434066 3.8180608670846308 -0.018111507754733393 -1.8083007145052161 0.0
35 40 800.0 601.0 51.358378233999986 0.0 7.96 0.006069543435322628 0.003782723869350675 False True -0.0018191454905434066 3.8180608670846308 -0.018111507754733393 -1.8083007145052161 0.0
35 41 812.0 613.0 52.63204277199998 0.0 7.96 0.006069543435322628 0.012246081788900439 False True -0.0018191454905434066 3.8180608670846308 -0.018111507754733393 -1.8083007145052161 0.0
35 42 816.0 617.0 53.933689689999966 0.0 7.96 0.006069543435322628 0.012246081788900439 False True -0.0018191454905434066 3.8180608670846308 -0.018111507754733393 -1.8083007145052161 0.0
35 43 820.0 621.0 55.20603575499996 0.0 8.0 0.012246081788900439 0.006069543435322628 False True -0.0018191454905434066 3.8180608670846308 -0.018111507754733393 -1.8083007145052161 0.0
35 44 824.0 625.0 56.48990984699995 0.0 8.0 0.012246081788900439 0.006069543435322628 False True -0.0018191454905434066 3.8180608670846308 -0.018111507754733393 -1.8083007145052161 0.0
35 45 828.0 629.0 57.76115653599996 0.0 7.96 0.006069543435322628 0.012246081788900439 False True -0.0018191454905434066 3.8180608670846308 -0.018111507754733393 -1.8083007145052161 0.0
35 46 832.0 633.0 59.032332071999974 0.0 7.96 0.006069543435322628 0.012246081788900439 False True -0.0018191454905434066 3.8180608670846308 -0.018111507754733393 -1.8083007145052161 0.0
35 47 836.0 637.0 60.31414107899997 0.0 7.96 0.006069543435322628 0.014123187483877165 False True -0.0018191454905434066 3.8180608670846308 -0.018111507754733393 -1.8083007145052161 0.0
35 48 840.0 641.0 61.586702892999966 0.0 8.01 0.014123187483877165 0.020550452204019326 False True -0.0018191454905434066 3.8180608670846308 -0.018111507754733393 -1.8083007145052161 0.0
35 49 844.0 645.0 62.85841461599995 0.0 8.01 0.014123187483877165 0.012246081788900439 False True -0.0018191454905434066 3.8180608670846308 -0.018111507754733393 -1.8083007145052161 0.0
35 50 848.0 649.0 64.12903127799996 0.0 8.0 0.012246081788900439 0.006069543435322628 False True -0.0018191454905434066 3.8180608670846308 -0.018111507754733393 -1.8083007145052161 0.0
35 51 852.0 653.0 65.40005629499996 0.0 8.0 0.012246081788900439 0.002031650234585385 False True -0.0018191454905434066 3.8180608670846308 -0.018111507754733393 -1.8083007145052161 0.0
35 52 864.0 665.0 66.68141157199994 0.0 7.96 0.006069543435322628 0.00284016273001303 False True -0.0018191454905434066 3.8180608670846308 -0.018111507754733393 -1.8083007145052161 0.0
35 53 876.0 677.0 67.95282495199996 0.0 8.0 0.012246081788900439 0.0013572817891363905 False True -0.0018191454905434066 3.8180608670846308 -0.018111507754733393 -1.8083007145052161 0.0
35 54 888.0 689.0 69.22553495699998 0.0 7.91 0.0013572817891363905 0.0008171393839837541 False True -0.0018191454905434066 3.8180608670846308 -0.018111507754733393 -1.8083007145052161 0.0
35 55 900.0 701.0 70.50683604299996 0.0 7.9 0.0008171393839837541 0.00041129158550217023 False True -0.0018191454905434066 3.8180608670846308 -0.018111507754733393 -1.8083007145052161 0.0
35 56 912.0 713.0 71.77866549299995 0.0 7.9 0.0008171393839837541 0.00013979352925798505 False True -0.0018191454905434066 3.8180608670846308 -0.018111507754733393 -1.8083007145052161 0.0
35 57 924.0 725.0 73.04925943699996 0.0 7.88 0.00013979352925798505 2.686914502836909e-06 False True -0.0018191454905434066 3.8180608670846308 -0.018111507754733393 -1.8083007145052161 0.0
35 58 936.0 737.0 74.32365554899997 0.0 7.88 0.00013979352925798505 0.0 False True -0.0018191454905434066 3.8180608670846308 -0.018111507754733393 -1.8083007145052161 0.0
35 59 948.0 749.0 87.89386998199998 0.0 7.88 0.00013979352925798505 0.0013572817891363905 False True -0.0018191454905434066 3.8180608670846308 -0.018111507754733393 -1.8083007145052161 0.0
35 60 952.0 753.0 91.382853754 0.0 7.88 0.00013979352925798505 0.00013174760119895665 False True -0.0018191454905434066 3.8180608670846308 -0.018111507754733393 -1.8083007145052161 0.0
35 61 964.0 765.0 94.15297868299999 0.0 7.88 0.00013979352925798505 0.0003979310887593919 False True -0.0018191454905434066 3.8180608670846308 -0.018111507754733393 -1.8083007145052161 0.0
35 62 976.0 777.0 96.65015027999999 0.0 7.88 0.00013979352925798505 0.0013572817891363905 False True -0.0018191454905434066 3.8180608670846308 -0.018111507754733393 -1.8083007145052161 0.0
35 63 980.0 781.0 98.948349181 0.0 8.2 0.07471135236317471 0.00013979352925798505 False True -0.0018191454905434066 3.8180608670846308 -0.018111507754733393 -1.8083007145052161 0.0
35 64 984.0 785.0 101.118043322 0.0 8.2 0.07471135236317471 0.00013979352925798505 False True -0.0018191454905434066 3.8180608670846308 -0.018111507754733393 -1.8083007145052161 0.0
35 65 988.0 789.0 103.16817828800001 0.0 8.2 0.07471135236317471 0.00013979352925798505 False True -0.0018191454905434066 3.8180608670846308 -0.018111507754733393 -1.8083007145052161 0.0
35 66 992.0 793.0 105.15595617900001 0.0 8.2 0.07471135236317471 0.0007985383884043095 False True -0.0018191454905434066 3.8180608670846308 -0.018111507754733393 -1.8083007145052161 0.0
35 67 1004.0 805.0 107.03708110900001 0.0 8.0 0.012246081788900439 0.0013335439821392887 False True -0.0018191454905434066 3.8180608670846308 -0.018111507754733393 -1.8083007145052161 0.0
35 68 1016.0 817.0 108.83552130300001 0.0 7.83 0.0007985383884043095 0.00013979352925798505 False True -0.0018191454905434066 3.8180608670846308 -0.018111507754733393 -1.8083007145052161 0.0
35 69 1020.0 821.0 110.59121596100002 0.0 7.83 0.0007985383884043095 0.0020029089107913094 False True -0.0018191454905434066 3.8180608670846308 -0.018111507754733393 -1.8083007145052161 0.0
35 70 1032.0 833.0 112.33018032100003 0.0 7.81 0.0020029089107913094 0.0028065807779172995 False True -0.0018191454905434066 3.8180608670846308 -0.018111507754733393 -1.8083007145052161 0.0
35 71 1044.0 845.0 113.99532633600003 0.0 7.81 0.0020029089107913094 0.0037444937550358353 False True -0.0018191454905434066 3.8180608670846308 -0.018111507754733393 -1.8083007145052161 0.0
35 72 1056.0 857.0 115.62215222300003 0.0 7.8 0.0028065807779172995 0.004816568588214231 False True -0.0018191454905434066 3.8180608670846308 -0.018111507754733393 -1.8083007145052161 0.0
35 73 1068.0 869.0 117.22685535800002 0.0 7.8 0.0028065807779172995 0.00602271260599192 False True -0.0018191454905434066 3.8180608670846308 -0.018111507754733393 -1.8083007145052161 0.0
35 74 1080.0 881.0 118.79966217600003 0.0 7.8 0.0028065807779172995 0.007362819728646089 False True -0.0018191454905434066 3.8180608670846308 -0.018111507754733393 -1.8083007145052161 0.0
35 75 1092.0 893.0 120.34816452400003 0.0 7.8 0.0028065807779172995 0.008836770478805543 False True -0.0018191454905434066 3.8180608670846308 -0.018111507754733393 -1.8083007145052161 0.0
35 76 1104.0 905.0 121.87446669200003 0.0 7.8 0.0028065807779172995 0.010444431993391297 False True -0.0018191454905434066 3.8180608670846308 -0.018111507754733393 -1.8083007145052161 0.0
35 77 1116.0 917.0 123.37107516700001 0.0 7.8 0.0028065807779172995 0.012185658036907802 False True -0.0018191454905434066 3.8180608670846308 -0.018111507754733393 -1.8083007145052161 0.0
35 78 1128.0 929.0 124.85825669000002 0.0 7.8 0.0028065807779172995 0.014060289016065654 False True -0.0018191454905434066 3.8180608670846308 -0.018111507754733393 -1.8083007145052161 0.0
35 79 1140.0 941.0 126.31628824600003 0.0 7.72 0.014060289016065654 0.016068151995738224 False True -0.0018191454905434066 3.8180608670846308 -0.018111507754733393 -1.8083007145052161 0.0
35 80 1152.0 953.0 127.75511203400004 0.0 7.72 0.014060289016065654 0.018209060716259343 False True -0.0018191454905434066 3.8180608670846308 -0.018111507754733393 -1.8083007145052161 0.0
35 81 1164.0 965.0 129.18664411700004 0.0 7.72 0.014060289016065654 0.020482815612047713 False True -0.0018191454905434066 3.8180608670846308 -0.018111507754733393 -1.8083007145052161 0.0
35 82 1176.0 977.0 130.59098260600004 0.0 7.72 0.014060289016065654 0.016068151995738224 False True -0.0018191454905434066 3.8180608670846308 -0.018111507754733393 -1.8083007145052161 0.0
35 83 1180.0 981.0 131.98841416000005 0.0 7.72 0.014060289016065654 0.016068151995738224 False True -0.0018191454905434066 3.8180608670846308 -0.018111507754733393 -1.8083007145052161 0.0
35 84 1184.0 985.0 133.36906548800005 0.0 7.72 0.014060289016065654 0.016068151995738224 False True -0.0018191454905434066 3.8180608670846308 -0.018111507754733393 -1.8083007145052161 0.0
35 85 1188.0 989.0 134.74308816100003 0.0 7.72 0.014060289016065654 0.025427999258582912 False True -0.0018191454905434066 3.8180608670846308 -0.018111507754733393 -1.8083007145052161 0.0
35 86 1200.0 1001.0 136.10221309900004 0.0 7.72 0.014060289016065654 0.02288920383156045 False True -0.0018191454905434066 3.8180608670846308 -0.018111507754733393 -1.8083007145052161 0.0
35 87 1212.0 1013.0 137.44105098300003 0.0 7.72 0.014060289016065654 0.018209060716259343 False True -0.0018191454905434066 3.8180608670846308 -0.018111507754733393 -1.8083007145052161 0.0
35 88 1216.0 1017.0 138.76699871000002 0.0 7.72 0.014060289016065654 0.028098962534836895 False True -0.0018191454905434066 3.8180608670846308 -0.018111507754733393 -1.8083007145052161 0.0
35 89 1228.0 1029.0 140.09005628100002 0.0 7.66 0.028098962534836895 0.014060289016065654 False True -0.0018191454905434066 3.8180608670846308 -0.018111507754733393 -1.8083007145052161 0.0
35 90 1232.0 1033.0 141.40974241199999 0.0 7.66 0.028098962534836895 0.030901841083916755 False True -0.0018191454905434066 3.8180608670846308 -0.018111507754733393 -1.8083007145052161 0.0
35 91 1244.0 1045.0 142.71433122699997 0.0 7.66 0.028098962534836895 0.018209060716259343 False True -0.0018191454905434066 3.8180608670846308 -0.018111507754733393 -1.8083007145052161 0.0
35 92 1248.0 1049.0 144.01555629099997 0.0 7.66 0.028098962534836895 0.010444431993391297 False True -0.0018191454905434066 3.8180608670846308 -0.018111507754733393 -1.8083007145052161 0.0
35 93 1252.0 1053.0 145.30185627699998 0.0 7.66 0.028098962534836895 0.016068151995738224 False True -0.0018191454905434066 3.8180608670846308 -0.018111507754733393 -1.8083007145052161 0.0
35 94 1256.0 1057.0 146.58436877199998 0.0 7.66 0.028098962534836895 0.012185658036907802 False True -0.0018191454905434066 3.8180608670846308 -0.018111507754733393 -1.8083007145052161 0.0
35 95 1260.0 1061.0 147.85288905399997 0.0 7.72 0.014060289016065654 0.012185658036907802 False True -0.0018191454905434066 3.8180608670846308 -0.018111507754733393 -1.8083007145052161 0.0
35 96 1264.0 1065.0 149.12090744399998 0.0 7.72 0.014060289016065654 0.012185658036907802 False True -0.0018191454905434066 3.8180608670846308 -0.018111507754733393 -1.8083007145052161 0.0
35 97 1268.0 1069.0 150.389974874 0.0 7.72 0.014060289016065654 0.00602271260599192 False True -0.0018191454905434066 3.8180608670846308 -0.018111507754733393 -1.8083007145052161 0.0
35 98 1272.0 1073.0 151.658038754 0.0 7.77 0.00602271260599192 0.014060289016065654 False True -0.0018191454905434066 3.8180608670846308 -0.018111507754733393 -1.8083007145052161 0.0
35 99 1276.0 1077.0 152.936859827 0.0 7.72 0.014060289016065654 0.028098962534836895 False True -0.0018191454905434066 3.8180608670846308 -0.018111507754733393 -1.8083007145052161 0.0
35 100 1280.0 1081.0 154.20485443200002 0.0 7.72 0.014060289016065654 0.0028065807779172995 False True -0.0018191454905434066 3.8180608670846308 -0.018111507754733393 -1.8083007145052161 0.0
35 101 1284.0 1085.0 155.47240206900003 0.0 7.72 0.014060289016065654 0.0028065807779172995 False True -0.0018191454905434066 3.8180608670846308 -0.018111507754733393 -1.8083007145052161 0.0
35 102 1288.0 1089.0 156.73957734200005 0.0 7.72 0.014060289016065654 0.0028065807779172995 False True -0.0018191454905434066 3.8180608670846308 -0.018111507754733393 -1.8083007145052161 0.0
35 103 1292.0 1093.0 158.00721441000005 0.0 7.8 0.0028065807779172995 0.014060289016065654 False True -0.0018191454905434066 3.8180608670846308 -0.018111507754733393 -1.8083007145052161 0.0
35 104 1296.0 1097.0 159.27501822100007 0.0 7.8 0.0028065807779172995 0.014060289016065654 False True -0.0018191454905434066 3.8180608670846308 -0.018111507754733393 -1.8083007145052161 0.0
35 105 1300.0 1101.0 160.5422444440001 0.0 7.8 0.0028065807779172995 0.014060289016065654 False True -0.0018191454905434066 3.8180608670846308 -0.018111507754733393 -1.8083007145052161 0.0
35 106 1304.0 1105.0 161.81062081100006 0.0 7.8 0.0028065807779172995 0.03690226775717199 False True -0.0018191454905434066 3.8180608670846308 -0.018111507754733393 -1.8083007145052161 0.0
35 107 1316.0 1117.0 163.07893359500005 0.0 7.8 0.0028065807779172995 0.03383636913655108 False True -0.0018191454905434066 3.8180608670846308 -0.018111507754733393 -1.8083007145052161 0.0
35 108 1328.0 1129.0 164.34798118500007 0.0 7.72 0.014060289016065654 0.04009924487181709 False True -0.0018191454905434066 3.8180608670846308 -0.018111507754733393 -1.8083007145052161 0.0
35 109 1340.0 1141.0 165.61602283900007 0.0 7.8 0.0028065807779172995 0.043426995297328415 False True -0.0018191454905434066 3.8180608670846308 -0.018111507754733393 -1.8083007145052161 0.0
35 110 1352.0 1153.0 166.88510785300005 0.0 7.72 0.014060289016065654 0.046885200771876766 False True -0.0018191454905434066 3.8180608670846308 -0.018111507754733393 -1.8083007145052161 0.0
35 111 1364.0 1165.0 168.15431452000004 0.0 7.72 0.014060289016065654 0.05047352998678784 False True -0.0018191454905434066 3.8180608670846308 -0.018111507754733393 -1.8083007145052161 0.0
35 112 1376.0 1177.0 169.43475211400002 0.0 7.72 0.014060289016065654 0.054191638619667526 False True -0.0018191454905434066 3.8180608670846308 -0.018111507754733393 -1.8083007145052161 0.0
35 113 1388.0 1189.0 170.72214128 0.0 7.72 0.014060289016065654 0.058039169368838454 False True -0.0018191454905434066 3.8180608670846308 -0.018111507754733393 -1.8083007145052161 0.0
35 114 1400.0 1201.0 171.99304305299998 0.0 7.57 0.058039169368838454 0.06201575198906985 False True -0.0018191454905434066 3.8180608670846308 -0.018111507754733393 -1.8083007145052161 0.0
35 115 1412.0 1213.0 173.263881925 0.0 7.57 0.058039169368838454 0.06612100332860066 False True -0.0018191454905434066 3.8180608670846308 -0.018111507754733393 -1.8083007145052161 0.0
35 116 1424.0 1225.0 174.54608654299997 0.0 7.57 0.058039169368838454 0.07035452736745361 False True -0.0018191454905434066 3.8180608670846308 -0.018111507754733393 -1.8083007145052161 0.0
35 117 1436.0 1237.0 175.81804538600002 0.0 7.57 0.058039169368838454 0.0747159152570389 False True -0.0018191454905434066 3.8180608670846308 -0.018111507754733393 -1.8083007145052161 0.0
35 118 1448.0 1249.0 177.08875514000002 0.0 7.57 0.058039169368838454 0.08382058329757353 False True -0.0018191454905434066 3.8180608670846308 -0.018111507754733393 -1.8083007145052161 0.0
35 119 1460.0 1261.0 178.37001922000005 0.0 7.57 0.058039169368838454 0.07920474536103941 False True -0.0018191454905434066 3.8180608670846308 -0.018111507754733393 -1.8083007145052161 0.0
35 120 1472.0 1273.0 179.643241345 0.0 7.57 0.058039169368838454 0.08856298198262742 False True -0.0018191454905434066 3.8180608670846308 -0.018111507754733393 -1.8083007145052161 0.0
35 121 1484.0 1285.0 180.92670763400005 0.0 7.57 0.058039169368838454 0.0934314816747759 False True -0.0018191454905434066 3.8180608670846308 -0.018111507754733393 -1.8083007145052161 0.0
35 122 1496.0 1297.0 182.21051471900003 0.0 7.49 0.0934314816747759 0.09842561002114396 False True -0.0018191454905434066 3.8180608670846308 -0.018111507754733393 -1.8083007145052161 0.0
35 123 1508.0 1309.0 183.49374789600003 0.0 7.57 0.058039169368838454 0.10354488210464731 False True -0.0018191454905434066 3.8180608670846308 -0.018111507754733393 -1.8083007145052161 0.0
35 124 1520.0 1321.0 184.76575271900006 0.0 7.57 0.058039169368838454 0.10878880049248203 False True -0.0018191454905434066 3.8180608670846308 -0.018111507754733393 -1.8083007145052161 0.0
35 125 1532.0 1333.0 186.03605401100006 0.0 7.49 0.0934314816747759 0.0020029089107913094 False True -0.0018191454905434066 3.8180608670846308 -0.018111507754733393 -1.8083007145052161 0.0
35 126 1536.0 1337.0 187.3169827250001 0.0 7.57 0.058039169368838454 0.010444431993391297 False True -0.0018191454905434066 3.8180608670846308 -0.018111507754733393 -1.8083007145052161 0.0
35 127 1540.0 1341.0 188.59330205100005 0.0 7.8 0.0028065807779172995 0.012185658036907802 False True -0.0018191454905434066 3.8180608670846308 -0.018111507754733393 -1.8083007145052161 0.0
35 128 1544.0 1345.0 189.8718700430001 0.0 7.8 0.0028065807779172995 0.11415685528587287 False True -0.0018191454905434066 3.8180608670846308 -0.018111507754733393 -1.8083007145052161 0.0
35 129 1556.0 1357.0 191.14376658400013 0.0 7.8 0.0028065807779172995 0.11964852417105393 False True -0.0018191454905434066 3.8180608670846308 -0.018111507754733393 -1.8083007145052161 0.0
35 130 1568.0 1369.0 192.42423784800016 0.0 7.8 0.0028065807779172995 0.1252632724715057 False True -0.0018191454905434066 3.8180608670846308 -0.018111507754733393 -1.8083007145052161 0.0
35 131 1580.0 1381.0 193.6943197050002 0.0 7.8 0.0028065807779172995 0.13100055320142673 False True -0.0018191454905434066 3.8180608670846308 -0.018111507754733393 -1.8083007145052161 0.0
35 132 1592.0 1393.0 194.96299554400022 0.0 7.57 0.058039169368838454 0.13685980712041634 False True -0.0018191454905434066 3.8180608670846308 -0.018111507754733393 -1.8083007145052161 0.0
35 133 1604.0 1405.0 196.23157655700024 0.0 7.57 0.058039169368838454 0.012185658036907802 False True -0.0018191454905434066 3.8180608670846308 -0.018111507754733393 -1.8083007145052161 0.0
35 134 1608.0 1409.0 197.4961751120002 0.0 7.57 0.058039169368838454 0.012185658036907802 False True -0.0018191454905434066 3.8180608670846308 -0.018111507754733393 -1.8083007145052161 0.0
35 135 1612.0 1413.0 198.7638406630002 0.0 7.57 0.058039169368838454 0.016068151995738224 False True -0.0018191454905434066 3.8180608670846308 -0.018111507754733393 -1.8083007145052161 0.0
35 136 1616.0 1417.0 200.0436362360002 0.0 7.66 0.028098962534836895 0.00602271260599192 False True -0.0018191454905434066 3.8180608670846308 -0.018111507754733393 -1.8083007145052161 0.0
35 137 1620.0 1421.0 201.3148770240002 0.0 7.66 0.028098962534836895 0.00602271260599192 False True -0.0018191454905434066 3.8180608670846308 -0.018111507754733393 -1.8083007145052161 0.0
35 138 1624.0 1425.0 202.5945939120002 0.0 7.66 0.028098962534836895 0.1489419366278447 False True -0.0018191454905434066 3.8180608670846308 -0.018111507754733393 -1.8083007145052161 0.0
35 139 1636.0 1437.0 203.86315178500016 0.0 7.66 0.028098962534836895 0.1428404627894172 False True -0.0018191454905434066 3.8180608670846308 -0.018111507754733393 -1.8083007145052161 0.0
35 140 1648.0 1449.0 205.13200231400012 0.0 7.66 0.028098962534836895 0.15516363297195374 False True -0.0018191454905434066 3.8180608670846308 -0.018111507754733393 -1.8083007145052161 0.0
35 141 1660.0 1461.0 206.40492129900016 0.0 7.66 0.028098962534836895 0.16796525046499794 False True -0.0018191454905434066 3.8180608670846308 -0.018111507754733393 -1.8083007145052161 0.0
35 142 1672.0 1473.0 207.68006040400016 0.0 7.66 0.028098962534836895 0.16150494413439487 False True -0.0018191454905434066 3.8180608670846308 -0.018111507754733393 -1.8083007145052161 0.0
35 143 1684.0 1485.0 208.95005282300016 0.0 7.66 0.028098962534836895 0.17454392041272138 False True -0.0018191454905434066 3.8180608670846308 -0.018111507754733393 -1.8083007145052161 0.0
35 144 1696.0 1497.0 210.22924020200017 0.0 7.66 0.028098962534836895 0.18124031058881704 False True -0.0018191454905434066 3.8180608670846308 -0.018111507754733393 -1.8083007145052161 0.0
35 145 1708.0 1509.0 211.49708856200013 0.0 7.66 0.028098962534836895 0.18805376583115596 False True -0.0018191454905434066 3.8180608670846308 -0.018111507754733393 -1.8083007145052161 0.0
35 146 1720.0 1521.0 212.76618420900016 0.0 7.66 0.028098962534836895 0.03690226775717199 False True -0.0018191454905434066 3.8180608670846308 -0.018111507754733393 -1.8083007145052161 0.0
35 147 1724.0 1525.0 214.03609434700016 0.0 7.66 0.028098962534836895 0.07035452736745361 False True -0.0018191454905434066 3.8180608670846308 -0.018111507754733393 -1.8083007145052161 0.0
35 148 1728.0 1529.0 215.31663040800018 0.0 7.66 0.028098962534836895 0.07035452736745361 False True -0.0018191454905434066 3.8180608670846308 -0.018111507754733393 -1.8083007145052161 0.0
35 149 1732.0 1533.0 216.58446860800015 0.0 7.66 0.028098962534836895 0.07035452736745361 False True -0.0018191454905434066 3.8180608670846308 -0.018111507754733393 -1.8083007145052161 0.0
35 150 1736.0 1537.0 220.44234051500015 0.0 7.66 0.028098962534836895 0.014060289016065654 False True -0.0018191454905434066 3.8180608670846308 -0.018111507754733393 -1.8083007145052161 0.0
35 151 1740.0 1541.0 230.38018853600013 0.0 7.72 0.014060289016065654 0.0934314816747759 False True -0.0018191454905434066 3.8180608670846308 -0.018111507754733393 -1.8083007145052161 0.0
35 152 1744.0 1545.0 233.67559696900017 0.0 7.72 0.014060289016065654 0.20202919239349695 False True -0.0018191454905434066 3.8180608670846308 -0.018111507754733393 -1.8083007145052161 0.0
35 153 1756.0 1557.0 236.38107059000018 0.0 7.72 0.014060289016065654 0.1949836192697672 False True -0.0018191454905434066 3.8180608670846308 -0.018111507754733393 -1.8083007145052161 0.0
35 154 1768.0 1569.0 238.83988651100017 0.0 7.72 0.014060289016065654 0.2091897951178809 False True -0.0018191454905434066 3.8180608670846308 -0.018111507754733393 -1.8083007145052161 0.0
35 155 1780.0 1581.0 241.10782060300014 0.0 7.72 0.014060289016065654 0.21646472585414162 False True -0.0018191454905434066 3.8180608670846308 -0.018111507754733393 -1.8083007145052161 0.0
35 156 1792.0 1593.0 243.22513229000012 0.0 7.72 0.014060289016065654 0.2313547079077211 False True -0.0018191454905434066 3.8180608670846308 -0.018111507754733393 -1.8083007145052161 0.0
35 157 1804.0 1605.0 245.2415691880001 0.0 7.72 0.014060289016065654 0.2238532715793487 False True -0.0018191454905434066 3.8180608670846308 -0.018111507754733393 -1.8083007145052161 0.0
35 158 1816.0 1617.0 247.1612596940001 0.0 7.72 0.014060289016065654 0.23896829916306592 False True -0.0018191454905434066 3.8180608670846308 -0.018111507754733393 -1.8083007145052161 0.0
35 159 1828.0 1629.0 249.00118236400007 0.0 7.72 0.014060289016065654 0.2545289477403616 False True -0.0018191454905434066 3.8180608670846308 -0.018111507754733393 -1.8083007145052161 0.0
35 160 1840.0 1641.0 250.76236591300008 0.0 7.72 0.014060289016065654 0.24669329845234458 False True -0.0018191454905434066 3.8180608670846308 -0.018111507754733393 -1.8083007145052161 0.0
35 161 1852.0 1653.0 252.49156339800007 0.0 7.72 0.014060289016065654 0.26247447792557116 False True -0.0018191454905434066 3.8180608670846308 -0.018111507754733393 -1.8083007145052161 0.0
35 162 1864.0 1665.0 254.17359855100003 0.0 7.72 0.014060289016065654 0.2705291089169773 False True -0.0018191454905434066 3.8180608670846308 -0.018111507754733393 -1.8083007145052161 0.0
35 163 1876.0 1677.0 255.82940626900003 0.0 7.72 0.014060289016065654 0.27869204971215444 False True -0.0018191454905434066 3.8180608670846308 -0.018111507754733393 -1.8083007145052161 0.0
35 164 1888.0 1689.0 257.45213677800007 0.0 7.72 0.014060289016065654 0.28696249847634053 False True -0.0018191454905434066 3.8180608670846308 -0.018111507754733393 -1.8083007145052161 0.0
35 165 1900.0 1701.0 259.0378893270001 0.0 7.72 0.014060289016065654 0.295339642622621 False True -0.0018191454905434066 3.8180608670846308 -0.018111507754733393 -1.8083007145052161 0.0
35 166 1912.0 1713.0 260.60208409300003 0.0 7.72 0.014060289016065654 0.3124107134416558 False True -0.0018191454905434066 3.8180608670846308 -0.018111507754733393 -1.8083007145052161 0.0
35 167 1924.0 1725.0 262.134287616 0.0 7.72 0.014060289016065654 0.30382265889318577 False True -0.0018191454905434066 3.8180608670846308 -0.018111507754733393 -1.8083007145052161 0.0
35 168 1936.0 1737.0 263.644965212 0.0 7.72 0.014060289016065654 0.32110296191646787 False True -0.0018191454905434066 3.8180608670846308 -0.018111507754733393 -1.8083007145052161 0.0
35 169 1948.0 1749.0 265.137110905 0.0 7.72 0.014060289016065654 0.32989854954530556 False True -0.0018191454905434066 3.8180608670846308 -0.018111507754733393 -1.8083007145052161 0.0
35 170 1960.0 1761.0 266.606738273 0.0 7.72 0.014060289016065654 0.02288920383156045 False True -0.0018191454905434066 3.8180608670846308 -0.018111507754733393 -1.8083007145052161 0.0
35 171 1964.0 1765.0 268.05748246400003 0.0 7.72 0.014060289016065654 0.10868110220567584 False True -0.0018191454905434066 3.8180608670846308 -0.018111507754733393 -1.8083007145052161 0.0
35 172 1976.0 1777.0 269.46211930100003 0.0 7.72 0.014060289016065654 0.10345520055403233 False True -0.0018191454905434066 3.8180608670846308 -0.018111507754733393 -1.8083007145052161 0.0
35 173 1988.0 1789.0 270.870779943 0.0 7.72 0.014060289016065654 0.11950126267295735 False True -0.0018191454905434066 3.8180608670846308 -0.018111507754733393 -1.8083007145052161 0.0
35 174 2000.0 1801.0 272.238505501 0.0 7.72 0.014060289016065654 0.11402997274169115 False True -0.0018191454905434066 3.8180608670846308 -0.018111507754733393 -1.8083007145052161 0.0
35 175 2012.0 1813.0 273.58841250700004 0.0 7.72 0.014060289016065654 0.12509441026705248 False True -0.0018191454905434066 3.8180608670846308 -0.018111507754733393 -1.8083007145052161 0.0
35 176 2024.0 1825.0 274.94428160700005 0.0 7.72 0.014060289016065654 0.13080884160443232 False True -0.0018191454905434066 3.8180608670846308 -0.018111507754733393 -1.8083007145052161 0.0
35 177 2036.0 1837.0 276.2645309420001 0.0 7.72 0.014060289016065654 0.3477962715859573 False True -0.0018191454905434066 3.8180608670846308 -0.018111507754733393 -1.8083007145052161 0.0
35 178 2048.0 1849.0 277.5781713090001 0.0 7.72 0.014060289016065654 0.3387966112205881 False True -0.0018191454905434066 3.8180608670846308 -0.018111507754733393 -1.8083007145052161 0.0
35 179 2060.0 1861.0 278.86591826400013 0.0 7.72 0.014060289016065654 0.35689664512383285 False True -0.0018191454905434066 3.8180608670846308 -0.018111507754733393 -1.8083007145052161 0.0
35 180 2072.0 1873.0 280.15386769400016 0.0 7.72 0.014060289016065654 0.37539593937297017 False True -0.0018191454905434066 3.8180608670846308 -0.018111507754733393 -1.8083007145052161 0.0
35 181 2084.0 1885.0 281.43770375300016 0.0 7.72 0.014060289016065654 0.3660968362439627 False True -0.0018191454905434066 3.8180608670846308 -0.018111507754733393 -1.8083007145052161 0.0
35 182 2096.0 1897.0 282.69155306500016 0.0 7.72 0.014060289016065654 0.06612100332860066 False True -0.0018191454905434066 3.8180608670846308 -0.018111507754733393 -1.8083007145052161 0.0
35 183 2100.0 1901.0 283.94186584100015 0.0 7.72 0.014060289016065654 0.1252632724715057 False True -0.0018191454905434066 3.8180608670846308 -0.018111507754733393 -1.8083007145052161 0.0
35 184 2104.0 1905.0 285.1878434850002 0.0 7.66 0.028098962534836895 0.058039169368838454 False True -0.0018191454905434066 3.8180608670846308 -0.018111507754733393 -1.8083007145052161 0.0
35 185 2108.0 1909.0 286.4411869460002 0.0 7.66 0.028098962534836895 0.025427999258582912 False True -0.0018191454905434066 3.8180608670846308 -0.018111507754733393 -1.8083007145052161 0.0
35 186 2112.0 1913.0 287.67402405700017 0.0 7.66 0.028098962534836895 0.004816568588214231 False True -0.0018191454905434066 3.8180608670846308 -0.018111507754733393 -1.8083007145052161 0.0
35 187 2116.0 1917.0 288.90618992500015 0.0 7.66 0.028098962534836895 0.3942872099928381 False True -0.0018191454905434066 3.8180608670846308 -0.018111507754733393 -1.8083007145052161 0.0
35 188 2128.0 1929.0 290.1378369290002 0.0 7.66 0.028098962534836895 0.0008171393839837541 False True -0.0018191454905434066 3.8180608670846308 -0.018111507754733393 -1.8083007145052161 0.0
35 189 2132.0 1933.0 291.36943043800017 0.0 7.66 0.028098962534836895 0.00013174760119895665 False True -0.0018191454905434066 3.8180608670846308 -0.018111507754733393 -1.8083007145052161 0.0
35 190 2136.0 1937.0 292.60604583400016 0.0 7.66 0.028098962534836895 0.2313547079077211 False True -0.0018191454905434066 3.8180608670846308 -0.018111507754733393 -1.8083007145052161 0.0
35 191 2140.0 1941.0 293.8340469500002 0.0 7.66 0.028098962534836895 0.010444431993391297 False True -0.0018191454905434066 3.8180608670846308 -0.018111507754733393 -1.8083007145052161 0.0
35 192 2144.0 1945.0 295.0481653370002 0.0 7.66 0.028098962534836895 2.686914502836909e-06 False True -0.0018191454905434066 3.8180608670846308 -0.018111507754733393 -1.8083007145052161 0.0
35 193 2148.0 1949.0 296.2632480640002 0.0 7.66 0.028098962534836895 2.686914502836909e-06 False True -0.0018191454905434066 3.8180608670846308 -0.018111507754733393 -1.8083007145052161 0.0
35 194 2152.0 1953.0 297.4824698540002 0.0 7.66 0.028098962534836895 2.686914502836909e-06 False True -0.0018191454905434066 3.8180608670846308 -0.018111507754733393 -1.8083007145052161 0.0
35 195 2156.0 1957.0 298.6952968860002 0.0 7.66 0.028098962534836895 2.686914502836909e-06 False True -0.0018191454905434066 3.8180608670846308 -0.018111507754733393 -1.8083007145052161 0.0
35 196 2160.0 1961.0 299.9099635940002 0.0 7.87 2.686914502836909e-06 0.0028065807779172995 False True -0.0018191454905434066 3.8180608670846308 -0.018111507754733393 -1.8083007145052161 0.0
35 197 2164.0 1965.0 301.1250535820002 0.0 7.87 2.686914502836909e-06 0.016068151995738224 False True -0.0018191454905434066 3.8180608670846308 -0.018111507754733393 -1.8083007145052161 0.0
35 198 2168.0 1969.0 302.33980303100014 0.0 7.87 2.686914502836909e-06 0.02288920383156045 False True -0.0018191454905434066 3.8180608670846308 -0.018111507754733393 -1.8083007145052161 0.0
35 199 2172.0 1973.0 303.55523206100014 0.0 7.87 2.686914502836909e-06 0.4846917324089079 False True -0.0018191454905434066 3.8180608670846308 -0.018111507754733393 -1.8083007145052161 0.0
35 200 2184.0 1985.0 304.7828480960001 0.0 7.87 2.686914502836909e-06 0.44745220602305963 False True -0.0018191454905434066 3.8180608670846308 -0.018111507754733393 -1.8083007145052161 0.0
35 201 2196.0 1997.0 306.0001857280001 0.0 7.87 2.686914502836909e-06 0.014060289016065654 False True -0.0018191454905434066 3.8180608670846308 -0.018111507754733393 -1.8083007145052161 0.0
