426 0 400.0 200.99999999999997 1.2793966190000106 0.0 8.12 0.04186497695721757 0.03866470726892687 False True -0.0007905401595637399 3.2429047232315527 -0.10492587013461789 -1.4920708604489707 0.0
426 1 412.0 212.99999999999997 2.6643142879999857 0.0 8.11 0.03866470726892687 0.03558965439880853 False True -0.0007905401595637399 3.2429047232315527 -0.10492587013461789 -1.4920708604489707 0.0
426 2 424.0 224.99999999999997 4.048471200999984 0.0 8.11 0.03866470726892687 0.032640139888891896 False True -0.0007905401595637399 3.2429047232315527 -0.10492587013461789 -1.4920708604489707 0.0
426 3 436.0 236.99999999999997 5.428097195999982 0.0 8.11 0.03866470726892687 0.045190129398668524 False True -0.0007905401595637399 3.2429047232315527 -0.10492587013461789 -1.4920708604489707 0.0
426 4 448.0 248.99999999999997 6.802827389999976 0.0 8.11 0.03866470726892687 0.11675973319814999 False True -0.0007905401595637399 3.2429047232315527 -0.10492587013461789 -1.4920708604489707 0.0
426 5 460.0 261.0 8.209519657999977 0.0 8.1 0.03558965439880853 0.11398321975375882 False True -0.0007905401595637399 3.2429047232315527 -0.10492587013461789 -1.4920708604489707 0.0
426 6 472.0 273.0 9.627543772999985 0.0 8.1 0.03558965439880853 0.12269219774348643 False True -0.0007905401595637399 3.2429047232315527 -0.10492587013461789 -1.4920708604489707 0.0
426 7 484.0 285.0 11.000765954000002 0.0 8.1 0.03558965439880853 0.1258475818474614 False True -0.0007905401595637399 3.2429047232315527 -0.10492587013461789 -1.4920708604489707 0.0
426 8 496.0 297.0 12.38617406900002 0.0 8.1 0.03558965439880853 0.12912866815222668 False True -0.0007905401595637399 3.2429047232315527 -0.10492587013461789 -1.4920708604489707 0.0
426 9 508.0 309.0 13.769983846000002 0.0 8.1 0.03558965439880853 0.13253514167087874 False True -0.0007905401595637399 3.2429047232315527 -0.10492587013461789 -1.4920708604489707 0.0
426 10 520.0 321.0 15.152834377000005 0.0 1.31 0.13253514167087874 0.12912866815222668 False True -0.0007905401595637399 3.2429047232315527 -0.10492587013461789 -1.4920708604489707 0.0
426 11 524.0 325.0 16.553810662000018 0.0 1.32 0.12912866815222668 0.1360666748765815 False True -0.0007905401595637399 3.2429047232315527 -0.10492587013461789 -1.4920708604489707 0.0
426 12 536.0 337.0 17.938873255000033 0.0 8.1 0.03558965439880853 0.13972292773532535 False True -0.0007905401595637399 3.2429047232315527 -0.10492587013461789 -1.4920708604489707 0.0
426 13 548.0 349.0 19.323038825000054 0.0 1.29 0.13972292773532535 0.14350354773993004 False True -0.0007905401595637399 3.2429047232315527 -0.10492587013461789 -1.4920708604489707 0.0
426 14 560.0 361.0 20.69011208200007 0.0 1.31 0.13253514167087874 0.12912866815222668 False True -0.0007905401595637399 3.2429047232315527 -0.10492587013461789 -1.4920708604489707 0.0
426 15 564.0 365.0 22.056703344000056 0.0 1.29 0.13972292773532535 0.14740816994528938 False True -0.0007905401595637399 3.2429047232315527 -0.10492587013461789 -1.4920708604489707 0.0
426 16 576.0 377.0 23.408922073000042 0.0 1.27 0.14740816994528938 0.15143641700486915 False True -0.0007905401595637399 3.2429047232315527 -0.10492587013461789 -1.4920708604489707 0.0
426 17 588.0 389.0 24.773514740000053 0.0 1.26 0.15143641700486915 0.1555878992084422 False True -0.0007905401595637399 3.2429047232315527 -0.10492587013461789 -1.4920708604489707 0.0
426 18 600.0 401.0 26.139421913000064 0.0 1.26 0.15143641700486915 0.15986221452106053 False True -0.0007905401595637399 3.2429047232315527 -0.10492587013461789 -1.4920708604489707 0.0
426 19 612.0 413.0 27.525203787000066 0.0 1.26 0.15143641700486915 0.04863981803869572 False True -0.0007905401595637399 3.2429047232315527 -0.10492587013461789 -1.4920708604489707 0.0
426 20 624.0 425.0 28.890884223000086 0.0 1.26 0.15143641700486915 0.05221368386779003 False True -0.0007905401595637399 3.2429047232315527 -0.10492587013461789 -1.4920708604489707 0.0
426 21 636.0 437.0 30.25851157000008 0.0 8.15 0.05221368386779003 0.15143641700486915 False True -0.0007905401595637399 3.2429047232315527 -0.10492587013461789 -1.4920708604489707 0.0
426 22 640.0 441.0 31.626709064000096 0.0 8.15 0.05221368386779003 0.05591135545742645 False True -0.0007905401595637399 3.2429047232315527 -0.10492587013461789 -1.4920708604489707 0.0
426 23 652.0 453.0 32.99554843900012 0.0 8.15 0.05221368386779003 0.15143641700486915 False True -0.0007905401595637399 3.2429047232315527 -0.10492587013461789 -1.4920708604489707 0.0
426 24 656.0 457.0 34.375895873000104 0.0 8.15 0.05221368386779003 0.15143641700486915 False True -0.0007905401595637399 3.2429047232315527 -0.10492587013461789 -1.4920708604489707 0.0
426 25 660.0 461.0 35.74459555900012 0.0 8.15 0.05221368386779003 0.05973244899720013 False True -0.0007905401595637399 3.2429047232315527 -0.10492587013461789 -1.4920708604489707 0.0
426 26 672.0 473.0 37.11295110800012 0.0 8.15 0.05221368386779003 0.06367656833320991 False True -0.0007905401595637399 3.2429047232315527 -0.10492587013461789 -1.4920708604489707 0.0
426 27 684.0 485.0 38.492490105000115 0.0 8.15 0.05221368386779003 0.06774330500767439 False True -0.0007905401595637399 3.2429047232315527 -0.10492587013461789 -1.4920708604489707 0.0
426 28 696.0 497.0 39.86190574300011 0.0 8.15 0.05221368386779003 0.0719322382997736 False True -0.0007905401595637399 3.2429047232315527 -0.10492587013461789 -1.4920708604489707 0.0
426 29 708.0 509.0 41.25094979800011 0.0 8.2 0.0719322382997736 0.07624293526772098 False True -0.0007905401595637399 3.2429047232315527 -0.10492587013461789 -1.4920708604489707 0.0
426 30 720.0 521.0 42.628023062000125 0.0 8.2 0.0719322382997736 0.05221368386779003 False True -0.0007905401595637399 3.2429047232315527 -0.10492587013461789 -1.4920708604489707 0.0
426 31 724.0 525.0 43.996382164000124 0.0 8.2 0.0719322382997736 0.08067495079206556 False True -0.0007905401595637399 3.2429047232315527 -0.10492587013461789 -1.4920708604489707 0.0
426 32 736.0 537.0 45.36442200300013 0.0 8.2 0.0719322382997736 0.16425894862325333 False True -0.0007905401595637399 3.2429047232315527 -0.10492587013461789 -1.4920708604489707 0.0
426 33 748.0 549.0 46.72792117300014 0.0 8.2 0.0719322382997736 0.029816472726070586 False True -0.0007905401595637399 3.2429047232315527 -0.10492587013461789 -1.4920708604489707 0.0
426 34 760.0 561.0 48.067464119000135 0.0 8.2 0.0719322382997736 0.027118949311206217 False True -0.0007905401595637399 3.2429047232315527 -0.10492587013461789 -1.4920708604489707 0.0
426 35 772.0 573.0 49.42920969200014 0.0 8.07 0.027118949311206217 0.0245478534294853 False True -0.0007905401595637399 3.2429047232315527 -0.10492587013461789 -1.4920708604489707 0.0
426 36 784.0 585.0 50.77960779200015 0.0 8.07 0.027118949311206217 0.0221034562220444 False True -0.0007905401595637399 3.2429047232315527 -0.10492587013461789 -1.4920708604489707 0.0
426 37 796.0 597.0 52.13028004300014 0.0 8.06 0.0245478534294853 0.027118949311206217 False True -0.0007905401595637399 3.2429047232315527 -0.10492587013461789 -1.4920708604489707 0.0
426 38 800.0 601.0 53.48180911200015 0.0 8.06 0.0245478534294853 0.027118949311206217 False True -0.0007905401595637399 3.2429047232315527 -0.10492587013461789 -1.4920708604489707 0.0
426 39 804.0 605.0 54.843646160000134 0.0 8.07 0.027118949311206217 0.0719322382997736 False True -0.0007905401595637399 3.2429047232315527 -0.10492587013461789 -1.4920708604489707 0.0
426 40 808.0 609.0 56.20768933300013 0.0 8.06 0.0245478534294853 0.027118949311206217 False True -0.0007905401595637399 3.2429047232315527 -0.10492587013461789 -1.4920708604489707 0.0
426 41 812.0 613.0 57.561167989000126 0.0 8.07 0.027118949311206217 0.019786016158854218 False True -0.0007905401595637399 3.2429047232315527 -0.10492587013461789 -1.4920708604489707 0.0
426 42 824.0 625.0 58.92651560300013 0.0 8.2 0.0719322382997736 0.01759577901287304 False True -0.0007905401595637399 3.2429047232315527 -0.10492587013461789 -1.4920708604489707 0.0
426 43 836.0 637.0 60.280745071000126 0.0 8.03 0.01759577901287304 0.015532977835472953 False True -0.0007905401595637399 3.2429047232315527 -0.10492587013461789 -1.4920708604489707 0.0
426 44 848.0 649.0 61.66391062600013 0.0 8.03 0.01759577901287304 0.01359783293312967 False True -0.0007905401595637399 3.2429047232315527 -0.10492587013461789 -1.4920708604489707 0.0
426 45 860.0 661.0 63.027736449000116 0.0 8.03 0.01759577901287304 0.01179055184539659 False True -0.0007905401595637399 3.2429047232315527 -0.10492587013461789 -1.4920708604489707 0.0
426 46 872.0 673.0 64.38783773700013 0.0 8.03 0.01759577901287304 0.010111329324147076 False True -0.0007905401595637399 3.2429047232315527 -0.10492587013461789 -1.4920708604489707 0.0
426 47 884.0 685.0 65.75331909400012 0.0 8.03 0.01759577901287304 0.008560347314106764 False True -0.0007905401595637399 3.2429047232315527 -0.10492587013461789 -1.4920708604489707 0.0
426 48 896.0 697.0 67.1073642820001 0.0 8.03 0.01759577901287304 0.007137774934651724 False True -0.0007905401595637399 3.2429047232315527 -0.10492587013461789 -1.4920708604489707 0.0
426 49 908.0 709.0 68.47313846500009 0.0 8.03 0.01759577901287304 0.005843768462898984 False True -0.0007905401595637399 3.2429047232315527 -0.10492587013461789 -1.4920708604489707 0.0
426 50 920.0 721.0 69.83788069400009 0.0 7.96 0.005843768462898984 0.0046784713180813104 False True -0.0007905401595637399 3.2429047232315527 -0.10492587013461789 -1.4920708604489707 0.0
426 51 932.0 733.0 71.20357505700011 0.0 7.96 0.005843768462898984 0.0027345143119927263 False True -0.0007905401595637399 3.2429047232315527 -0.10492587013461789 -1.4920708604489707 0.0
426 52 944.0 745.0 72.56779220600012 0.0 7.96 0.005843768462898984 0.0036420140472051303 False True -0.0007905401595637399 3.2429047232315527 -0.10492587013461789 -1.4920708604489707 0.0
426 53 956.0 757.0 73.92220202100012 0.0 7.96 0.005843768462898984 0.001956076877120216 False True -0.0007905401595637399 3.2429047232315527 -0.10492587013461789 -1.4920708604489707 0.0
426 54 968.0 769.0 75.28693631700011 0.0 7.96 0.005843768462898984 0.001306793599739803 False True -0.0007905401595637399 3.2429047232315527 -0.10492587013461789 -1.4920708604489707 0.0
426 55 980.0 781.0 76.67359861800011 0.0 7.96 0.005843768462898984 0.0007867434202920636 False True -0.0007905401595637399 3.2429047232315527 -0.10492587013461789 -1.4920708604489707 0.0
426 56 992.0 793.0 78.02652693900012 0.0 7.96 0.005843768462898984 0.0003959923546186049 False True -0.0007905401595637399 3.2429047232315527 -0.10492587013461789 -1.4920708604489707 0.0
426 57 1004.0 805.0 79.39153594400014 0.0 7.96 0.005843768462898984 0.00013459348735210688 False True -0.0007905401595637399 3.2429047232315527 -0.10492587013461789 -1.4920708604489707 0.0
426 58 1016.0 817.0 80.75575103200012 0.0 7.88 0.00013459348735210688 0.005843768462898984 False True -0.0007905401595637399 3.2429047232315527 -0.10492587013461789 -1.4920708604489707 0.0
426 59 1020.0 821.0 82.10881416600012 0.0 7.96 0.005843768462898984 2.586966614787823e-06 False True -0.0007905401595637399 3.2429047232315527 -0.10492587013461789 -1.4920708604489707 0.0
426 60 1032.0 833.0 83.47300830000012 0.0 7.96 0.005843768462898984 0.00013459348735210688 False True -0.0007905401595637399 3.2429047232315527 -0.10492587013461789 -1.4920708604489707 0.0
426 61 1036.0 837.0 84.85638977200011 0.0 7.96 0.005843768462898984 0.0 False True -0.0007905401595637399 3.2429047232315527 -0.10492587013461789 -1.4920708604489707 0.0
426 62 1048.0 849.0 86.2195445960001 0.0 7.91 0.001306793599739803 0.00013459348735210688 False True -0.0007905401595637399 3.2429047232315527 -0.10492587013461789 -1.4920708604489707 0.0
426 63 1052.0 853.0 87.57279882000009 0.0 7.91 0.001306793599739803 0.00012684685185190223 False True -0.0007905401595637399 3.2429047232315527 -0.10492587013461789 -1.4920708604489707 0.0
426 64 1064.0 865.0 88.93545907300009 0.0 7.85 0.00012684685185190223 0.00038312884184435903 False True -0.0007905401595637399 3.2429047232315527 -0.10492587013461789 -1.4920708604489707 0.0
426 65 1076.0 877.0 90.2985469060001 0.0 7.96 0.005843768462898984 0.00013459348735210688 False True -0.0007905401595637399 3.2429047232315527 -0.10492587013461789 -1.4920708604489707 0.0
426 66 1080.0 881.0 91.6516956510001 0.0 7.88 0.00013459348735210688 0.0027345143119927263 False True -0.0007905401595637399 3.2429047232315527 -0.10492587013461789 -1.4920708604489707 0.0
426 67 1084.0 885.0 93.01460479200011 0.0 7.88 0.00013459348735210688 0.00012684685185190223 False True -0.0007905401595637399 3.2429047232315527 -0.10492587013461789 -1.4920708604489707 0.0
426 68 1088.0 889.0 94.36783459800012 0.0 8.03 0.01759577901287304 0.0036420140472051303 False True -0.0007905401595637399 3.2429047232315527 -0.10492587013461789 -1.4920708604489707 0.0
426 69 1092.0 893.0 95.73076575600012 0.0 8.03 0.01759577901287304 0.01359783293312967 False True -0.0007905401595637399 3.2429047232315527 -0.10492587013461789 -1.4920708604489707 0.0
426 70 1096.0 897.0 97.09592695000012 0.0 7.96 0.005843768462898984 0.00013459348735210688 False True -0.0007905401595637399 3.2429047232315527 -0.10492587013461789 -1.4920708604489707 0.0
426 71 1100.0 901.0 98.44701950200013 0.0 7.96 0.005843768462898984 0.01359783293312967 False True -0.0007905401595637399 3.2429047232315527 -0.10492587013461789 -1.4920708604489707 0.0
426 72 1104.0 905.0 99.81139518900014 0.0 7.96 0.005843768462898984 0.0036420140472051303 False True -0.0007905401595637399 3.2429047232315527 -0.10492587013461789 -1.4920708604489707 0.0
426 73 1108.0 909.0 101.17535916300014 0.0 7.96 0.005843768462898984 0.01759577901287304 False True -0.0007905401595637399 3.2429047232315527 -0.10492587013461789 -1.4920708604489707 0.0
426 74 1112.0 913.0 102.53796112300014 0.0 7.96 0.005843768462898984 0.0007688343448395203 False True -0.0007905401595637399 3.2429047232315527 -0.10492587013461789 -1.4920708604489707 0.0
426 75 1124.0 925.0 103.89052693100012 0.0 7.96 0.005843768462898984 0.001283938792061724 False True -0.0007905401595637399 3.2429047232315527 -0.10492587013461789 -1.4920708604489707 0.0
426 76 1136.0 937.0 105.25347430700012 0.0 7.96 0.005843768462898984 0.0019284046735418823 False True -0.0007905401595637399 3.2429047232315527 -0.10492587013461789 -1.4920708604489707 0.0
426 77 1148.0 949.0 106.61720490700014 0.0 7.96 0.005843768462898984 0.0027021815418806394 False True -0.0007905401595637399 3.2429047232315527 -0.10492587013461789 -1.4920708604489707 0.0
426 78 1160.0 961.0 107.98138314900012 0.0 7.96 0.005843768462898984 0.003605206017285461 False True -0.0007905401595637399 3.2429047232315527 -0.10492587013461789 -1.4920708604489707 0.0
426 79 1172.0 973.0 109.33977929300016 0.0 7.96 0.005843768462898984 0.0046374017939127 False True -0.0007905401595637399 3.2429047232315527 -0.10492587013461789 -1.4920708604489707 0.0
426 80 1184.0 985.0 110.69815379600016 0.0 7.78 0.0046374017939127 0.005798679647496241 False True -0.0007905401595637399 3.2429047232315527 -0.10492587013461789 -1.4920708604489707 0.0
426 81 1196.0 997.0 112.06330695100019 0.0 7.78 0.0046374017939127 0.005843768462898984 False True -0.0007905401595637399 3.2429047232315527 -0.10492587013461789 -1.4920708604489707 0.0
426 82 1200.0 1001.0 113.4267001620002 0.0 7.96 0.005843768462898984 0.007088937444268472 False True -0.0007905401595637399 3.2429047232315527 -0.10492587013461789 -1.4920708604489707 0.0
426 83 1212.0 1013.0 114.79387031000022 0.0 7.96 0.005843768462898984 0.008508060151179336 False True -0.0007905401595637399 3.2429047232315527 -0.10492587013461789 -1.4920708604489707 0.0
426 84 1224.0 1025.0 116.14151529100019 0.0 7.75 0.008508060151179336 0.010055919847392757 False True -0.0007905401595637399 3.2429047232315527 -0.10492587013461789 -1.4920708604489707 0.0
426 85 1236.0 1037.0 117.51286496900019 0.0 7.75 0.008508060151179336 0.011732375737083455 False True -0.0007905401595637399 3.2429047232315527 -0.10492587013461789 -1.4920708604489707 0.0
426 86 1248.0 1049.0 118.84414961600021 0.0 7.75 0.008508060151179336 0.01353727416351572 False True -0.0007905401595637399 3.2429047232315527 -0.10492587013461789 -1.4920708604489707 0.0
426 87 1260.0 1061.0 120.18564717900023 0.0 7.75 0.008508060151179336 0.015470448624406493 False True -0.0007905401595637399 3.2429047232315527 -0.10492587013461789 -1.4920708604489707 0.0
426 88 1272.0 1073.0 121.54270459600019 0.0 7.75 0.008508060151179336 0.017531719788579602 False True -0.0007905401595637399 3.2429047232315527 -0.10492587013461789 -1.4920708604489707 0.0
426 89 1284.0 1085.0 122.88847640700016 0.0 8.03 0.01759577901287304 0.019720895513897392 False True -0.0007905401595637399 3.2429047232315527 -0.10492587013461789 -1.4920708604489707 0.0
426 90 1296.0 1097.0 124.24126661100019 0.0 7.6899999999999995 0.019720895513897392 0.022037770866472028 False True -0.0007905401595637399 3.2429047232315527 -0.10492587013461789 -1.4920708604489707 0.0
426 91 1308.0 1109.0 125.59020534000018 0.0 8.2 0.0719322382997736 0.017531719788579602 False True -0.0007905401595637399 3.2429047232315527 -0.10492587013461789 -1.4920708604489707 0.0
426 92 1312.0 1113.0 126.93871805800018 0.0 7.6899999999999995 0.019720895513897392 0.017531719788579602 False True -0.0007905401595637399 3.2429047232315527 -0.10492587013461789 -1.4920708604489707 0.0
426 93 1316.0 1117.0 128.28787075300016 0.0 7.6899999999999995 0.019720895513897392 0.007088937444268472 False True -0.0007905401595637399 3.2429047232315527 -0.10492587013461789 -1.4920708604489707 0.0
426 94 1320.0 1121.0 129.64541879200016 0.0 7.6899999999999995 0.019720895513897392 0.0019284046735418823 False True -0.0007905401595637399 3.2429047232315527 -0.10492587013461789 -1.4920708604489707 0.0
426 95 1324.0 1125.0 130.99182062000017 0.0 7.6899999999999995 0.019720895513897392 0.024482128141163382 False True -0.0007905401595637399 3.2429047232315527 -0.10492587013461789 -1.4920708604489707 0.0
426 96 1336.0 1137.0 132.33881728400013 0.0 7.6899999999999995 0.019720895513897392 0.02705373688334626 False True -0.0007905401595637399 3.2429047232315527 -0.10492587013461789 -1.4920708604489707 0.0
426 97 1348.0 1149.0 133.6871980730001 0.0 7.6899999999999995 0.019720895513897392 0.029752353911956138 False True -0.0007905401595637399 3.2429047232315527 -0.10492587013461789 -1.4920708604489707 0.0
426 98 1360.0 1161.0 135.04735507100008 0.0 7.6899999999999995 0.019720895513897392 0.032577723343811156 False True -0.0007905401595637399 3.2429047232315527 -0.10492587013461789 -1.4920708604489707 0.0
426 99 1372.0 1173.0 136.39978030600008 0.0 7.6899999999999995 0.019720895513897392 0.03552957661919308 False True -0.0007905401595637399 3.2429047232315527 -0.10492587013461789 -1.4920708604489707 0.0
426 100 1384.0 1185.0 137.76275686200012 0.0 7.6899999999999995 0.019720895513897392 0.03860763252871138 False True -0.0007905401595637399 3.2429047232315527 -0.10492587013461789 -1.4920708604489707 0.0
426 101 1396.0 1197.0 139.12545950000015 0.0 7.6899999999999995 0.019720895513897392 0.03552957661919308 False True -0.0007905401595637399 3.2429047232315527 -0.10492587013461789 -1.4920708604489707 0.0
426 102 1400.0 1201.0 140.48837097100017 0.0 7.6899999999999995 0.019720895513897392 0.04181159724141602 False True -0.0007905401595637399 3.2429047232315527 -0.10492587013461789 -1.4920708604489707 0.0
426 103 1412.0 1213.0 141.83953766300016 0.0 7.6899999999999995 0.019720895513897392 0.03552957661919308 False True -0.0007905401595637399 3.2429047232315527 -0.10492587013461789 -1.4920708604489707 0.0
426 104 1416.0 1217.0 143.20144107100015 0.0 7.6899999999999995 0.019720895513897392 0.03552957661919308 False True -0.0007905401595637399 3.2429047232315527 -0.10492587013461789 -1.4920708604489707 0.0
426 105 1420.0 1221.0 144.56379878000018 0.0 7.63 0.03552957661919308 0.032577723343811156 False True -0.0007905401595637399 3.2429047232315527 -0.10492587013461789 -1.4920708604489707 0.0
426 106 1424.0 1225.0 145.91501122600022 0.0 7.6899999999999995 0.019720895513897392 0.04514116433418633 False True -0.0007905401595637399 3.2429047232315527 -0.10492587013461789 -1.4920708604489707 0.0
426 107 1436.0 1237.0 147.2765865840002 0.0 7.6899999999999995 0.019720895513897392 0.048596014822373294 False True -0.0007905401595637399 3.2429047232315527 -0.10492587013461789 -1.4920708604489707 0.0
426 108 1448.0 1249.0 148.6275315380002 0.0 7.6899999999999995 0.019720895513897392 0.05217581719169266 False True -0.0007905401595637399 3.2429047232315527 -0.10492587013461789 -1.4920708604489707 0.0
426 109 1460.0 1261.0 149.9901939190002 0.0 7.63 0.03552957661919308 0.055880227431380484 False True -0.0007905401595637399 3.2429047232315527 -0.10492587013461789 -1.4920708604489707 0.0
426 110 1472.0 1273.0 151.35216333500023 0.0 7.63 0.03552957661919308 0.05970888906859393 False True -0.0007905401595637399 3.2429047232315527 -0.10492587013461789 -1.4920708604489707 0.0
426 111 1484.0 1285.0 152.70434530600022 0.0 7.63 0.03552957661919308 0.06366143320405719 False True -0.0007905401595637399 3.2429047232315527 -0.10492587013461789 -1.4920708604489707 0.0
426 112 1496.0 1297.0 154.0849206920002 0.0 7.63 0.03552957661919308 0.06773747854895033 False True -0.0007905401595637399 3.2429047232315527 -0.10492587013461789 -1.4920708604489707 0.0
426 113 1508.0 1309.0 155.4352545070002 0.0 7.6899999999999995 0.019720895513897392 0.07193663146303989 False True -0.0007905401595637399 3.2429047232315527 -0.10492587013461789 -1.4920708604489707 0.0
426 114 1520.0 1321.0 156.79717696200015 0.0 7.6899999999999995 0.019720895513897392 0.07625848599404308 False True -0.0007905401595637399 3.2429047232315527 -0.10492587013461789 -1.4920708604489707 0.0
426 115 1532.0 1333.0 158.15851205200016 0.0 7.6899999999999995 0.019720895513897392 0.08070262391822237 False True -0.0007905401595637399 3.2429047232315527 -0.10492587013461789 -1.4920708604489707 0.0
426 116 1544.0 1345.0 159.50980967000015 0.0 7.6899999999999995 0.019720895513897392 0.08526861478220216 False True -0.0007905401595637399 3.2429047232315527 -0.10492587013461789 -1.4920708604489707 0.0
426 117 1556.0 1357.0 160.87156197100012 0.0 7.6899999999999995 0.019720895513897392 0.08995601594602601 False True -0.0007905401595637399 3.2429047232315527 -0.10492587013461789 -1.4920708604489707 0.0
426 118 1568.0 1369.0 162.2327520670001 0.0 7.49 0.08995601594602601 0.09476437262740861 False True -0.0007905401595637399 3.2429047232315527 -0.10492587013461789 -1.4920708604489707 0.0
426 119 1580.0 1381.0 163.58359172100012 0.0 7.49 0.08995601594602601 0.09969321794721905 False True -0.0007905401595637399 3.2429047232315527 -0.10492587013461789 -1.4920708604489707 0.0
426 120 1592.0 1393.0 164.94649816100014 0.0 7.49 0.08995601594602601 0.10474207297616665 False True -0.0007905401595637399 3.2429047232315527 -0.10492587013461789 -1.4920708604489707 0.0
426 121 1604.0 1405.0 166.30794344600014 0.0 7.49 0.08995601594602601 0.10991044678269889 False True -0.0007905401595637399 3.2429047232315527 -0.10492587013461789 -1.4920708604489707 0.0
426 122 1616.0 1417.0 167.65952420200017 0.0 7.49 0.08995601594602601 0.07625848599404308 False True -0.0007905401595637399 3.2429047232315527 -0.10492587013461789 -1.4920708604489707 0.0
426 123 1620.0 1421.0 169.0209094070002 0.0 7.49 0.08995601594602601 0.04514116433418633 False True -0.0007905401595637399 3.2429047232315527 -0.10492587013461789 -1.4920708604489707 0.0
426 124 1624.0 1425.0 170.38339162600022 0.0 7.49 0.08995601594602601 0.019720895513897392 False True -0.0007905401595637399 3.2429047232315527 -0.10492587013461789 -1.4920708604489707 0.0
426 125 1628.0 1429.0 171.73376530100018 0.0 7.6899999999999995 0.019720895513897392 0.10881095311902504 False True -0.0007905401595637399 3.2429047232315527 -0.10492587013461789 -1.4920708604489707 0.0
426 126 1640.0 1441.0 173.0775264840002 0.0 7.6899999999999995 0.019720895513897392 0.11133354244739256 False True -0.0007905401595637399 3.2429047232315527 -0.10492587013461789 -1.4920708604489707 0.0
426 127 1652.0 1453.0 174.4149604660002 0.0 7.6899999999999995 0.019720895513897392 0.10641569089861853 False True -0.0007905401595637399 3.2429047232315527 -0.10492587013461789 -1.4920708604489707 0.0
426 128 1664.0 1465.0 175.7427627690002 0.0 1.4000000000000001 0.10641569089861853 0.10414798218222483 False True -0.0007905401595637399 3.2429047232315527 -0.10492587013461789 -1.4920708604489707 0.0
426 129 1676.0 1477.0 177.08391599800018 0.0 7.6899999999999995 0.019720895513897392 0.10200804060933276 False True -0.0007905401595637399 3.2429047232315527 -0.10492587013461789 -1.4920708604489707 0.0
426 130 1688.0 1489.0 178.4268736700002 0.0 7.49 0.08995601594602601 0.032577723343811156 False True -0.0007905401595637399 3.2429047232315527 -0.10492587013461789 -1.4920708604489707 0.0
426 131 1692.0 1493.0 179.76035934800018 0.0 7.49 0.08995601594602601 0.032577723343811156 False True -0.0007905401595637399 3.2429047232315527 -0.10492587013461789 -1.4920708604489707 0.0
426 132 1696.0 1497.0 181.10514080500013 0.0 7.6899999999999995 0.019720895513897392 0.0046374017939127 False True -0.0007905401595637399 3.2429047232315527 -0.10492587013461789 -1.4920708604489707 0.0
426 133 1700.0 1501.0 182.45053410700012 0.0 7.6899999999999995 0.019720895513897392 0.0003959923546186049 False True -0.0007905401595637399 3.2429047232315527 -0.10492587013461789 -1.4920708604489707 0.0
426 134 1704.0 1505.0 183.79372239000014 0.0 7.6899999999999995 0.019720895513897392 0.05217581719169266 False True -0.0007905401595637399 3.2429047232315527 -0.10492587013461789 -1.4920708604489707 0.0
426 135 1708.0 1509.0 185.13981427200014 0.0 7.63 0.03552957661919308 0.008560347314106764 False True -0.0007905401595637399 3.2429047232315527 -0.10492587013461789 -1.4920708604489707 0.0
426 136 1712.0 1513.0 186.48582491100012 0.0 7.49 0.08995601594602601 0.008560347314106764 False True -0.0007905401595637399 3.2429047232315527 -0.10492587013461789 -1.4920708604489707 0.0
426 137 1716.0 1517.0 187.83195436400013 0.0 7.49 0.08995601594602601 0.001306793599739803 False True -0.0007905401595637399 3.2429047232315527 -0.10492587013461789 -1.4920708604489707 0.0
426 138 1720.0 1521.0 189.17771056900017 0.0 7.91 0.001306793599739803 0.09811224954233073 False True -0.0007905401595637399 3.2429047232315527 -0.10492587013461789 -1.4920708604489707 0.0
426 139 1732.0 1533.0 190.52362361100018 0.0 7.91 0.001306793599739803 0.09999606704151486 False True -0.0007905401595637399 3.2429047232315527 -0.10492587013461789 -1.4920708604489707 0.0
426 140 1744.0 1545.0 191.87156640600017 0.0 7.91 0.001306793599739803 0.09635676335853434 False True -0.0007905401595637399 3.2429047232315527 -0.10492587013461789 -1.4920708604489707 0.0
426 141 1756.0 1557.0 193.21777583400012 0.0 7.96 0.005843768462898984 0.001306793599739803 False True -0.0007905401595637399 3.2429047232315527 -0.10492587013461789 -1.4920708604489707 0.0
426 142 1760.0 1561.0 194.57521169300009 0.0 7.91 0.001306793599739803 0.032577723343811156 False True -0.0007905401595637399 3.2429047232315527 -0.10492587013461789 -1.4920708604489707 0.0
426 143 1764.0 1565.0 195.9440272610001 0.0 7.64 0.032577723343811156 0.0036420140472051303 False True -0.0007905401595637399 3.2429047232315527 -0.10492587013461789 -1.4920708604489707 0.0
426 144 1768.0 1569.0 197.30074873600012 0.0 7.64 0.032577723343811156 0.0036420140472051303 False True -0.0007905401595637399 3.2429047232315527 -0.10492587013461789 -1.4920708604489707 0.0
426 145 1772.0 1573.0 198.64790720000008 0.0 8.03 0.01759577901287304 0.06366143320405719 False True -0.0007905401595637399 3.2429047232315527 -0.10492587013461789 -1.4920708604489707 0.0
426 146 1776.0 1577.0 199.99535445800007 0.0 8.03 0.01759577901287304 0.0003959923546186049 False True -0.0007905401595637399 3.2429047232315527 -0.10492587013461789 -1.4920708604489707 0.0
426 147 1780.0 1581.0 201.35247682900007 0.0 8.03 0.01759577901287304 0.017531719788579602 False True -0.0007905401595637399 3.2429047232315527 -0.10492587013461789 -1.4920708604489707 0.0
426 148 1784.0 1585.0 202.6995643400001 0.0 8.03 0.01759577901287304 0.0245478534294853 False True -0.0007905401595637399 3.2429047232315527 -0.10492587013461789 -1.4920708604489707 0.0
426 149 1788.0 1589.0 204.04691287700012 0.0 8.06 0.0245478534294853 0.032577723343811156 False True -0.0007905401595637399 3.2429047232315527 -0.10492587013461789 -1.4920708604489707 0.0
426 150 1792.0 1593.0 205.39341221400008 0.0 7.64 0.032577723343811156 0.0245478534294853 False True -0.0007905401595637399 3.2429047232315527 -0.10492587013461789 -1.4920708604489707 0.0
426 151 1796.0 1597.0 206.7398777080001 0.0 7.64 0.032577723343811156 0.0245478534294853 False True -0.0007905401595637399 3.2429047232315527 -0.10492587013461789 -1.4920708604489707 0.0
426 152 1800.0 1601.0 208.0860690010001 0.0 7.64 0.032577723343811156 0.0245478534294853 False True -0.0007905401595637399 3.2429047232315527 -0.10492587013461789 -1.4920708604489707 0.0
426 153 1804.0 1605.0 209.43262475500012 0.0 7.63 0.03552957661919308 0.008560347314106764 False True -0.0007905401595637399 3.2429047232315527 -0.10492587013461789 -1.4920708604489707 0.0
426 154 1808.0 1609.0 210.77969073200012 0.0 7.9799999999999995 0.008560347314106764 0.00013459348735210688 False True -0.0007905401595637399 3.2429047232315527 -0.10492587013461789 -1.4920708604489707 0.0
426 155 1812.0 1613.0 212.14372811600015 0.0 7.6899999999999995 0.019720895513897392 0.008508060151179336 False True -0.0007905401595637399 3.2429047232315527 -0.10492587013461789 -1.4920708604489707 0.0
426 156 1816.0 1617.0 213.4912729470002 0.0 7.94 0.0036420140472051303 0.00013459348735210688 False True -0.0007905401595637399 3.2429047232315527 -0.10492587013461789 -1.4920708604489707 0.0
426 157 1820.0 1621.0 214.85079559100018 0.0 7.94 0.0036420140472051303 0.0 False True -0.0007905401595637399 3.2429047232315527 -0.10492587013461789 -1.4920708604489707 0.0
426 158 1824.0 1625.0 216.1970110710002 0.0 7.94 0.0036420140472051303 0.0 False True -0.0007905401595637399 3.2429047232315527 -0.10492587013461789 -1.4920708604489707 0.0
426 159 1828.0 1629.0 217.54506895800017 0.0 7.94 0.0036420140472051303 0.0 False True -0.0007905401595637399 3.2429047232315527 -0.10492587013461789 -1.4920708604489707 0.0
426 160 1832.0 1633.0 218.90406723500013 0.0 7.94 0.0036420140472051303 0.0046374017939127 False True -0.0007905401595637399 3.2429047232315527 -0.10492587013461789 -1.4920708604489707 0.0
426 161 1836.0 1637.0 220.25012925900012 0.0 7.96 0.005843768462898984 0.0027021815418806394 False True -0.0007905401595637399 3.2429047232315527 -0.10492587013461789 -1.4920708604489707 0.0
426 162 1840.0 1641.0 221.59680606000012 0.0 8.2 0.0719322382997736 0.0027021815418806394 False True -0.0007905401595637399 3.2429047232315527 -0.10492587013461789 -1.4920708604489707 0.0
426 163 1844.0 1645.0 222.9589200590001 0.0 8.2 0.0719322382997736 0.010055919847392757 False True -0.0007905401595637399 3.2429047232315527 -0.10492587013461789 -1.4920708604489707 0.0
426 164 1848.0 1649.0 224.3242082270001 0.0 8.2 0.0719322382997736 0.10641569089861853 False True -0.0007905401595637399 3.2429047232315527 -0.10492587013461789 -1.4920708604489707 0.0
426 165 1852.0 1653.0 225.7032474130001 0.0 8.2 0.0719322382997736 2.586966614787823e-06 False True -0.0007905401595637399 3.2429047232315527 -0.10492587013461789 -1.4920708604489707 0.0
426 166 1856.0 1657.0 227.0715224330001 0.0 7.87 2.586966614787823e-06 0.0719322382997736 False True -0.0007905401595637399 3.2429047232315527 -0.10492587013461789 -1.4920708604489707 0.0
426 167 1860.0 1661.0 228.44897194200007 0.0 7.87 2.586966614787823e-06 0.0719322382997736 False True -0.0007905401595637399 3.2429047232315527 -0.10492587013461789 -1.4920708604489707 0.0
426 168 1864.0 1665.0 229.81723121900006 0.0 7.87 2.586966614787823e-06 0.09323142173616518 False True -0.0007905401595637399 3.2429047232315527 -0.10492587013461789 -1.4920708604489707 0.0
426 169 1876.0 1677.0 231.1949383660001 0.0 7.87 2.586966614787823e-06 0.0947297709025343 False True -0.0007905401595637399 3.2429047232315527 -0.10492587013461789 -1.4920708604489707 0.0
426 170 1888.0 1689.0 232.57174491500012 0.0 8.2 0.0719322382997736 0.09186185255572565 False True -0.0007905401595637399 3.2429047232315527 -0.10492587013461789 -1.4920708604489707 0.0
426 171 1900.0 1701.0 233.94453477000013 0.0 8.2 0.0719322382997736 0.0906211871783044 False True -0.0007905401595637399 3.2429047232315527 -0.10492587013461789 -1.4920708604489707 0.0
426 172 1912.0 1713.0 235.31738423800016 0.0 8.2 0.0719322382997736 0.0895095365294099 False True -0.0007905401595637399 3.2429047232315527 -0.10492587013461789 -1.4920708604489707 0.0
426 173 1924.0 1725.0 236.69438909800016 0.0 7.87 2.586966614787823e-06 0.0885269986318672 False True -0.0007905401595637399 3.2429047232315527 -0.10492587013461789 -1.4920708604489707 0.0
426 174 1936.0 1737.0 238.07443346200017 0.0 7.87 2.586966614787823e-06 0.08767365859601965 False True -0.0007905401595637399 3.2429047232315527 -0.10492587013461789 -1.4920708604489707 0.0
426 175 1948.0 1749.0 239.44269770300014 0.0 7.87 2.586966614787823e-06 0.08694958861121845 False True -0.0007905401595637399 3.2429047232315527 -0.10492587013461789 -1.4920708604489707 0.0
426 176 1960.0 1761.0 240.8209455590001 0.0 7.87 2.586966614787823e-06 0.0863548479386056 False True -0.0007905401595637399 3.2429047232315527 -0.10492587013461789 -1.4920708604489707 0.0
426 177 1972.0 1773.0 242.1946364680001 0.0 1.54 0.0863548479386056 2.586966614787823e-06 False True -0.0007905401595637399 3.2429047232315527 -0.10492587013461789 -1.4920708604489707 0.0
426 178 1976.0 1777.0 243.56402644000008 0.0 1.54 0.0863548479386056 0.08588948290518111 False True -0.0007905401595637399 3.2429047232315527 -0.10492587013461789 -1.4920708604489707 0.0
426 179 1988.0 1789.0 244.94320383100006 0.0 7.87 2.586966614787823e-06 0.08534700036670977 False True -0.0007905401595637399 3.2429047232315527 -0.10492587013461789 -1.4920708604489707 0.0
426 180 2000.0 1801.0 246.3249396180001 0.0 7.87 2.586966614787823e-06 0.08555352689917528 False True -0.0007905401595637399 3.2429047232315527 -0.10492587013461789 -1.4920708604489707 0.0
426 181 2012.0 1813.0 247.71774049900006 0.0 7.87 2.586966614787823e-06 0.08526991080974987 False True -0.0007905401595637399 3.2429047232315527 -0.10492587013461789 -1.4920708604489707 0.0
426 182 2024.0 1825.0 249.1016068670001 0.0 7.87 2.586966614787823e-06 0.0853222527853595 False True -0.0007905401595637399 3.2429047232315527 -0.10492587013461789 -1.4920708604489707 0.0
426 183 2036.0 1837.0 250.48620355700007 0.0 7.87 2.586966614787823e-06 0.08581514484256372 False True -0.0007905401595637399 3.2429047232315527 -0.10492587013461789 -1.4920708604489707 0.0
426 184 2048.0 1849.0 251.8801112970001 0.0 7.87 2.586966614787823e-06 0.08625561932512842 False True -0.0007905401595637399 3.2429047232315527 -0.10492587013461789 -1.4920708604489707 0.0
426 185 2060.0 1861.0 253.26371216500013 0.0 7.87 2.586966614787823e-06 0.08550400790623695 False True -0.0007905401595637399 3.2429047232315527 -0.10492587013461789 -1.4920708604489707 0.0
426 186 2072.0 1873.0 254.65762491600015 0.0 7.87 2.586966614787823e-06 0.0868253741497579 False True -0.0007905401595637399 3.2429047232315527 -0.10492587013461789 -1.4920708604489707 0.0
426 187 2084.0 1885.0 256.04127165600016 0.0 7.87 2.586966614787823e-06 0.08752433918303733 False True -0.0007905401595637399 3.2429047232315527 -0.10492587013461789 -1.4920708604489707 0.0
426 188 2096.0 1897.0 257.43367459100017 0.0 7.87 2.586966614787823e-06 0.0885269986318672 False True -0.0007905401595637399 3.2429047232315527 -0.10492587013461789 -1.4920708604489707 0.0
426 189 2100.0 1901.0 258.82985275700014 0.0 7.87 2.586966614787823e-06 0.08835243136932257 False True -0.0007905401595637399 3.2429047232315527 -0.10492587013461789 -1.4920708604489707 0.0
426 190 2112.0 1913.0 260.22859732300014 0.0 7.87 2.586966614787823e-06 0.08930955473904598 False True -0.0007905401595637399 3.2429047232315527 -0.10492587013461789 -1.4920708604489707 0.0
426 191 2124.0 1925.0 261.63858798200016 0.0 7.87 2.586966614787823e-06 0.09039560041831353 False True -0.0007905401595637399 3.2429047232315527 -0.10492587013461789 -1.4920708604489707 0.0
426 192 2136.0 1937.0 263.0368002500001 0.0 1.6700000000000002 0.09039560041831353 0.09161044663978948 False True -0.0007905401595637399 3.2429047232315527 -0.10492587013461789 -1.4920708604489707 0.0
426 193 2148.0 1949.0 264.43594218200013 0.0 1.6700000000000002 0.09039560041831353 0.09295395875487585 False True -0.0007905401595637399 3.2429047232315527 -0.10492587013461789 -1.4920708604489707 0.0
426 194 2160.0 1961.0 265.84500490300013 0.0 1.6700000000000002 0.09039560041831353 0.09602637774724826 False True -0.0007905401595637399 3.2429047232315527 -0.10492587013461789 -1.4920708604489707 0.0
426 195 2172.0 1973.0 267.24324441500016 0.0 1.6700000000000002 0.09039560041831353 0.0944259892471771 False True -0.0007905401595637399 3.2429047232315527 -0.10492587013461789 -1.4920708604489707 0.0
426 196 2184.0 1985.0 268.6432598030002 0.0 1.6700000000000002 0.09039560041831353 0.09775495104863503 False True -0.0007905401595637399 3.2429047232315527 -0.10492587013461789 -1.4920708604489707 0.0
426 197 2196.0 1997.0 270.0531864420002 0.0 1.6700000000000002 0.09039560041831353 0.09961152312519157 False True -0.0007905401595637399 3.2429047232315527 -0.10492587013461789 -1.4920708604489707 0.0
