910 0 400.0 201.0 1.3206997239999794 0.0 8.42 0.19770116046253533 0.09998358846340871 False True 0.003198153592959685 1.2934356275051786 -0.34047702174047295 -0.04446676306355901 0.0
910 1 404.0 205.0 2.660430429999991 0.0 8.42 0.19770116046253533 0.0013084279322564995 False True 0.003198153592959685 1.2934356275051786 -0.34047702174047295 -0.04446676306355901 0.0
910 2 416.0 217.0 3.97924785699999 0.0 7.82 0.0013084279322564995 0.19770116046253533 False True 0.003198153592959685 1.2934356275051786 -0.34047702174047295 -0.04446676306355901 0.0
910 3 420.0 221.0 5.294379531999965 0.0 7.82 0.0013084279322564995 0.30148410207845594 False True 0.003198153592959685 1.2934356275051786 -0.34047702174047295 -0.04446676306355901 0.0
910 4 432.0 233.0 6.5936028679999765 0.0 2.1599999999999997 0.30148410207845594 0.0013084279322564995 False True 0.003198153592959685 1.2934356275051786 -0.34047702174047295 -0.04446676306355901 0.0
910 5 436.0 237.0 7.899409226999978 0.0 2.1599999999999997 0.30148410207845594 0.0013084279322564995 False True 0.003198153592959685 1.2934356275051786 -0.34047702174047295 -0.04446676306355901 0.0
910 6 440.0 241.0 9.21247643199996 0.0 2.1599999999999997 0.30148410207845594 0.0013084279322564995 False True 0.003198153592959685 1.2934356275051786 -0.34047702174047295 -0.04446676306355901 0.0
910 7 444.0 245.0 10.512857803999964 0.0 2.1599999999999997 0.30148410207845594 0.21963720520979926 False True 0.003198153592959685 1.2934356275051786 -0.34047702174047295 -0.04446676306355901 0.0
910 8 456.0 257.0 11.815268448999973 0.0 2.1599999999999997 0.30148410207845594 0.29434305474939404 False True 0.003198153592959685 1.2934356275051786 -0.34047702174047295 -0.04446676306355901 0.0
910 9 468.0 269.0 13.11224595799996 0.0 2.15 0.29434305474939404 0.30148410207845594 False True 0.003198153592959685 1.2934356275051786 -0.34047702174047295 -0.04446676306355901 0.0
910 10 472.0 273.0 14.412248023999979 0.0 2.1599999999999997 0.30148410207845594 0.29434305474939404 False True 0.003198153592959685 1.2934356275051786 -0.34047702174047295 -0.04446676306355901 0.0
910 11 476.0 277.0 15.71083043599998 0.0 2.1599999999999997 0.30148410207845594 0.29434305474939404 False True 0.003198153592959685 1.2934356275051786 -0.34047702174047295 -0.04446676306355901 0.0
910 12 480.0 281.0 17.023366030999995 0.0 2.1599999999999997 0.30148410207845594 0.29434305474939404 False True 0.003198153592959685 1.2934356275051786 -0.34047702174047295 -0.04446676306355901 0.0
910 13 484.0 285.0 18.31919696799997 0.0 2.15 0.29434305474939404 0.30148410207845594 False True 0.003198153592959685 1.2934356275051786 -0.34047702174047295 -0.04446676306355901 0.0
910 14 488.0 289.0 19.602113161999995 0.0 2.15 0.29434305474939404 0.30148410207845594 False True 0.003198153592959685 1.2934356275051786 -0.34047702174047295 -0.04446676306355901 0.0
910 15 492.0 293.0 20.89507832000001 0.0 2.1599999999999997 0.30148410207845594 0.29434305474939404 False True 0.003198153592959685 1.2934356275051786 -0.34047702174047295 -0.04446676306355901 0.0
910 16 496.0 297.0 22.158404605000015 0.0 2.1599999999999997 0.30148410207845594 0.29434305474939404 False True 0.003198153592959685 1.2934356275051786 -0.34047702174047295 -0.04446676306355901 0.0
910 17 500.0 301.0 23.42196252400001 0.0 2.1599999999999997 0.30148410207845594 0.29434305474939404 False True 0.003198153592959685 1.2934356275051786 -0.34047702174047295 -0.04446676306355901 0.0
910 18 504.0 305.0 24.69556072900002 0.0 2.1599999999999997 0.30148410207845594 0.29434305474939404 False True 0.003198153592959685 1.2934356275051786 -0.34047702174047295 -0.04446676306355901 0.0
910 19 508.0 309.0 25.96161229500001 0.0 2.1599999999999997 0.30148410207845594 0.3087348113914049 False True 0.003198153592959685 1.2934356275051786 -0.34047702174047295 -0.04446676306355901 0.0
910 20 520.0 321.0 27.24077088300001 0.0 2.1599999999999997 0.30148410207845594 0.0019651860004202414 False True 0.003198153592959685 1.2934356275051786 -0.34047702174047295 -0.04446676306355901 0.0
910 21 532.0 333.0 28.560971318000014 0.0 7.81 0.0019651860004202414 0.30148410207845594 False True 0.003198153592959685 1.2934356275051786 -0.34047702174047295 -0.04446676306355901 0.0
910 22 536.0 337.0 29.886857950000007 0.0 8.42 0.19770116046253533 0.0013084279322564995 False True 0.003198153592959685 1.2934356275051786 -0.34047702174047295 -0.04446676306355901 0.0
910 23 540.0 341.0 31.21660068 0.0 7.82 0.0013084279322564995 0.21963720520979926 False True 0.003198153592959685 1.2934356275051786 -0.34047702174047295 -0.04446676306355901 0.0
910 24 544.0 345.0 32.53093533200001 0.0 7.82 0.0013084279322564995 0.21963720520979926 False True 0.003198153592959685 1.2934356275051786 -0.34047702174047295 -0.04446676306355901 0.0
910 25 548.0 349.0 33.85173308400002 0.0 1.44 0.09998358846340871 0.0013084279322564995 False True 0.003198153592959685 1.2934356275051786 -0.34047702174047295 -0.04446676306355901 0.0
910 26 552.0 353.0 35.15991968100002 0.0 1.44 0.09998358846340871 0.30148410207845594 False True 0.003198153592959685 1.2934356275051786 -0.34047702174047295 -0.04446676306355901 0.0
910 27 556.0 357.0 36.50361600200003 0.0 1.44 0.09998358846340871 0.29434305474939404 False True 0.003198153592959685 1.2934356275051786 -0.34047702174047295 -0.04446676306355901 0.0
910 28 560.0 361.0 37.869936971000044 0.0 2.15 0.29434305474939404 0.09998358846340871 False True 0.003198153592959685 1.2934356275051786 -0.34047702174047295 -0.04446676306355901 0.0
910 29 564.0 365.0 39.23848466300004 0.0 1.44 0.09998358846340871 0.0007834986669814656 False True 0.003198153592959685 1.2934356275051786 -0.34047702174047295 -0.04446676306355901 0.0
910 30 576.0 377.0 40.60284969800003 0.0 7.83 0.0007834986669814656 0.00039043643000868445 False True 0.003198153592959685 1.2934356275051786 -0.34047702174047295 -0.04446676306355901 0.0
910 31 588.0 389.0 41.92925183400001 0.0 7.84 0.00039043643000868445 0.0007834986669814656 False True 0.003198153592959685 1.2934356275051786 -0.34047702174047295 -0.04446676306355901 0.0
910 32 592.0 393.0 43.266350672000016 0.0 7.84 0.00039043643000868445 0.0007834986669814656 False True 0.003198153592959685 1.2934356275051786 -0.34047702174047295 -0.04446676306355901 0.0
910 33 596.0 397.0 44.59945933300003 0.0 7.84 0.00039043643000868445 0.0001292662587250905 False True 0.003198153592959685 1.2934356275051786 -0.34047702174047295 -0.04446676306355901 0.0
910 34 608.0 409.0 45.95029014900001 0.0 7.84 0.00039043643000868445 0.0007834986669814656 False True 0.003198153592959685 1.2934356275051786 -0.34047702174047295 -0.04446676306355901 0.0
910 35 612.0 413.0 47.26503674099999 0.0 7.84 0.00039043643000868445 0.0 False True 0.003198153592959685 1.2934356275051786 -0.34047702174047295 -0.04446676306355901 0.0
910 36 624.0 425.0 48.594306812999974 0.0 7.86 0.0 0.00039043643000868445 False True 0.003198153592959685 1.2934356275051786 -0.34047702174047295 -0.04446676306355901 0.0
910 37 628.0 429.0 49.943100569999956 0.0 7.86 0.0 0.00039043643000868445 False True 0.003198153592959685 1.2934356275051786 -0.34047702174047295 -0.04446676306355901 0.0
910 38 632.0 433.0 51.292779234999955 0.0 7.86 0.0 0.00039043643000868445 False True 0.003198153592959685 1.2934356275051786 -0.34047702174047295 -0.04446676306355901 0.0
910 39 636.0 437.0 52.614288983999955 0.0 7.86 0.0 0.00039043643000868445 False True 0.003198153592959685 1.2934356275051786 -0.34047702174047295 -0.04446676306355901 0.0
910 40 640.0 441.0 53.94807587999995 0.0 7.86 0.0 0.00039043643000868445 False True 0.003198153592959685 1.2934356275051786 -0.34047702174047295 -0.04446676306355901 0.0
910 41 644.0 445.0 55.29980615399995 0.0 7.86 0.0 0.00039043643000868445 False True 0.003198153592959685 1.2934356275051786 -0.34047702174047295 -0.04446676306355901 0.0
910 42 648.0 449.0 56.64617361699996 0.0 7.86 0.0 2.636308988817205e-06 False True 0.003198153592959685 1.2934356275051786 -0.34047702174047295 -0.04446676306355901 0.0
910 43 660.0 461.0 58.00996207099993 0.0 7.86 0.0 0.00013716064927715217 False True 0.003198153592959685 1.2934356275051786 -0.34047702174047295 -0.04446676306355901 0.0
910 44 672.0 473.0 59.36035070299994 0.0 7.86 0.0 0.1019033368583054 False True 0.003198153592959685 1.2934356275051786 -0.34047702174047295 -0.04446676306355901 0.0
910 45 684.0 485.0 60.722481770999934 0.0 7.86 0.0 0.10395368569998768 False True 0.003198153592959685 1.2934356275051786 -0.34047702174047295 -0.04446676306355901 0.0
910 46 696.0 497.0 62.108335059999945 0.0 7.86 0.0 0.10395368569998768 False True 0.003198153592959685 1.2934356275051786 -0.34047702174047295 -0.04446676306355901 0.0
910 47 700.0 501.0 63.47133839999995 0.0 7.86 0.0 0.10395368569998768 False True 0.003198153592959685 1.2934356275051786 -0.34047702174047295 -0.04446676306355901 0.0
910 48 704.0 505.0 64.84045504799994 0.0 7.86 0.0 0.10395368569998768 False True 0.003198153592959685 1.2934356275051786 -0.34047702174047295 -0.04446676306355901 0.0
910 49 708.0 509.0 66.20107829599996 0.0 1.42 0.10395368569998768 0.0 False True 0.003198153592959685 1.2934356275051786 -0.34047702174047295 -0.04446676306355901 0.0
910 50 712.0 513.0 67.55218710999995 0.0 1.42 0.10395368569998768 0.0 False True 0.003198153592959685 1.2934356275051786 -0.34047702174047295 -0.04446676306355901 0.0
910 51 716.0 517.0 68.90784362099996 0.0 1.42 0.10395368569998768 0.0 False True 0.003198153592959685 1.2934356275051786 -0.34047702174047295 -0.04446676306355901 0.0
910 52 720.0 521.0 70.29731084799994 0.0 1.42 0.10395368569998768 0.00039043643000868445 False True 0.003198153592959685 1.2934356275051786 -0.34047702174047295 -0.04446676306355901 0.0
910 53 724.0 525.0 71.67706558899994 0.0 1.42 0.10395368569998768 0.00039043643000868445 False True 0.003198153592959685 1.2934356275051786 -0.34047702174047295 -0.04446676306355901 0.0
910 54 728.0 529.0 73.06522722699992 0.0 7.84 0.00039043643000868445 0.10395368569998768 False True 0.003198153592959685 1.2934356275051786 -0.34047702174047295 -0.04446676306355901 0.0
910 55 732.0 533.0 74.44797760499992 0.0 1.42 0.10395368569998768 0.00039043643000868445 False True 0.003198153592959685 1.2934356275051786 -0.34047702174047295 -0.04446676306355901 0.0
910 56 736.0 537.0 75.82944861699994 0.0 7.84 0.00039043643000868445 2.636308988817205e-06 False True 0.003198153592959685 1.2934356275051786 -0.34047702174047295 -0.04446676306355901 0.0
910 57 740.0 541.0 77.14897812399994 0.0 7.84 0.00039043643000868445 0.10395368569998768 False True 0.003198153592959685 1.2934356275051786 -0.34047702174047295 -0.04446676306355901 0.0
910 58 744.0 545.0 78.46241516199996 0.0 7.84 0.00039043643000868445 0.0 False True 0.003198153592959685 1.2934356275051786 -0.34047702174047295 -0.04446676306355901 0.0
910 59 748.0 549.0 79.81035867299994 0.0 7.86 0.0 0.00039043643000868445 False True 0.003198153592959685 1.2934356275051786 -0.34047702174047295 -0.04446676306355901 0.0
910 60 752.0 553.0 81.14479233499992 0.0 7.86 0.0 0.10395368569998768 False True 0.003198153592959685 1.2934356275051786 -0.34047702174047295 -0.04446676306355901 0.0
910 61 756.0 557.0 82.51515082199992 0.0 7.86 0.0 0.10613444333787538 False True 0.003198153592959685 1.2934356275051786 -0.34047702174047295 -0.04446676306355901 0.0
910 62 768.0 569.0 83.88090120599992 0.0 7.86 0.0 0.09819461910461146 False True 0.003198153592959685 1.2934356275051786 -0.34047702174047295 -0.04446676306355901 0.0
910 63 780.0 581.0 85.26440060399992 0.0 7.86 0.0 0.1084454050792731 False True 0.003198153592959685 1.2934356275051786 -0.34047702174047295 -0.04446676306355901 0.0
910 64 792.0 593.0 96.0824304679999 0.0 7.86 0.0 0.11088635320985028 False True 0.003198153592959685 1.2934356275051786 -0.34047702174047295 -0.04446676306355901 0.0
910 65 804.0 605.0 101.98345652099988 0.0 7.86 0.0 0.19082588724348865 False True 0.003198153592959685 1.2934356275051786 -0.34047702174047295 -0.04446676306355901 0.0
910 66 816.0 617.0 105.03486031599988 0.0 7.86 0.0 0.18406264703579764 False True 0.003198153592959685 1.2934356275051786 -0.34047702174047295 -0.04446676306355901 0.0
910 67 828.0 629.0 107.5844654359999 0.0 7.86 0.0 0.19082588724348865 False True 0.003198153592959685 1.2934356275051786 -0.34047702174047295 -0.04446676306355901 0.0
910 68 832.0 633.0 109.89238428999988 0.0 7.86 0.0 0.19082588724348865 False True 0.003198153592959685 1.2934356275051786 -0.34047702174047295 -0.04446676306355901 0.0
910 69 836.0 637.0 112.03077614499989 0.0 7.86 0.0 0.19082588724348865 False True 0.003198153592959685 1.2934356275051786 -0.34047702174047295 -0.04446676306355901 0.0
910 70 840.0 641.0 114.04667252999991 0.0 7.86 0.0 0.19082588724348865 False True 0.003198153592959685 1.2934356275051786 -0.34047702174047295 -0.04446676306355901 0.0
910 71 844.0 645.0 115.9729107789999 0.0 7.86 0.0 0.20468776481984335 False True 0.003198153592959685 1.2934356275051786 -0.34047702174047295 -0.04446676306355901 0.0
910 72 856.0 657.0 117.84736765199989 0.0 7.86 0.0 0.22699735902215468 False True 0.003198153592959685 1.2934356275051786 -0.34047702174047295 -0.04446676306355901 0.0
910 73 868.0 669.0 119.68017809099985 0.0 7.86 0.0 0.2123878158120032 False True 0.003198153592959685 1.2934356275051786 -0.34047702174047295 -0.04446676306355901 0.0
910 74 880.0 681.0 121.45780193799982 0.0 7.86 0.0 0.2873123969836441 False True 0.003198153592959685 1.2934356275051786 -0.34047702174047295 -0.04446676306355901 0.0
910 75 892.0 693.0 123.19587242199981 0.0 7.86 0.0 0.0004035452943290269 False True 0.003198153592959685 1.2934356275051786 -0.34047702174047295 -0.04446676306355901 0.0
910 76 904.0 705.0 124.9078843649998 0.0 7.89 0.0004035452943290269 0.0 False True 0.003198153592959685 1.2934356275051786 -0.34047702174047295 -0.04446676306355901 0.0
910 77 908.0 709.0 126.57238165699977 0.0 7.89 0.0004035452943290269 0.0 False True 0.003198153592959685 1.2934356275051786 -0.34047702174047295 -0.04446676306355901 0.0
910 78 912.0 713.0 128.20058031899976 0.0 7.89 0.0004035452943290269 0.0 False True 0.003198153592959685 1.2934356275051786 -0.34047702174047295 -0.04446676306355901 0.0
910 79 916.0 717.0 129.81754546899975 0.0 7.89 0.0004035452943290269 0.0 False True 0.003198153592959685 1.2934356275051786 -0.34047702174047295 -0.04446676306355901 0.0
910 80 920.0 721.0 131.38874255999974 0.0 7.86 0.0 0.0004035452943290269 False True 0.003198153592959685 1.2934356275051786 -0.34047702174047295 -0.04446676306355901 0.0
910 81 924.0 725.0 132.95106886199972 0.0 7.86 0.0 0.000801749330259089 False True 0.003198153592959685 1.2934356275051786 -0.34047702174047295 -0.04446676306355901 0.0
910 82 936.0 737.0 134.4668829199997 0.0 7.86 0.0 0.0013317186599276604 False True 0.003198153592959685 1.2934356275051786 -0.34047702174047295 -0.04446676306355901 0.0
910 83 948.0 749.0 135.9932846169997 0.0 7.86 0.0 0.001993386008343391 False True 0.003198153592959685 1.2934356275051786 -0.34047702174047295 -0.04446676306355901 0.0
910 84 960.0 761.0 137.49838914799972 0.0 7.86 0.0 0.0004035452943290269 False True 0.003198153592959685 1.2934356275051786 -0.34047702174047295 -0.04446676306355901 0.0
910 85 964.0 765.0 138.9903116869997 0.0 7.86 0.0 0.0027866709293992912 False True 0.003198153592959685 1.2934356275051786 -0.34047702174047295 -0.04446676306355901 0.0
910 86 976.0 777.0 140.4474827139997 0.0 7.86 0.0 0.09653659429208697 False True 0.003198153592959685 1.2934356275051786 -0.34047702174047295 -0.04446676306355901 0.0
910 87 988.0 789.0 141.8831759779997 0.0 7.86 0.0 0.09653659429208697 False True 0.003198153592959685 1.2934356275051786 -0.34047702174047295 -0.04446676306355901 0.0
910 88 992.0 793.0 143.30407060799968 0.0 7.86 0.0 0.09653659429208697 False True 0.003198153592959685 1.2934356275051786 -0.34047702174047295 -0.04446676306355901 0.0
910 89 996.0 797.0 144.71463926999968 0.0 1.46 0.09653659429208697 0.0 False True 0.003198153592959685 1.2934356275051786 -0.34047702174047295 -0.04446676306355901 0.0
910 90 1000.0 801.0 146.11415624599965 0.0 1.46 0.09653659429208697 0.0 False True 0.003198153592959685 1.2934356275051786 -0.34047702174047295 -0.04446676306355901 0.0
910 91 1004.0 805.0 147.51077791199964 0.0 7.86 0.0 0.09653659429208697 False True 0.003198153592959685 1.2934356275051786 -0.34047702174047295 -0.04446676306355901 0.0
910 92 1008.0 809.0 148.93960466099963 0.0 7.86 0.0 0.09500966644032974 False True 0.003198153592959685 1.2934356275051786 -0.34047702174047295 -0.04446676306355901 0.0
910 93 1020.0 821.0 150.3356338259996 0.0 7.86 0.0 0.0936139748529082 False True 0.003198153592959685 1.2934356275051786 -0.34047702174047295 -0.04446676306355901 0.0
910 94 1032.0 833.0 151.71458532699955 0.0 1.48 0.0936139748529082 0.0 False True 0.003198153592959685 1.2934356275051786 -0.34047702174047295 -0.04446676306355901 0.0
910 95 1036.0 837.0 153.10834150599953 0.0 7.86 0.0 0.0936139748529082 False True 0.003198153592959685 1.2934356275051786 -0.34047702174047295 -0.04446676306355901 0.0
910 96 1040.0 841.0 154.50255991299957 0.0 7.86 0.0 0.0923496457085299 False True 0.003198153592959685 1.2934356275051786 -0.34047702174047295 -0.04446676306355901 0.0
910 97 1052.0 853.0 155.88393279399958 0.0 7.86 0.0 0.0923496457085299 False True 0.003198153592959685 1.2934356275051786 -0.34047702174047295 -0.04446676306355901 0.0
910 98 1056.0 857.0 157.2659224679996 0.0 7.86 0.0 0.0923496457085299 False True 0.003198153592959685 1.2934356275051786 -0.34047702174047295 -0.04446676306355901 0.0
910 99 1060.0 861.0 158.64676396699957 0.0 7.86 0.0 0.09121679204843525 False True 0.003198153592959685 1.2934356275051786 -0.34047702174047295 -0.04446676306355901 0.0
910 100 1072.0 873.0 160.0138453329996 0.0 7.86 0.0 0.09121679204843525 False True 0.003198153592959685 1.2934356275051786 -0.34047702174047295 -0.04446676306355901 0.0
910 101 1076.0 877.0 161.3956756159996 0.0 7.86 0.0 0.09653659429208697 False True 0.003198153592959685 1.2934356275051786 -0.34047702174047295 -0.04446676306355901 0.0
910 102 1080.0 881.0 162.7706425129996 0.0 7.86 0.0 0.09653659429208697 False True 0.003198153592959685 1.2934356275051786 -0.34047702174047295 -0.04446676306355901 0.0
910 103 1084.0 885.0 164.1406838739996 0.0 7.86 0.0 0.09021551376508258 False True 0.003198153592959685 1.2934356275051786 -0.34047702174047295 -0.04446676306355901 0.0
910 104 1096.0 897.0 165.5108591169996 0.0 7.86 0.0 0.089345897592163 False True 0.003198153592959685 1.2934356275051786 -0.34047702174047295 -0.04446676306355901 0.0
910 105 1108.0 909.0 166.86268634699957 0.0 7.86 0.0 0.089345897592163 False True 0.003198153592959685 1.2934356275051786 -0.34047702174047295 -0.04446676306355901 0.0
910 106 1112.0 913.0 168.2477232709996 0.0 7.86 0.0 0.089345897592163 False True 0.003198153592959685 1.2934356275051786 -0.34047702174047295 -0.04446676306355901 0.0
910 107 1116.0 917.0 169.63152117699957 0.0 7.86 0.0 0.08860801709592758 False True 0.003198153592959685 1.2934356275051786 -0.34047702174047295 -0.04446676306355901 0.0
910 108 1128.0 929.0 170.9906360759996 0.0 7.86 0.0 0.09653659429208697 False True 0.003198153592959685 1.2934356275051786 -0.34047702174047295 -0.04446676306355901 0.0
910 109 1132.0 933.0 172.35680026399962 0.0 7.86 0.0 0.0923496457085299 False True 0.003198153592959685 1.2934356275051786 -0.34047702174047295 -0.04446676306355901 0.0
910 110 1136.0 937.0 173.7128605139996 0.0 7.86 0.0 0.00039043643000868445 False True 0.003198153592959685 1.2934356275051786 -0.34047702174047295 -0.04446676306355901 0.0
910 111 1140.0 941.0 175.06228346399962 0.0 7.84 0.00039043643000868445 0.0 False True 0.003198153592959685 1.2934356275051786 -0.34047702174047295 -0.04446676306355901 0.0
910 112 1144.0 945.0 176.44284993799965 0.0 7.84 0.00039043643000868445 0.08800193266783261 False True 0.003198153592959685 1.2934356275051786 -0.34047702174047295 -0.04446676306355901 0.0
910 113 1156.0 957.0 177.7704118309997 0.0 7.84 0.00039043643000868445 0.08752769151849377 False True 0.003198153592959685 1.2934356275051786 -0.34047702174047295 -0.04446676306355901 0.0
910 114 1168.0 969.0 179.0992909589997 0.0 7.84 0.00039043643000868445 0.08718532767297002 False True 0.003198153592959685 1.2934356275051786 -0.34047702174047295 -0.04446676306355901 0.0
910 115 1180.0 981.0 180.40850539999968 0.0 1.56 0.08718532767297002 0.00039043643000868445 False True 0.003198153592959685 1.2934356275051786 -0.34047702174047295 -0.04446676306355901 0.0
910 116 1184.0 985.0 181.72353045399967 0.0 7.84 0.00039043643000868445 0.08718532767297002 False True 0.003198153592959685 1.2934356275051786 -0.34047702174047295 -0.04446676306355901 0.0
910 117 1188.0 989.0 183.06464904999967 0.0 7.84 0.00039043643000868445 0.08697486196736108 False True 0.003198153592959685 1.2934356275051786 -0.34047702174047295 -0.04446676306355901 0.0
910 118 1200.0 1001.0 184.40865628999967 0.0 7.84 0.00039043643000868445 0.08697486196736108 False True 0.003198153592959685 1.2934356275051786 -0.34047702174047295 -0.04446676306355901 0.0
910 119 1204.0 1005.0 185.73804583599969 0.0 7.84 0.00039043643000868445 0.0868963020467206 False True 0.003198153592959685 1.2934356275051786 -0.34047702174047295 -0.04446676306355901 0.0
910 120 1216.0 1017.0 187.12182025199968 0.0 7.84 0.00039043643000868445 0.08694964236429692 False True 0.003198153592959685 1.2934356275051786 -0.34047702174047295 -0.04446676306355901 0.0
910 121 1228.0 1029.0 188.45283830299968 0.0 7.84 0.00039043643000868445 0.003711479813910511 False True 0.003198153592959685 1.2934356275051786 -0.34047702174047295 -0.04446676306355901 0.0
910 122 1240.0 1041.0 189.77029444099963 0.0 7.84 0.00039043643000868445 0.0047677058989772985 False True 0.003198153592959685 1.2934356275051786 -0.34047702174047295 -0.04446676306355901 0.0
910 123 1252.0 1053.0 191.1143420829996 0.0 7.84 0.00039043643000868445 0.0059552292786625915 False True 0.003198153592959685 1.2934356275051786 -0.34047702174047295 -0.04446676306355901 0.0
910 124 1264.0 1065.0 192.4479418779996 0.0 7.84 0.00039043643000868445 0.0072739169159783835 False True 0.003198153592959685 1.2934356275051786 -0.34047702174047295 -0.04446676306355901 0.0
910 125 1276.0 1077.0 193.7677231499996 0.0 7.84 0.00039043643000868445 0.0072739169159783835 False True 0.003198153592959685 1.2934356275051786 -0.34047702174047295 -0.04446676306355901 0.0
910 126 1280.0 1081.0 195.10130608999958 0.0 7.84 0.00039043643000868445 0.0072739169159783835 False True 0.003198153592959685 1.2934356275051786 -0.34047702174047295 -0.04446676306355901 0.0
910 127 1284.0 1085.0 196.44499675499958 0.0 7.84 0.00039043643000868445 0.008723622656192581 False True 0.003198153592959685 1.2934356275051786 -0.34047702174047295 -0.04446676306355901 0.0
910 128 1296.0 1097.0 197.76988235399955 0.0 7.84 0.00039043643000868445 0.008723622656192581 False True 0.003198153592959685 1.2934356275051786 -0.34047702174047295 -0.04446676306355901 0.0
910 129 1300.0 1101.0 199.12130967199954 0.0 7.84 0.00039043643000868445 0.008723622656192581 False True 0.003198153592959685 1.2934356275051786 -0.34047702174047295 -0.04446676306355901 0.0
910 130 1304.0 1105.0 200.44476618199957 0.0 7.84 0.00039043643000868445 0.008723622656192581 False True 0.003198153592959685 1.2934356275051786 -0.34047702174047295 -0.04446676306355901 0.0
910 131 1308.0 1109.0 201.77375915099958 0.0 7.9799999999999995 0.008723622656192581 0.00039043643000868445 False True 0.003198153592959685 1.2934356275051786 -0.34047702174047295 -0.04446676306355901 0.0
910 132 1312.0 1113.0 203.07258259599962 0.0 7.9799999999999995 0.008723622656192581 0.00039043643000868445 False True 0.003198153592959685 1.2934356275051786 -0.34047702174047295 -0.04446676306355901 0.0
910 133 1316.0 1117.0 204.38220103799966 0.0 7.9799999999999995 0.008723622656192581 0.00039043643000868445 False True 0.003198153592959685 1.2934356275051786 -0.34047702174047295 -0.04446676306355901 0.0
910 134 1320.0 1121.0 205.68063879999966 0.0 7.9799999999999995 0.008723622656192581 0.00039043643000868445 False True 0.003198153592959685 1.2934356275051786 -0.34047702174047295 -0.04446676306355901 0.0
910 135 1324.0 1125.0 207.00932340799966 0.0 7.84 0.00039043643000868445 0.008723622656192581 False True 0.003198153592959685 1.2934356275051786 -0.34047702174047295 -0.04446676306355901 0.0
910 136 1328.0 1129.0 208.34450180799962 0.0 7.9799999999999995 0.008723622656192581 0.00039043643000868445 False True 0.003198153592959685 1.2934356275051786 -0.34047702174047295 -0.04446676306355901 0.0
910 137 1332.0 1133.0 209.68696416199958 0.0 7.84 0.00039043643000868445 0.008723622656192581 False True 0.003198153592959685 1.2934356275051786 -0.34047702174047295 -0.04446676306355901 0.0
910 138 1336.0 1137.0 210.9992923199996 0.0 7.84 0.00039043643000868445 0.010304187241444647 False True 0.003198153592959685 1.2934356275051786 -0.34047702174047295 -0.04446676306355901 0.0
910 139 1348.0 1149.0 212.33700137299962 0.0 7.84 0.00039043643000868445 0.010304187241444647 False True 0.003198153592959685 1.2934356275051786 -0.34047702174047295 -0.04446676306355901 0.0
910 140 1352.0 1153.0 213.6447414799996 0.0 7.84 0.00039043643000868445 0.0072739169159783835 False True 0.003198153592959685 1.2934356275051786 -0.34047702174047295 -0.04446676306355901 0.0
910 141 1356.0 1157.0 214.97496602799959 0.0 7.84 0.00039043643000868445 0.012015438326668825 False True 0.003198153592959685 1.2934356275051786 -0.34047702174047295 -0.04446676306355901 0.0
910 142 1368.0 1169.0 216.31129067699953 0.0 7.84 0.00039043643000868445 0.010304187241444647 False True 0.003198153592959685 1.2934356275051786 -0.34047702174047295 -0.04446676306355901 0.0
910 143 1372.0 1173.0 217.61040094899954 0.0 7.84 0.00039043643000868445 0.010304187241444647 False True 0.003198153592959685 1.2934356275051786 -0.34047702174047295 -0.04446676306355901 0.0
910 144 1376.0 1177.0 218.94093850299953 0.0 7.84 0.00039043643000868445 0.010304187241444647 False True 0.003198153592959685 1.2934356275051786 -0.34047702174047295 -0.04446676306355901 0.0
910 145 1380.0 1181.0 220.27561387899954 0.0 7.84 0.00039043643000868445 0.010304187241444647 False True 0.003198153592959685 1.2934356275051786 -0.34047702174047295 -0.04446676306355901 0.0
910 146 1384.0 1185.0 221.60485930699957 0.0 7.84 0.00039043643000868445 0.08718532767297002 False True 0.003198153592959685 1.2934356275051786 -0.34047702174047295 -0.04446676306355901 0.0
910 147 1388.0 1189.0 222.94368647099958 0.0 7.84 0.00039043643000868445 0.08718532767297002 False True 0.003198153592959685 1.2934356275051786 -0.34047702174047295 -0.04446676306355901 0.0
910 148 1392.0 1193.0 224.27662581999954 0.0 1.56 0.08718532767297002 0.00039043643000868445 False True 0.003198153592959685 1.2934356275051786 -0.34047702174047295 -0.04446676306355901 0.0
910 149 1396.0 1197.0 225.60600829199956 0.0 1.56 0.08718532767297002 0.00039043643000868445 False True 0.003198153592959685 1.2934356275051786 -0.34047702174047295 -0.04446676306355901 0.0
910 150 1400.0 1201.0 226.9384008119996 0.0 1.56 0.08718532767297002 0.00039043643000868445 False True 0.003198153592959685 1.2934356275051786 -0.34047702174047295 -0.04446676306355901 0.0
910 151 1404.0 1205.0 228.29070027299963 0.0 1.56 0.08718532767297002 0.00039043643000868445 False True 0.003198153592959685 1.2934356275051786 -0.34047702174047295 -0.04446676306355901 0.0
910 152 1408.0 1209.0 229.6147617669996 0.0 1.56 0.08718532767297002 0.008723622656192581 False True 0.003198153592959685 1.2934356275051786 -0.34047702174047295 -0.04446676306355901 0.0
910 153 1412.0 1213.0 230.92406029399956 0.0 1.56 0.08718532767297002 0.00039043643000868445 False True 0.003198153592959685 1.2934356275051786 -0.34047702174047295 -0.04446676306355901 0.0
910 154 1416.0 1217.0 232.28892094999958 0.0 7.84 0.00039043643000868445 0.08718532767297002 False True 0.003198153592959685 1.2934356275051786 -0.34047702174047295 -0.04446676306355901 0.0
910 155 1420.0 1221.0 233.65688675699954 0.0 7.84 0.00039043643000868445 0.012015438326668825 False True 0.003198153592959685 1.2934356275051786 -0.34047702174047295 -0.04446676306355901 0.0
910 156 1424.0 1225.0 234.98833441599953 0.0 7.84 0.00039043643000868445 0.012015438326668825 False True 0.003198153592959685 1.2934356275051786 -0.34047702174047295 -0.04446676306355901 0.0
910 157 1428.0 1229.0 236.39149786399952 0.0 7.84 0.00039043643000868445 0.003711479813910511 False True 0.003198153592959685 1.2934356275051786 -0.34047702174047295 -0.04446676306355901 0.0
910 158 1432.0 1233.0 252.51722684499947 0.0 7.84 0.00039043643000868445 0.003711479813910511 False True 0.003198153592959685 1.2934356275051786 -0.34047702174047295 -0.04446676306355901 0.0
910 159 1436.0 1237.0 255.83155895699946 0.0 7.84 0.00039043643000868445 0.013857190496826164 False True 0.003198153592959685 1.2934356275051786 -0.34047702174047295 -0.04446676306355901 0.0
910 160 1448.0 1249.0 258.4923465539994 0.0 7.84 0.00039043643000868445 0.0027537214618674707 False True 0.003198153592959685 1.2934356275051786 -0.34047702174047295 -0.04446676306355901 0.0
910 161 1460.0 1261.0 260.86775044599943 0.0 7.84 0.00039043643000868445 0.003673969727934456 False True 0.003198153592959685 1.2934356275051786 -0.34047702174047295 -0.04446676306355901 0.0
910 162 1472.0 1273.0 263.08555399399944 0.0 7.79 0.003673969727934456 0.0047258530373619845 False True 0.003198153592959685 1.2934356275051786 -0.34047702174047295 -0.04446676306355901 0.0
910 163 1484.0 1285.0 265.16524198699943 0.0 7.79 0.003673969727934456 0.005909280464069513 False True 0.003198153592959685 1.2934356275051786 -0.34047702174047295 -0.04446676306355901 0.0
910 164 1496.0 1297.0 267.14419508099945 0.0 7.79 0.003673969727934456 0.0047258530373619845 False True 0.003198153592959685 1.2934356275051786 -0.34047702174047295 -0.04446676306355901 0.0
910 165 1500.0 1301.0 269.04747477599943 0.0 7.79 0.003673969727934456 0.0047258530373619845 False True 0.003198153592959685 1.2934356275051786 -0.34047702174047295 -0.04446676306355901 0.0
910 166 1504.0 1305.0 270.89472449899944 0.0 7.79 0.003673969727934456 0.007224147926246291 False True 0.003198153592959685 1.2934356275051786 -0.34047702174047295 -0.04446676306355901 0.0
910 167 1516.0 1317.0 272.70008810499945 0.0 7.79 0.003673969727934456 0.008670338196765326 False True 0.003198153592959685 1.2934356275051786 -0.34047702174047295 -0.04446676306355901 0.0
910 168 1528.0 1329.0 274.4384608469994 0.0 7.79 0.003673969727934456 0.010247720914899089 False True 0.003198153592959685 1.2934356275051786 -0.34047702174047295 -0.04446676306355901 0.0
910 169 1540.0 1341.0 276.1564619539994 0.0 7.79 0.003673969727934456 0.010247720914899089 False True 0.003198153592959685 1.2934356275051786 -0.34047702174047295 -0.04446676306355901 0.0
910 170 1544.0 1345.0 277.8312918349994 0.0 7.79 0.003673969727934456 0.010247720914899089 False True 0.003198153592959685 1.2934356275051786 -0.34047702174047295 -0.04446676306355901 0.0
910 171 1548.0 1349.0 279.47197386099936 0.0 7.79 0.003673969727934456 0.010247720914899089 False True 0.003198153592959685 1.2934356275051786 -0.34047702174047295 -0.04446676306355901 0.0
910 172 1552.0 1353.0 281.0924459449993 0.0 7.79 0.003673969727934456 0.010247720914899089 False True 0.003198153592959685 1.2934356275051786 -0.34047702174047295 -0.04446676306355901 0.0
910 173 1556.0 1357.0 282.6648552869993 0.0 7.79 0.003673969727934456 0.010247720914899089 False True 0.003198153592959685 1.2934356275051786 -0.34047702174047295 -0.04446676306355901 0.0
910 174 1560.0 1361.0 284.2266988979993 0.0 7.79 0.003673969727934456 0.011956152599360396 False True 0.003198153592959685 1.2934356275051786 -0.34047702174047295 -0.04446676306355901 0.0
910 175 1572.0 1373.0 285.7719839229993 0.0 7.79 0.003673969727934456 0.013795476662649738 False True 0.003198153592959685 1.2934356275051786 -0.34047702174047295 -0.04446676306355901 0.0
910 176 1584.0 1385.0 287.29808578199936 0.0 7.79 0.003673969727934456 0.01576552342671136 False True 0.003198153592959685 1.2934356275051786 -0.34047702174047295 -0.04446676306355901 0.0
910 177 1596.0 1397.0 288.8029265599994 0.0 7.79 0.003673969727934456 0.010247720914899089 False True 0.003198153592959685 1.2934356275051786 -0.34047702174047295 -0.04446676306355901 0.0
910 178 1600.0 1401.0 290.28517345099937 0.0 7.79 0.003673969727934456 0.010247720914899089 False True 0.003198153592959685 1.2934356275051786 -0.34047702174047295 -0.04446676306355901 0.0
910 179 1604.0 1405.0 291.7260943829994 0.0 7.79 0.003673969727934456 0.010247720914899089 False True 0.003198153592959685 1.2934356275051786 -0.34047702174047295 -0.04446676306355901 0.0
910 180 1608.0 1409.0 293.1963379439994 0.0 7.79 0.003673969727934456 0.010247720914899089 False True 0.003198153592959685 1.2934356275051786 -0.34047702174047295 -0.04446676306355901 0.0
910 181 1612.0 1413.0 294.6513347959994 0.0 7.79 0.003673969727934456 0.010247720914899089 False True 0.003198153592959685 1.2934356275051786 -0.34047702174047295 -0.04446676306355901 0.0
910 182 1616.0 1417.0 296.07662634299936 0.0 7.79 0.003673969727934456 0.010247720914899089 False True 0.003198153592959685 1.2934356275051786 -0.34047702174047295 -0.04446676306355901 0.0
910 183 1620.0 1421.0 297.5098789519994 0.0 7.79 0.003673969727934456 0.00039043643000868445 False True 0.003198153592959685 1.2934356275051786 -0.34047702174047295 -0.04446676306355901 0.0
910 184 1624.0 1425.0 298.89621407899944 0.0 7.79 0.003673969727934456 0.010247720914899089 False True 0.003198153592959685 1.2934356275051786 -0.34047702174047295 -0.04446676306355901 0.0
910 185 1628.0 1429.0 300.22511910499946 0.0 7.79 0.003673969727934456 0.00039043643000868445 False True 0.003198153592959685 1.2934356275051786 -0.34047702174047295 -0.04446676306355901 0.0
910 186 1632.0 1433.0 301.5408544919994 0.0 7.84 0.00039043643000868445 0.003673969727934456 False True 0.003198153592959685 1.2934356275051786 -0.34047702174047295 -0.04446676306355901 0.0
910 187 1636.0 1437.0 302.84147093099944 0.0 7.79 0.003673969727934456 0.00039043643000868445 False True 0.003198153592959685 1.2934356275051786 -0.34047702174047295 -0.04446676306355901 0.0
910 188 1640.0 1441.0 304.1376757589994 0.0 7.79 0.003673969727934456 0.00039043643000868445 False True 0.003198153592959685 1.2934356275051786 -0.34047702174047295 -0.04446676306355901 0.0
910 189 1644.0 1445.0 305.43128356699947 0.0 7.79 0.003673969727934456 0.00039043643000868445 False True 0.003198153592959685 1.2934356275051786 -0.34047702174047295 -0.04446676306355901 0.0
910 190 1648.0 1449.0 306.7126383099995 0.0 7.79 0.003673969727934456 0.00039043643000868445 False True 0.003198153592959685 1.2934356275051786 -0.34047702174047295 -0.04446676306355901 0.0
910 191 1652.0 1453.0 307.99253077799943 0.0 7.79 0.003673969727934456 0.00039043643000868445 False True 0.003198153592959685 1.2934356275051786 -0.34047702174047295 -0.04446676306355901 0.0
910 192 1656.0 1457.0 309.2711853169994 0.0 7.84 0.00039043643000868445 0.003673969727934456 False True 0.003198153592959685 1.2934356275051786 -0.34047702174047295 -0.04446676306355901 0.0
910 193 1660.0 1461.0 310.5506563869994 0.0 7.79 0.003673969727934456 0.0027537214618674707 False True 0.003198153592959685 1.2934356275051786 -0.34047702174047295 -0.04446676306355901 0.0
910 194 1664.0 1465.0 311.8266809149994 0.0 7.84 0.00039043643000868445 0.0047258530373619845 False True 0.003198153592959685 1.2934356275051786 -0.34047702174047295 -0.04446676306355901 0.0
910 195 1668.0 1469.0 313.0916302049994 0.0 7.84 0.00039043643000868445 0.08718532767297002 False True 0.003198153592959685 1.2934356275051786 -0.34047702174047295 -0.04446676306355901 0.0
910 196 1672.0 1473.0 314.36805376299935 0.0 7.84 0.00039043643000868445 0.08718532767297002 False True 0.003198153592959685 1.2934356275051786 -0.34047702174047295 -0.04446676306355901 0.0
910 197 1676.0 1477.0 315.64500585999934 0.0 7.84 0.00039043643000868445 0.008723622656192581 False True 0.003198153592959685 1.2934356275051786 -0.34047702174047295 -0.04446676306355901 0.0
910 198 1680.0 1481.0 316.92228372199935 0.0 7.9799999999999995 0.008723622656192581 0.003673969727934456 False True 0.003198153592959685 1.2934356275051786 -0.34047702174047295 -0.04446676306355901 0.0
910 199 1684.0 1485.0 318.18907888899935 0.0 7.9799999999999995 0.008723622656192581 0.00039043643000868445 False True 0.003198153592959685 1.2934356275051786 -0.34047702174047295 -0.04446676306355901 0.0
910 200 1688.0 1489.0 319.4642450599993 0.0 7.9799999999999995 0.008723622656192581 0.017866110139905172 False True 0.003198153592959685 1.2934356275051786 -0.34047702174047295 -0.04446676306355901 0.0
910 201 1700.0 1501.0 320.7308902219993 0.0 7.9799999999999995 0.008723622656192581 0.0072739169159783835 False True 0.003198153592959685 1.2934356275051786 -0.34047702174047295 -0.04446676306355901 0.0
910 202 1704.0 1505.0 322.0064706819993 0.0 7.9799999999999995 0.008723622656192581 0.020097040995280382 False True 0.003198153592959685 1.2934356275051786 -0.34047702174047295 -0.04446676306355901 0.0
910 203 1716.0 1517.0 323.2798269129993 0.0 7.9799999999999995 0.008723622656192581 0.00039043643000868445 False True 0.003198153592959685 1.2934356275051786 -0.34047702174047295 -0.04446676306355901 0.0
910 204 1720.0 1521.0 324.54478649999925 0.0 7.9799999999999995 0.008723622656192581 0.00039043643000868445 False True 0.003198153592959685 1.2934356275051786 -0.34047702174047295 -0.04446676306355901 0.0
910 205 1724.0 1525.0 325.82055998599924 0.0 7.9799999999999995 0.008723622656192581 0.00039043643000868445 False True 0.003198153592959685 1.2934356275051786 -0.34047702174047295 -0.04446676306355901 0.0
910 206 1728.0 1529.0 327.0842648879992 0.0 7.84 0.00039043643000868445 0.010304187241444647 False True 0.003198153592959685 1.2934356275051786 -0.34047702174047295 -0.04446676306355901 0.0
910 207 1732.0 1533.0 328.3594603079992 0.0 7.84 0.00039043643000868445 0.0027537214618674707 False True 0.003198153592959685 1.2934356275051786 -0.34047702174047295 -0.04446676306355901 0.0
910 208 1736.0 1537.0 329.6241812549992 0.0 7.84 0.00039043643000868445 0.010247720914899089 False True 0.003198153592959685 1.2934356275051786 -0.34047702174047295 -0.04446676306355901 0.0
910 209 1740.0 1541.0 330.8997781489992 0.0 7.74 0.010247720914899089 0.008723622656192581 False True 0.003198153592959685 1.2934356275051786 -0.34047702174047295 -0.04446676306355901 0.0
910 210 1744.0 1545.0 332.1641376669992 0.0 7.74 0.010247720914899089 0.008723622656192581 False True 0.003198153592959685 1.2934356275051786 -0.34047702174047295 -0.04446676306355901 0.0
910 211 1748.0 1549.0 333.4391951209992 0.0 7.74 0.010247720914899089 0.008723622656192581 False True 0.003198153592959685 1.2934356275051786 -0.34047702174047295 -0.04446676306355901 0.0
910 212 1752.0 1553.0 334.7184340539992 0.0 7.74 0.010247720914899089 0.003673969727934456 False True 0.003198153592959685 1.2934356275051786 -0.34047702174047295 -0.04446676306355901 0.0
910 213 1756.0 1557.0 335.9985123469992 0.0 7.74 0.010247720914899089 0.003673969727934456 False True 0.003198153592959685 1.2934356275051786 -0.34047702174047295 -0.04446676306355901 0.0
910 214 1760.0 1561.0 337.2795371739992 0.0 7.79 0.003673969727934456 0.010247720914899089 False True 0.003198153592959685 1.2934356275051786 -0.34047702174047295 -0.04446676306355901 0.0
910 215 1764.0 1565.0 338.55973086599914 0.0 7.74 0.010247720914899089 0.003673969727934456 False True 0.003198153592959685 1.2934356275051786 -0.34047702174047295 -0.04446676306355901 0.0
910 216 1768.0 1569.0 339.85049330299915 0.0 7.74 0.010247720914899089 0.003673969727934456 False True 0.003198153592959685 1.2934356275051786 -0.34047702174047295 -0.04446676306355901 0.0
910 217 1772.0 1573.0 341.1313071959991 0.0 7.79 0.003673969727934456 0.010247720914899089 False True 0.003198153592959685 1.2934356275051786 -0.34047702174047295 -0.04446676306355901 0.0
910 218 1776.0 1577.0 342.4122781549991 0.0 7.74 0.010247720914899089 0.003673969727934456 False True 0.003198153592959685 1.2934356275051786 -0.34047702174047295 -0.04446676306355901 0.0
910 219 1780.0 1581.0 343.6922858339991 0.0 7.79 0.003673969727934456 0.010247720914899089 False True 0.003198153592959685 1.2934356275051786 -0.34047702174047295 -0.04446676306355901 0.0
910 220 1784.0 1585.0 344.9724137239991 0.0 7.74 0.010247720914899089 0.003673969727934456 False True 0.003198153592959685 1.2934356275051786 -0.34047702174047295 -0.04446676306355901 0.0
910 221 1788.0 1589.0 346.25314861199917 0.0 7.74 0.010247720914899089 0.003673969727934456 False True 0.003198153592959685 1.2934356275051786 -0.34047702174047295 -0.04446676306355901 0.0
910 222 1792.0 1593.0 347.54389902599917 0.0 7.79 0.003673969727934456 0.010247720914899089 False True 0.003198153592959685 1.2934356275051786 -0.34047702174047295 -0.04446676306355901 0.0
910 223 1796.0 1597.0 348.82469135599916 0.0 7.74 0.010247720914899089 0.003673969727934456 False True 0.003198153592959685 1.2934356275051786 -0.34047702174047295 -0.04446676306355901 0.0
910 224 1800.0 1601.0 350.1045102989992 0.0 7.74 0.010247720914899089 0.003673969727934456 False True 0.003198153592959685 1.2934356275051786 -0.34047702174047295 -0.04446676306355901 0.0
910 225 1804.0 1605.0 351.38452096699916 0.0 7.74 0.010247720914899089 0.003673969727934456 False True 0.003198153592959685 1.2934356275051786 -0.34047702174047295 -0.04446676306355901 0.0
910 226 1808.0 1609.0 352.66577491999914 0.0 7.74 0.010247720914899089 0.003673969727934456 False True 0.003198153592959685 1.2934356275051786 -0.34047702174047295 -0.04446676306355901 0.0
910 227 1812.0 1613.0 353.97695775999915 0.0 7.74 0.010247720914899089 0.19082588724348865 False True 0.003198153592959685 1.2934356275051786 -0.34047702174047295 -0.04446676306355901 0.0
910 228 1816.0 1617.0 355.25723156899915 0.0 7.74 0.010247720914899089 0.003711479813910511 False True 0.003198153592959685 1.2934356275051786 -0.34047702174047295 -0.04446676306355901 0.0
910 229 1820.0 1621.0 356.5380749299992 0.0 7.74 0.010247720914899089 0.022458107150153242 False True 0.003198153592959685 1.2934356275051786 -0.34047702174047295 -0.04446676306355901 0.0
910 230 1832.0 1633.0 357.8180488339991 0.0 7.74 0.010247720914899089 0.022458107150153242 False True 0.003198153592959685 1.2934356275051786 -0.34047702174047295 -0.04446676306355901 0.0
910 231 1836.0 1637.0 359.0983844089991 0.0 7.74 0.010247720914899089 0.008723622656192581 False True 0.003198153592959685 1.2934356275051786 -0.34047702174047295 -0.04446676306355901 0.0
910 232 1840.0 1641.0 360.3820443289991 0.0 7.84 0.00039043643000868445 0.01576552342671136 False True 0.003198153592959685 1.2934356275051786 -0.34047702174047295 -0.04446676306355901 0.0
910 233 1844.0 1645.0 361.6693497109991 0.0 7.86 0.0 0.010247720914899089 False True 0.003198153592959685 1.2934356275051786 -0.34047702174047295 -0.04446676306355901 0.0
910 234 1848.0 1649.0 362.95035704199904 0.0 7.86 0.0 0.011956152599360396 False True 0.003198153592959685 1.2934356275051786 -0.34047702174047295 -0.04446676306355901 0.0
910 235 1852.0 1653.0 364.2305314539991 0.0 7.86 0.0 0.024949086746995884 False True 0.003198153592959685 1.2934356275051786 -0.34047702174047295 -0.04446676306355901 0.0
910 236 1864.0 1665.0 365.5111245479991 0.0 7.67 0.024949086746995884 0.0 False True 0.003198153592959685 1.2934356275051786 -0.34047702174047295 -0.04446676306355901 0.0
910 237 1868.0 1669.0 366.79198406499904 0.0 7.86 0.0 0.024949086746995884 False True 0.003198153592959685 1.2934356275051786 -0.34047702174047295 -0.04446676306355901 0.0
910 238 1872.0 1673.0 368.0837535599991 0.0 7.86 0.0 0.024949086746995884 False True 0.003198153592959685 1.2934356275051786 -0.34047702174047295 -0.04446676306355901 0.0
910 239 1876.0 1677.0 369.3648463069991 0.0 7.67 0.024949086746995884 0.0 False True 0.003198153592959685 1.2934356275051786 -0.34047702174047295 -0.04446676306355901 0.0
910 240 1880.0 1681.0 370.64608576499904 0.0 7.67 0.024949086746995884 0.0 False True 0.003198153592959685 1.2934356275051786 -0.34047702174047295 -0.04446676306355901 0.0
910 241 1884.0 1685.0 371.926738405999 0.0 7.86 0.0 0.024949086746995884 False True 0.003198153592959685 1.2934356275051786 -0.34047702174047295 -0.04446676306355901 0.0
910 242 1888.0 1689.0 373.20741235699893 0.0 7.86 0.0 0.024949086746995884 False True 0.003198153592959685 1.2934356275051786 -0.34047702174047295 -0.04446676306355901 0.0
910 243 1892.0 1693.0 374.48892756899886 0.0 7.86 0.0 0.02756974493561873 False True 0.003198153592959685 1.2934356275051786 -0.34047702174047295 -0.04446676306355901 0.0
910 244 1904.0 1705.0 375.7792620649989 0.0 7.66 0.02756974493561873 0.0 False True 0.003198153592959685 1.2934356275051786 -0.34047702174047295 -0.04446676306355901 0.0
910 245 1908.0 1709.0 377.0596342069989 0.0 7.66 0.02756974493561873 0.0 False True 0.003198153592959685 1.2934356275051786 -0.34047702174047295 -0.04446676306355901 0.0
910 246 1912.0 1713.0 378.3396681939988 0.0 7.66 0.02756974493561873 0.0 False True 0.003198153592959685 1.2934356275051786 -0.34047702174047295 -0.04446676306355901 0.0
910 247 1916.0 1717.0 379.6200132499989 0.0 7.66 0.02756974493561873 0.0 False True 0.003198153592959685 1.2934356275051786 -0.34047702174047295 -0.04446676306355901 0.0
910 248 1920.0 1721.0 380.90053929199894 0.0 7.66 0.02756974493561873 0.0 False True 0.003198153592959685 1.2934356275051786 -0.34047702174047295 -0.04446676306355901 0.0
910 249 1924.0 1725.0 382.1906582109989 0.0 7.66 0.02756974493561873 0.0 False True 0.003198153592959685 1.2934356275051786 -0.34047702174047295 -0.04446676306355901 0.0
910 250 1928.0 1729.0 383.4707812609988 0.0 7.86 0.0 0.02756974493561873 False True 0.003198153592959685 1.2934356275051786 -0.34047702174047295 -0.04446676306355901 0.0
910 251 1932.0 1733.0 384.7509357829988 0.0 7.86 0.0 0.02756974493561873 False True 0.003198153592959685 1.2934356275051786 -0.34047702174047295 -0.04446676306355901 0.0
910 252 1936.0 1737.0 398.2547138369988 0.0 7.66 0.02756974493561873 0.0 False True 0.003198153592959685 1.2934356275051786 -0.34047702174047295 -0.04446676306355901 0.0
910 253 1940.0 1741.0 402.8437189799988 0.0 7.66 0.02756974493561873 0.0 False True 0.003198153592959685 1.2934356275051786 -0.34047702174047295 -0.04446676306355901 0.0
910 254 1944.0 1745.0 405.7670489859988 0.0 7.66 0.02756974493561873 0.0 False True 0.003198153592959685 1.2934356275051786 -0.34047702174047295 -0.04446676306355901 0.0
910 255 1948.0 1749.0 408.3620541319988 0.0 7.66 0.02756974493561873 0.0 False True 0.003198153592959685 1.2934356275051786 -0.34047702174047295 -0.04446676306355901 0.0
910 256 1952.0 1753.0 410.72002937299874 0.0 7.66 0.02756974493561873 0.0 False True 0.003198153592959685 1.2934356275051786 -0.34047702174047295 -0.04446676306355901 0.0
910 257 1956.0 1757.0 412.9245893169988 0.0 7.66 0.02756974493561873 0.03031983389665579 False True 0.003198153592959685 1.2934356275051786 -0.34047702174047295 -0.04446676306355901 0.0
910 258 1968.0 1769.0 415.0002335959988 0.0 7.66 0.02756974493561873 0.03319909286635055 False True 0.003198153592959685 1.2934356275051786 -0.34047702174047295 -0.04446676306355901 0.0
910 259 1980.0 1781.0 416.99540752699875 0.0 7.66 0.02756974493561873 0.03319909286635055 False True 0.003198153592959685 1.2934356275051786 -0.34047702174047295 -0.04446676306355901 0.0
910 260 1984.0 1785.0 418.91725474799875 0.0 7.64 0.03319909286635055 0.02756974493561873 False True 0.003198153592959685 1.2934356275051786 -0.34047702174047295 -0.04446676306355901 0.0
910 261 1988.0 1789.0 420.75558025999874 0.0 7.64 0.03319909286635055 0.0 False True 0.003198153592959685 1.2934356275051786 -0.34047702174047295 -0.04446676306355901 0.0
910 262 1992.0 1793.0 422.55605785999876 0.0 7.86 0.0 0.03031983389665579 False True 0.003198153592959685 1.2934356275051786 -0.34047702174047295 -0.04446676306355901 0.0
910 263 1996.0 1797.0 424.31674638199877 0.0 7.65 0.03031983389665579 0.0 False True 0.003198153592959685 1.2934356275051786 -0.34047702174047295 -0.04446676306355901 0.0
910 264 2000.0 1801.0 426.0397854619988 0.0 7.65 0.03031983389665579 0.0 False True 0.003198153592959685 1.2934356275051786 -0.34047702174047295 -0.04446676306355901 0.0
910 265 2004.0 1805.0 427.6927841219988 0.0 7.86 0.0 0.02756974493561873 False True 0.003198153592959685 1.2934356275051786 -0.34047702174047295 -0.04446676306355901 0.0
910 266 2008.0 1809.0 429.30781397999874 0.0 7.86 0.0 0.02756974493561873 False True 0.003198153592959685 1.2934356275051786 -0.34047702174047295 -0.04446676306355901 0.0
910 267 2012.0 1813.0 430.89835180099874 0.0 7.66 0.02756974493561873 0.0 False True 0.003198153592959685 1.2934356275051786 -0.34047702174047295 -0.04446676306355901 0.0
910 268 2016.0 1817.0 432.44547526899885 0.0 7.86 0.0 0.02756974493561873 False True 0.003198153592959685 1.2934356275051786 -0.34047702174047295 -0.04446676306355901 0.0
910 269 2020.0 1821.0 433.9681148389989 0.0 7.86 0.0 0.03620724816262488 False True 0.003198153592959685 1.2934356275051786 -0.34047702174047295 -0.04446676306355901 0.0
910 270 2032.0 1833.0 435.4808460109988 0.0 7.63 0.03620724816262488 0.0 False True 0.003198153592959685 1.2934356275051786 -0.34047702174047295 -0.04446676306355901 0.0
910 271 2036.0 1837.0 436.95447864599873 0.0 7.86 0.0 0.03934401321245549 False True 0.003198153592959685 1.2934356275051786 -0.34047702174047295 -0.04446676306355901 0.0
910 272 2048.0 1849.0 438.41908757799877 0.0 7.62 0.03934401321245549 0.0 False True 0.003198153592959685 1.2934356275051786 -0.34047702174047295 -0.04446676306355901 0.0
910 273 2052.0 1853.0 439.8656985579987 0.0 7.62 0.03934401321245549 0.0 False True 0.003198153592959685 1.2934356275051786 -0.34047702174047295 -0.04446676306355901 0.0
910 274 2056.0 1857.0 441.3041144479987 0.0 7.62 0.03934401321245549 0.0 False True 0.003198153592959685 1.2934356275051786 -0.34047702174047295 -0.04446676306355901 0.0
910 275 2060.0 1861.0 442.7137457599987 0.0 7.62 0.03934401321245549 0.0 False True 0.003198153592959685 1.2934356275051786 -0.34047702174047295 -0.04446676306355901 0.0
910 276 2064.0 1865.0 444.1062814749987 0.0 7.62 0.03934401321245549 0.0 False True 0.003198153592959685 1.2934356275051786 -0.34047702174047295 -0.04446676306355901 0.0
910 277 2068.0 1869.0 445.49293985499867 0.0 7.62 0.03934401321245549 0.0 False True 0.003198153592959685 1.2934356275051786 -0.34047702174047295 -0.04446676306355901 0.0
910 278 2072.0 1873.0 446.86232185199856 0.0 7.62 0.03934401321245549 0.0 False True 0.003198153592959685 1.2934356275051786 -0.34047702174047295 -0.04446676306355901 0.0
910 279 2076.0 1877.0 448.2029756529986 0.0 7.62 0.03934401321245549 0.0 False True 0.003198153592959685 1.2934356275051786 -0.34047702174047295 -0.04446676306355901 0.0
910 280 2080.0 1881.0 449.54746333299863 0.0 7.62 0.03934401321245549 0.0 False True 0.003198153592959685 1.2934356275051786 -0.34047702174047295 -0.04446676306355901 0.0
910 281 2084.0 1885.0 450.8793809009986 0.0 7.62 0.03934401321245549 0.0 False True 0.003198153592959685 1.2934356275051786 -0.34047702174047295 -0.04446676306355901 0.0
910 282 2088.0 1889.0 452.1963861059986 0.0 7.86 0.0 0.03620724816262488 False True 0.003198153592959685 1.2934356275051786 -0.34047702174047295 -0.04446676306355901 0.0
910 283 2092.0 1893.0 453.5096779709986 0.0 7.86 0.0 0.03620724816262488 False True 0.003198153592959685 1.2934356275051786 -0.34047702174047295 -0.04446676306355901 0.0
910 284 2096.0 1897.0 454.8215565799986 0.0 7.86 0.0 0.03620724816262488 False True 0.003198153592959685 1.2934356275051786 -0.34047702174047295 -0.04446676306355901 0.0
910 285 2100.0 1901.0 456.1331999799986 0.0 7.86 0.0 0.04260908858052286 False True 0.003198153592959685 1.2934356275051786 -0.34047702174047295 -0.04446676306355901 0.0
910 286 2112.0 1913.0 457.4324967809986 0.0 7.61 0.04260908858052286 0.0 False True 0.003198153592959685 1.2934356275051786 -0.34047702174047295 -0.04446676306355901 0.0
910 287 2116.0 1917.0 458.7384611119986 0.0 7.86 0.0 0.0460021619991608 False True 0.003198153592959685 1.2934356275051786 -0.34047702174047295 -0.04446676306355901 0.0
910 288 2128.0 1929.0 460.0345616679987 0.0 7.6 0.0460021619991608 0.0 False True 0.003198153592959685 1.2934356275051786 -0.34047702174047295 -0.04446676306355901 0.0
910 289 2132.0 1933.0 461.3277544499987 0.0 7.6 0.0460021619991608 0.0 False True 0.003198153592959685 1.2934356275051786 -0.34047702174047295 -0.04446676306355901 0.0
910 290 2136.0 1937.0 462.6217116159987 0.0 7.6 0.0460021619991608 0.0 False True 0.003198153592959685 1.2934356275051786 -0.34047702174047295 -0.04446676306355901 0.0
910 291 2140.0 1941.0 463.90192187199864 0.0 7.6 0.0460021619991608 0.0 False True 0.003198153592959685 1.2934356275051786 -0.34047702174047295 -0.04446676306355901 0.0
910 292 2144.0 1945.0 465.18233955299866 0.0 7.6 0.0460021619991608 0.0 False True 0.003198153592959685 1.2934356275051786 -0.34047702174047295 -0.04446676306355901 0.0
910 293 2148.0 1949.0 466.4627366019986 0.0 7.6 0.0460021619991608 0.0 False True 0.003198153592959685 1.2934356275051786 -0.34047702174047295 -0.04446676306355901 0.0
910 294 2152.0 1953.0 467.75417391399856 0.0 7.6 0.0460021619991608 0.0 False True 0.003198153592959685 1.2934356275051786 -0.34047702174047295 -0.04446676306355901 0.0
910 295 2156.0 1957.0 469.03550014399855 0.0 7.6 0.0460021619991608 0.04952290839958307 False True 0.003198153592959685 1.2934356275051786 -0.34047702174047295 -0.04446676306355901 0.0
910 296 2168.0 1969.0 470.31581602399865 0.0 7.6 0.0460021619991608 0.05317098994438484 False True 0.003198153592959685 1.2934356275051786 -0.34047702174047295 -0.04446676306355901 0.0
910 297 2180.0 1981.0 471.59592172599866 0.0 7.6 0.0460021619991608 0.04952290839958307 False True 0.003198153592959685 1.2934356275051786 -0.34047702174047295 -0.04446676306355901 0.0
910 298 2184.0 1985.0 472.8774102659987 0.0 7.6 0.0460021619991608 0.05694605606133066 False True 0.003198153592959685 1.2934356275051786 -0.34047702174047295 -0.04446676306355901 0.0
910 299 2196.0 1997.0 474.15801929699876 0.0 7.57 0.05694605606133066 0.0460021619991608 False True 0.003198153592959685 1.2934356275051786 -0.34047702174047295 -0.04446676306355901 0.0
