103 0 400.0 200.99999999999997 1.291886581 0.0 7.53 0.07243706195466162 0.07678898166586134 False True 0.004128634745769387 3.971506669421535 -0.06433261682484552 -1.880681745206609 0.0
103 1 412.0 212.99999999999997 2.624738968999992 0.0 7.52 0.07678898166586134 0.08126403544029663 False True 0.004128634745769387 3.971506669421535 -0.06433261682484552 -1.880681745206609 0.0
103 2 424.0 224.99999999999997 3.961828722000007 0.0 7.51 0.08126403544029663 0.08586178983012312 False True 0.004128634745769387 3.971506669421535 -0.06433261682484552 -1.880681745206609 0.0
103 3 436.0 236.99999999999997 5.308933836000023 0.0 7.52 0.07678898166586134 0.0682086974398277 False True 0.004128634745769387 3.971506669421535 -0.06433261682484552 -1.880681745206609 0.0
103 4 448.0 248.99999999999997 6.655457539000025 0.0 7.52 0.07678898166586134 0.16435914399798496 False True 0.004128634745769387 3.971506669421535 -0.06433261682484552 -1.880681745206609 0.0
103 5 460.0 261.0 7.993404089000023 0.0 1.93 0.16435914399798496 0.16886942562957988 False True 0.004128634745769387 3.971506669421535 -0.06433261682484552 -1.880681745206609 0.0
103 6 472.0 273.0 9.340472080000012 0.0 7.53 0.07243706195466162 0.15570508696105032 False True 0.004128634745769387 3.971506669421535 -0.06433261682484552 -1.880681745206609 0.0
103 7 484.0 285.0 10.676852802000013 0.0 7.53 0.07243706195466162 0.16540162356842417 False True 0.004128634745769387 3.971506669421535 -0.06433261682484552 -1.880681745206609 0.0
103 8 496.0 297.0 12.022670181000024 0.0 7.53 0.07243706195466162 0.15667025359879583 False True 0.004128634745769387 3.971506669421535 -0.06433261682484552 -1.880681745206609 0.0
103 9 508.0 309.0 13.376258596000014 0.0 1.25 0.15667025359879583 0.1524898914179728 False True 0.004128634745769387 3.971506669421535 -0.06433261682484552 -1.880681745206609 0.0
103 10 520.0 321.0 14.711596598 0.0 7.51 0.08126403544029663 0.14843362167210095 False True 0.004128634745769387 3.971506669421535 -0.06433261682484552 -1.880681745206609 0.0
103 11 532.0 333.0 16.057587315000006 0.0 7.51 0.08126403544029663 0.1735012609836216 False True 0.004128634745769387 3.971506669421535 -0.06433261682484552 -1.880681745206609 0.0
103 12 544.0 345.0 17.406004840999998 0.0 7.51 0.08126403544029663 0.35297970746872254 False True 0.004128634745769387 3.971506669421535 -0.06433261682484552 -1.880681745206609 0.0
103 13 556.0 357.0 18.742905372999985 0.0 7.51 0.08126403544029663 0.3690365043489075 False True 0.004128634745769387 3.971506669421535 -0.06433261682484552 -1.880681745206609 0.0
103 14 568.0 369.0 20.090017719999963 0.0 7.53 0.07243706195466162 0.37721964902717375 False True 0.004128634745769387 3.971506669421535 -0.06433261682484552 -1.880681745206609 0.0
103 15 580.0 381.0 21.426701519999966 0.0 7.53 0.07243706195466162 0.38550488775759373 False True 0.004128634745769387 3.971506669421535 -0.06433261682484552 -1.880681745206609 0.0
103 16 592.0 393.0 22.77310350099995 0.0 7.51 0.08126403544029663 0.17825417358802112 False True 0.004128634745769387 3.971506669421535 -0.06433261682484552 -1.880681745206609 0.0
103 17 604.0 405.0 24.118896186999933 0.0 1.96 0.17825417358802112 0.18312767486173867 False True 0.004128634745769387 3.971506669421535 -0.06433261682484552 -1.880681745206609 0.0
103 18 616.0 417.0 25.48038676999994 0.0 1.96 0.17825417358802112 0.1932344288425473 False True 0.004128634745769387 3.971506669421535 -0.06433261682484552 -1.880681745206609 0.0
103 19 628.0 429.0 26.836347532999923 0.0 1.96 0.17825417358802112 0.18812126416363886 False True 0.004128634745769387 3.971506669421535 -0.06433261682484552 -1.880681745206609 0.0
103 20 640.0 441.0 28.20113565899993 0.0 1.96 0.17825417358802112 0.19846664428852998 False True 0.004128634745769387 3.971506669421535 -0.06433261682484552 -1.880681745206609 0.0
103 21 652.0 453.0 29.57384776099991 0.0 1.96 0.17825417358802112 0.14754265769031 False True 0.004128634745769387 3.971506669421535 -0.06433261682484552 -1.880681745206609 0.0
103 22 664.0 465.0 30.937709263999892 0.0 1.96 0.17825417358802112 0.15156220353238495 False True 0.004128634745769387 3.971506669421535 -0.06433261682484552 -1.880681745206609 0.0
103 23 676.0 477.0 32.30073829199989 0.0 1.9000000000000001 0.15156220353238495 0.14364686467182783 False True 0.004128634745769387 3.971506669421535 -0.06433261682484552 -1.880681745206609 0.0
103 24 688.0 489.0 33.665492627999896 0.0 1.8800000000000001 0.14364686467182783 0.1398752273374349 False True 0.004128634745769387 3.971506669421535 -0.06433261682484552 -1.880681745206609 0.0
103 25 700.0 501.0 35.01936293199989 0.0 1.8800000000000001 0.14364686467182783 0.13622813613083196 False True 0.004128634745769387 3.971506669421535 -0.06433261682484552 -1.880681745206609 0.0
103 26 712.0 513.0 36.38469452699988 0.0 1.8800000000000001 0.14364686467182783 0.13270596903987963 False True 0.004128634745769387 3.971506669421535 -0.06433261682484552 -1.880681745206609 0.0
103 27 724.0 525.0 37.748768493999876 0.0 1.85 0.13270596903987963 0.1293090915588118 False True 0.004128634745769387 3.971506669421535 -0.06433261682484552 -1.880681745206609 0.0
103 28 736.0 537.0 39.11244516799988 0.0 1.86 0.13622813613083196 0.14364686467182783 False True 0.004128634745769387 3.971506669421535 -0.06433261682484552 -1.880681745206609 0.0
103 29 740.0 541.0 40.47586814199988 0.0 1.85 0.13270596903987963 0.13622813613083196 False True 0.004128634745769387 3.971506669421535 -0.06433261682484552 -1.880681745206609 0.0
103 30 744.0 545.0 41.84235741899988 0.0 1.86 0.13622813613083196 0.12603785665166653 False True 0.004128634745769387 3.971506669421535 -0.06433261682484552 -1.880681745206609 0.0
103 31 756.0 557.0 43.20518841299989 0.0 1.86 0.13622813613083196 0.13270596903987963 False True 0.004128634745769387 3.971506669421535 -0.06433261682484552 -1.880681745206609 0.0
103 32 760.0 561.0 44.569370809999896 0.0 1.8800000000000001 0.14364686467182783 0.14754265769031 False True 0.004128634745769387 3.971506669421535 -0.06433261682484552 -1.880681745206609 0.0
103 33 764.0 565.0 45.93789185599991 0.0 1.8900000000000001 0.14754265769031 0.20928606956408483 False True 0.004128634745769387 3.971506669421535 -0.06433261682484552 -1.880681745206609 0.0
103 34 776.0 577.0 47.306794822999905 0.0 1.8900000000000001 0.14754265769031 0.20381737398534427 False True 0.004128634745769387 3.971506669421535 -0.06433261682484552 -1.880681745206609 0.0
103 35 788.0 589.0 48.685068853999894 0.0 1.85 0.13270596903987963 0.21487217085803556 False True 0.004128634745769387 3.971506669421535 -0.06433261682484552 -1.880681745206609 0.0
103 36 800.0 601.0 50.05341390699988 0.0 1.85 0.13270596903987963 0.2205751059586681 False True 0.004128634745769387 3.971506669421535 -0.06433261682484552 -1.880681745206609 0.0
103 37 812.0 613.0 51.43026799899988 0.0 1.85 0.13270596903987963 0.22639429127284666 False True 0.004128634745769387 3.971506669421535 -0.06433261682484552 -1.880681745206609 0.0
103 38 824.0 625.0 52.798265331999886 0.0 1.86 0.13622813613083196 0.21487217085803556 False True 0.004128634745769387 3.971506669421535 -0.06433261682484552 -1.880681745206609 0.0
103 39 828.0 629.0 54.17548296699988 0.0 1.86 0.13622813613083196 0.21487217085803556 False True 0.004128634745769387 3.971506669421535 -0.06433261682484552 -1.880681745206609 0.0
103 40 832.0 633.0 55.542371829999894 0.0 2.03 0.21487217085803556 0.23837902009753087 False True 0.004128634745769387 3.971506669421535 -0.06433261682484552 -1.880681745206609 0.0
103 41 844.0 645.0 56.909943085999885 0.0 2.03 0.21487217085803556 0.23232913158117643 False True 0.004128634745769387 3.971506669421535 -0.06433261682484552 -1.880681745206609 0.0
103 42 856.0 657.0 58.28731984599989 0.0 2.03 0.21487217085803556 0.2508214571413589 False True 0.004128634745769387 3.971506669421535 -0.06433261682484552 -1.880681745206609 0.0
103 43 868.0 669.0 59.66634989799988 0.0 2.0599999999999996 0.23232913158117643 0.13622813613083196 False True 0.004128634745769387 3.971506669421535 -0.06433261682484552 -1.880681745206609 0.0
103 44 872.0 673.0 61.04563091499989 0.0 1.86 0.13622813613083196 0.24454333852972981 False True 0.004128634745769387 3.971506669421535 -0.06433261682484552 -1.880681745206609 0.0
103 45 884.0 685.0 62.41206850599991 0.0 1.86 0.13622813613083196 0.26371651911511457 False True 0.004128634745769387 3.971506669421535 -0.06433261682484552 -1.880681745206609 0.0
103 46 896.0 697.0 63.790641517999916 0.0 1.86 0.13622813613083196 0.2572127348147561 False True 0.004128634745769387 3.971506669421535 -0.06433261682484552 -1.880681745206609 0.0
103 47 908.0 709.0 65.15707172899994 0.0 1.96 0.17825417358802112 0.2703321463557268 False True 0.004128634745769387 3.971506669421535 -0.06433261682484552 -1.880681745206609 0.0
103 48 920.0 721.0 66.53615373599996 0.0 2.1199999999999997 0.2703321463557268 0.27705894166435396 False True 0.004128634745769387 3.971506669421535 -0.06433261682484552 -1.880681745206609 0.0
103 49 932.0 733.0 67.90427644699997 0.0 2.1199999999999997 0.2703321463557268 0.2838962190507117 False True 0.004128634745769387 3.971506669421535 -0.06433261682484552 -1.880681745206609 0.0
103 50 944.0 745.0 69.28260657599998 0.0 2.1199999999999997 0.2703321463557268 0.09542360535234548 False True 0.004128634745769387 3.971506669421535 -0.06433261682484552 -1.880681745206609 0.0
103 51 956.0 757.0 70.66119472099999 0.0 2.1199999999999997 0.2703321463557268 0.10038673841174499 False True 0.004128634745769387 3.971506669421535 -0.06433261682484552 -1.880681745206609 0.0
103 52 968.0 769.0 72.045829927 0.0 7.4799999999999995 0.09542360535234548 0.09058179911613916 False True 0.004128634745769387 3.971506669421535 -0.06433261682484552 -1.880681745206609 0.0
103 53 980.0 781.0 73.44164263500002 0.0 7.4799999999999995 0.09542360535234548 0.09058179911613916 False True 0.004128634745769387 3.971506669421535 -0.06433261682484552 -1.880681745206609 0.0
103 54 984.0 785.0 74.82703981200001 0.0 7.4799999999999995 0.09542360535234548 0.10547071603335335 False True 0.004128634745769387 3.971506669421535 -0.06433261682484552 -1.880681745206609 0.0
103 55 996.0 797.0 76.24208853100001 0.0 7.4799999999999995 0.09542360535234548 0.11067504387043005 False True 0.004128634745769387 3.971506669421535 -0.06433261682484552 -1.880681745206609 0.0
103 56 1008.0 809.0 77.626134597 0.0 7.4799999999999995 0.09542360535234548 0.11599921553990407 False True 0.004128634745769387 3.971506669421535 -0.06433261682484552 -1.880681745206609 0.0
103 57 1020.0 821.0 79.020932466 0.0 7.4799999999999995 0.09542360535234548 0.12144271267301773 False True 0.004128634745769387 3.971506669421535 -0.06433261682484552 -1.880681745206609 0.0
103 58 1032.0 833.0 80.40583085399999 0.0 7.4799999999999995 0.09542360535234548 0.12700500496716752 False True 0.004128634745769387 3.971506669421535 -0.06433261682484552 -1.880681745206609 0.0
103 59 1044.0 845.0 81.80199482399999 0.0 7.4799999999999995 0.09542360535234548 0.1384837944782424 False True 0.004128634745769387 3.971506669421535 -0.06433261682484552 -1.880681745206609 0.0
103 60 1056.0 857.0 83.182724103 0.0 7.4799999999999995 0.09542360535234548 0.13268555023891887 False True 0.004128634745769387 3.971506669421535 -0.06433261682484552 -1.880681745206609 0.0
103 61 1068.0 869.0 84.57769024699999 0.0 7.4799999999999995 0.09542360535234548 0.14439917190390114 False True 0.004128634745769387 3.971506669421535 -0.06433261682484552 -1.880681745206609 0.0
103 62 1080.0 881.0 85.963514242 0.0 7.4799999999999995 0.09542360535234548 0.15657900467390956 False True 0.004128634745769387 3.971506669421535 -0.06433261682484552 -1.880681745206609 0.0
103 63 1092.0 893.0 87.359156702 0.0 7.4799999999999995 0.09542360535234548 0.1504311050200368 False True 0.004128634745769387 3.971506669421535 -0.06433261682484552 -1.880681745206609 0.0
103 64 1104.0 905.0 88.743348416 0.0 7.4799999999999995 0.09542360535234548 0.1628422701148278 False True 0.004128634745769387 3.971506669421535 -0.06433261682484552 -1.880681745206609 0.0
103 65 1116.0 917.0 90.13594248500002 0.0 7.4799999999999995 0.09542360535234548 0.1692202890542079 False True 0.004128634745769387 3.971506669421535 -0.06433261682484552 -1.880681745206609 0.0
103 66 1128.0 929.0 91.52109922800003 0.0 7.4799999999999995 0.09542360535234548 0.17571243772681258 False True 0.004128634745769387 3.971506669421535 -0.06433261682484552 -1.880681745206609 0.0
103 67 1140.0 941.0 92.91465938900004 0.0 7.4799999999999995 0.09542360535234548 0.18903657220283693 False True 0.004128634745769387 3.971506669421535 -0.06433261682484552 -1.880681745206609 0.0
103 68 1152.0 953.0 94.31019098600004 0.0 7.4799999999999995 0.09542360535234548 0.18231808095311466 False True 0.004128634745769387 3.971506669421535 -0.06433261682484552 -1.880681745206609 0.0
103 69 1164.0 965.0 95.69593646900003 0.0 7.4799999999999995 0.09542360535234548 0.20280945628661565 False True 0.004128634745769387 3.971506669421535 -0.06433261682484552 -1.880681745206609 0.0
103 70 1176.0 977.0 97.09190161000001 0.0 7.4799999999999995 0.09542360535234548 0.19586725365957824 False True 0.004128634745769387 3.971506669421535 -0.06433261682484552 -1.880681745206609 0.0
103 71 1188.0 989.0 98.487213508 0.0 7.4799999999999995 0.09542360535234548 0.20986249989379735 False True 0.004128634745769387 3.971506669421535 -0.06433261682484552 -1.880681745206609 0.0
103 72 1200.0 1001.0 99.873375652 0.0 7.4799999999999995 0.09542360535234548 0.21702569320556309 False True 0.004128634745769387 3.971506669421535 -0.06433261682484552 -1.880681745206609 0.0
103 73 1212.0 1013.0 101.29191278299999 0.0 7.4799999999999995 0.09542360535234548 0.23167970882942973 False True 0.004128634745769387 3.971506669421535 -0.06433261682484552 -1.880681745206609 0.0
103 74 1224.0 1025.0 102.68701470599999 0.0 7.4799999999999995 0.09542360535234548 0.2978994209179386 False True 0.004128634745769387 3.971506669421535 -0.06433261682484552 -1.880681745206609 0.0
103 75 1236.0 1037.0 104.07179637600001 0.0 7.4799999999999995 0.09542360535234548 0.060124256706792785 False True 0.004128634745769387 3.971506669421535 -0.06433261682484552 -1.880681745206609 0.0
103 76 1248.0 1049.0 105.46653920300002 0.0 7.4799999999999995 0.09542360535234548 0.05626896080847485 False True 0.004128634745769387 3.971506669421535 -0.06433261682484552 -1.880681745206609 0.0
103 77 1260.0 1061.0 106.85108311800005 0.0 7.4799999999999995 0.09542360535234548 0.05253878066825494 False True 0.004128634745769387 3.971506669421535 -0.06433261682484552 -1.880681745206609 0.0
103 78 1272.0 1073.0 108.24909379300004 0.0 7.58 0.05253878066825494 0.04893407523879566 False True 0.004128634745769387 3.971506669421535 -0.06433261682484552 -1.880681745206609 0.0
103 79 1284.0 1085.0 109.64846859300005 0.0 7.58 0.05253878066825494 0.04545519092398767 False True 0.004128634745769387 3.971506669421535 -0.06433261682484552 -1.880681745206609 0.0
103 80 1296.0 1097.0 111.04926534700004 0.0 7.58 0.05253878066825494 0.06410429689766813 False True 0.004128634745769387 3.971506669421535 -0.06433261682484552 -1.880681745206609 0.0
103 81 1308.0 1109.0 112.46038213600005 0.0 7.58 0.05253878066825494 0.06410429689766813 False True 0.004128634745769387 3.971506669421535 -0.06433261682484552 -1.880681745206609 0.0
103 82 1312.0 1113.0 113.86245444400006 0.0 7.58 0.05253878066825494 0.042102461544309626 False True 0.004128634745769387 3.971506669421535 -0.06433261682484552 -1.880681745206609 0.0
103 83 1324.0 1125.0 115.27459863300007 0.0 7.4799999999999995 0.09542360535234548 0.03887620830344197 False True 0.004128634745769387 3.971506669421535 -0.06433261682484552 -1.880681745206609 0.0
103 84 1336.0 1137.0 116.67393879800008 0.0 7.58 0.05253878066825494 0.06410429689766813 False True 0.004128634745769387 3.971506669421535 -0.06433261682484552 -1.880681745206609 0.0
103 85 1340.0 1141.0 118.07513681200007 0.0 7.4799999999999995 0.09542360535234548 0.10547071603335335 False True 0.004128634745769387 3.971506669421535 -0.06433261682484552 -1.880681745206609 0.0
103 86 1344.0 1145.0 119.48571229900006 0.0 7.55 0.06410429689766813 0.09058179911613916 False True 0.004128634745769387 3.971506669421535 -0.06433261682484552 -1.880681745206609 0.0
103 87 1348.0 1149.0 120.88685561200006 0.0 7.49 0.09058179911613916 0.05253878066825494 False True 0.004128634745769387 3.971506669421535 -0.06433261682484552 -1.880681745206609 0.0
103 88 1352.0 1153.0 122.29614899300006 0.0 7.58 0.05253878066825494 0.09058179911613916 False True 0.004128634745769387 3.971506669421535 -0.06433261682484552 -1.880681745206609 0.0
103 89 1356.0 1157.0 123.69675278500009 0.0 7.49 0.09058179911613916 0.05253878066825494 False True 0.004128634745769387 3.971506669421535 -0.06433261682484552 -1.880681745206609 0.0
103 90 1360.0 1161.0 125.09693685700009 0.0 7.49 0.09058179911613916 0.05626896080847485 False True 0.004128634745769387 3.971506669421535 -0.06433261682484552 -1.880681745206609 0.0
103 91 1364.0 1165.0 126.49937048000007 0.0 7.49 0.09058179911613916 0.05626896080847485 False True 0.004128634745769387 3.971506669421535 -0.06433261682484552 -1.880681745206609 0.0
103 92 1368.0 1169.0 127.91078340700008 0.0 7.49 0.09058179911613916 0.10547071603335335 False True 0.004128634745769387 3.971506669421535 -0.06433261682484552 -1.880681745206609 0.0
103 93 1372.0 1173.0 129.31264297700008 0.0 7.49 0.09058179911613916 0.10547071603335335 False True 0.004128634745769387 3.971506669421535 -0.06433261682484552 -1.880681745206609 0.0
103 94 1376.0 1177.0 130.72356862700005 0.0 7.49 0.09058179911613916 0.10547071603335335 False True 0.004128634745769387 3.971506669421535 -0.06433261682484552 -1.880681745206609 0.0
103 95 1380.0 1181.0 132.12318097000005 0.0 7.49 0.09058179911613916 0.10547071603335335 False True 0.004128634745769387 3.971506669421535 -0.06433261682484552 -1.880681745206609 0.0
103 96 1384.0 1185.0 133.52272198400001 0.0 7.46 0.10547071603335335 0.09058179911613916 False True 0.004128634745769387 3.971506669421535 -0.06433261682484552 -1.880681745206609 0.0
103 97 1388.0 1189.0 134.95625470000002 0.0 7.49 0.09058179911613916 0.10547071603335335 False True 0.004128634745769387 3.971506669421535 -0.06433261682484552 -1.880681745206609 0.0
103 98 1392.0 1193.0 136.35675876500002 0.0 7.4799999999999995 0.09542360535234548 0.1628422701148278 False True 0.004128634745769387 3.971506669421535 -0.06433261682484552 -1.880681745206609 0.0
103 99 1396.0 1197.0 137.75738924600003 0.0 7.4799999999999995 0.09542360535234548 0.33734081436944807 False True 0.004128634745769387 3.971506669421535 -0.06433261682484552 -1.880681745206609 0.0
103 100 1408.0 1209.0 139.16921407000004 0.0 0.9500000000000001 0.33734081436944807 0.3296800102342955 False True 0.004128634745769387 3.971506669421535 -0.06433261682484552 -1.880681745206609 0.0
103 101 1420.0 1221.0 140.58612618200002 0.0 7.4799999999999995 0.09542360535234548 0.34510763461938854 False True 0.004128634745769387 3.971506669421535 -0.06433261682484552 -1.880681745206609 0.0
103 102 1432.0 1233.0 142.00060703800003 0.0 7.4799999999999995 0.09542360535234548 0.14069491672056636 False True 0.004128634745769387 3.971506669421535 -0.06433261682484552 -1.880681745206609 0.0
103 103 1444.0 1245.0 143.41725256700002 0.0 1.29 0.14069491672056636 0.13701322897033005 False True 0.004128634745769387 3.971506669421535 -0.06433261682484552 -1.880681745206609 0.0
103 104 1456.0 1257.0 144.83276430400005 0.0 1.29 0.14069491672056636 0.14450183678244455 False True 0.004128634745769387 3.971506669421535 -0.06433261682484552 -1.880681745206609 0.0
103 105 1468.0 1269.0 146.24813271500003 0.0 1.29 0.14069491672056636 0.13345712849114832 False True 0.004128634745769387 3.971506669421535 -0.06433261682484552 -1.880681745206609 0.0
103 106 1480.0 1281.0 147.66383659 0.0 1.29 0.14069491672056636 0.13002695768249303 False True 0.004128634745769387 3.971506669421535 -0.06433261682484552 -1.880681745206609 0.0
103 107 1492.0 1293.0 149.080282025 0.0 7.49 0.09058179911613916 0.05253878066825494 False True 0.004128634745769387 3.971506669421535 -0.06433261682484552 -1.880681745206609 0.0
103 108 1496.0 1297.0 150.496922898 0.0 7.49 0.09058179911613916 0.12354571167076102 False True 0.004128634745769387 3.971506669421535 -0.06433261682484552 -1.880681745206609 0.0
103 109 1508.0 1309.0 151.92280231200002 0.0 7.4799999999999995 0.09542360535234548 0.12672304634965578 False True 0.004128634745769387 3.971506669421535 -0.06433261682484552 -1.880681745206609 0.0
103 110 1520.0 1321.0 153.34002148600004 0.0 1.33 0.12672304634965578 0.12049525816505291 False True 0.004128634745769387 3.971506669421535 -0.06433261682484552 -1.880681745206609 0.0
103 111 1532.0 1333.0 154.757736826 0.0 1.33 0.12672304634965578 0.11757197766244623 False True 0.004128634745769387 3.971506669421535 -0.06433261682484552 -1.880681745206609 0.0
103 112 1544.0 1345.0 156.18589201899997 0.0 1.33 0.12672304634965578 0.11477614927433706 False True 0.004128634745769387 3.971506669421535 -0.06433261682484552 -1.880681745206609 0.0
103 113 1556.0 1357.0 157.61639623599999 0.0 1.37 0.11477614927433706 0.1121080393656916 False True 0.004128634745769387 3.971506669421535 -0.06433261682484552 -1.880681745206609 0.0
103 114 1568.0 1369.0 159.03695723899997 0.0 1.37 0.11477614927433706 0.12672304634965578 False True 0.004128634745769387 3.971506669421535 -0.06433261682484552 -1.880681745206609 0.0
103 115 1572.0 1373.0 160.46972576200002 0.0 1.37 0.11477614927433706 0.12672304634965578 False True 0.004128634745769387 3.971506669421535 -0.06433261682484552 -1.880681745206609 0.0
103 116 1576.0 1377.0 161.89923245100002 0.0 1.37 0.11477614927433706 0.1071559765560033 False True 0.004128634745769387 3.971506669421535 -0.06433261682484552 -1.880681745206609 0.0
103 117 1588.0 1389.0 163.31891343499998 0.0 1.4000000000000001 0.1071559765560033 0.10956790152842005 False True 0.004128634745769387 3.971506669421535 -0.06433261682484552 -1.880681745206609 0.0
103 118 1600.0 1401.0 164.746191601 0.0 1.37 0.11477614927433706 0.1048724924194277 False True 0.004128634745769387 3.971506669421535 -0.06433261682484552 -1.880681745206609 0.0
103 119 1612.0 1413.0 166.16447733100003 0.0 1.33 0.12672304634965578 0.10271766424437502 False True 0.004128634745769387 3.971506669421535 -0.06433261682484552 -1.880681745206609 0.0
103 120 1624.0 1425.0 167.59198590600002 0.0 1.33 0.12672304634965578 0.10069169428972059 False True 0.004128634745769387 3.971506669421535 -0.06433261682484552 -1.880681745206609 0.0
103 121 1636.0 1437.0 169.01168599000002 0.0 1.43 0.10069169428972059 0.09879477192729685 False True 0.004128634745769387 3.971506669421535 -0.06433261682484552 -1.880681745206609 0.0
103 122 1648.0 1449.0 170.44052644900003 0.0 1.37 0.11477614927433706 0.10069169428972059 False True 0.004128634745769387 3.971506669421535 -0.06433261682484552 -1.880681745206609 0.0
103 123 1652.0 1453.0 171.87099728400003 0.0 1.37 0.11477614927433706 0.10069169428972059 False True 0.004128634745769387 3.971506669421535 -0.06433261682484552 -1.880681745206609 0.0
103 124 1656.0 1457.0 173.290091704 0.0 1.37 0.11477614927433706 0.10069169428972059 False True 0.004128634745769387 3.971506669421535 -0.06433261682484552 -1.880681745206609 0.0
103 125 1660.0 1461.0 174.71970007499996 0.0 1.37 0.11477614927433706 0.09702707362296985 False True 0.004128634745769387 3.971506669421535 -0.06433261682484552 -1.880681745206609 0.0
103 126 1672.0 1473.0 176.14546568499995 0.0 1.45 0.09702707362296985 0.09538876291897763 False True 0.004128634745769387 3.971506669421535 -0.06433261682484552 -1.880681745206609 0.0
103 127 1684.0 1485.0 177.58242484899992 0.0 1.45 0.09702707362296985 0.09387999041758854 False True 0.004128634745769387 3.971506669421535 -0.06433261682484552 -1.880681745206609 0.0
103 128 1696.0 1497.0 179.01202078199995 0.0 1.45 0.09702707362296985 0.09538876291897763 False True 0.004128634745769387 3.971506669421535 -0.06433261682484552 -1.880681745206609 0.0
103 129 1700.0 1501.0 180.43213001399997 0.0 1.46 0.09538876291897763 0.09702707362296985 False True 0.004128634745769387 3.971506669421535 -0.06433261682484552 -1.880681745206609 0.0
103 130 1704.0 1505.0 181.86133412699994 0.0 1.45 0.09702707362296985 0.09538876291897763 False True 0.004128634745769387 3.971506669421535 -0.06433261682484552 -1.880681745206609 0.0
103 131 1708.0 1509.0 183.29151477999997 0.0 1.45 0.09702707362296985 0.09125159764274608 False True 0.004128634745769387 3.971506669421535 -0.06433261682484552 -1.880681745206609 0.0
103 132 1720.0 1521.0 184.70976326999997 0.0 1.45 0.09702707362296985 0.09250089376603537 False True 0.004128634745769387 3.971506669421535 -0.06433261682484552 -1.880681745206609 0.0
103 133 1732.0 1533.0 186.13953993899995 0.0 1.46 0.09538876291897763 0.09013221374488754 False True 0.004128634745769387 3.971506669421535 -0.06433261682484552 -1.880681745206609 0.0
103 134 1744.0 1545.0 187.56942023399992 0.0 1.5 0.09013221374488754 0.0891428407771851 False True 0.004128634745769387 3.971506669421535 -0.06433261682484552 -1.880681745206609 0.0
103 135 1756.0 1557.0 188.98791743699988 0.0 1.37 0.11477614927433706 0.08755445743104046 False True 0.004128634745769387 3.971506669421535 -0.06433261682484552 -1.880681745206609 0.0
103 136 1768.0 1569.0 190.4157314899999 0.0 1.53 0.08755445743104046 0.08828356444205615 False True 0.004128634745769387 3.971506669421535 -0.06433261682484552 -1.880681745206609 0.0
103 137 1780.0 1581.0 191.84560474299988 0.0 1.53 0.08755445743104046 0.08695557941753285 False True 0.004128634745769387 3.971506669421535 -0.06433261682484552 -1.880681745206609 0.0
103 138 1792.0 1593.0 193.2748497659999 0.0 1.54 0.08695557941753285 0.08648697705080927 False True 0.004128634745769387 3.971506669421535 -0.06433261682484552 -1.880681745206609 0.0
103 139 1804.0 1605.0 194.69412488099985 0.0 1.53 0.08755445743104046 0.08695557941753285 False True 0.004128634745769387 3.971506669421535 -0.06433261682484552 -1.880681745206609 0.0
103 140 1808.0 1609.0 196.12332061999987 0.0 1.53 0.08755445743104046 0.08614868395136675 False True 0.004128634745769387 3.971506669421535 -0.06433261682484552 -1.880681745206609 0.0
103 141 1820.0 1621.0 197.55186334199985 0.0 1.53 0.08755445743104046 0.08594072070756138 False True 0.004128634745769387 3.971506669421535 -0.06433261682484552 -1.880681745206609 0.0
103 142 1832.0 1633.0 198.98372988799989 0.0 1.53 0.08755445743104046 0.0858630948735462 False True 0.004128634745769387 3.971506669421535 -0.06433261682484552 -1.880681745206609 0.0
103 143 1844.0 1645.0 200.41822020599992 0.0 1.53 0.08755445743104046 0.08591580096852107 False True 0.004128634745769387 3.971506669421535 -0.06433261682484552 -1.880681745206609 0.0
103 144 1856.0 1657.0 201.86153487099992 0.0 1.53 0.08755445743104046 0.0860988204772722 False True 0.004128634745769387 3.971506669421535 -0.06433261682484552 -1.880681745206609 0.0
103 145 1868.0 1669.0 203.3053095509999 0.0 1.56 0.08614868395136675 0.08755445743104046 False True 0.004128634745769387 3.971506669421535 -0.06433261682484552 -1.880681745206609 0.0
103 146 1872.0 1673.0 204.73852829699993 0.0 1.53 0.08755445743104046 0.08614868395136675 False True 0.004128634745769387 3.971506669421535 -0.06433261682484552 -1.880681745206609 0.0
103 147 1876.0 1677.0 206.17293458199995 0.0 1.56 0.08614868395136675 0.08641212185203377 False True 0.004128634745769387 3.971506669421535 -0.06433261682484552 -1.880681745206609 0.0
103 148 1888.0 1689.0 207.61604976799995 0.0 1.53 0.08755445743104046 0.08594072070756138 False True 0.004128634745769387 3.971506669421535 -0.06433261682484552 -1.880681745206609 0.0
103 149 1892.0 1693.0 209.049492265 0.0 1.53 0.08755445743104046 0.08742937886595493 False True 0.004128634745769387 3.971506669421535 -0.06433261682484552 -1.880681745206609 0.0
103 150 1904.0 1705.0 210.49485259900004 0.0 1.53 0.08755445743104046 0.08685566051563355 False True 0.004128634745769387 3.971506669421535 -0.06433261682484552 -1.880681745206609 0.0
103 151 1916.0 1717.0 211.93023011200003 0.0 1.56 0.08614868395136675 0.08813320628169677 False True 0.004128634745769387 3.971506669421535 -0.06433261682484552 -1.880681745206609 0.0
103 152 1928.0 1729.0 213.37741733900006 0.0 1.53 0.08755445743104046 0.08896705912943449 False True 0.004128634745769387 3.971506669421535 -0.06433261682484552 -1.880681745206609 0.0
103 153 1940.0 1741.0 214.80616277700003 0.0 1.56 0.08614868395136675 0.08993084077198375 False True 0.004128634745769387 3.971506669421535 -0.06433261682484552 -1.880681745206609 0.0
103 154 1952.0 1753.0 216.232866174 0.0 1.56 0.08614868395136675 0.08594072070756138 False True 0.004128634745769387 3.971506669421535 -0.06433261682484552 -1.880681745206609 0.0
103 155 1956.0 1757.0 217.64918492499996 0.0 1.56 0.08614868395136675 0.09224773893326017 False True 0.004128634745769387 3.971506669421535 -0.06433261682484552 -1.880681745206609 0.0
103 156 1968.0 1769.0 219.06520328499997 0.0 1.56 0.08614868395136675 0.09102444157806425 False True 0.004128634745769387 3.971506669421535 -0.06433261682484552 -1.880681745206609 0.0
103 157 1980.0 1781.0 220.491779902 0.0 1.68 0.09224773893326017 0.08614868395136675 False True 0.004128634745769387 3.971506669421535 -0.06433261682484552 -1.880681745206609 0.0
103 158 1984.0 1785.0 221.908713618 0.0 1.68 0.09224773893326017 0.09360059725228434 False True 0.004128634745769387 3.971506669421535 -0.06433261682484552 -1.880681745206609 0.0
103 159 1996.0 1797.0 223.336455647 0.0 1.68 0.09224773893326017 0.09508286799253664 False True 0.004128634745769387 3.971506669421535 -0.06433261682484552 -1.880681745206609 0.0
103 160 2008.0 1809.0 224.76657452000003 0.0 1.56 0.08614868395136675 0.09669438966895465 False True 0.004128634745769387 3.971506669421535 -0.06433261682484552 -1.880681745206609 0.0
103 161 2020.0 1821.0 226.19799752200007 0.0 1.56 0.08614868395136675 0.09224773893326017 False True 0.004128634745769387 3.971506669421535 -0.06433261682484552 -1.880681745206609 0.0
103 162 2024.0 1825.0 227.6302673060001 0.0 1.68 0.09224773893326017 0.0984349878701654 False True 0.004128634745769387 3.971506669421535 -0.06433261682484552 -1.880681745206609 0.0
103 163 2036.0 1837.0 229.0617977510001 0.0 1.68 0.09224773893326017 0.10030447527592358 False True 0.004128634745769387 3.971506669421535 -0.06433261682484552 -1.880681745206609 0.0
103 164 2048.0 1849.0 230.47628024600013 0.0 1.68 0.09224773893326017 0.10442930398943193 False True 0.004128634745769387 3.971506669421535 -0.06433261682484552 -1.880681745206609 0.0
103 165 2060.0 1861.0 231.91099402700016 0.0 1.68 0.09224773893326017 0.10230265167584632 False True 0.004128634745769387 3.971506669421535 -0.06433261682484552 -1.880681745206609 0.0
103 166 2072.0 1873.0 233.29748072500016 0.0 1.68 0.09224773893326017 0.10906711981411918 False True 0.004128634745769387 3.971506669421535 -0.06433261682484552 -1.880681745206609 0.0
103 167 2084.0 1885.0 234.72159555300013 0.0 1.68 0.09224773893326017 0.11421596154539497 False True 0.004128634745769387 3.971506669421535 -0.06433261682484552 -1.880681745206609 0.0
103 168 2096.0 1897.0 236.13355316400018 0.0 1.79 0.11421596154539497 0.11698134832903938 False True 0.004128634745769387 3.971506669421535 -0.06433261682484552 -1.880681745206609 0.0
103 169 2108.0 1909.0 237.5354969870002 0.0 1.79 0.11421596154539497 0.11157779301181635 False True 0.004128634745769387 3.971506669421535 -0.06433261682484552 -1.880681745206609 0.0
103 170 2120.0 1921.0 238.9482646120002 0.0 1.79 0.11421596154539497 0.11987366355388843 False True 0.004128634745769387 3.971506669421535 -0.06433261682484552 -1.880681745206609 0.0
103 171 2132.0 1933.0 240.36265962100018 0.0 1.79 0.11421596154539497 0.09224773893326017 False True 0.004128634745769387 3.971506669421535 -0.06433261682484552 -1.880681745206609 0.0
103 172 2136.0 1937.0 241.77601799600015 0.0 1.79 0.11421596154539497 0.08755445743104046 False True 0.004128634745769387 3.971506669421535 -0.06433261682484552 -1.880681745206609 0.0
103 173 2140.0 1941.0 243.18871547900014 0.0 1.56 0.08614868395136675 0.09360059725228434 False True 0.004128634745769387 3.971506669421535 -0.06433261682484552 -1.880681745206609 0.0
103 174 2144.0 1945.0 244.60126540000013 0.0 1.37 0.11477614927433706 0.10668420628736615 False True 0.004128634745769387 3.971506669421535 -0.06433261682484552 -1.880681745206609 0.0
103 175 2156.0 1957.0 246.00531552700014 0.0 1.5 0.09013221374488754 0.09102444157806425 False True 0.004128634745769387 3.971506669421535 -0.06433261682484552 -1.880681745206609 0.0
103 176 2160.0 1961.0 247.41891220700015 0.0 1.5 0.09013221374488754 0.12289260471701173 False True 0.004128634745769387 3.971506669421535 -0.06433261682484552 -1.880681745206609 0.0
103 177 2172.0 1973.0 248.8309754080001 0.0 1.37 0.11477614927433706 0.08896705912943449 False True 0.004128634745769387 3.971506669421535 -0.06433261682484552 -1.880681745206609 0.0
103 178 2176.0 1977.0 250.2430274640001 0.0 1.6500000000000001 0.08896705912943449 0.08755445743104046 False True 0.004128634745769387 3.971506669421535 -0.06433261682484552 -1.880681745206609 0.0
103 179 2180.0 1981.0 251.65741928000014 0.0 1.37 0.11477614927433706 0.09360059725228434 False True 0.004128634745769387 3.971506669421535 -0.06433261682484552 -1.880681745206609 0.0
103 180 2184.0 1985.0 253.07085332000017 0.0 1.69 0.09360059725228434 0.09224773893326017 False True 0.004128634745769387 3.971506669421535 -0.06433261682484552 -1.880681745206609 0.0
103 181 2188.0 1989.0 254.48538540100017 0.0 1.69 0.09360059725228434 0.09702707362296985 False True 0.004128634745769387 3.971506669421535 -0.06433261682484552 -1.880681745206609 0.0
103 182 2192.0 1993.0 255.89912630800015 0.0 1.56 0.08614868395136675 0.09702707362296985 False True 0.004128634745769387 3.971506669421535 -0.06433261682484552 -1.880681745206609 0.0
103 183 2196.0 1997.0 257.31202326000016 0.0 1.56 0.08614868395136675 0.08695557941753285 False True 0.004128634745769387 3.971506669421535 -0.06433261682484552 -1.880681745206609 0.0
