212 0 400.0 200.99999999999997 1.230320722000016 0.0 1.69 0.08914841577619423 0.08785990716138722 False True 0.00015265703510660667 2.4038875975167797 -0.21217521469494297 -0.9866771135548528 0.0
212 1 412.0 212.99999999999997 2.499990352000026 0.0 1.69 0.08914841577619423 0.09056018121492036 False True 0.00015265703510660667 2.4038875975167797 -0.21217521469494297 -0.9866771135548528 0.0
212 2 424.0 224.99999999999997 3.7653058960000294 0.0 1.7 0.09056018121492036 0.09209504967365933 False True 0.00015265703510660667 2.4038875975167797 -0.21217521469494297 -0.9866771135548528 0.0
212 3 436.0 236.99999999999997 5.0525078350000285 0.0 1.7 0.09056018121492036 0.09375285503704386 False True 0.00015265703510660667 2.4038875975167797 -0.21217521469494297 -0.9866771135548528 0.0
212 4 448.0 248.99999999999997 6.3165804890000175 0.0 1.7 0.09056018121492036 0.008209885966869454 False True 0.00015265703510660667 2.4038875975167797 -0.21217521469494297 -0.9866771135548528 0.0
212 5 460.0 261.0 7.591204615000009 0.0 7.9799999999999995 0.008209885966869454 0.009697370641482288 False True 0.00015265703510660667 2.4038875975167797 -0.21217521469494297 -0.9866771135548528 0.0
212 6 472.0 273.0 8.901080352999998 0.0 7.9799999999999995 0.008209885966869454 0.01130784564986646 False True 0.00015265703510660667 2.4038875975167797 -0.21217521469494297 -0.9866771135548528 0.0
212 7 484.0 285.0 10.174387247999988 0.0 8.0 0.01130784564986646 0.013041136496128885 False True 0.00015265703510660667 2.4038875975167797 -0.21217521469494297 -0.9866771135548528 0.0
212 8 496.0 297.0 11.449638427999986 0.0 8.0 0.01130784564986646 0.005604524084919657 False True 0.00015265703510660667 2.4038875975167797 -0.21217521469494297 -0.9866771135548528 0.0
212 9 508.0 309.0 12.737330619000005 0.0 8.0 0.01130784564986646 0.004486934304338432 False True 0.00015265703510660667 2.4038875975167797 -0.21217521469494297 -0.9866771135548528 0.0
212 10 520.0 321.0 14.033627179000007 0.0 8.0 0.01130784564986646 0.014897056401554459 False True 0.00015265703510660667 2.4038875975167797 -0.21217521469494297 -0.9866771135548528 0.0
212 11 532.0 333.0 15.308262319999983 0.0 7.9799999999999995 0.008209885966869454 0.016875406323276748 False True 0.00015265703510660667 2.4038875975167797 -0.21217521469494297 -0.9866771135548528 0.0
212 12 544.0 345.0 16.584336680999996 0.0 8.0 0.01130784564986646 0.005604524084919657 False True 0.00015265703510660667 2.4038875975167797 -0.21217521469494297 -0.9866771135548528 0.0
212 13 548.0 349.0 17.861004955999988 0.0 7.9799999999999995 0.008209885966869454 0.08669479684756105 False True 0.00015265703510660667 2.4038875975167797 -0.21217521469494297 -0.9866771135548528 0.0
212 14 560.0 361.0 19.14814806299998 0.0 8.0 0.01130784564986646 0.009697370641482288 False True 0.00015265703510660667 2.4038875975167797 -0.21217521469494297 -0.9866771135548528 0.0
212 15 564.0 365.0 20.430429491999973 0.0 7.99 0.009697370641482288 0.0856532139707887 False True 0.00015265703510660667 2.4038875975167797 -0.21217521469494297 -0.9866771135548528 0.0
212 16 576.0 377.0 21.715670709999984 0.0 7.99 0.009697370641482288 0.08473527531324078 False True 0.00015265703510660667 2.4038875975167797 -0.21217521469494297 -0.9866771135548528 0.0
212 17 588.0 389.0 22.991539210999974 0.0 1.7 0.09056018121492036 0.08394108529150487 False True 0.00015265703510660667 2.4038875975167797 -0.21217521469494297 -0.9866771135548528 0.0
212 18 600.0 401.0 24.267696410999974 0.0 1.69 0.08914841577619423 0.01897597497418591 False True 0.00015265703510660667 2.4038875975167797 -0.21217521469494297 -0.9866771135548528 0.0
212 19 612.0 413.0 25.542942547999985 0.0 8.0 0.01130784564986646 0.014897056401554459 False True 0.00015265703510660667 2.4038875975167797 -0.21217521469494297 -0.9866771135548528 0.0
212 20 616.0 417.0 26.817972163999997 0.0 8.0 0.01130784564986646 0.021198538844052844 False True 0.00015265703510660667 2.4038875975167797 -0.21217521469494297 -0.9866771135548528 0.0
212 21 628.0 429.0 28.102319715999982 0.0 8.0 0.01130784564986646 0.023542862221885084 False True 0.00015265703510660667 2.4038875975167797 -0.21217521469494297 -0.9866771135548528 0.0
212 22 640.0 441.0 29.38422530799997 0.0 8.0 0.01130784564986646 0.08327073594614634 False True 0.00015265703510660667 2.4038875975167797 -0.21217521469494297 -0.9866771135548528 0.0
212 23 652.0 453.0 30.668149036999978 0.0 1.6300000000000001 0.08327073594614634 0.08272430693250417 False True 0.00015265703510660667 2.4038875975167797 -0.21217521469494297 -0.9866771135548528 0.0
212 24 664.0 465.0 31.944076975999963 0.0 8.0 0.01130784564986646 0.08230186551272524 False True 0.00015265703510660667 2.4038875975167797 -0.21217521469494297 -0.9866771135548528 0.0
212 25 676.0 477.0 33.21961013999996 0.0 8.0 0.01130784564986646 0.08200346654903898 False True 0.00015265703510660667 2.4038875975167797 -0.21217521469494297 -0.9866771135548528 0.0
212 26 688.0 489.0 34.49475893099995 0.0 1.6300000000000001 0.08327073594614634 0.0818291524982715 False True 0.00015265703510660667 2.4038875975167797 -0.21217521469494297 -0.9866771135548528 0.0
212 27 700.0 501.0 35.76950336699994 0.0 1.69 0.08914841577619423 0.08177895340759588 False True 0.00015265703510660667 2.4038875975167797 -0.21217521469494297 -0.9866771135548528 0.0
212 28 712.0 513.0 37.05908470899996 0.0 8.0 0.01130784564986646 0.0818528869115361 False True 0.00015265703510660667 2.4038875975167797 -0.21217521469494297 -0.9866771135548528 0.0
212 29 724.0 525.0 38.33579102999997 0.0 8.0 0.01130784564986646 0.08205095823019401 False True 0.00015265703510660667 2.4038875975167797 -0.21217521469494297 -0.9866771135548528 0.0
212 30 736.0 537.0 39.60942474999996 0.0 1.56 0.08205095823019401 0.0823731601687354 False True 0.00015265703510660667 2.4038875975167797 -0.21217521469494297 -0.9866771135548528 0.0
212 31 748.0 549.0 40.906816918999965 0.0 1.56 0.08205095823019401 0.02600869721949452 False True 0.00015265703510660667 2.4038875975167797 -0.21217521469494297 -0.9866771135548528 0.0
212 32 760.0 561.0 42.19502284099997 0.0 1.56 0.08205095823019401 0.028595783796285787 False True 0.00015265703510660667 2.4038875975167797 -0.21217521469494297 -0.9866771135548528 0.0
212 33 772.0 573.0 43.466965003999945 0.0 1.56 0.08205095823019401 0.03130384978526204 False True 0.00015265703510660667 2.4038875975167797 -0.21217521469494297 -0.9866771135548528 0.0
212 34 784.0 585.0 44.74175256299995 0.0 1.56 0.08205095823019401 0.03413261092023816 False True 0.00015265703510660667 2.4038875975167797 -0.21217521469494297 -0.9866771135548528 0.0
212 35 796.0 597.0 46.02746727799996 0.0 1.56 0.08205095823019401 0.03708177086427023 False True 0.00015265703510660667 2.4038875975167797 -0.21217521469494297 -0.9866771135548528 0.0
212 36 808.0 609.0 47.304661599999946 0.0 8.11 0.03708177086427023 0.040151021239286946 False True 0.00015265703510660667 2.4038875975167797 -0.21217521469494297 -0.9866771135548528 0.0
212 37 820.0 621.0 48.59008449399997 0.0 8.11 0.03708177086427023 0.04334004165692621 False True 0.00015265703510660667 2.4038875975167797 -0.21217521469494297 -0.9866771135548528 0.0
212 38 832.0 633.0 49.864719691999966 0.0 8.11 0.03708177086427023 0.04664849975057816 False True 0.00015265703510660667 2.4038875975167797 -0.21217521469494297 -0.9866771135548528 0.0
212 39 844.0 645.0 51.14262130899996 0.0 8.11 0.03708177086427023 0.08205095823019401 False True 0.00015265703510660667 2.4038875975167797 -0.21217521469494297 -0.9866771135548528 0.0
212 40 848.0 649.0 52.432617912999945 0.0 1.56 0.08205095823019401 0.03708177086427023 False True 0.00015265703510660667 2.4038875975167797 -0.21217521469494297 -0.9866771135548528 0.0
212 41 852.0 653.0 53.725038645999945 0.0 1.56 0.08205095823019401 0.05007605120861351 False True 0.00015265703510660667 2.4038875975167797 -0.21217521469494297 -0.9866771135548528 0.0
212 42 864.0 665.0 55.030033740999926 0.0 1.56 0.08205095823019401 0.05362233980882267 False True 0.00015265703510660667 2.4038875975167797 -0.21217521469494297 -0.9866771135548528 0.0
212 43 876.0 677.0 56.34096994799992 0.0 8.11 0.03708177086427023 0.05728699745403141 False True 0.00015265703510660667 2.4038875975167797 -0.21217521469494297 -0.9866771135548528 0.0
212 44 888.0 689.0 57.631495075999936 0.0 8.11 0.03708177086427023 0.06106964420891299 False True 0.00015265703510660667 2.4038875975167797 -0.21217521469494297 -0.9866771135548528 0.0
212 45 900.0 701.0 58.935831624999935 0.0 1.56 0.08205095823019401 0.06496988833798231 False True 0.00015265703510660667 2.4038875975167797 -0.21217521469494297 -0.9866771135548528 0.0
212 46 912.0 713.0 60.230827441999935 0.0 8.11 0.03708177086427023 0.06898732634476558 False True 0.00015265703510660667 2.4038875975167797 -0.21217521469494297 -0.9866771135548528 0.0
212 47 924.0 725.0 61.532756572999915 0.0 1.56 0.08205095823019401 0.05007605120861351 False True 0.00015265703510660667 2.4038875975167797 -0.21217521469494297 -0.9866771135548528 0.0
212 48 928.0 729.0 62.823543147999914 0.0 1.56 0.08205095823019401 0.0731215430121498 False True 0.00015265703510660667 2.4038875975167797 -0.21217521469494297 -0.9866771135548528 0.0
212 49 940.0 741.0 64.11635927599991 0.0 8.15 0.05007605120861351 0.07737211144391218 False True 0.00015265703510660667 2.4038875975167797 -0.21217521469494297 -0.9866771135548528 0.0
212 50 952.0 753.0 65.42385395999992 0.0 8.15 0.05007605120861351 0.081738593107393 False True 0.00015265703510660667 2.4038875975167797 -0.21217521469494297 -0.9866771135548528 0.0
212 51 964.0 765.0 66.7308242629999 0.0 8.15 0.05007605120861351 0.08622053787736492 False True 0.00015265703510660667 2.4038875975167797 -0.21217521469494297 -0.9866771135548528 0.0
212 52 976.0 777.0 68.0372456989999 0.0 8.23 0.081738593107393 0.09081748408103581 False True 0.00015265703510660667 2.4038875975167797 -0.21217521469494297 -0.9866771135548528 0.0
212 53 988.0 789.0 69.34402724899988 0.0 8.25 0.09081748408103581 0.08205095823019401 False True 0.00015265703510660667 2.4038875975167797 -0.21217521469494297 -0.9866771135548528 0.0
212 54 992.0 793.0 70.64730618899986 0.0 1.69 0.08914841577619423 0.09552895854421829 False True 0.00015265703510660667 2.4038875975167797 -0.21217521469494297 -0.9866771135548528 0.0
212 55 1004.0 805.0 71.94364133999986 0.0 1.69 0.08914841577619423 0.10035447663864488 False True 0.00015265703510660667 2.4038875975167797 -0.21217521469494297 -0.9866771135548528 0.0
212 56 1016.0 817.0 73.24973581399988 0.0 1.69 0.08914841577619423 0.1052935423304322 False True 0.00015265703510660667 2.4038875975167797 -0.21217521469494297 -0.9866771135548528 0.0
212 57 1028.0 829.0 74.55615912599987 0.0 8.28 0.1052935423304322 0.08914841577619423 False True 0.00015265703510660667 2.4038875975167797 -0.21217521469494297 -0.9866771135548528 0.0
212 58 1032.0 833.0 75.88100883699988 0.0 1.69 0.08914841577619423 0.11034564822968423 False True 0.00015265703510660667 2.4038875975167797 -0.21217521469494297 -0.9866771135548528 0.0
212 59 1044.0 845.0 77.18382923299987 0.0 1.69 0.08914841577619423 0.11551027564122696 False True 0.00015265703510660667 2.4038875975167797 -0.21217521469494297 -0.9866771135548528 0.0
212 60 1056.0 857.0 78.48065600899989 0.0 1.69 0.08914841577619423 0.12078689461648315 False True 0.00015265703510660667 2.4038875975167797 -0.21217521469494297 -0.9866771135548528 0.0
212 61 1068.0 869.0 79.78659373499988 0.0 1.69 0.08914841577619423 0.12617496400645975 False True 0.00015265703510660667 2.4038875975167797 -0.21217521469494297 -0.9866771135548528 0.0
212 62 1080.0 881.0 81.0912929909999 0.0 1.69 0.08914841577619423 0.13167393151587004 False True 0.00015265703510660667 2.4038875975167797 -0.21217521469494297 -0.9866771135548528 0.0
212 63 1092.0 893.0 82.39863102399991 0.0 1.69 0.08914841577619423 0.1372832337583538 False True 0.00015265703510660667 2.4038875975167797 -0.21217521469494297 -0.9866771135548528 0.0
212 64 1104.0 905.0 83.6920902979999 0.0 1.69 0.08914841577619423 0.14300229631282488 False True 0.00015265703510660667 2.4038875975167797 -0.21217521469494297 -0.9866771135548528 0.0
212 65 1116.0 917.0 84.99771180699989 0.0 8.35 0.14300229631282488 0.09552895854421829 False True 0.00015265703510660667 2.4038875975167797 -0.21217521469494297 -0.9866771135548528 0.0
212 66 1120.0 921.0 86.30143758999989 0.0 8.35 0.14300229631282488 0.1488305337809055 False True 0.00015265703510660667 2.4038875975167797 -0.21217521469494297 -0.9866771135548528 0.0
212 67 1132.0 933.0 87.60677051399992 0.0 1.69 0.08914841577619423 0.14300229631282488 False True 0.00015265703510660667 2.4038875975167797 -0.21217521469494297 -0.9866771135548528 0.0
212 68 1136.0 937.0 88.9121286109999 0.0 8.15 0.05007605120861351 0.1052935423304322 False True 0.00015265703510660667 2.4038875975167797 -0.21217521469494297 -0.9866771135548528 0.0
212 69 1140.0 941.0 90.2189971899999 0.0 8.11 0.03708177086427023 0.1052935423304322 False True 0.00015265703510660667 2.4038875975167797 -0.21217521469494297 -0.9866771135548528 0.0
212 70 1144.0 945.0 91.5163868029999 0.0 8.11 0.03708177086427023 0.1052935423304322 False True 0.00015265703510660667 2.4038875975167797 -0.21217521469494297 -0.9866771135548528 0.0
212 71 1148.0 949.0 92.8226681219999 0.0 8.11 0.03708177086427023 0.1052935423304322 False True 0.00015265703510660667 2.4038875975167797 -0.21217521469494297 -0.9866771135548528 0.0
212 72 1152.0 953.0 94.12999094199989 0.0 8.11 0.03708177086427023 0.09553341889485431 False True 0.00015265703510660667 2.4038875975167797 -0.21217521469494297 -0.9866771135548528 0.0
212 73 1164.0 965.0 95.43745136599989 0.0 8.11 0.03708177086427023 0.1547673498454658 False True 0.00015265703510660667 2.4038875975167797 -0.21217521469494297 -0.9866771135548528 0.0
212 74 1176.0 977.0 96.74585600599991 0.0 8.11 0.03708177086427023 0.0034929096822995925 False True 0.00015265703510660667 2.4038875975167797 -0.21217521469494297 -0.9866771135548528 0.0
212 75 1188.0 989.0 98.05300510099991 0.0 8.11 0.03708177086427023 0.002622563063444504 False True 0.00015265703510660667 2.4038875975167797 -0.21217521469494297 -0.9866771135548528 0.0
212 76 1200.0 1001.0 99.36224577499993 0.0 8.11 0.03708177086427023 0.0018759949233745307 False True 0.00015265703510660667 2.4038875975167797 -0.21217521469494297 -0.9866771135548528 0.0
212 77 1212.0 1013.0 100.69044217299995 0.0 8.11 0.03708177086427023 0.0012532933586022514 False True 0.00015265703510660667 2.4038875975167797 -0.21217521469494297 -0.9866771135548528 0.0
212 78 1224.0 1025.0 101.99950226199996 0.0 8.11 0.03708177086427023 0.0007545340777398899 False True 0.00015265703510660667 2.4038875975167797 -0.21217521469494297 -0.9866771135548528 0.0
212 79 1236.0 1037.0 103.30754590599994 0.0 7.9 0.0007545340777398899 0.00037978039393488214 False True 0.00015265703510660667 2.4038875975167797 -0.21217521469494297 -0.9866771135548528 0.0
212 80 1248.0 1049.0 104.61576622399994 0.0 7.9 0.0007545340777398899 0.00012908321853053056 False True 0.00015265703510660667 2.4038875975167797 -0.21217521469494297 -0.9866771135548528 0.0
212 81 1260.0 1061.0 105.93974382399995 0.0 7.9 0.0007545340777398899 0.03708177086427023 False True 0.00015265703510660667 2.4038875975167797 -0.21217521469494297 -0.9866771135548528 0.0
212 82 1264.0 1065.0 107.25137992499995 0.0 7.9 0.0007545340777398899 2.481055981514518e-06 False True 0.00015265703510660667 2.4038875975167797 -0.21217521469494297 -0.9866771135548528 0.0
212 83 1276.0 1077.0 108.56320757899996 0.0 7.9 0.0007545340777398899 0.0 False True 0.00015265703510660667 2.4038875975167797 -0.21217521469494297 -0.9866771135548528 0.0
212 84 1288.0 1089.0 109.88130703999997 0.0 7.9 0.0007545340777398899 0.00012165373094668256 False True 0.00015265703510660667 2.4038875975167797 -0.21217521469494297 -0.9866771135548528 0.0
212 85 1300.0 1101.0 111.17808797899997 0.0 7.85 0.00012165373094668256 0.0003674435144678664 False True 0.00015265703510660667 2.4038875975167797 -0.21217521469494297 -0.9866771135548528 0.0
212 86 1312.0 1113.0 112.48443558699998 0.0 7.84 0.0003674435144678664 0.0007373582013598339 False True 0.00015265703510660667 2.4038875975167797 -0.21217521469494297 -0.9866771135548528 0.0
212 87 1324.0 1125.0 113.79333529399997 0.0 7.84 0.0003674435144678664 0.0012313742286946888 False True 0.00015265703510660667 2.4038875975167797 -0.21217521469494297 -0.9866771135548528 0.0
212 88 1336.0 1137.0 115.10075455299997 0.0 7.84 0.0003674435144678664 0.0018494556221646684 False True 0.00015265703510660667 2.4038875975167797 -0.21217521469494297 -0.9866771135548528 0.0
212 89 1348.0 1149.0 116.40995410199997 0.0 7.84 0.0003674435144678664 0.0025915539996912377 False True 0.00015265703510660667 2.4038875975167797 -0.21217521469494297 -0.9866771135548528 0.0
212 90 1360.0 1161.0 117.71647231099996 0.0 7.84 0.0003674435144678664 0.0034576085762559605 False True 0.00015265703510660667 2.4038875975167797 -0.21217521469494297 -0.9866771135548528 0.0
212 91 1372.0 1173.0 119.02544228499997 0.0 7.84 0.0003674435144678664 0.004447546169982919 False True 0.00015265703510660667 2.4038875975167797 -0.21217521469494297 -0.9866771135548528 0.0
212 92 1384.0 1185.0 120.33272557199996 0.0 7.85 0.00012165373094668256 0.0018494556221646684 False True 0.00015265703510660667 2.4038875975167797 -0.21217521469494297 -0.9866771135548528 0.0
212 93 1388.0 1189.0 121.62624893999995 0.0 7.85 0.00012165373094668256 0.005561281209455045 False True 0.00015265703510660667 2.4038875975167797 -0.21217521469494297 -0.9866771135548528 0.0
212 94 1400.0 1201.0 122.93406674499997 0.0 7.9 0.0007545340777398899 0.006798715742269857 False True 0.00015265703510660667 2.4038875975167797 -0.21217521469494297 -0.9866771135548528 0.0
212 95 1412.0 1213.0 124.23562718499997 0.0 7.9 0.0007545340777398899 0.008159739444840155 False True 0.00015265703510660667 2.4038875975167797 -0.21217521469494297 -0.9866771135548528 0.0
212 96 1424.0 1225.0 125.54850075199997 0.0 7.75 0.008159739444840155 0.009644229633419776 False True 0.00015265703510660667 2.4038875975167797 -0.21217521469494297 -0.9866771135548528 0.0
212 97 1436.0 1237.0 126.87260986800001 0.0 7.75 0.008159739444840155 0.011252051276376497 False True 0.00015265703510660667 2.4038875975167797 -0.21217521469494297 -0.9866771135548528 0.0
212 98 1448.0 1249.0 128.19579793100004 0.0 7.75 0.008159739444840155 0.012983057007694445 False True 0.00015265703510660667 2.4038875975167797 -0.21217521469494297 -0.9866771135548528 0.0
212 99 1460.0 1261.0 129.50355201500005 0.0 7.75 0.008159739444840155 0.014837087141708193 False True 0.00015265703510660667 2.4038875975167797 -0.21217521469494297 -0.9866771135548528 0.0
212 100 1472.0 1273.0 130.81224319400005 0.0 7.75 0.008159739444840155 0.016813969689075173 False True 0.00015265703510660667 2.4038875975167797 -0.21217521469494297 -0.9866771135548528 0.0
212 101 1484.0 1285.0 132.13059824400003 0.0 7.75 0.008159739444840155 0.018913520373973192 False True 0.00015265703510660667 2.4038875975167797 -0.21217521469494297 -0.9866771135548528 0.0
212 102 1496.0 1297.0 133.46061776400003 0.0 7.75 0.008159739444840155 0.016813969689075173 False True 0.00015265703510660667 2.4038875975167797 -0.21217521469494297 -0.9866771135548528 0.0
212 103 1500.0 1301.0 134.76954195700003 0.0 7.7 0.016813969689075173 0.008159739444840155 False True 0.00015265703510660667 2.4038875975167797 -0.21217521469494297 -0.9866771135548528 0.0
212 104 1504.0 1305.0 136.090676795 0.0 7.75 0.008159739444840155 0.016813969689075173 False True 0.00015265703510660667 2.4038875975167797 -0.21217521469494297 -0.9866771135548528 0.0
212 105 1508.0 1309.0 137.39977388999998 0.0 7.75 0.008159739444840155 0.021135542652525218 False True 0.00015265703510660667 2.4038875975167797 -0.21217521469494297 -0.9866771135548528 0.0
212 106 1520.0 1321.0 138.72009803499995 0.0 7.75 0.008159739444840155 0.016813969689075173 False True 0.00015265703510660667 2.4038875975167797 -0.21217521469494297 -0.9866771135548528 0.0
212 107 1524.0 1325.0 140.03205688999995 0.0 7.75 0.008159739444840155 0.02347982773245808 False True 0.00015265703510660667 2.4038875975167797 -0.21217521469494297 -0.9866771135548528 0.0
212 108 1536.0 1337.0 141.35149507399993 0.0 7.75 0.008159739444840155 0.025946154593978536 False True 0.00015265703510660667 2.4038875975167797 -0.21217521469494297 -0.9866771135548528 0.0
212 109 1548.0 1349.0 142.67200263599992 0.0 7.75 0.008159739444840155 0.02853429001187554 False True 0.00015265703510660667 2.4038875975167797 -0.21217521469494297 -0.9866771135548528 0.0
212 110 1560.0 1361.0 143.9668908219999 0.0 7.75 0.008159739444840155 0.016813969689075173 False True 0.00015265703510660667 2.4038875975167797 -0.21217521469494297 -0.9866771135548528 0.0
212 111 1564.0 1365.0 145.2755713049999 0.0 7.75 0.008159739444840155 0.031243988578846457 False True 0.00015265703510660667 2.4038875975167797 -0.21217521469494297 -0.9866771135548528 0.0
212 112 1576.0 1377.0 146.59535496799984 0.0 7.75 0.008159739444840155 0.03407499273003076 False True 0.00015265703510660667 2.4038875975167797 -0.21217521469494297 -0.9866771135548528 0.0
212 113 1588.0 1389.0 147.90007026899983 0.0 7.75 0.008159739444840155 0.03702703276877431 False True 0.00015265703510660667 2.4038875975167797 -0.21217521469494297 -0.9866771135548528 0.0
212 114 1600.0 1401.0 149.20898147099982 0.0 7.75 0.008159739444840155 0.04009982689359112 False True 0.00015265703510660667 2.4038875975167797 -0.21217521469494297 -0.9866771135548528 0.0
212 115 1612.0 1413.0 150.5299233379998 0.0 7.75 0.008159739444840155 0.043293081226349193 False True 0.00015265703510660667 2.4038875975167797 -0.21217521469494297 -0.9866771135548528 0.0
212 116 1624.0 1425.0 151.8476187059998 0.0 7.75 0.008159739444840155 0.018913520373973192 False True 0.00015265703510660667 2.4038875975167797 -0.21217521469494297 -0.9866771135548528 0.0
212 117 1628.0 1429.0 153.1619136799998 0.0 7.6899999999999995 0.018913520373973192 0.008159739444840155 False True 0.00015265703510660667 2.4038875975167797 -0.21217521469494297 -0.9866771135548528 0.0
212 118 1632.0 1433.0 154.47389667699983 0.0 7.75 0.008159739444840155 0.046606489841658154 False True 0.00015265703510660667 2.4038875975167797 -0.21217521469494297 -0.9866771135548528 0.0
212 119 1644.0 1445.0 155.80463929799984 0.0 7.75 0.008159739444840155 0.05003973479745675 False True 0.00015265703510660667 2.4038875975167797 -0.21217521469494297 -0.9866771135548528 0.0
212 120 1656.0 1457.0 157.12599863499983 0.0 7.75 0.008159739444840155 0.053592486166810976 False True 0.00015265703510660667 2.4038875975167797 -0.21217521469494297 -0.9866771135548528 0.0
212 121 1668.0 1469.0 158.44867204799985 0.0 7.75 0.008159739444840155 0.05726440207090651 False True 0.00015265703510660667 2.4038875975167797 -0.21217521469494297 -0.9866771135548528 0.0
212 122 1680.0 1481.0 159.78805794799987 0.0 7.75 0.008159739444840155 0.06105512871323527 False True 0.00015265703510660667 2.4038875975167797 -0.21217521469494297 -0.9866771135548528 0.0
212 123 1692.0 1493.0 161.11441089999985 0.0 7.75 0.008159739444840155 0.06496430041497406 False True 0.00015265703510660667 2.4038875975167797 -0.21217521469494297 -0.9866771135548528 0.0
212 124 1704.0 1505.0 162.4523834699999 0.0 7.75 0.008159739444840155 0.06899153965155404 False True 0.00015265703510660667 2.4038875975167797 -0.21217521469494297 -0.9866771135548528 0.0
212 125 1716.0 1517.0 163.7907498039999 0.0 7.75 0.008159739444840155 0.07313645709041343 False True 0.00015265703510660667 2.4038875975167797 -0.21217521469494297 -0.9866771135548528 0.0
212 126 1728.0 1529.0 165.11469997399988 0.0 7.75 0.008159739444840155 0.0773986516299301 False True 0.00015265703510660667 2.4038875975167797 -0.21217521469494297 -0.9866771135548528 0.0
212 127 1740.0 1541.0 166.43978651499984 0.0 7.75 0.008159739444840155 0.08177771043952621 False True 0.00015265703510660667 2.4038875975167797 -0.21217521469494297 -0.9866771135548528 0.0
212 128 1752.0 1553.0 167.76474522899989 0.0 7.75 0.008159739444840155 0.08627320900096284 False True 0.00015265703510660667 2.4038875975167797 -0.21217521469494297 -0.9866771135548528 0.0
212 129 1764.0 1565.0 169.08956892799992 0.0 7.75 0.008159739444840155 0.09088471115078015 False True 0.00015265703510660667 2.4038875975167797 -0.21217521469494297 -0.9866771135548528 0.0
212 130 1776.0 1577.0 170.42482828299987 0.0 7.75 0.008159739444840155 0.0956117691239185 False True 0.00015265703510660667 2.4038875975167797 -0.21217521469494297 -0.9866771135548528 0.0
212 131 1788.0 1589.0 171.7665372469999 0.0 7.75 0.008159739444840155 0.10045392359849316 False True 0.00015265703510660667 2.4038875975167797 -0.21217521469494297 -0.9866771135548528 0.0
212 132 1800.0 1601.0 173.10684669399987 0.0 7.75 0.008159739444840155 0.0773986516299301 False True 0.00015265703510660667 2.4038875975167797 -0.21217521469494297 -0.9866771135548528 0.0
212 133 1804.0 1605.0 174.4290481269999 0.0 7.75 0.008159739444840155 0.10541070374173109 False True 0.00015265703510660667 2.4038875975167797 -0.21217521469494297 -0.9866771135548528 0.0
212 134 1816.0 1617.0 175.75380784199993 0.0 7.75 0.008159739444840155 0.11048162725704574 False True 0.00015265703510660667 2.4038875975167797 -0.21217521469494297 -0.9866771135548528 0.0
212 135 1828.0 1629.0 177.11107810199994 0.0 7.75 0.008159739444840155 0.11566620043227188 False True 0.00015265703510660667 2.4038875975167797 -0.21217521469494297 -0.9866771135548528 0.0
212 136 1840.0 1641.0 178.44634723899995 0.0 7.75 0.008159739444840155 0.12096391818904062 False True 0.00015265703510660667 2.4038875975167797 -0.21217521469494297 -0.9866771135548528 0.0
212 137 1852.0 1653.0 179.78050800899993 0.0 7.75 0.008159739444840155 0.12637426413327255 False True 0.00015265703510660667 2.4038875975167797 -0.21217521469494297 -0.9866771135548528 0.0
212 138 1864.0 1665.0 181.10576033899994 0.0 7.75 0.008159739444840155 0.13189671060683417 False True 0.00015265703510660667 2.4038875975167797 -0.21217521469494297 -0.9866771135548528 0.0
212 139 1876.0 1677.0 182.43969692399995 0.0 7.75 0.008159739444840155 0.13753071874029046 False True 0.00015265703510660667 2.4038875975167797 -0.21217521469494297 -0.9866771135548528 0.0
212 140 1888.0 1689.0 183.76303193999993 0.0 7.75 0.008159739444840155 0.14327573850679984 False True 0.00015265703510660667 2.4038875975167797 -0.21217521469494297 -0.9866771135548528 0.0
212 141 1900.0 1701.0 185.09974611499993 0.0 7.75 0.008159739444840155 0.14913120877710725 False True 0.00015265703510660667 2.4038875975167797 -0.21217521469494297 -0.9866771135548528 0.0
212 142 1912.0 1713.0 186.42656744799993 0.0 7.55 0.06105512871323527 0.03407499273003076 False True 0.00015265703510660667 2.4038875975167797 -0.21217521469494297 -0.9866771135548528 0.0
212 143 1916.0 1717.0 187.75184976099987 0.0 7.84 0.0003674435144678664 0.15509655737567105 False True 0.00015265703510660667 2.4038875975167797 -0.21217521469494297 -0.9866771135548528 0.0
212 144 1928.0 1729.0 189.07114650399987 0.0 7.75 0.008159739444840155 0.16117120113786587 False True 0.00015265703510660667 2.4038875975167797 -0.21217521469494297 -0.9866771135548528 0.0
212 145 1940.0 1741.0 190.37592573899983 0.0 7.9 0.0007545340777398899 0.016813969689075173 False True 0.00015265703510660667 2.4038875975167797 -0.21217521469494297 -0.9866771135548528 0.0
212 146 1944.0 1745.0 191.6813368469998 0.0 7.75 0.008159739444840155 0.08177771043952621 False True 0.00015265703510660667 2.4038875975167797 -0.21217521469494297 -0.9866771135548528 0.0
212 147 1948.0 1749.0 192.98618619999982 0.0 7.75 0.008159739444840155 0.00012165373094668256 False True 0.00015265703510660667 2.4038875975167797 -0.21217521469494297 -0.9866771135548528 0.0
212 148 1952.0 1753.0 194.2895485179998 0.0 7.9 0.0007545340777398899 0.00012165373094668256 False True 0.00015265703510660667 2.4038875975167797 -0.21217521469494297 -0.9866771135548528 0.0
212 149 1956.0 1757.0 195.5940458109998 0.0 7.85 0.00012165373094668256 0.0773986516299301 False True 0.00015265703510660667 2.4038875975167797 -0.21217521469494297 -0.9866771135548528 0.0
212 150 1960.0 1761.0 196.90017661999977 0.0 7.75 0.008159739444840155 0.16735454596830823 False True 0.00015265703510660667 2.4038875975167797 -0.21217521469494297 -0.9866771135548528 0.0
212 151 1972.0 1773.0 198.20497983599975 0.0 7.75 0.008159739444840155 0.09081748408103581 False True 0.00015265703510660667 2.4038875975167797 -0.21217521469494297 -0.9866771135548528 0.0
212 152 1976.0 1777.0 199.52336703099976 0.0 7.6899999999999995 0.018913520373973192 0.009697370641482288 False True 0.00015265703510660667 2.4038875975167797 -0.21217521469494297 -0.9866771135548528 0.0
212 153 1980.0 1781.0 200.83236451399975 0.0 7.99 0.009697370641482288 0.014837087141708193 False True 0.00015265703510660667 2.4038875975167797 -0.21217521469494297 -0.9866771135548528 0.0
212 154 1984.0 1785.0 202.15143320099978 0.0 7.99 0.009697370641482288 0.17364598690025385 False True 0.00015265703510660667 2.4038875975167797 -0.21217521469494297 -0.9866771135548528 0.0
212 155 1996.0 1797.0 203.46980395399973 0.0 7.99 0.009697370641482288 0.18004490815611526 False True 0.00015265703510660667 2.4038875975167797 -0.21217521469494297 -0.9866771135548528 0.0
212 156 2008.0 1809.0 204.76143538899973 0.0 7.99 0.009697370641482288 0.18655068320901377 False True 0.00015265703510660667 2.4038875975167797 -0.21217521469494297 -0.9866771135548528 0.0
212 157 2020.0 1821.0 206.06262399199974 0.0 7.99 0.009697370641482288 0.19316267484545194 False True 0.00015265703510660667 2.4038875975167797 -0.21217521469494297 -0.9866771135548528 0.0
212 158 2032.0 1833.0 207.35163551899976 0.0 7.99 0.009697370641482288 0.19988023522902434 False True 0.00015265703510660667 2.4038875975167797 -0.21217521469494297 -0.9866771135548528 0.0
212 159 2044.0 1845.0 208.63892620499976 0.0 7.99 0.009697370641482288 0.2067027059652029 False True 0.00015265703510660667 2.4038875975167797 -0.21217521469494297 -0.9866771135548528 0.0
212 160 2056.0 1857.0 209.92937030399978 0.0 7.99 0.009697370641482288 0.2136294181671759 False True 0.00015265703510660667 2.4038875975167797 -0.21217521469494297 -0.9866771135548528 0.0
212 161 2068.0 1869.0 211.21985537199978 0.0 7.99 0.009697370641482288 0.22065969252273715 False True 0.00015265703510660667 2.4038875975167797 -0.21217521469494297 -0.9866771135548528 0.0
212 162 2080.0 1881.0 212.52077469899982 0.0 7.99 0.009697370641482288 0.22779283936221573 False True 0.00015265703510660667 2.4038875975167797 -0.21217521469494297 -0.9866771135548528 0.0
212 163 2092.0 1893.0 213.79421701299984 0.0 7.99 0.009697370641482288 0.23502815872744254 False True 0.00015265703510660667 2.4038875975167797 -0.21217521469494297 -0.9866771135548528 0.0
212 164 2104.0 1905.0 215.07136521999982 0.0 7.99 0.009697370641482288 0.24236494044174886 False True 0.00015265703510660667 2.4038875975167797 -0.21217521469494297 -0.9866771135548528 0.0
212 165 2116.0 1917.0 216.34127514299982 0.0 7.99 0.009697370641482288 0.24980246418097493 False True 0.00015265703510660667 2.4038875975167797 -0.21217521469494297 -0.9866771135548528 0.0
212 166 2128.0 1929.0 217.61167139999984 0.0 7.99 0.009697370641482288 0.2573399995455129 False True 0.00015265703510660667 2.4038875975167797 -0.21217521469494297 -0.9866771135548528 0.0
212 167 2140.0 1941.0 218.88161144099988 0.0 7.99 0.009697370641482288 0.26497680613334007 False True 0.00015265703510660667 2.4038875975167797 -0.21217521469494297 -0.9866771135548528 0.0
212 168 2152.0 1953.0 220.18053964999987 0.0 7.99 0.009697370641482288 0.2727121336140597 False True 0.00015265703510660667 2.4038875975167797 -0.21217521469494297 -0.9866771135548528 0.0
212 169 2164.0 1965.0 221.4460124149999 0.0 7.99 0.009697370641482288 0.2805452218039325 False True 0.00015265703510660667 2.4038875975167797 -0.21217521469494297 -0.9866771135548528 0.0
212 170 2176.0 1977.0 222.72507850399987 0.0 7.99 0.009697370641482288 0.28847530074189554 False True 0.00015265703510660667 2.4038875975167797 -0.21217521469494297 -0.9866771135548528 0.0
212 171 2188.0 1989.0 224.00197884499985 0.0 7.99 0.009697370641482288 0.2965015907665588 False True 0.00015265703510660667 2.4038875975167797 -0.21217521469494297 -0.9866771135548528 0.0
