298 0 400.0 200.99999999999997 1.1758923800000218 0.0 1.1400000000000001 0.22325235897810833 0.22922185321787694 False True 0.0058144464903652415 3.331123323944573 -0.12055072865809417 -1.530248979566546 0.0
298 1 412.0 212.99999999999997 2.4573115570000255 0.0 1.1400000000000001 0.22325235897810833 0.21740833607247248 False True 0.0058144464903652415 3.331123323944573 -0.12055072865809417 -1.530248979566546 0.0
298 2 424.0 224.99999999999997 3.729926603000024 0.0 1.1400000000000001 0.22325235897810833 0.21169035492761962 False True 0.0058144464903652415 3.331123323944573 -0.12055072865809417 -1.530248979566546 0.0
298 3 436.0 236.99999999999997 5.007568412000012 0.0 1.1600000000000001 0.21169035492761962 0.20609897336473804 False True 0.0058144464903652415 3.331123323944573 -0.12055072865809417 -1.530248979566546 0.0
298 4 448.0 248.99999999999997 6.284789222000001 0.0 1.17 0.20609897336473804 0.2006347365437679 False True 0.0058144464903652415 3.331123323944573 -0.12055072865809417 -1.530248979566546 0.0
298 5 460.0 261.0 7.5618666130000065 0.0 1.17 0.20609897336473804 0.2353162358166965 False True 0.0058144464903652415 3.331123323944573 -0.12055072865809417 -1.530248979566546 0.0
298 6 472.0 273.0 8.857211388000024 0.0 1.17 0.20609897336473804 0.1838202757388016 False True 0.0058144464903652415 3.331123323944573 -0.12055072865809417 -1.530248979566546 0.0
298 7 484.0 285.0 10.14503030100002 0.0 1.17 0.20609897336473804 0.18885586856706135 False True 0.0058144464903652415 3.331123323944573 -0.12055072865809417 -1.530248979566546 0.0
298 8 496.0 297.0 11.42340834800001 0.0 1.17 0.20609897336473804 0.19401922209469208 False True 0.0058144464903652415 3.331123323944573 -0.12055072865809417 -1.530248979566546 0.0
298 9 508.0 309.0 12.700925868000013 0.0 1.17 0.20609897336473804 0.17413442990915806 False True 0.0058144464903652415 3.331123323944573 -0.12055072865809417 -1.530248979566546 0.0
298 10 520.0 321.0 13.980487833000012 0.0 1.17 0.20609897336473804 0.18885586856706135 False True 0.0058144464903652415 3.331123323944573 -0.12055072865809417 -1.530248979566546 0.0
298 11 524.0 325.0 15.269359779000013 0.0 1.96 0.18885586856706135 0.20609897336473804 False True 0.0058144464903652415 3.331123323944573 -0.12055072865809417 -1.530248979566546 0.0
298 12 528.0 329.0 16.565750124000004 0.0 1.17 0.20609897336473804 0.18885586856706135 False True 0.0058144464903652415 3.331123323944573 -0.12055072865809417 -1.530248979566546 0.0
298 13 532.0 333.0 17.84314292100001 0.0 1.96 0.18885586856706135 0.19529817690887316 False True 0.0058144464903652415 3.331123323944573 -0.12055072865809417 -1.530248979566546 0.0
298 14 544.0 345.0 19.121499603000018 0.0 1.19 0.19529817690887316 0.20609897336473804 False True 0.0058144464903652415 3.331123323944573 -0.12055072865809417 -1.530248979566546 0.0
298 15 548.0 349.0 20.404087481000033 0.0 1.19 0.19529817690887316 0.19008981413522136 False True 0.0058144464903652415 3.331123323944573 -0.12055072865809417 -1.530248979566546 0.0
298 16 560.0 361.0 21.68825691400002 0.0 1.19 0.19529817690887316 0.18501015507698976 False True 0.0058144464903652415 3.331123323944573 -0.12055072865809417 -1.530248979566546 0.0
298 17 572.0 373.0 22.969465748000033 0.0 1.17 0.20609897336473804 0.18005969371670635 False True 0.0058144464903652415 3.331123323944573 -0.12055072865809417 -1.530248979566546 0.0
298 18 584.0 385.0 24.248842136000036 0.0 1.22 0.18005969371670635 0.17523891111582945 False True 0.0058144464903652415 3.331123323944573 -0.12055072865809417 -1.530248979566546 0.0
298 19 596.0 397.0 25.537900089000033 0.0 1.22 0.18005969371670635 0.17054827536665468 False True 0.0058144464903652415 3.331123323944573 -0.12055072865809417 -1.530248979566546 0.0
298 20 608.0 409.0 26.832680262000054 0.0 1.22 0.18005969371670635 0.20472707685634622 False True 0.0058144464903652415 3.331123323944573 -0.12055072865809417 -1.530248979566546 0.0
298 21 620.0 421.0 28.111186308000043 0.0 1.96 0.18885586856706135 0.1993098059048482 False True 0.0058144464903652415 3.331123323944573 -0.12055072865809417 -1.530248979566546 0.0
298 22 632.0 433.0 29.416280009000047 0.0 1.96 0.18885586856706135 0.21593944432416073 False True 0.0058144464903652415 3.331123323944573 -0.12055072865809417 -1.530248979566546 0.0
298 23 644.0 445.0 30.70746752000005 0.0 2.01 0.21593944432416073 0.21027047913799388 False True 0.0058144464903652415 3.331123323944573 -0.12055072865809417 -1.530248979566546 0.0
298 24 656.0 457.0 32.00238057900006 0.0 1.22 0.18005969371670635 0.2217333914316146 False True 0.0058144464903652415 3.331123323944573 -0.12055072865809417 -1.530248979566546 0.0
298 25 668.0 469.0 33.29726388200007 0.0 2.02 0.2217333914316146 0.22765172697763597 False True 0.0058144464903652415 3.331123323944573 -0.12055072865809417 -1.530248979566546 0.0
298 26 680.0 481.0 34.59214711600006 0.0 2.02 0.2217333914316146 0.23369384503934693 False True 0.0058144464903652415 3.331123323944573 -0.12055072865809417 -1.530248979566546 0.0
298 27 692.0 493.0 35.89686729500008 0.0 2.02 0.2217333914316146 0.2398591273143182 False True 0.0058144464903652415 3.331123323944573 -0.12055072865809417 -1.530248979566546 0.0
298 28 704.0 505.0 37.18991018400007 0.0 2.02 0.2217333914316146 0.18005969371670635 False True 0.0058144464903652415 3.331123323944573 -0.12055072865809417 -1.530248979566546 0.0
298 29 708.0 509.0 38.472497348000076 0.0 1.22 0.18005969371670635 0.2217333914316146 False True 0.0058144464903652415 3.331123323944573 -0.12055072865809417 -1.530248979566546 0.0
298 30 712.0 513.0 39.77620355500008 0.0 1.22 0.18005969371670635 0.16948517364883703 False True 0.0058144464903652415 3.331123323944573 -0.12055072865809417 -1.530248979566546 0.0
298 31 724.0 525.0 41.07758023700009 0.0 1.22 0.18005969371670635 0.16496567147034294 False True 0.0058144464903652415 3.331123323944573 -0.12055072865809417 -1.530248979566546 0.0
298 32 736.0 537.0 42.38074970800008 0.0 1.22 0.18005969371670635 0.16057638939888372 False True 0.0058144464903652415 3.331123323944573 -0.12055072865809417 -1.530248979566546 0.0
298 33 748.0 549.0 43.67465649500008 0.0 1.9000000000000001 0.16057638939888372 0.1563177804363545 False True 0.0058144464903652415 3.331123323944573 -0.12055072865809417 -1.530248979566546 0.0
298 34 760.0 561.0 44.96916612900009 0.0 1.9000000000000001 0.16057638939888372 0.15219028451604363 False True 0.0058144464903652415 3.331123323944573 -0.12055072865809417 -1.530248979566546 0.0
298 35 772.0 573.0 46.262432998000065 0.0 1.22 0.18005969371670635 0.1481943284586389 False True 0.0058144464903652415 3.331123323944573 -0.12055072865809417 -1.530248979566546 0.0
298 36 784.0 585.0 47.556131905000086 0.0 1.9100000000000001 0.16496567147034294 0.18005969371670635 False True 0.0058144464903652415 3.331123323944573 -0.12055072865809417 -1.530248979566546 0.0
298 37 788.0 589.0 48.849367027000085 0.0 1.9100000000000001 0.16496567147034294 0.2217333914316146 False True 0.0058144464903652415 3.331123323944573 -0.12055072865809417 -1.530248979566546 0.0
298 38 792.0 593.0 50.14229845400007 0.0 1.9100000000000001 0.16496567147034294 0.15219028451604363 False True 0.0058144464903652415 3.331123323944573 -0.12055072865809417 -1.530248979566546 0.0
298 39 796.0 597.0 51.439077325000085 0.0 1.8800000000000001 0.15219028451604363 0.2217333914316146 False True 0.0058144464903652415 3.331123323944573 -0.12055072865809417 -1.530248979566546 0.0
298 40 800.0 601.0 52.7326084310001 0.0 1.8800000000000001 0.15219028451604363 0.2217333914316146 False True 0.0058144464903652415 3.331123323944573 -0.12055072865809417 -1.530248979566546 0.0
298 41 804.0 605.0 54.0263535120001 0.0 1.8800000000000001 0.15219028451604363 0.1443303259295414 False True 0.0058144464903652415 3.331123323944573 -0.12055072865809417 -1.530248979566546 0.0
298 42 816.0 617.0 55.33160770900011 0.0 1.8800000000000001 0.15219028451604363 0.1405986773974993 False True 0.0058144464903652415 3.331123323944573 -0.12055072865809417 -1.530248979566546 0.0
298 43 828.0 629.0 56.62774027000012 0.0 1.8800000000000001 0.15219028451604363 0.13699977009457334 False True 0.0058144464903652415 3.331123323944573 -0.12055072865809417 -1.530248979566546 0.0
298 44 840.0 641.0 57.93352873100011 0.0 1.22 0.18005969371670635 0.1335339779773933 False True 0.0058144464903652415 3.331123323944573 -0.12055072865809417 -1.530248979566546 0.0
298 45 852.0 653.0 59.2440207890001 0.0 1.22 0.18005969371670635 0.22765172697763597 False True 0.0058144464903652415 3.331123323944573 -0.12055072865809417 -1.530248979566546 0.0
298 46 856.0 657.0 60.5530418590001 0.0 1.22 0.18005969371670635 0.1302016616897853 False True 0.0058144464903652415 3.331123323944573 -0.12055072865809417 -1.530248979566546 0.0
298 47 868.0 669.0 61.86452761100011 0.0 1.82 0.1302016616897853 0.1270031685266899 False True 0.0058144464903652415 3.331123323944573 -0.12055072865809417 -1.530248979566546 0.0
298 48 880.0 681.0 63.175128317000116 0.0 1.22 0.18005969371670635 0.1239388323994414 False True 0.0058144464903652415 3.331123323944573 -0.12055072865809417 -1.530248979566546 0.0
298 49 892.0 693.0 64.48663858300011 0.0 1.8 0.1239388323994414 0.12100897380237945 False True 0.0058144464903652415 3.331123323944573 -0.12055072865809417 -1.530248979566546 0.0
298 50 904.0 705.0 65.79755022600011 0.0 1.8 0.1239388323994414 0.11821389978079276 False True 0.0058144464903652415 3.331123323944573 -0.12055072865809417 -1.530248979566546 0.0
298 51 916.0 717.0 67.10751133700012 0.0 1.8 0.1239388323994414 0.11555390390021944 False True 0.0058144464903652415 3.331123323944573 -0.12055072865809417 -1.530248979566546 0.0
298 52 928.0 729.0 68.4165435890001 0.0 1.8 0.1239388323994414 0.11302926621709151 False True 0.0058144464903652415 3.331123323944573 -0.12055072865809417 -1.530248979566546 0.0
298 53 940.0 741.0 69.72538152400008 0.0 1.8 0.1239388323994414 0.11064025325072781 False True 0.0058144464903652415 3.331123323944573 -0.12055072865809417 -1.530248979566546 0.0
298 54 952.0 753.0 71.03467374300007 0.0 1.8 0.1239388323994414 0.25255664976872955 False True 0.0058144464903652415 3.331123323944573 -0.12055072865809417 -1.530248979566546 0.0
298 55 964.0 765.0 72.33166927800005 0.0 1.8 0.1239388323994414 0.24614694318238797 False True 0.0058144464903652415 3.331123323944573 -0.12055072865809417 -1.530248979566546 0.0
298 56 976.0 777.0 73.62500061100005 0.0 2.0599999999999996 0.24614694318238797 0.1239388323994414 False True 0.0058144464903652415 3.331123323944573 -0.12055072865809417 -1.530248979566546 0.0
298 57 980.0 781.0 74.91519572000004 0.0 2.0599999999999996 0.24614694318238797 0.25908759200813813 False True 0.0058144464903652415 3.331123323944573 -0.12055072865809417 -1.530248979566546 0.0
298 58 992.0 793.0 76.21324015200003 0.0 2.0599999999999996 0.24614694318238797 0.26573910271052714 False True 0.0058144464903652415 3.331123323944573 -0.12055072865809417 -1.530248979566546 0.0
298 59 1004.0 805.0 77.50210945000003 0.0 2.0599999999999996 0.24614694318238797 0.2725105026276611 False True 0.0058144464903652415 3.331123323944573 -0.12055072865809417 -1.530248979566546 0.0
298 60 1016.0 817.0 78.79233344900004 0.0 2.0599999999999996 0.24614694318238797 0.1239388323994414 False True 0.0058144464903652415 3.331123323944573 -0.12055072865809417 -1.530248979566546 0.0
298 61 1020.0 821.0 80.08242209100004 0.0 1.8 0.1239388323994414 0.24614694318238797 False True 0.0058144464903652415 3.331123323944573 -0.12055072865809417 -1.530248979566546 0.0
298 62 1024.0 825.0 81.37711778500002 0.0 1.8 0.1239388323994414 0.26573910271052714 False True 0.0058144464903652415 3.331123323944573 -0.12055072865809417 -1.530248979566546 0.0
298 63 1028.0 829.0 82.66771901300001 0.0 1.8 0.1239388323994414 0.2478772718000699 False True 0.0058144464903652415 3.331123323944573 -0.12055072865809417 -1.530248979566546 0.0
298 64 1040.0 841.0 83.97022332600002 0.0 1.8 0.1239388323994414 0.28641019323117606 False True 0.0058144464903652415 3.331123323944573 -0.12055072865809417 -1.530248979566546 0.0
298 65 1052.0 853.0 85.262404758 0.0 1.8 0.1239388323994414 0.2794011005210703 False True 0.0058144464903652415 3.331123323944573 -0.12055072865809417 -1.530248979566546 0.0
298 66 1064.0 865.0 86.555138051 0.0 1.8 0.1239388323994414 0.29353706574760724 False True 0.0058144464903652415 3.331123323944573 -0.12055072865809417 -1.530248979566546 0.0
298 67 1076.0 877.0 87.84877084800002 0.0 1.8 0.1239388323994414 0.30078099128069946 False True 0.0058144464903652415 3.331123323944573 -0.12055072865809417 -1.530248979566546 0.0
298 68 1088.0 889.0 89.15275813900001 0.0 1.8 0.1239388323994414 0.30814123133416993 False True 0.0058144464903652415 3.331123323944573 -0.12055072865809417 -1.530248979566546 0.0
298 69 1100.0 901.0 90.44580632200001 0.0 1.8 0.1239388323994414 0.2794011005210703 False True 0.0058144464903652415 3.331123323944573 -0.12055072865809417 -1.530248979566546 0.0
298 70 1104.0 905.0 91.73956765600002 0.0 1.8 0.1239388323994414 0.2794011005210703 False True 0.0058144464903652415 3.331123323944573 -0.12055072865809417 -1.530248979566546 0.0
298 71 1108.0 909.0 93.04333604200002 0.0 1.8 0.1239388323994414 0.10627009970144606 False True 0.0058144464903652415 3.331123323944573 -0.12055072865809417 -1.530248979566546 0.0
298 72 1120.0 921.0 94.33670214100002 0.0 1.8 0.1239388323994414 0.10428942423852176 False True 0.0058144464903652415 3.331123323944573 -0.12055072865809417 -1.530248979566546 0.0
298 73 1132.0 933.0 95.62511926600001 0.0 1.8 0.1239388323994414 0.10838711795668074 False True 0.0058144464903652415 3.331123323944573 -0.12055072865809417 -1.530248979566546 0.0
298 74 1144.0 945.0 96.89620390300001 0.0 1.8 0.1239388323994414 0.10244530368583467 False True 0.0058144464903652415 3.331123323944573 -0.12055072865809417 -1.530248979566546 0.0
298 75 1156.0 957.0 98.18270941000003 0.0 1.8 0.1239388323994414 0.10073793650453114 False True 0.0058144464903652415 3.331123323944573 -0.12055072865809417 -1.530248979566546 0.0
298 76 1168.0 969.0 99.45975627800004 0.0 1.8 0.1239388323994414 0.09916750747912793 False True 0.0058144464903652415 3.331123323944573 -0.12055072865809417 -1.530248979566546 0.0
298 77 1180.0 981.0 100.73600971300004 0.0 1.69 0.09916750747912793 0.09773418769903695 False True 0.0058144464903652415 3.331123323944573 -0.12055072865809417 -1.530248979566546 0.0
298 78 1192.0 993.0 102.02318563200006 0.0 1.69 0.09916750747912793 0.09643813454145277 False True 0.0058144464903652415 3.331123323944573 -0.12055072865809417 -1.530248979566546 0.0
298 79 1204.0 1005.0 103.30186378700009 0.0 1.69 0.09916750747912793 0.09527949165561882 False True 0.0058144464903652415 3.331123323944573 -0.12055072865809417 -1.530248979566546 0.0
298 80 1216.0 1017.0 104.5910750250001 0.0 1.69 0.09916750747912793 0.09425838894846256 False True 0.0058144464903652415 3.331123323944573 -0.12055072865809417 -1.530248979566546 0.0
298 81 1228.0 1029.0 105.88003277600009 0.0 1.69 0.09916750747912793 0.09337494257160192 False True 0.0058144464903652415 3.331123323944573 -0.12055072865809417 -1.530248979566546 0.0
298 82 1240.0 1041.0 107.15899514000009 0.0 1.69 0.09916750747912793 0.09262925490973296 False True 0.0058144464903652415 3.331123323944573 -0.12055072865809417 -1.530248979566546 0.0
298 83 1252.0 1053.0 108.44861402300009 0.0 1.69 0.09916750747912793 0.09337494257160192 False True 0.0058144464903652415 3.331123323944573 -0.12055072865809417 -1.530248979566546 0.0
298 84 1256.0 1057.0 109.72788690700011 0.0 1.69 0.09916750747912793 0.09337494257160192 False True 0.0058144464903652415 3.331123323944573 -0.12055072865809417 -1.530248979566546 0.0
298 85 1260.0 1061.0 111.02341300600011 0.0 1.6400000000000001 0.09337494257160192 0.09916750747912793 False True 0.0058144464903652415 3.331123323944573 -0.12055072865809417 -1.530248979566546 0.0
298 86 1264.0 1065.0 112.3112633580001 0.0 1.69 0.09916750747912793 0.09202141457039131 False True 0.0058144464903652415 3.331123323944573 -0.12055072865809417 -1.530248979566546 0.0
298 87 1276.0 1077.0 113.58949026100012 0.0 1.69 0.09916750747912793 0.09337494257160192 False True 0.0058144464903652415 3.331123323944573 -0.12055072865809417 -1.530248979566546 0.0
298 88 1280.0 1081.0 114.8781070490001 0.0 1.69 0.09916750747912793 0.09155149637509112 False True 0.0058144464903652415 3.331123323944573 -0.12055072865809417 -1.530248979566546 0.0
298 89 1292.0 1093.0 116.1663246330001 0.0 1.69 0.09916750747912793 0.09337494257160192 False True 0.0058144464903652415 3.331123323944573 -0.12055072865809417 -1.530248979566546 0.0
298 90 1296.0 1097.0 117.4437674880001 0.0 1.6400000000000001 0.09337494257160192 0.09121956135184393 False True 0.0058144464903652415 3.331123323944573 -0.12055072865809417 -1.530248979566546 0.0
298 91 1308.0 1109.0 118.7319335650001 0.0 1.6400000000000001 0.09337494257160192 0.09102565672905626 False True 0.0058144464903652415 3.331123323944573 -0.12055072865809417 -1.530248979566546 0.0
298 92 1320.0 1121.0 120.00699140800012 0.0 1.6400000000000001 0.09337494257160192 0.09096981593080228 False True 0.0058144464903652415 3.331123323944573 -0.12055072865809417 -1.530248979566546 0.0
298 93 1332.0 1133.0 121.29460668100012 0.0 1.6400000000000001 0.09337494257160192 0.09105205857349105 False True 0.0058144464903652415 3.331123323944573 -0.12055072865809417 -1.530248979566546 0.0
298 94 1344.0 1145.0 122.5720978270001 0.0 1.6400000000000001 0.09337494257160192 0.09127239046389413 False True 0.0058144464903652415 3.331123323944573 -0.12055072865809417 -1.530248979566546 0.0
298 95 1356.0 1157.0 123.85994752900012 0.0 1.6400000000000001 0.09337494257160192 0.09163080359857403 False True 0.0058144464903652415 3.331123323944573 -0.12055072865809417 -1.530248979566546 0.0
298 96 1368.0 1169.0 125.13674884000014 0.0 1.6400000000000001 0.09337494257160192 0.09212727616467899 False True 0.0058144464903652415 3.331123323944573 -0.12055072865809417 -1.530248979566546 0.0
298 97 1380.0 1181.0 126.42321562700013 0.0 1.6400000000000001 0.09337494257160192 0.0927617725421276 False True 0.0058144464903652415 3.331123323944573 -0.12055072865809417 -1.530248979566546 0.0
298 98 1392.0 1193.0 127.70014445100011 0.0 1.6400000000000001 0.09337494257160192 0.09353424330717092 False True 0.0058144464903652415 3.331123323944573 -0.12055072865809417 -1.530248979566546 0.0
298 99 1404.0 1205.0 128.9779127350001 0.0 1.8 0.1239388323994414 0.09444462523732958 False True 0.0058144464903652415 3.331123323944573 -0.12055072865809417 -1.530248979566546 0.0
298 100 1416.0 1217.0 130.26508899400014 0.0 1.8 0.1239388323994414 0.10627009970144606 False True 0.0058144464903652415 3.331123323944573 -0.12055072865809417 -1.530248979566546 0.0
298 101 1420.0 1221.0 131.55456054700014 0.0 1.8 0.1239388323994414 0.09549284131772305 False True 0.0058144464903652415 3.331123323944573 -0.12055072865809417 -1.530248979566546 0.0
298 102 1432.0 1233.0 132.84826679300014 0.0 1.8 0.1239388323994414 0.09667880074876924 False True 0.0058144464903652415 3.331123323944573 -0.12055072865809417 -1.530248979566546 0.0
298 103 1444.0 1245.0 134.14118307900017 0.0 1.8 0.1239388323994414 0.09800239895526373 False True 0.0058144464903652415 3.331123323944573 -0.12055072865809417 -1.530248979566546 0.0
298 104 1456.0 1257.0 135.44428136700017 0.0 1.8 0.1239388323994414 0.09946351759683311 False True 0.0058144464903652415 3.331123323944573 -0.12055072865809417 -1.530248979566546 0.0
298 105 1468.0 1269.0 136.7369972780002 0.0 1.47 0.09946351759683311 0.1010620245797803 False True 0.0058144464903652415 3.331123323944573 -0.12055072865809417 -1.530248979566546 0.0
298 106 1480.0 1281.0 138.0317254670002 0.0 1.47 0.09946351759683311 0.10279777407028175 False True 0.0058144464903652415 3.331123323944573 -0.12055072865809417 -1.530248979566546 0.0
298 107 1492.0 1293.0 139.33632033000018 0.0 1.45 0.10279777407028175 0.10467060650897553 False True 0.0058144464903652415 3.331123323944573 -0.12055072865809417 -1.530248979566546 0.0
298 108 1504.0 1305.0 140.63983571900016 0.0 1.44 0.10467060650897553 0.1239388323994414 False True 0.0058144464903652415 3.331123323944573 -0.12055072865809417 -1.530248979566546 0.0
298 109 1508.0 1309.0 141.93369295100015 0.0 1.8 0.1239388323994414 0.10668034862692329 False True 0.0058144464903652415 3.331123323944573 -0.12055072865809417 -1.530248979566546 0.0
298 110 1520.0 1321.0 143.22791351200013 0.0 1.43 0.10668034862692329 0.10882681346292387 False True 0.0058144464903652415 3.331123323944573 -0.12055072865809417 -1.530248979566546 0.0
298 111 1532.0 1333.0 144.53149814000008 0.0 1.43 0.10668034862692329 0.11110980038222536 False True 0.0058144464903652415 3.331123323944573 -0.12055072865809417 -1.530248979566546 0.0
298 112 1544.0 1345.0 145.8246214060001 0.0 1.43 0.10668034862692329 0.11352909509657404 False True 0.0058144464903652415 3.331123323944573 -0.12055072865809417 -1.530248979566546 0.0
298 113 1556.0 1357.0 147.11811841800008 0.0 1.4100000000000001 0.11110980038222536 0.10668034862692329 False True 0.0058144464903652415 3.331123323944573 -0.12055072865809417 -1.530248979566546 0.0
298 114 1560.0 1361.0 148.42183259700008 0.0 1.43 0.10668034862692329 0.11608446968565442 False True 0.0058144464903652415 3.331123323944573 -0.12055072865809417 -1.530248979566546 0.0
298 115 1572.0 1373.0 149.7308085710001 0.0 1.43 0.10668034862692329 0.1187756826198699 False True 0.0058144464903652415 3.331123323944573 -0.12055072865809417 -1.530248979566546 0.0
298 116 1584.0 1385.0 151.03525278800012 0.0 1.43 0.10668034862692329 0.12160247878450951 False True 0.0058144464903652415 3.331123323944573 -0.12055072865809417 -1.530248979566546 0.0
298 117 1596.0 1397.0 152.32940567000017 0.0 1.37 0.12160247878450951 0.12456458950524434 False True 0.0058144464903652415 3.331123323944573 -0.12055072865809417 -1.530248979566546 0.0
298 118 1608.0 1409.0 153.63279271200017 0.0 1.43 0.10668034862692329 0.12160247878450951 False True 0.0058144464903652415 3.331123323944573 -0.12055072865809417 -1.530248979566546 0.0
298 119 1612.0 1413.0 154.92674663100016 0.0 1.43 0.10668034862692329 0.12766173257500998 False True 0.0058144464903652415 3.331123323944573 -0.12055072865809417 -1.530248979566546 0.0
298 120 1624.0 1425.0 156.23113768000016 0.0 1.43 0.10668034862692329 0.13089361228221622 False True 0.0058144464903652415 3.331123323944573 -0.12055072865809417 -1.530248979566546 0.0
298 121 1636.0 1437.0 157.52600903200013 0.0 1.42 0.10882681346292387 0.11608446968565442 False True 0.0058144464903652415 3.331123323944573 -0.12055072865809417 -1.530248979566546 0.0
298 122 1640.0 1441.0 158.83061769000008 0.0 1.43 0.10668034862692329 0.10467060650897553 False True 0.0058144464903652415 3.331123323944573 -0.12055072865809417 -1.530248979566546 0.0
298 123 1644.0 1445.0 160.1248249340001 0.0 1.43 0.10668034862692329 0.1187756826198699 False True 0.0058144464903652415 3.331123323944573 -0.12055072865809417 -1.530248979566546 0.0
298 124 1648.0 1449.0 161.42913885900006 0.0 1.43 0.10668034862692329 0.11110980038222536 False True 0.0058144464903652415 3.331123323944573 -0.12055072865809417 -1.530248979566546 0.0
298 125 1652.0 1453.0 162.72264754500006 0.0 1.8 0.1239388323994414 0.12160247878450951 False True 0.0058144464903652415 3.331123323944573 -0.12055072865809417 -1.530248979566546 0.0
298 126 1656.0 1457.0 164.016446564 0.0 1.8 0.1239388323994414 0.09800239895526373 False True 0.0058144464903652415 3.331123323944573 -0.12055072865809417 -1.530248979566546 0.0
298 127 1660.0 1461.0 165.32052292399996 0.0 1.8 0.1239388323994414 0.137760331418742 False True 0.0058144464903652415 3.331123323944573 -0.12055072865809417 -1.530248979566546 0.0
298 128 1672.0 1473.0 166.61377578299997 0.0 1.8 0.1239388323994414 0.1342599194403182 False True 0.0058144464903652415 3.331123323944573 -0.12055072865809417 -1.530248979566546 0.0
298 129 1684.0 1485.0 167.90669866899995 0.0 1.8 0.1239388323994414 0.14139451217514423 False True 0.0058144464903652415 3.331123323944573 -0.12055072865809417 -1.530248979566546 0.0
298 130 1696.0 1497.0 169.20937366299992 0.0 1.8 0.1239388323994414 0.14906276899661064 False True 0.0058144464903652415 3.331123323944573 -0.12055072865809417 -1.530248979566546 0.0
298 131 1708.0 1509.0 170.5003884889999 0.0 1.8 0.1239388323994414 0.15309610622726097 False True 0.0058144464903652415 3.331123323944573 -0.12055072865809417 -1.530248979566546 0.0
298 132 1720.0 1521.0 171.7919743599999 0.0 1.8 0.1239388323994414 0.14516211228901188 False True 0.0058144464903652415 3.331123323944573 -0.12055072865809417 -1.530248979566546 0.0
298 133 1732.0 1533.0 173.0839834299999 0.0 1.8 0.1239388323994414 0.15726173464093873 False True 0.0058144464903652415 3.331123323944573 -0.12055072865809417 -1.530248979566546 0.0
298 134 1744.0 1545.0 174.38682019099988 0.0 1.8 0.1239388323994414 0.16155925166721274 False True 0.0058144464903652415 3.331123323944573 -0.12055072865809417 -1.530248979566546 0.0
298 135 1756.0 1557.0 175.6803255849999 0.0 1.8 0.1239388323994414 0.14906276899661064 False True 0.0058144464903652415 3.331123323944573 -0.12055072865809417 -1.530248979566546 0.0
298 136 1760.0 1561.0 176.98291975499987 0.0 1.8 0.1239388323994414 0.14906276899661064 False True 0.0058144464903652415 3.331123323944573 -0.12055072865809417 -1.530248979566546 0.0
298 137 1764.0 1565.0 178.27542629899986 0.0 1.43 0.10668034862692329 0.14906276899661064 False True 0.0058144464903652415 3.331123323944573 -0.12055072865809417 -1.530248979566546 0.0
298 138 1768.0 1569.0 179.56634161799988 0.0 1.8 0.1239388323994414 0.09212727616467899 False True 0.0058144464903652415 3.331123323944573 -0.12055072865809417 -1.530248979566546 0.0
298 139 1772.0 1573.0 180.87558495099992 0.0 1.8 0.1239388323994414 0.09212727616467899 False True 0.0058144464903652415 3.331123323944573 -0.12055072865809417 -1.530248979566546 0.0
298 140 1776.0 1577.0 182.19424571099992 0.0 1.8 0.1239388323994414 0.1342599194403182 False True 0.0058144464903652415 3.331123323944573 -0.12055072865809417 -1.530248979566546 0.0
298 141 1780.0 1581.0 183.49180807299993 0.0 1.8 0.1239388323994414 0.10627009970144606 False True 0.0058144464903652415 3.331123323944573 -0.12055072865809417 -1.530248979566546 0.0
298 142 1784.0 1585.0 184.81094489599994 0.0 1.8 0.1239388323994414 0.09105205857349105 False True 0.0058144464903652415 3.331123323944573 -0.12055072865809417 -1.530248979566546 0.0
298 143 1788.0 1589.0 186.11938205799996 0.0 1.8 0.1239388323994414 0.1010620245797803 False True 0.0058144464903652415 3.331123323944573 -0.12055072865809417 -1.530248979566546 0.0
298 144 1792.0 1593.0 187.42833461899997 0.0 1.8 0.1239388323994414 0.1010620245797803 False True 0.0058144464903652415 3.331123323944573 -0.12055072865809417 -1.530248979566546 0.0
298 145 1796.0 1597.0 188.73570887999998 0.0 1.8 0.1239388323994414 0.1010620245797803 False True 0.0058144464903652415 3.331123323944573 -0.12055072865809417 -1.530248979566546 0.0
298 146 1800.0 1601.0 190.04506075700002 0.0 1.8 0.1239388323994414 0.1010620245797803 False True 0.0058144464903652415 3.331123323944573 -0.12055072865809417 -1.530248979566546 0.0
298 147 1804.0 1605.0 191.352834861 0.0 1.8 0.1239388323994414 0.1010620245797803 False True 0.0058144464903652415 3.331123323944573 -0.12055072865809417 -1.530248979566546 0.0
298 148 1808.0 1609.0 192.645781508 0.0 1.46 0.1010620245797803 0.10668034862692329 False True 0.0058144464903652415 3.331123323944573 -0.12055072865809417 -1.530248979566546 0.0
298 149 1812.0 1613.0 193.92002233400004 0.0 1.43 0.10668034862692329 0.1010620245797803 False True 0.0058144464903652415 3.331123323944573 -0.12055072865809417 -1.530248979566546 0.0
298 150 1816.0 1617.0 195.20577342100003 0.0 1.43 0.10668034862692329 0.26573910271052714 False True 0.0058144464903652415 3.331123323944573 -0.12055072865809417 -1.530248979566546 0.0
298 151 1820.0 1621.0 196.48062780300003 0.0 1.8 0.1239388323994414 0.26573910271052714 False True 0.0058144464903652415 3.331123323944573 -0.12055072865809417 -1.530248979566546 0.0
298 152 1824.0 1625.0 197.76801884800003 0.0 2.09 0.26573910271052714 0.1239388323994414 False True 0.0058144464903652415 3.331123323944573 -0.12055072865809417 -1.530248979566546 0.0
298 153 1828.0 1629.0 199.06922244300003 0.0 1.8 0.1239388323994414 0.24153491130935947 False True 0.0058144464903652415 3.331123323944573 -0.12055072865809417 -1.530248979566546 0.0
298 154 1840.0 1641.0 200.36629769200002 0.0 1.8 0.1239388323994414 0.6603291996947492 False True 0.0058144464903652415 3.331123323944573 -0.12055072865809417 -1.530248979566546 0.0
298 155 1852.0 1653.0 201.665393034 0.0 1.8 0.1239388323994414 0.2794011005210703 False True 0.0058144464903652415 3.331123323944573 -0.12055072865809417 -1.530248979566546 0.0
298 156 1856.0 1657.0 202.95598457100002 0.0 1.8 0.1239388323994414 0.2794011005210703 False True 0.0058144464903652415 3.331123323944573 -0.12055072865809417 -1.530248979566546 0.0
298 157 1860.0 1661.0 204.246122874 0.0 1.8 0.1239388323994414 0.09916750747912793 False True 0.0058144464903652415 3.331123323944573 -0.12055072865809417 -1.530248979566546 0.0
298 158 1864.0 1665.0 205.537196567 0.0 1.69 0.09916750747912793 0.09946351759683311 False True 0.0058144464903652415 3.331123323944573 -0.12055072865809417 -1.530248979566546 0.0
298 159 1868.0 1669.0 206.839128564 0.0 1.8 0.1239388323994414 0.10279777407028175 False True 0.0058144464903652415 3.331123323944573 -0.12055072865809417 -1.530248979566546 0.0
298 160 1872.0 1673.0 208.13059555200002 0.0 1.8 0.1239388323994414 0.10627009970144606 False True 0.0058144464903652415 3.331123323944573 -0.12055072865809417 -1.530248979566546 0.0
298 161 1876.0 1677.0 209.41955663200005 0.0 1.8 0.1239388323994414 0.10627009970144606 False True 0.0058144464903652415 3.331123323944573 -0.12055072865809417 -1.530248979566546 0.0
298 162 1880.0 1681.0 210.69761031500005 0.0 1.6400000000000001 0.09337494257160192 0.10627009970144606 False True 0.0058144464903652415 3.331123323944573 -0.12055072865809417 -1.530248979566546 0.0
298 163 1884.0 1685.0 211.97184984700002 0.0 1.73 0.10627009970144606 0.10668034862692329 False True 0.0058144464903652415 3.331123323944573 -0.12055072865809417 -1.530248979566546 0.0
298 164 1888.0 1689.0 213.256478939 0.0 1.8 0.1239388323994414 0.12160247878450951 False True 0.0058144464903652415 3.331123323944573 -0.12055072865809417 -1.530248979566546 0.0
298 165 1892.0 1693.0 214.53078373000002 0.0 1.8 0.1239388323994414 0.12160247878450951 False True 0.0058144464903652415 3.331123323944573 -0.12055072865809417 -1.530248979566546 0.0
298 166 1896.0 1697.0 215.813994951 0.0 1.8 0.1239388323994414 0.24614694318238797 False True 0.0058144464903652415 3.331123323944573 -0.12055072865809417 -1.530248979566546 0.0
298 167 1900.0 1701.0 217.090088775 0.0 1.69 0.09916750747912793 0.10467060650897553 False True 0.0058144464903652415 3.331123323944573 -0.12055072865809417 -1.530248979566546 0.0
298 168 1904.0 1705.0 218.37635107999998 0.0 1.69 0.09916750747912793 0.10627009970144606 False True 0.0058144464903652415 3.331123323944573 -0.12055072865809417 -1.530248979566546 0.0
298 169 1908.0 1709.0 219.662668534 0.0 1.73 0.10627009970144606 0.09337494257160192 False True 0.0058144464903652415 3.331123323944573 -0.12055072865809417 -1.530248979566546 0.0
298 170 1912.0 1713.0 220.949433352 0.0 1.6400000000000001 0.09337494257160192 0.09102565672905626 False True 0.0058144464903652415 3.331123323944573 -0.12055072865809417 -1.530248979566546 0.0
298 171 1916.0 1717.0 222.22514044300002 0.0 1.6400000000000001 0.09337494257160192 0.10627009970144606 False True 0.0058144464903652415 3.331123323944573 -0.12055072865809417 -1.530248979566546 0.0
298 172 1920.0 1721.0 223.51151894 0.0 1.8 0.1239388323994414 0.6715865376974285 False True 0.0058144464903652415 3.331123323944573 -0.12055072865809417 -1.530248979566546 0.0
298 173 1932.0 1733.0 224.796690852 0.0 1.8 0.1239388323994414 0.26573910271052714 False True 0.0058144464903652415 3.331123323944573 -0.12055072865809417 -1.530248979566546 0.0
298 174 1936.0 1737.0 226.08100259299997 0.0 1.8 0.1239388323994414 0.6380630095896511 False True 0.0058144464903652415 3.331123323944573 -0.12055072865809417 -1.530248979566546 0.0
298 175 1948.0 1749.0 227.355727638 0.0 1.8 0.1239388323994414 0.7058421575350364 False True 0.0058144464903652415 3.331123323944573 -0.12055072865809417 -1.530248979566546 0.0
298 176 1960.0 1761.0 228.641475375 0.0 1.8 0.1239388323994414 0.6943441405906237 False True 0.0058144464903652415 3.331123323944573 -0.12055072865809417 -1.530248979566546 0.0
298 177 1972.0 1773.0 229.92631083899997 0.0 1.8 0.1239388323994414 0.7290709430501536 False True 0.0058144464903652415 3.331123323944573 -0.12055072865809417 -1.530248979566546 0.0
298 178 1984.0 1785.0 231.200347167 0.0 1.8 0.1239388323994414 0.10279777407028175 False True 0.0058144464903652415 3.331123323944573 -0.12055072865809417 -1.530248979566546 0.0
298 179 1988.0 1789.0 232.48666275999997 0.0 1.45 0.10279777407028175 0.1239388323994414 False True 0.0058144464903652415 3.331123323944573 -0.12055072865809417 -1.530248979566546 0.0
298 180 1992.0 1793.0 233.77277853499996 0.0 1.45 0.10279777407028175 0.2609305544055342 False True 0.0058144464903652415 3.331123323944573 -0.12055072865809417 -1.530248979566546 0.0
298 181 2004.0 1805.0 235.05781246399997 0.0 1.45 0.10279777407028175 0.2744709741959724 False True 0.0058144464903652415 3.331123323944573 -0.12055072865809417 -1.530248979566546 0.0
298 182 2016.0 1817.0 236.34447428299998 0.0 1.45 0.10279777407028175 0.2676401991290727 False True 0.0058144464903652415 3.331123323944573 -0.12055072865809417 -1.530248979566546 0.0
298 183 2028.0 1829.0 237.62063344199996 0.0 1.45 0.10279777407028175 0.2814222104940105 False True 0.0058144464903652415 3.331123323944573 -0.12055072865809417 -1.530248979566546 0.0
298 184 2040.0 1841.0 238.90367203099996 0.0 1.45 0.10279777407028175 0.2543426970232443 False True 0.0058144464903652415 3.331123323944573 -0.12055072865809417 -1.530248979566546 0.0
298 185 2052.0 1853.0 240.189346052 0.0 1.45 0.10279777407028175 0.1239388323994414 False True 0.0058144464903652415 3.331123323944573 -0.12055072865809417 -1.530248979566546 0.0
298 186 2056.0 1857.0 241.475523504 0.0 1.8 0.1239388323994414 0.10279777407028175 False True 0.0058144464903652415 3.331123323944573 -0.12055072865809417 -1.530248979566546 0.0
298 187 2060.0 1861.0 242.760647821 0.0 1.8 0.1239388323994414 0.29568333016564646 False True 0.0058144464903652415 3.331123323944573 -0.12055072865809417 -1.530248979566546 0.0
298 188 2072.0 1873.0 244.05269269 0.0 1.8 0.1239388323994414 0.3104179655322998 False True 0.0058144464903652415 3.331123323944573 -0.12055072865809417 -1.530248979566546 0.0
298 189 2084.0 1885.0 245.33159024999995 0.0 1.8 0.1239388323994414 0.28849322686355056 False True 0.0058144464903652415 3.331123323944573 -0.12055072865809417 -1.530248979566546 0.0
298 190 2096.0 1897.0 246.60755783199997 0.0 1.8 0.1239388323994414 0.30299181535136804 False True 0.0058144464903652415 3.331123323944573 -0.12055072865809417 -1.530248979566546 0.0
298 191 2108.0 1909.0 247.892783116 0.0 1.8 0.1239388323994414 0.12160247878450951 False True 0.0058144464903652415 3.331123323944573 -0.12055072865809417 -1.530248979566546 0.0
298 192 2112.0 1913.0 249.17911162 0.0 1.8 0.1239388323994414 0.11110980038222536 False True 0.0058144464903652415 3.331123323944573 -0.12055072865809417 -1.530248979566546 0.0
298 193 2116.0 1917.0 250.46384775299995 0.0 1.8 0.1239388323994414 0.11110980038222536 False True 0.0058144464903652415 3.331123323944573 -0.12055072865809417 -1.530248979566546 0.0
298 194 2120.0 1921.0 251.74992566899996 0.0 1.8 0.1239388323994414 0.11110980038222536 False True 0.0058144464903652415 3.331123323944573 -0.12055072865809417 -1.530248979566546 0.0
298 195 2124.0 1925.0 253.036216122 0.0 1.8 0.1239388323994414 0.11110980038222536 False True 0.0058144464903652415 3.331123323944573 -0.12055072865809417 -1.530248979566546 0.0
298 196 2128.0 1929.0 254.32280316 0.0 1.8 0.1239388323994414 0.3256203345600041 False True 0.0058144464903652415 3.331123323944573 -0.12055072865809417 -1.530248979566546 0.0
298 197 2140.0 1941.0 255.609238562 0.0 1.8 0.1239388323994414 0.33339506108358785 False True 0.0058144464903652415 3.331123323944573 -0.12055072865809417 -1.530248979566546 0.0
298 198 2152.0 1953.0 256.89661362699997 0.0 0.98 0.33339506108358785 0.34128446810523644 False True 0.0058144464903652415 3.331123323944573 -0.12055072865809417 -1.530248979566546 0.0
298 199 2164.0 1965.0 258.1849655 0.0 0.98 0.33339506108358785 0.1239388323994414 False True 0.0058144464903652415 3.331123323944573 -0.12055072865809417 -1.530248979566546 0.0
298 200 2168.0 1969.0 259.472408107 0.0 0.98 0.33339506108358785 0.1239388323994414 False True 0.0058144464903652415 3.331123323944573 -0.12055072865809417 -1.530248979566546 0.0
298 201 2172.0 1973.0 260.75751276399996 0.0 1.8 0.1239388323994414 0.3179610520522266 False True 0.0058144464903652415 3.331123323944573 -0.12055072865809417 -1.530248979566546 0.0
298 202 2184.0 1985.0 262.04247839799996 0.0 1.8 0.1239388323994414 0.33339506108358785 False True 0.0058144464903652415 3.331123323944573 -0.12055072865809417 -1.530248979566546 0.0
298 203 2188.0 1989.0 263.32782037799996 0.0 1.8 0.1239388323994414 0.12160247878450951 False True 0.0058144464903652415 3.331123323944573 -0.12055072865809417 -1.530248979566546 0.0
298 204 2192.0 1993.0 264.59719322999996 0.0 1.8 0.1239388323994414 0.32320764292831017 False True 0.0058144464903652415 3.331123323944573 -0.12055072865809417 -1.530248979566546 0.0
