195 0 400.0 200.99999999999997 1.1898579049999967 0.0 1.99 0.18878810261238224 0.19389992472618958 False True 0.007825540534069496 3.2122231640859638 -0.125810195872584 -1.4640904690442273 0.0
195 1 412.0 212.99999999999997 2.414794373999996 0.0 1.99 0.18878810261238224 0.1837925919062527 False True 0.007825540534069496 3.2122231640859638 -0.125810195872584 -1.4640904690442273 0.0
195 2 424.0 224.99999999999997 3.6260762529999937 0.0 1.99 0.18878810261238224 0.19912753407667652 False True 0.007825540534069496 3.2122231640859638 -0.125810195872584 -1.4640904690442273 0.0
195 3 436.0 236.99999999999997 4.766101294999999 0.0 1.99 0.18878810261238224 0.20447039491291188 False True 0.007825540534069496 3.2122231640859638 -0.125810195872584 -1.4640904690442273 0.0
195 4 448.0 248.99999999999997 5.927180741000001 0.0 2.01 0.19912753407667652 0.20992795995762156 False True 0.007825540534069496 3.2122231640859638 -0.125810195872584 -1.4640904690442273 0.0
195 5 460.0 261.0 7.068746098999995 0.0 2.01 0.19912753407667652 0.19136034610281671 False True 0.007825540534069496 3.2122231640859638 -0.125810195872584 -1.4640904690442273 0.0
195 6 472.0 273.0 8.314848666000003 0.0 7.31 0.19136034610281671 0.18468683869788868 False True 0.007825540534069496 3.2122231640859638 -0.125810195872584 -1.4640904690442273 0.0
195 7 484.0 285.0 9.534865178000018 0.0 7.32 0.18468683869788868 0.17812294000214196 False True 0.007825540534069496 3.2122231640859638 -0.125810195872584 -1.4640904690442273 0.0
195 8 496.0 297.0 10.672220107000015 0.0 7.32 0.18468683869788868 0.20503356157470448 False True 0.007825540534069496 3.2122231640859638 -0.125810195872584 -1.4640904690442273 0.0
195 9 508.0 309.0 11.854052543000023 0.0 7.32 0.18468683869788868 0.23289391635008047 False True 0.007825540534069496 3.2122231640859638 -0.125810195872584 -1.4640904690442273 0.0
195 10 520.0 321.0 12.985640128000028 0.0 7.32 0.18468683869788868 0.23891639375063536 False True 0.007825540534069496 3.2122231640859638 -0.125810195872584 -1.4640904690442273 0.0
195 11 532.0 333.0 14.101713984000014 0.0 7.32 0.18468683869788868 0.22118495626109103 False True 0.007825540534069496 3.2122231640859638 -0.125810195872584 -1.4640904690442273 0.0
195 12 544.0 345.0 15.269470909999995 0.0 1.99 0.18878810261238224 0.2269832358318088 False True 0.007825540534069496 3.2122231640859638 -0.125810195872584 -1.4640904690442273 0.0
195 13 556.0 357.0 16.447787970000007 0.0 2.0599999999999996 0.2269832358318088 0.21549967046189852 False True 0.007825540534069496 3.2122231640859638 -0.125810195872584 -1.4640904690442273 0.0
195 14 568.0 369.0 17.59093729600002 0.0 2.0599999999999996 0.2269832358318088 0.44488434400692645 False True 0.007825540534069496 3.2122231640859638 -0.125810195872584 -1.4640904690442273 0.0
195 15 580.0 381.0 18.708387405000025 0.0 2.0599999999999996 0.2269832358318088 0.46288625076982437 False True 0.007825540534069496 3.2122231640859638 -0.125810195872584 -1.4640904690442273 0.0
195 16 592.0 393.0 19.82634599200003 0.0 2.0599999999999996 0.2269832358318088 0.1716692926956154 False True 0.007825540534069496 3.2122231640859638 -0.125810195872584 -1.4640904690442273 0.0
195 17 604.0 405.0 20.943233656000018 0.0 1.99 0.18878810261238224 0.16532652843191775 False True 0.007825540534069496 3.2122231640859638 -0.125810195872584 -1.4640904690442273 0.0
195 18 616.0 417.0 22.048771253000012 0.0 1.99 0.18878810261238224 0.15909526777508864 False True 0.007825540534069496 3.2122231640859638 -0.125810195872584 -1.4640904690442273 0.0
195 19 628.0 429.0 23.164865729000013 0.0 1.99 0.18878810261238224 0.15297612013752074 False True 0.007825540534069496 3.2122231640859638 -0.125810195872584 -1.4640904690442273 0.0
195 20 640.0 441.0 24.269858889000005 0.0 1.99 0.18878810261238224 0.14696968371903088 False True 0.007825540534069496 3.2122231640859638 -0.125810195872584 -1.4640904690442273 0.0
195 21 652.0 453.0 25.384338576999994 0.0 1.99 0.18878810261238224 0.14107654544703105 False True 0.007825540534069496 3.2122231640859638 -0.125810195872584 -1.4640904690442273 0.0
195 22 664.0 465.0 26.503058011000007 0.0 7.39 0.14107654544703105 0.13529728091785032 False True 0.007825540534069496 3.2122231640859638 -0.125810195872584 -1.4640904690442273 0.0
195 23 676.0 477.0 27.62450323600001 0.0 7.39 0.14107654544703105 0.12963245433916123 False True 0.007825540534069496 3.2122231640859638 -0.125810195872584 -1.4640904690442273 0.0
195 24 688.0 489.0 28.949369941000015 0.0 7.39 0.14107654544703105 0.1240826184735686 False True 0.007825540534069496 3.2122231640859638 -0.125810195872584 -1.4640904690442273 0.0
195 25 700.0 501.0 30.128591194000023 0.0 1.99 0.18878810261238224 0.12963245433916123 False True 0.007825540534069496 3.2122231640859638 -0.125810195872584 -1.4640904690442273 0.0
195 26 704.0 505.0 31.26081951500001 0.0 7.4 0.13529728091785032 0.21203192973339255 False True 0.007825540534069496 3.2122231640859638 -0.125810195872584 -1.4640904690442273 0.0
195 27 716.0 517.0 32.365450657000025 0.0 7.4 0.13529728091785032 0.21913722691871057 False True 0.007825540534069496 3.2122231640859638 -0.125810195872584 -1.4640904690442273 0.0
195 28 728.0 529.0 33.482617515000015 0.0 7.27 0.21913722691871057 0.226348756304377 False True 0.007825540534069496 3.2122231640859638 -0.125810195872584 -1.4640904690442273 0.0
195 29 740.0 541.0 34.60659144800002 0.0 7.4 0.13529728091785032 0.23366581043960882 False True 0.007825540534069496 3.2122231640859638 -0.125810195872584 -1.4640904690442273 0.0
195 30 752.0 553.0 35.74794119300003 0.0 7.27 0.21913722691871057 0.24108767131986591 False True 0.007825540534069496 3.2122231640859638 -0.125810195872584 -1.4640904690442273 0.0
195 31 764.0 565.0 36.88612039800003 0.0 7.27 0.21913722691871057 0.11864831458332523 False True 0.007825540534069496 3.2122231640859638 -0.125810195872584 -1.4640904690442273 0.0
195 32 776.0 577.0 38.002637040000025 0.0 7.27 0.21913722691871057 0.11333007237621914 False True 0.007825540534069496 3.2122231640859638 -0.125810195872584 -1.4640904690442273 0.0
195 33 788.0 589.0 39.12387917700002 0.0 7.27 0.21913722691871057 0.10812840995258544 False True 0.007825540534069496 3.2122231640859638 -0.125810195872584 -1.4640904690442273 0.0
195 34 800.0 601.0 40.30057989100004 0.0 7.43 0.11864831458332523 0.10304383375351125 False True 0.007825540534069496 3.2122231640859638 -0.125810195872584 -1.4640904690442273 0.0
195 35 812.0 613.0 41.486469717000034 0.0 7.39 0.14107654544703105 0.09807683851018781 False True 0.007825540534069496 3.2122231640859638 -0.125810195872584 -1.4640904690442273 0.0
195 36 824.0 625.0 42.62408309800003 0.0 7.39 0.14107654544703105 0.09322790719443197 False True 0.007825540534069496 3.2122231640859638 -0.125810195872584 -1.4640904690442273 0.0
195 37 836.0 637.0 43.768404661000034 0.0 1.99 0.18878810261238224 0.08849751097039775 False True 0.007825540534069496 3.2122231640859638 -0.125810195872584 -1.4640904690442273 0.0
195 38 848.0 649.0 44.94422138500002 0.0 7.39 0.14107654544703105 0.2512942670945383 False True 0.007825540534069496 3.2122231640859638 -0.125810195872584 -1.4640904690442273 0.0
195 39 860.0 661.0 46.13904216100002 0.0 2.0999999999999996 0.2512942670945383 0.2576483992500733 False True 0.007825540534069496 3.2122231640859638 -0.125810195872584 -1.4640904690442273 0.0
195 40 872.0 673.0 47.302833136000004 0.0 2.0999999999999996 0.2512942670945383 0.2641118008386363 False True 0.007825540534069496 3.2122231640859638 -0.125810195872584 -1.4640904690442273 0.0
195 41 884.0 685.0 48.461548238999995 0.0 2.0999999999999996 0.2512942670945383 0.27068381251680557 False True 0.007825540534069496 3.2122231640859638 -0.125810195872584 -1.4640904690442273 0.0
195 42 896.0 697.0 49.60113802000001 0.0 2.0999999999999996 0.2512942670945383 0.27736376407894053 False True 0.007825540534069496 3.2122231640859638 -0.125810195872584 -1.4640904690442273 0.0
195 43 908.0 709.0 50.74510140699999 0.0 2.01 0.19912753407667652 0.28415097452419763 False True 0.007825540534069496 3.2122231640859638 -0.125810195872584 -1.4640904690442273 0.0
195 44 920.0 721.0 51.907058718 0.0 7.27 0.21913722691871057 0.29104475212463726 False True 0.007825540534069496 3.2122231640859638 -0.125810195872584 -1.4640904690442273 0.0
195 45 932.0 733.0 53.06599097 0.0 7.27 0.21913722691871057 0.29804439449438935 False True 0.007825540534069496 3.2122231640859638 -0.125810195872584 -1.4640904690442273 0.0
195 46 944.0 745.0 54.203182682999994 0.0 7.27 0.21913722691871057 0.17415254318805432 False True 0.007825540534069496 3.2122231640859638 -0.125810195872584 -1.4640904690442273 0.0
195 47 956.0 757.0 55.670766929999985 0.0 1.96 0.17415254318805432 0.16950899515242865 False True 0.007825540534069496 3.2122231640859638 -0.125810195872584 -1.4640904690442273 0.0
195 48 968.0 769.0 56.96984250899996 0.0 1.96 0.17415254318805432 0.1789139051464549 False True 0.007825540534069496 3.2122231640859638 -0.125810195872584 -1.4640904690442273 0.0
195 49 980.0 781.0 58.27908452599996 0.0 1.97 0.1789139051464549 0.16498373837836275 False True 0.007825540534069496 3.2122231640859638 -0.125810195872584 -1.4640904690442273 0.0
195 50 992.0 793.0 59.52113059599995 0.0 1.96 0.17415254318805432 0.16057723837431792 False True 0.007825540534069496 3.2122231640859638 -0.125810195872584 -1.4640904690442273 0.0
195 51 1004.0 805.0 60.71214595799995 0.0 1.96 0.17415254318805432 0.156289948771875 False True 0.007825540534069496 3.2122231640859638 -0.125810195872584 -1.4640904690442273 0.0
195 52 1016.0 817.0 62.02113922499993 0.0 1.96 0.17415254318805432 0.15212231128038126 False True 0.007825540534069496 3.2122231640859638 -0.125810195872584 -1.4640904690442273 0.0
195 53 1028.0 829.0 63.24370210299995 0.0 1.93 0.16057723837431792 0.1789139051464549 False True 0.007825540534069496 3.2122231640859638 -0.125810195872584 -1.4640904690442273 0.0
195 54 1032.0 833.0 64.44409228299995 0.0 1.93 0.16057723837431792 0.1480747556427712 False True 0.007825540534069496 3.2122231640859638 -0.125810195872584 -1.4640904690442273 0.0
195 55 1044.0 845.0 65.62474108199996 0.0 1.93 0.16057723837431792 0.1441476995925932 False True 0.007825540534069496 3.2122231640859638 -0.125810195872584 -1.4640904690442273 0.0
195 56 1056.0 857.0 66.78353019899996 0.0 1.93 0.16057723837431792 0.14034154881224178 False True 0.007825540534069496 3.2122231640859638 -0.125810195872584 -1.4640904690442273 0.0
195 57 1068.0 869.0 67.92450966199996 0.0 1.93 0.16057723837431792 0.13309352529262275 False True 0.007825540534069496 3.2122231640859638 -0.125810195872584 -1.4640904690442273 0.0
195 58 1080.0 881.0 69.06634353299995 0.0 1.93 0.16057723837431792 0.1366566968923893 False True 0.007825540534069496 3.2122231640859638 -0.125810195872584 -1.4640904690442273 0.0
195 59 1092.0 893.0 70.20371790899995 0.0 1.93 0.16057723837431792 0.1366566968923893 False True 0.007825540534069496 3.2122231640859638 -0.125810195872584 -1.4640904690442273 0.0
195 60 1096.0 897.0 71.40479909499993 0.0 1.93 0.16057723837431792 0.1480747556427712 False True 0.007825540534069496 3.2122231640859638 -0.125810195872584 -1.4640904690442273 0.0
195 61 1100.0 901.0 72.53319928299993 0.0 1.87 0.1366566968923893 0.156289948771875 False True 0.007825540534069496 3.2122231640859638 -0.125810195872584 -1.4640904690442273 0.0
195 62 1104.0 905.0 73.71159108099994 0.0 1.93 0.16057723837431792 0.17415254318805432 False True 0.007825540534069496 3.2122231640859638 -0.125810195872584 -1.4640904690442273 0.0
195 63 1108.0 909.0 74.94309971599992 0.0 1.93 0.16057723837431792 0.1263336880086233 False True 0.007825540534069496 3.2122231640859638 -0.125810195872584 -1.4640904690442273 0.0
195 64 1120.0 921.0 76.12725897299993 0.0 1.93 0.16057723837431792 0.12965240330329816 False True 0.007825540534069496 3.2122231640859638 -0.125810195872584 -1.4640904690442273 0.0
195 65 1132.0 933.0 77.28510216699993 0.0 1.93 0.16057723837431792 0.12313772425093 False True 0.007825540534069496 3.2122231640859638 -0.125810195872584 -1.4640904690442273 0.0
195 66 1144.0 945.0 78.42861126599993 0.0 1.83 0.12313772425093 0.12006484459621156 False True 0.007825540534069496 3.2122231640859638 -0.125810195872584 -1.4640904690442273 0.0
195 67 1156.0 957.0 79.56545762099992 0.0 1.83 0.12313772425093 0.11711536930084962 False True 0.007825540534069496 3.2122231640859638 -0.125810195872584 -1.4640904690442273 0.0
195 68 1168.0 969.0 80.72655691799991 0.0 1.93 0.16057723837431792 0.11428960627959692 False True 0.007825540534069496 3.2122231640859638 -0.125810195872584 -1.4640904690442273 0.0
195 69 1180.0 981.0 81.89130999299991 0.0 1.93 0.16057723837431792 0.11158785107478822 False True 0.007825540534069496 3.2122231640859638 -0.125810195872584 -1.4640904690442273 0.0
195 70 1192.0 993.0 83.05021090199992 0.0 1.93 0.16057723837431792 0.10901038682677977 False True 0.007825540534069496 3.2122231640859638 -0.125810195872584 -1.4640904690442273 0.0
195 71 1204.0 1005.0 84.2288113029999 0.0 1.96 0.17415254318805432 0.10655748424563971 False True 0.007825540534069496 3.2122231640859638 -0.125810195872584 -1.4640904690442273 0.0
195 72 1216.0 1017.0 85.3613603359999 0.0 1.96 0.17415254318805432 0.10422940158407815 False True 0.007825540534069496 3.2122231640859638 -0.125810195872584 -1.4640904690442273 0.0
195 73 1228.0 1029.0 86.48562189299989 0.0 1.96 0.17415254318805432 0.10202638461162045 False True 0.007825540534069496 3.2122231640859638 -0.125810195872584 -1.4640904690442273 0.0
195 74 1240.0 1041.0 87.82240389299989 0.0 1.96 0.17415254318805432 0.09994866659002916 False True 0.007825540534069496 3.2122231640859638 -0.125810195872584 -1.4640904690442273 0.0
195 75 1252.0 1053.0 89.07318105499988 0.0 1.74 0.09994866659002916 0.09799646824998265 False True 0.007825540534069496 3.2122231640859638 -0.125810195872584 -1.4640904690442273 0.0
195 76 1264.0 1065.0 90.28864975799988 0.0 1.74 0.09994866659002916 0.17415254318805432 False True 0.007825540534069496 3.2122231640859638 -0.125810195872584 -1.4640904690442273 0.0
195 77 1268.0 1069.0 91.46940678299987 0.0 1.96 0.17415254318805432 0.09616999776899805 False True 0.007825540534069496 3.2122231640859638 -0.125810195872584 -1.4640904690442273 0.0
195 78 1280.0 1081.0 92.63027392699988 0.0 1.72 0.09616999776899805 0.09446945075061522 False True 0.007825540534069496 3.2122231640859638 -0.125810195872584 -1.4640904690442273 0.0
195 79 1292.0 1093.0 93.78772277399989 0.0 1.76 0.10422940158407815 0.09289501020483866 False True 0.007825540534069496 3.2122231640859638 -0.125810195872584 -1.4640904690442273 0.0
195 80 1304.0 1105.0 94.9311955289999 0.0 1.74 0.09994866659002916 0.12313772425093 False True 0.007825540534069496 3.2122231640859638 -0.125810195872584 -1.4640904690442273 0.0
195 81 1308.0 1109.0 96.07422517999987 0.0 1.74 0.09994866659002916 0.09144684652983383 False True 0.007825540534069496 3.2122231640859638 -0.125810195872584 -1.4640904690442273 0.0
195 82 1320.0 1121.0 97.21527707799987 0.0 1.74 0.09994866659002916 0.09012511749489018 False True 0.007825540534069496 3.2122231640859638 -0.125810195872584 -1.4640904690442273 0.0
195 83 1332.0 1133.0 98.35569697899987 0.0 1.68 0.09012511749489018 0.08892996822464101 False True 0.007825540534069496 3.2122231640859638 -0.125810195872584 -1.4640904690442273 0.0
195 84 1344.0 1145.0 99.55451459099987 0.0 1.6700000000000002 0.08892996822464101 0.08786153118455466 False True 0.007825540534069496 3.2122231640859638 -0.125810195872584 -1.4640904690442273 0.0
195 85 1356.0 1157.0 100.75082025499987 0.0 1.6700000000000002 0.08892996822464101 0.08691992616768793 False True 0.007825540534069496 3.2122231640859638 -0.125810195872584 -1.4640904690442273 0.0
195 86 1368.0 1169.0 101.93459547899985 0.0 1.74 0.09994866659002916 0.08892996822464101 False True 0.007825540534069496 3.2122231640859638 -0.125810195872584 -1.4640904690442273 0.0
195 87 1372.0 1173.0 103.12747618599985 0.0 1.74 0.09994866659002916 0.08786153118455466 False True 0.007825540534069496 3.2122231640859638 -0.125810195872584 -1.4640904690442273 0.0
195 88 1376.0 1177.0 104.29503273599985 0.0 1.6600000000000001 0.08786153118455466 0.08610526028270421 False True 0.007825540534069496 3.2122231640859638 -0.125810195872584 -1.4640904690442273 0.0
195 89 1388.0 1189.0 105.51283667299987 0.0 1.6600000000000001 0.08786153118455466 0.08541762794316525 False True 0.007825540534069496 3.2122231640859638 -0.125810195872584 -1.4640904690442273 0.0
195 90 1400.0 1201.0 106.70915446399988 0.0 1.74 0.09994866659002916 0.0848571108580896 False True 0.007825540534069496 3.2122231640859638 -0.125810195872584 -1.4640904690442273 0.0
195 91 1412.0 1213.0 107.87340097999987 0.0 1.6600000000000001 0.08786153118455466 0.08442377802378158 False True 0.007825540534069496 3.2122231640859638 -0.125810195872584 -1.4640904690442273 0.0
195 92 1424.0 1225.0 109.07526354299986 0.0 1.68 0.09012511749489018 0.08411768571693246 False True 0.007825540534069496 3.2122231640859638 -0.125810195872584 -1.4640904690442273 0.0
195 93 1436.0 1237.0 110.34786219699984 0.0 1.68 0.09012511749489018 0.08393887748899327 False True 0.007825540534069496 3.2122231640859638 -0.125810195872584 -1.4640904690442273 0.0
195 94 1448.0 1249.0 111.60147914699982 0.0 1.6 0.08411768571693246 0.08388738416181542 False True 0.007825540534069496 3.2122231640859638 -0.125810195872584 -1.4640904690442273 0.0
195 95 1460.0 1261.0 112.76363865499982 0.0 1.58 0.08388738416181542 0.08396322382457744 False True 0.007825540534069496 3.2122231640859638 -0.125810195872584 -1.4640904690442273 0.0
195 96 1472.0 1273.0 113.94977204399981 0.0 1.58 0.08388738416181542 0.08416640183196619 False True 0.007825540534069496 3.2122231640859638 -0.125810195872584 -1.4640904690442273 0.0
195 97 1484.0 1285.0 115.1629439449998 0.0 1.58 0.08388738416181542 0.08449691080364977 False True 0.007825540534069496 3.2122231640859638 -0.125810195872584 -1.4640904690442273 0.0
195 98 1496.0 1297.0 116.36630153799979 0.0 1.58 0.08388738416181542 0.08495473062501038 False True 0.007825540534069496 3.2122231640859638 -0.125810195872584 -1.4640904690442273 0.0
195 99 1508.0 1309.0 117.6188482569998 0.0 1.74 0.09994866659002916 0.0848571108580896 False True 0.007825540534069496 3.2122231640859638 -0.125810195872584 -1.4640904690442273 0.0
195 100 1512.0 1313.0 118.85692372999978 0.0 1.62 0.0848571108580896 0.08442377802378158 False True 0.007825540534069496 3.2122231640859638 -0.125810195872584 -1.4640904690442273 0.0
195 101 1516.0 1317.0 120.1160861039998 0.0 1.6700000000000002 0.08892996822464101 0.08610526028270421 False True 0.007825540534069496 3.2122231640859638 -0.125810195872584 -1.4640904690442273 0.0
195 102 1520.0 1321.0 121.35054280099979 0.0 1.6400000000000001 0.08610526028270421 0.08625215870022 False True 0.007825540534069496 3.2122231640859638 -0.125810195872584 -1.4640904690442273 0.0
195 103 1532.0 1333.0 122.55193653799978 0.0 1.52 0.08625215870022 0.08709166307788396 False True 0.007825540534069496 3.2122231640859638 -0.125810195872584 -1.4640904690442273 0.0
195 104 1544.0 1345.0 123.73651379999978 0.0 1.52 0.08625215870022 0.085539828449159 False True 0.007825540534069496 3.2122231640859638 -0.125810195872584 -1.4640904690442273 0.0
195 105 1556.0 1357.0 124.89790968599979 0.0 1.52 0.08625215870022 0.08805827056324424 False True 0.007825540534069496 3.2122231640859638 -0.125810195872584 -1.4640904690442273 0.0
195 106 1568.0 1369.0 126.1106391629998 0.0 1.52 0.08625215870022 0.09037244723231355 False True 0.007825540534069496 3.2122231640859638 -0.125810195872584 -1.4640904690442273 0.0
195 107 1580.0 1381.0 127.27394807099981 0.0 1.52 0.08625215870022 0.08915189742589696 False True 0.007825540534069496 3.2122231640859638 -0.125810195872584 -1.4640904690442273 0.0
195 108 1592.0 1393.0 128.41166533699982 0.0 1.49 0.08915189742589696 0.08625215870022 False True 0.007825540534069496 3.2122231640859638 -0.125810195872584 -1.4640904690442273 0.0
195 109 1596.0 1397.0 129.56939903299983 0.0 1.49 0.08915189742589696 0.0917198108554801 False True 0.007825540534069496 3.2122231640859638 -0.125810195872584 -1.4640904690442273 0.0
195 110 1608.0 1409.0 130.84332808799982 0.0 1.52 0.08625215870022 0.08915189742589696 False True 0.007825540534069496 3.2122231640859638 -0.125810195872584 -1.4640904690442273 0.0
195 111 1612.0 1413.0 132.11616352199982 0.0 1.52 0.08625215870022 0.09037244723231355 False True 0.007825540534069496 3.2122231640859638 -0.125810195872584 -1.4640904690442273 0.0
195 112 1616.0 1417.0 133.3721788769998 0.0 1.52 0.08625215870022 0.09319386648582058 False True 0.007825540534069496 3.2122231640859638 -0.125810195872584 -1.4640904690442273 0.0
195 113 1628.0 1429.0 134.6067724919998 0.0 1.49 0.08915189742589696 0.08610526028270421 False True 0.007825540534069496 3.2122231640859638 -0.125810195872584 -1.4640904690442273 0.0
195 114 1632.0 1433.0 135.83876378899978 0.0 1.49 0.08915189742589696 0.09479447964336647 False True 0.007825540534069496 3.2122231640859638 -0.125810195872584 -1.4640904690442273 0.0
195 115 1644.0 1445.0 137.04401537799978 0.0 1.49 0.08915189742589696 0.09652150319120921 False True 0.007825540534069496 3.2122231640859638 -0.125810195872584 -1.4640904690442273 0.0
195 116 1656.0 1457.0 138.22363879199978 0.0 1.49 0.08915189742589696 0.09837477735021935 False True 0.007825540534069496 3.2122231640859638 -0.125810195872584 -1.4640904690442273 0.0
195 117 1668.0 1469.0 139.3844662619998 0.0 1.49 0.08915189742589696 0.10035412971501226 False True 0.007825540534069496 3.2122231640859638 -0.125810195872584 -1.4640904690442273 0.0
195 118 1680.0 1481.0 140.53919567599976 0.0 1.42 0.10035412971501226 0.10245937527120336 False True 0.007825540534069496 3.2122231640859638 -0.125810195872584 -1.4640904690442273 0.0
195 119 1692.0 1493.0 141.76139685799976 0.0 1.42 0.10035412971501226 0.10469031641389615 False True 0.007825540534069496 3.2122231640859638 -0.125810195872584 -1.4640904690442273 0.0
195 120 1704.0 1505.0 143.03307644799978 0.0 1.42 0.10035412971501226 0.10704674296745306 False True 0.007825540534069496 3.2122231640859638 -0.125810195872584 -1.4640904690442273 0.0
195 121 1716.0 1517.0 144.2346065319998 0.0 1.42 0.10035412971501226 0.11213514887822412 False True 0.007825540534069496 3.2122231640859638 -0.125810195872584 -1.4640904690442273 0.0
195 122 1728.0 1529.0 145.4313875339998 0.0 1.42 0.10035412971501226 0.10952843220650249 False True 0.007825540534069496 3.2122231640859638 -0.125810195872584 -1.4640904690442273 0.0
195 123 1740.0 1541.0 146.6265301499998 0.0 1.3800000000000001 0.10952843220650249 0.10035412971501226 False True 0.007825540534069496 3.2122231640859638 -0.125810195872584 -1.4640904690442273 0.0
195 124 1744.0 1545.0 147.8278610899998 0.0 1.42 0.10035412971501226 0.11486664522586021 False True 0.007825540534069496 3.2122231640859638 -0.125810195872584 -1.4640904690442273 0.0
195 125 1756.0 1557.0 149.0267019149998 0.0 1.49 0.08915189742589696 0.09037244723231355 False True 0.007825540534069496 3.2122231640859638 -0.125810195872584 -1.4640904690442273 0.0
195 126 1760.0 1561.0 150.21094617399982 0.0 1.52 0.08625215870022 0.10952843220650249 False True 0.007825540534069496 3.2122231640859638 -0.125810195872584 -1.4640904690442273 0.0
195 127 1764.0 1565.0 151.3917201249998 0.0 1.3800000000000001 0.10952843220650249 0.08915189742589696 False True 0.007825540534069496 3.2122231640859638 -0.125810195872584 -1.4640904690442273 0.0
195 128 1768.0 1569.0 152.6073556229998 0.0 1.3800000000000001 0.10952843220650249 0.4272513323809391 False True 0.007825540534069496 3.2122231640859638 -0.125810195872584 -1.4640904690442273 0.0
195 129 1780.0 1581.0 153.80747037699982 0.0 1.3800000000000001 0.10952843220650249 0.43602128842007026 False True 0.007825540534069496 3.2122231640859638 -0.125810195872584 -1.4640904690442273 0.0
195 130 1792.0 1593.0 155.00306432699986 0.0 1.3800000000000001 0.10952843220650249 0.40999416613378564 False True 0.007825540534069496 3.2122231640859638 -0.125810195872584 -1.4640904690442273 0.0
195 131 1804.0 1605.0 156.16544424999987 0.0 1.3800000000000001 0.10952843220650249 0.48124995485402694 False True 0.007825540534069496 3.2122231640859638 -0.125810195872584 -1.4640904690442273 0.0
195 132 1816.0 1617.0 157.42163119299985 0.0 1.3800000000000001 0.10952843220650249 0.31235841113119894 False True 0.007825540534069496 3.2122231640859638 -0.125810195872584 -1.4640904690442273 0.0
195 133 1828.0 1629.0 158.60156204299986 0.0 1.3800000000000001 0.10952843220650249 0.32708719488456584 False True 0.007825540534069496 3.2122231640859638 -0.125810195872584 -1.4640904690442273 0.0
195 134 1840.0 1641.0 159.73430979899987 0.0 1.3800000000000001 0.10952843220650249 0.31967132797430636 False True 0.007825540534069496 3.2122231640859638 -0.125810195872584 -1.4640904690442273 0.0
195 135 1852.0 1653.0 160.85886878699986 0.0 1.3800000000000001 0.10952843220650249 0.33460525726110335 False True 0.007825540534069496 3.2122231640859638 -0.125810195872584 -1.4640904690442273 0.0
195 136 1864.0 1665.0 162.00369963199987 0.0 1.3800000000000001 0.10952843220650249 0.30514918865989327 False True 0.007825540534069496 3.2122231640859638 -0.125810195872584 -1.4640904690442273 0.0
195 137 1876.0 1677.0 163.16040107199987 0.0 1.3800000000000001 0.10952843220650249 0.3499448989821775 False True 0.007825540534069496 3.2122231640859638 -0.125810195872584 -1.4640904690442273 0.0
195 138 1888.0 1689.0 164.29644924399983 0.0 1.3800000000000001 0.10952843220650249 0.34222475028228166 False True 0.007825540534069496 3.2122231640859638 -0.125810195872584 -1.4640904690442273 0.0
195 139 1900.0 1701.0 165.43528118899982 0.0 1.3800000000000001 0.10952843220650249 0.3577649183280903 False True 0.007825540534069496 3.2122231640859638 -0.125810195872584 -1.4640904690442273 0.0
195 140 1912.0 1713.0 166.56209039499984 0.0 1.49 0.08915189742589696 0.09652150319120921 False True 0.007825540534069496 3.2122231640859638 -0.125810195872584 -1.4640904690442273 0.0
195 141 1916.0 1717.0 167.69984926199984 0.0 1.3800000000000001 0.10952843220650249 0.08786153118455466 False True 0.007825540534069496 3.2122231640859638 -0.125810195872584 -1.4640904690442273 0.0
195 142 1920.0 1721.0 168.82297680499985 0.0 1.6600000000000001 0.08786153118455466 0.0848571108580896 False True 0.007825540534069496 3.2122231640859638 -0.125810195872584 -1.4640904690442273 0.0
195 143 1924.0 1725.0 169.95364663099988 0.0 1.62 0.0848571108580896 0.09012511749489018 False True 0.007825540534069496 3.2122231640859638 -0.125810195872584 -1.4640904690442273 0.0
195 144 1928.0 1729.0 171.07560164399987 0.0 1.68 0.09012511749489018 0.3737013789652188 False True 0.007825540534069496 3.2122231640859638 -0.125810195872584 -1.4640904690442273 0.0
195 145 1940.0 1741.0 172.19870308499983 0.0 1.68 0.09012511749489018 0.36568401329902994 False True 0.007825540534069496 3.2122231640859638 -0.125810195872584 -1.4640904690442273 0.0
195 146 1952.0 1753.0 173.31895680599982 0.0 1.68 0.09012511749489018 0.38181620056860227 False True 0.007825540534069496 3.2122231640859638 -0.125810195872584 -1.4640904690442273 0.0
195 147 1964.0 1765.0 174.43962105499983 0.0 1.68 0.09012511749489018 0.39833490390305676 False True 0.007825540534069496 3.2122231640859638 -0.125810195872584 -1.4640904690442273 0.0
195 148 1976.0 1777.0 175.57165148499982 0.0 1.68 0.09012511749489018 0.156289948771875 False True 0.007825540534069496 3.2122231640859638 -0.125810195872584 -1.4640904690442273 0.0
195 149 1980.0 1781.0 177.0750515619998 0.0 1.9200000000000002 0.156289948771875 0.08442377802378158 False True 0.007825540534069496 3.2122231640859638 -0.125810195872584 -1.4640904690442273 0.0
195 150 1984.0 1785.0 178.4046735109998 0.0 1.61 0.08442377802378158 0.156289948771875 False True 0.007825540534069496 3.2122231640859638 -0.125810195872584 -1.4640904690442273 0.0
195 151 1988.0 1789.0 179.6777358269998 0.0 1.9200000000000002 0.156289948771875 0.08442377802378158 False True 0.007825540534069496 3.2122231640859638 -0.125810195872584 -1.4640904690442273 0.0
195 152 1992.0 1793.0 180.95018560899982 0.0 1.61 0.08442377802378158 0.156289948771875 False True 0.007825540534069496 3.2122231640859638 -0.125810195872584 -1.4640904690442273 0.0
195 153 1996.0 1797.0 182.32428216799977 0.0 1.9200000000000002 0.156289948771875 0.08442377802378158 False True 0.007825540534069496 3.2122231640859638 -0.125810195872584 -1.4640904690442273 0.0
195 154 2000.0 1801.0 183.63313047999978 0.0 1.9200000000000002 0.156289948771875 0.08541762794316525 False True 0.007825540534069496 3.2122231640859638 -0.125810195872584 -1.4640904690442273 0.0
195 155 2004.0 1805.0 184.90235907299976 0.0 1.9200000000000002 0.156289948771875 0.08541762794316525 False True 0.007825540534069496 3.2122231640859638 -0.125810195872584 -1.4640904690442273 0.0
195 156 2008.0 1809.0 186.13931224699976 0.0 1.93 0.16057723837431792 0.39002765360429575 False True 0.007825540534069496 3.2122231640859638 -0.125810195872584 -1.4640904690442273 0.0
195 157 2020.0 1821.0 187.37978870399976 0.0 1.52 0.08625215870022 0.09037244723231355 False True 0.007825540534069496 3.2122231640859638 -0.125810195872584 -1.4640904690442273 0.0
195 158 2024.0 1825.0 188.57831782899976 0.0 1.52 0.08625215870022 0.07939414913426121 False True 0.007825540534069496 3.2122231640859638 -0.125810195872584 -1.4640904690442273 0.0
195 159 2036.0 1837.0 189.77787468499977 0.0 1.52 0.08625215870022 0.07502206639401407 False True 0.007825540534069496 3.2122231640859638 -0.125810195872584 -1.4640904690442273 0.0
195 160 2048.0 1849.0 190.9384670499998 0.0 7.52 0.07502206639401407 0.07077028440091863 False True 0.007825540534069496 3.2122231640859638 -0.125810195872584 -1.4640904690442273 0.0
195 161 2060.0 1861.0 192.11067322999978 0.0 7.52 0.07502206639401407 0.06663921459782744 False True 0.007825540534069496 3.2122231640859638 -0.125810195872584 -1.4640904690442273 0.0
195 162 2072.0 1873.0 193.32555043099975 0.0 7.52 0.07502206639401407 0.08388610914745517 False True 0.007825540534069496 3.2122231640859638 -0.125810195872584 -1.4640904690442273 0.0
195 163 2084.0 1885.0 194.50724537899973 0.0 7.52 0.07502206639401407 0.08388610914745517 False True 0.007825540534069496 3.2122231640859638 -0.125810195872584 -1.4640904690442273 0.0
195 164 2088.0 1889.0 195.7113444919997 0.0 7.52 0.07502206639401407 0.05874079693067587 False True 0.007825540534069496 3.2122231640859638 -0.125810195872584 -1.4640904690442273 0.0
195 165 2100.0 1901.0 196.9050281279997 0.0 7.56 0.05874079693067587 0.054974211431329884 False True 0.007825540534069496 3.2122231640859638 -0.125810195872584 -1.4640904690442273 0.0
195 166 2112.0 1913.0 198.0500601619997 0.0 7.56 0.05874079693067587 0.06262925635510187 False True 0.007825540534069496 3.2122231640859638 -0.125810195872584 -1.4640904690442273 0.0
195 167 2124.0 1925.0 199.26318150499972 0.0 7.52 0.07502206639401407 0.05132986277517856 False True 0.007825540534069496 3.2122231640859638 -0.125810195872584 -1.4640904690442273 0.0
195 168 2136.0 1937.0 200.48075610299972 0.0 7.52 0.07502206639401407 0.047808101655379964 False True 0.007825540534069496 3.2122231640859638 -0.125810195872584 -1.4640904690442273 0.0
195 169 2148.0 1949.0 201.66057064199973 0.0 7.59 0.047808101655379964 0.04440926650506763 False True 0.007825540534069496 3.2122231640859638 -0.125810195872584 -1.4640904690442273 0.0
195 170 2160.0 1961.0 202.8043137539997 0.0 7.59 0.047808101655379964 0.03798166634347994 False True 0.007825540534069496 3.2122231640859638 -0.125810195872584 -1.4640904690442273 0.0
195 171 2172.0 1973.0 203.9468948139997 0.0 7.59 0.047808101655379964 0.034953516599903756 False True 0.007825540534069496 3.2122231640859638 -0.125810195872584 -1.4640904690442273 0.0
195 172 2184.0 1985.0 205.12132600099974 0.0 7.59 0.047808101655379964 0.03204952329969073 False True 0.007825540534069496 3.2122231640859638 -0.125810195872584 -1.4640904690442273 0.0
195 173 2196.0 1997.0 206.32136586199974 0.0 7.59 0.047808101655379964 0.02926996309283319 False True 0.007825540534069496 3.2122231640859638 -0.125810195872584 -1.4640904690442273 0.0
