162 0 400.0 200.99999999999997 1.270598872000022 0.0 7.79 0.0033802999812190832 0.002533609500115963 False True 0.002497645051356749 2.4840320372377813 -0.15542042320290517 -1.0610952294174656 0.0
162 1 412.0 212.99999999999997 2.582791766000014 0.0 7.79 0.0033802999812190832 0.004348103581795179 False True 0.002497645051356749 2.4840320372377813 -0.15542042320290517 -1.0610952294174656 0.0
162 2 424.0 224.99999999999994 3.9061987730000283 0.0 7.79 0.0033802999812190832 0.005436936643716633 False True 0.002497645051356749 2.4840320372377813 -0.15542042320290517 -1.0610952294174656 0.0
162 3 436.0 236.99999999999994 5.221640896000025 0.0 7.77 0.005436936643716633 0.006646703404696608 False True 0.002497645051356749 2.4840320372377813 -0.15542042320290517 -1.0610952294174656 0.0
162 4 448.0 248.99999999999994 6.541821547000012 0.0 7.77 0.005436936643716633 0.00797729600787059 False True 0.002497645051356749 2.4840320372377813 -0.15542042320290517 -1.0610952294174656 0.0
162 5 460.0 260.99999999999994 7.8585139120000065 0.0 7.76 0.006646703404696608 0.004348103581795179 False True 0.002497645051356749 2.4840320372377813 -0.15542042320290517 -1.0610952294174656 0.0
162 6 464.0 264.99999999999994 9.18213462700001 0.0 7.79 0.0033802999812190832 0.001808103684089761 False True 0.002497645051356749 2.4840320372377813 -0.15542042320290517 -1.0610952294174656 0.0
162 7 476.0 276.99999999999994 10.498066222000006 0.0 7.78 0.004348103581795179 0.009428594512575631 False True 0.002497645051356749 2.4840320372377813 -0.15542042320290517 -1.0610952294174656 0.0
162 8 488.0 288.99999999999994 11.821702052000006 0.0 7.78 0.004348103581795179 0.011000466906348842 False True 0.002497645051356749 2.4840320372377813 -0.15542042320290517 -1.0610952294174656 0.0
162 9 500.0 300.99999999999994 13.120508051000002 0.0 7.78 0.004348103581795179 0.012692769118127896 False True 0.002497645051356749 2.4840320372377813 -0.15542042320290517 -1.0610952294174656 0.0
162 10 512.0 312.99999999999994 14.427535775999985 0.0 7.72 0.012692769118127896 0.014505345032655688 False True 0.002497645051356749 2.4840320372377813 -0.15542042320290517 -1.0610952294174656 0.0
162 11 524.0 324.99999999999994 15.722103892999968 0.0 7.72 0.012692769118127896 0.01643802650609563 False True 0.002497645051356749 2.4840320372377813 -0.15542042320290517 -1.0610952294174656 0.0
162 12 536.0 336.99999999999994 17.01700532199996 0.0 7.72 0.012692769118127896 0.018490633382844623 False True 0.002497645051356749 2.4840320372377813 -0.15542042320290517 -1.0610952294174656 0.0
162 13 548.0 348.99999999999994 18.310760176999963 0.0 7.72 0.012692769118127896 0.07564215008511586 False True 0.002497645051356749 2.4840320372377813 -0.15542042320290517 -1.0610952294174656 0.0
162 14 560.0 360.99999999999994 19.619245442999954 0.0 7.72 0.012692769118127896 0.07148662002057188 False True 0.002497645051356749 2.4840320372377813 -0.15542042320290517 -1.0610952294174656 0.0
162 15 572.0 372.99999999999994 20.933686102999957 0.0 7.72 0.012692769118127896 0.08429273474418299 False True 0.002497645051356749 2.4840320372377813 -0.15542042320290517 -1.0610952294174656 0.0
162 16 584.0 384.99999999999994 22.24169324999997 0.0 7.72 0.012692769118127896 0.08878689792755876 False True 0.002497645051356749 2.4840320372377813 -0.15542042320290517 -1.0610952294174656 0.0
162 17 596.0 396.99999999999994 23.53916843099998 0.0 7.72 0.012692769118127896 0.06744484021383415 False True 0.002497645051356749 2.4840320372377813 -0.15542042320290517 -1.0610952294174656 0.0
162 18 608.0 408.99999999999994 24.845759904000005 0.0 7.72 0.012692769118127896 0.06351722801616214 False True 0.002497645051356749 2.4840320372377813 -0.15542042320290517 -1.0610952294174656 0.0
162 19 620.0 420.99999999999994 26.16006217200001 0.0 7.72 0.012692769118127896 0.059704189360838385 False True 0.002497645051356749 2.4840320372377813 -0.15542042320290517 -1.0610952294174656 0.0
162 20 632.0 432.99999999999994 27.474941537000007 0.0 7.72 0.012692769118127896 0.056006118722567826 False True 0.002497645051356749 2.4840320372377813 -0.15542042320290517 -1.0610952294174656 0.0
162 21 644.0 444.99999999999994 28.797261711999994 0.0 7.72 0.012692769118127896 0.02066297351354592 False True 0.002497645051356749 2.4840320372377813 -0.15542042320290517 -1.0610952294174656 0.0
162 22 656.0 456.99999999999994 30.130098126999997 0.0 7.7 0.01643802650609563 0.022954842774308246 False True 0.002497645051356749 2.4840320372377813 -0.15542042320290517 -1.0610952294174656 0.0
162 23 668.0 468.99999999999994 31.45215368999999 0.0 7.7 0.01643802650609563 0.025366025087115118 False True 0.002497645051356749 2.4840320372377813 -0.15542042320290517 -1.0610952294174656 0.0
162 24 680.0 480.99999999999994 32.76720376399999 0.0 7.72 0.012692769118127896 0.20885288264766563 False True 0.002497645051356749 2.4840320372377813 -0.15542042320290517 -1.0610952294174656 0.0
162 25 692.0 492.99999999999994 34.08915195 0.0 7.78 0.004348103581795179 0.20208104465332755 False True 0.002497645051356749 2.4840320372377813 -0.15542042320290517 -1.0610952294174656 0.0
162 26 704.0 504.99999999999994 35.402986390999985 0.0 7.72 0.012692769118127896 0.22269962421591852 False True 0.002497645051356749 2.4840320372377813 -0.15542042320290517 -1.0610952294174656 0.0
162 27 716.0 517.0 36.725725143999995 0.0 7.72 0.012692769118127896 0.19541111739211495 False True 0.002497645051356749 2.4840320372377813 -0.15542042320290517 -1.0610952294174656 0.0
162 28 728.0 529.0 38.051694226999984 0.0 7.72 0.012692769118127896 0.18884375479521384 False True 0.002497645051356749 2.4840320372377813 -0.15542042320290517 -1.0610952294174656 0.0
162 29 740.0 541.0 39.36634626999998 0.0 7.72 0.012692769118127896 0.1823796005361234 False True 0.002497645051356749 2.4840320372377813 -0.15542042320290517 -1.0610952294174656 0.0
162 30 752.0 553.0 40.698636480999966 0.0 7.72 0.012692769118127896 0.05242339907803035 False True 0.002497645051356749 2.4840320372377813 -0.15542042320290517 -1.0610952294174656 0.0
162 31 764.0 565.0 42.02520001999997 0.0 7.72 0.012692769118127896 0.06351722801616214 False True 0.002497645051356749 2.4840320372377813 -0.15542042320290517 -1.0610952294174656 0.0
162 32 768.0 569.0 43.35224968999995 0.0 8.19 0.06351722801616214 0.059704189360838385 False True 0.002497645051356749 2.4840320372377813 -0.15542042320290517 -1.0610952294174656 0.0
162 33 772.0 573.0 44.67945565299996 0.0 7.72 0.012692769118127896 0.06351722801616214 False True 0.002497645051356749 2.4840320372377813 -0.15542042320290517 -1.0610952294174656 0.0
162 34 776.0 577.0 46.00304697399994 0.0 8.19 0.06351722801616214 0.005436936643716633 False True 0.002497645051356749 2.4840320372377813 -0.15542042320290517 -1.0610952294174656 0.0
162 35 780.0 581.0 47.32805773799993 0.0 8.19 0.06351722801616214 0.42056859248041084 False True 0.002497645051356749 2.4840320372377813 -0.15542042320290517 -1.0610952294174656 0.0
162 36 792.0 593.0 48.65819275699994 0.0 8.19 0.06351722801616214 0.43755005646769907 False True 0.002497645051356749 2.4840320372377813 -0.15542042320290517 -1.0610952294174656 0.0
162 37 804.0 605.0 49.98347563099992 0.0 8.19 0.06351722801616214 0.09339302863557992 False True 0.002497645051356749 2.4840320372377813 -0.15542042320290517 -1.0610952294174656 0.0
162 38 816.0 617.0 51.29677551699993 0.0 7.72 0.012692769118127896 0.09811065307577192 False True 0.002497645051356749 2.4840320372377813 -0.15542042320290517 -1.0610952294174656 0.0
162 39 828.0 629.0 52.606652890999925 0.0 7.72 0.012692769118127896 0.10293928630506216 False True 0.002497645051356749 2.4840320372377813 -0.15542042320290517 -1.0610952294174656 0.0
162 40 840.0 641.0 53.90515720999991 0.0 8.19 0.06351722801616214 0.10787843227827433 False True 0.002497645051356749 2.4840320372377813 -0.15542042320290517 -1.0610952294174656 0.0
162 41 852.0 653.0 55.21082250299992 0.0 7.72 0.012692769118127896 0.11292758389772851 False True 0.002497645051356749 2.4840320372377813 -0.15542042320290517 -1.0610952294174656 0.0
162 42 864.0 665.0 56.52524347699992 0.0 7.72 0.012692769118127896 0.1180862230639562 False True 0.002497645051356749 2.4840320372377813 -0.15542042320290517 -1.0610952294174656 0.0
162 43 876.0 677.0 57.82768756199991 0.0 8.18 0.059704189360838385 0.12335382072750294 False True 0.002497645051356749 2.4840320372377813 -0.15542042320290517 -1.0610952294174656 0.0
162 44 888.0 689.0 59.124433593999925 0.0 8.18 0.059704189360838385 0.12872983694184026 False True 0.002497645051356749 2.4840320372377813 -0.15542042320290517 -1.0610952294174656 0.0
162 45 900.0 701.0 60.434148793999924 0.0 8.33 0.12872983694184026 0.13421372091735145 False True 0.002497645051356749 2.4840320372377813 -0.15542042320290517 -1.0610952294174656 0.0
162 46 912.0 713.0 61.74465848199992 0.0 8.34 0.13421372091735145 0.13980491107641882 False True 0.002497645051356749 2.4840320372377813 -0.15542042320290517 -1.0610952294174656 0.0
162 47 924.0 725.0 63.06812422699994 0.0 8.35 0.13980491107641882 0.13421372091735145 False True 0.002497645051356749 2.4840320372377813 -0.15542042320290517 -1.0610952294174656 0.0
162 48 928.0 729.0 64.37812431099997 0.0 8.34 0.13421372091735145 0.1455028351095743 False True 0.002497645051356749 2.4840320372377813 -0.15542042320290517 -1.0610952294174656 0.0
162 49 940.0 741.0 65.68629595899995 0.0 8.34 0.13421372091735145 0.13980491107641882 False True 0.002497645051356749 2.4840320372377813 -0.15542042320290517 -1.0610952294174656 0.0
162 50 944.0 745.0 66.99727013099994 0.0 8.34 0.13421372091735145 0.13980491107641882 False True 0.002497645051356749 2.4840320372377813 -0.15542042320290517 -1.0610952294174656 0.0
162 51 948.0 749.0 68.31790591899994 0.0 8.35 0.13980491107641882 0.13421372091735145 False True 0.002497645051356749 2.4840320372377813 -0.15542042320290517 -1.0610952294174656 0.0
162 52 952.0 753.0 69.62894433799994 0.0 8.34 0.13421372091735145 0.15130691003272972 False True 0.002497645051356749 2.4840320372377813 -0.15542042320290517 -1.0610952294174656 0.0
162 53 964.0 765.0 70.93877127699994 0.0 7.7 0.01643802650609563 0.1572165422454792 False True 0.002497645051356749 2.4840320372377813 -0.15542042320290517 -1.0610952294174656 0.0
162 54 976.0 777.0 72.25972584099995 0.0 7.72 0.012692769118127896 0.16323112759045538 False True 0.002497645051356749 2.4840320372377813 -0.15542042320290517 -1.0610952294174656 0.0
162 55 988.0 789.0 73.57051246699996 0.0 7.72 0.012692769118127896 0.16935005141374465 False True 0.002497645051356749 2.4840320372377813 -0.15542042320290517 -1.0610952294174656 0.0
162 56 1000.0 801.0 74.88192335299996 0.0 7.72 0.012692769118127896 0.17557268862635206 False True 0.002497645051356749 2.4840320372377813 -0.15542042320290517 -1.0610952294174656 0.0
162 57 1012.0 813.0 76.20969740599995 0.0 7.72 0.012692769118127896 0.18189840376671212 False True 0.002497645051356749 2.4840320372377813 -0.15542042320290517 -1.0610952294174656 0.0
162 58 1024.0 825.0 77.53009198999993 0.0 7.7 0.01643802650609563 0.1883265510642325 False True 0.002497645051356749 2.4840320372377813 -0.15542042320290517 -1.0610952294174656 0.0
162 59 1036.0 837.0 78.83926429099992 0.0 7.7 0.01643802650609563 0.19485647450386342 False True 0.002497645051356749 2.4840320372377813 -0.15542042320290517 -1.0610952294174656 0.0
162 60 1048.0 849.0 80.14718780399994 0.0 7.7 0.01643802650609563 0.20148750789171366 False True 0.002497645051356749 2.4840320372377813 -0.15542042320290517 -1.0610952294174656 0.0
162 61 1060.0 861.0 81.45518216699995 0.0 7.7 0.01643802650609563 0.22977316923265198 False True 0.002497645051356749 2.4840320372377813 -0.15542042320290517 -1.0610952294174656 0.0
162 62 1072.0 873.0 82.76520072699992 0.0 7.7 0.01643802650609563 0.23694590800400625 False True 0.002497645051356749 2.4840320372377813 -0.15542042320290517 -1.0610952294174656 0.0
162 63 1084.0 885.0 84.0738446089999 0.0 7.7 0.01643802650609563 0.02789629244143291 False True 0.002497645051356749 2.4840320372377813 -0.15542042320290517 -1.0610952294174656 0.0
162 64 1096.0 897.0 85.3838020359999 0.0 7.7 0.01643802650609563 0.030545404917015545 False True 0.002497645051356749 2.4840320372377813 -0.15542042320290517 -1.0610952294174656 0.0
162 65 1108.0 909.0 86.69405238799993 0.0 7.7 0.01643802650609563 0.03331311070788961 False True 0.002497645051356749 2.4840320372377813 -0.15542042320290517 -1.0610952294174656 0.0
162 66 1120.0 921.0 88.00526332599992 0.0 7.63 0.03331311070788961 0.03619914614754259 False True 0.002497645051356749 2.4840320372377813 -0.15542042320290517 -1.0610952294174656 0.0
162 67 1132.0 933.0 89.31461391999991 0.0 7.63 0.03331311070788961 0.03920323573528182 False True 0.002497645051356749 2.4840320372377813 -0.15542042320290517 -1.0610952294174656 0.0
162 68 1144.0 945.0 90.6224805379999 0.0 7.63 0.03331311070788961 0.042325092163790046 False True 0.002497645051356749 2.4840320372377813 -0.15542042320290517 -1.0610952294174656 0.0
162 69 1156.0 957.0 91.93126917099991 0.0 7.63 0.03331311070788961 0.045564416347856074 False True 0.002497645051356749 2.4840320372377813 -0.15542042320290517 -1.0610952294174656 0.0
162 70 1168.0 969.0 93.24052415899993 0.0 7.63 0.03331311070788961 0.04892089745427827 False True 0.002497645051356749 2.4840320372377813 -0.15542042320290517 -1.0610952294174656 0.0
162 71 1180.0 981.0 94.55091920799995 0.0 7.63 0.03331311070788961 0.0523942129329518 False True 0.002497645051356749 2.4840320372377813 -0.15542042320290517 -1.0610952294174656 0.0
162 72 1192.0 993.0 95.87260453899995 0.0 7.57 0.0523942129329518 0.05598402854912331 False True 0.002497645051356749 2.4840320372377813 -0.15542042320290517 -1.0610952294174656 0.0
162 73 1204.0 1005.0 97.18331382499997 0.0 7.63 0.03331311070788961 0.05968999841681316 False True 0.002497645051356749 2.4840320372377813 -0.15542042320290517 -1.0610952294174656 0.0
162 74 1216.0 1017.0 98.50503866299997 0.0 7.63 0.03331311070788961 0.06351176503340301 False True 0.002497645051356749 2.4840320372377813 -0.15542042320290517 -1.0610952294174656 0.0
162 75 1228.0 1029.0 99.81717318799997 0.0 7.63 0.03331311070788961 0.06744895931538766 False True 0.002497645051356749 2.4840320372377813 -0.15542042320290517 -1.0610952294174656 0.0
162 76 1240.0 1041.0 101.14529744199996 0.0 7.63 0.03331311070788961 0.07150120063528362 False True 0.002497645051356749 2.4840320372377813 -0.15542042320290517 -1.0610952294174656 0.0
162 77 1252.0 1053.0 102.46939718499996 0.0 7.52 0.07150120063528362 0.07566809685969121 False True 0.002497645051356749 2.4840320372377813 -0.15542042320290517 -1.0610952294174656 0.0
162 78 1264.0 1065.0 103.79225884099995 0.0 7.63 0.03331311070788961 0.07994924438850252 False True 0.002497645051356749 2.4840320372377813 -0.15542042320290517 -1.0610952294174656 0.0
162 79 1276.0 1077.0 105.10377116099994 0.0 7.63 0.03331311070788961 0.08434422819527272 False True 0.002497645051356749 2.4840320372377813 -0.15542042320290517 -1.0610952294174656 0.0
162 80 1288.0 1089.0 106.42470334499993 0.0 7.63 0.03331311070788961 0.07566809685969121 False True 0.002497645051356749 2.4840320372377813 -0.15542042320290517 -1.0610952294174656 0.0
162 81 1292.0 1093.0 107.73558174199994 0.0 7.63 0.03331311070788961 0.07566809685969121 False True 0.002497645051356749 2.4840320372377813 -0.15542042320290517 -1.0610952294174656 0.0
162 82 1296.0 1097.0 109.04645429899995 0.0 7.63 0.03331311070788961 0.08885262186871125 False True 0.002497645051356749 2.4840320372377813 -0.15542042320290517 -1.0610952294174656 0.0
162 83 1308.0 1109.0 110.36727950499994 0.0 7.63 0.03331311070788961 0.09347398765532774 False True 0.002497645051356749 2.4840320372377813 -0.15542042320290517 -1.0610952294174656 0.0
162 84 1320.0 1121.0 111.68048913399994 0.0 7.63 0.03331311070788961 0.09820787650320552 False True 0.002497645051356749 2.4840320372377813 -0.15542042320290517 -1.0610952294174656 0.0
162 85 1332.0 1133.0 113.00338517999992 0.0 7.63 0.03331311070788961 0.07150120063528362 False True 0.002497645051356749 2.4840320372377813 -0.15542042320290517 -1.0610952294174656 0.0
162 86 1336.0 1137.0 114.3151447109999 0.0 7.63 0.03331311070788961 0.0523942129329518 False True 0.002497645051356749 2.4840320372377813 -0.15542042320290517 -1.0610952294174656 0.0
162 87 1340.0 1141.0 115.6566191119999 0.0 7.63 0.03331311070788961 0.07150120063528362 False True 0.002497645051356749 2.4840320372377813 -0.15542042320290517 -1.0610952294174656 0.0
162 88 1344.0 1145.0 116.96454337799992 0.0 7.57 0.0523942129329518 0.03331311070788961 False True 0.002497645051356749 2.4840320372377813 -0.15542042320290517 -1.0610952294174656 0.0
162 89 1348.0 1149.0 118.2773434369999 0.0 7.57 0.0523942129329518 0.030545404917015545 False True 0.002497645051356749 2.4840320372377813 -0.15542042320290517 -1.0610952294174656 0.0
162 90 1352.0 1153.0 119.6032793549999 0.0 7.64 0.030545404917015545 0.0523942129329518 False True 0.002497645051356749 2.4840320372377813 -0.15542042320290517 -1.0610952294174656 0.0
162 91 1356.0 1157.0 120.9143316199999 0.0 7.64 0.030545404917015545 0.06351176503340301 False True 0.002497645051356749 2.4840320372377813 -0.15542042320290517 -1.0610952294174656 0.0
162 92 1360.0 1161.0 122.23885666899992 0.0 7.63 0.03331311070788961 0.030545404917015545 False True 0.002497645051356749 2.4840320372377813 -0.15542042320290517 -1.0610952294174656 0.0
162 93 1364.0 1165.0 123.55106760499993 0.0 7.64 0.030545404917015545 0.04892089745427827 False True 0.002497645051356749 2.4840320372377813 -0.15542042320290517 -1.0610952294174656 0.0
162 94 1368.0 1169.0 124.86999354999992 0.0 7.64 0.030545404917015545 0.10305382810691127 False True 0.002497645051356749 2.4840320372377813 -0.15542042320290517 -1.0610952294174656 0.0
162 95 1380.0 1181.0 126.18077374299989 0.0 7.64 0.030545404917015545 0.10801137095351733 False True 0.002497645051356749 2.4840320372377813 -0.15542042320290517 -1.0610952294174656 0.0
162 96 1392.0 1193.0 127.4900260019999 0.0 7.7 0.01643802650609563 0.11308002236975806 False True 0.002497645051356749 2.4840320372377813 -0.15542042320290517 -1.0610952294174656 0.0
162 97 1404.0 1205.0 128.80254373499994 0.0 7.7 0.01643802650609563 0.11825928857030085 False True 0.002497645051356749 2.4840320372377813 -0.15542042320290517 -1.0610952294174656 0.0
162 98 1416.0 1217.0 130.11166079699993 0.0 7.7 0.01643802650609563 0.12354866470711029 False True 0.002497645051356749 2.4840320372377813 -0.15542042320290517 -1.0610952294174656 0.0
162 99 1428.0 1229.0 131.43380017799993 0.0 7.7 0.01643802650609563 0.12894763491994962 False True 0.002497645051356749 2.4840320372377813 -0.15542042320290517 -1.0610952294174656 0.0
162 100 1440.0 1241.0 132.74676586799993 0.0 7.7 0.01643802650609563 0.13445567238795383 False True 0.002497645051356749 2.4840320372377813 -0.15542042320290517 -1.0610952294174656 0.0
162 101 1452.0 1253.0 134.0746520989999 0.0 7.7 0.01643802650609563 0.1400722393823195 False True 0.002497645051356749 2.4840320372377813 -0.15542042320290517 -1.0610952294174656 0.0
162 102 1464.0 1265.0 135.3843225599999 0.0 7.7 0.01643802650609563 0.15162875681891944 False True 0.002497645051356749 2.4840320372377813 -0.15542042320290517 -1.0610952294174656 0.0
162 103 1476.0 1277.0 136.69487504499992 0.0 7.7 0.01643802650609563 0.14579678732006843 False True 0.002497645051356749 2.4840320372377813 -0.15542042320290517 -1.0610952294174656 0.0
162 104 1488.0 1289.0 138.00587158199997 0.0 7.7 0.01643802650609563 0.1575675777532124 False True 0.002497645051356749 2.4840320372377813 -0.15542042320290517 -1.0610952294174656 0.0
162 105 1500.0 1301.0 139.316084238 0.0 7.7 0.01643802650609563 0.16361266931092958 False True 0.002497645051356749 2.4840320372377813 -0.15542042320290517 -1.0610952294174656 0.0
162 106 1512.0 1313.0 140.63774471400004 0.0 7.7 0.01643802650609563 0.17601928796628885 False True 0.002497645051356749 2.4840320372377813 -0.15542042320290517 -1.0610952294174656 0.0
162 107 1524.0 1325.0 141.94889364900004 0.0 7.7 0.01643802650609563 0.169763440051765 False True 0.002497645051356749 2.4840320372377813 -0.15542042320290517 -1.0610952294174656 0.0
162 108 1536.0 1337.0 143.26015579800006 0.0 7.7 0.01643802650609563 0.0012038419590680073 False True 0.002497645051356749 2.4840320372377813 -0.15542042320290517 -1.0610952294174656 0.0
162 109 1548.0 1349.0 144.58082124200004 0.0 7.7 0.01643802650609563 0.0007208716253553938 False True 0.002497645051356749 2.4840320372377813 -0.15542042320290517 -1.0610952294174656 0.0
162 110 1560.0 1361.0 145.89315801100005 0.0 7.7 0.01643802650609563 0.0003592278529109174 False True 0.002497645051356749 2.4840320372377813 -0.15542042320290517 -1.0610952294174656 0.0
162 111 1572.0 1373.0 147.21744250000003 0.0 7.7 0.01643802650609563 0.00011893367781948147 False True 0.002497645051356749 2.4840320372377813 -0.15542042320290517 -1.0610952294174656 0.0
162 112 1584.0 1385.0 148.53843033100006 0.0 7.7 0.01643802650609563 0.0 False True 0.002497645051356749 2.4840320372377813 -0.15542042320290517 -1.0610952294174656 0.0
162 113 1596.0 1397.0 149.86671429100008 0.0 7.86 0.0 2.425582104726989e-06 False True 0.002497645051356749 2.4840320372377813 -0.15542042320290517 -1.0610952294174656 0.0
162 114 1608.0 1409.0 151.2076271320001 0.0 7.86 0.0 0.00012619704965185447 False True 0.002497645051356749 2.4840320372377813 -0.15542042320290517 -1.0610952294174656 0.0
162 115 1620.0 1421.0 152.5504658180001 0.0 7.86 0.0 0.0003712888923579598 False True 0.002497645051356749 2.4840320372377813 -0.15542042320290517 -1.0610952294174656 0.0
162 116 1632.0 1433.0 153.8935832220001 0.0 7.86 0.0 0.00012619704965185447 False True 0.002497645051356749 2.4840320372377813 -0.15542042320290517 -1.0610952294174656 0.0
162 117 1636.0 1437.0 155.2326134250001 0.0 7.86 0.0 0.0007376634666886294 False True 0.002497645051356749 2.4840320372377813 -0.15542042320290517 -1.0610952294174656 0.0
162 118 1648.0 1449.0 156.55257594300005 0.0 7.86 0.0 0.0012252709996261797 False True 0.002497645051356749 2.4840320372377813 -0.15542042320290517 -1.0610952294174656 0.0
162 119 1660.0 1461.0 157.874731286 0.0 7.86 0.0 0.0018340495936404622 False True 0.002497645051356749 2.4840320372377813 -0.15542042320290517 -1.0610952294174656 0.0
162 120 1672.0 1473.0 159.19718998500005 0.0 7.86 0.0 0.0025639252328864695 False True 0.002497645051356749 2.4840320372377813 -0.15542042320290517 -1.0610952294174656 0.0
162 121 1684.0 1485.0 160.52000663100003 0.0 7.86 0.0 0.0012252709996261797 False True 0.002497645051356749 2.4840320372377813 -0.15542042320290517 -1.0610952294174656 0.0
162 122 1688.0 1489.0 161.84482699600002 0.0 7.86 0.0 0.0034148117905996333 False True 0.002497645051356749 2.4840320372377813 -0.15542042320290517 -1.0610952294174656 0.0
162 123 1700.0 1501.0 163.19787031 0.0 7.86 0.0 0.004386611037710378 False True 0.002497645051356749 2.4840320372377813 -0.15542042320290517 -1.0610952294174656 0.0
162 124 1712.0 1513.0 164.52871056399997 0.0 7.86 0.0 0.005479212652668221 False True 0.002497645051356749 2.4840320372377813 -0.15542042320290517 -1.0610952294174656 0.0
162 125 1724.0 1525.0 165.86665030099996 0.0 7.86 0.0 0.0066924942324700495 False True 0.002497645051356749 2.4840320372377813 -0.15542042320290517 -1.0610952294174656 0.0
162 126 1736.0 1537.0 167.208395863 0.0 7.94 0.0034148117905996333 0.008026321304903314 False True 0.002497645051356749 2.4840320372377813 -0.15542042320290517 -1.0610952294174656 0.0
162 127 1748.0 1549.0 168.55061711300002 0.0 7.94 0.0034148117905996333 0.00948054734199341 False True 0.002497645051356749 2.4840320372377813 -0.15542042320290517 -1.0610952294174656 0.0
162 128 1760.0 1561.0 169.89093773200003 0.0 7.94 0.0034148117905996333 0.011055013774654126 False True 0.002497645051356749 2.4840320372377813 -0.15542042320290517 -1.0610952294174656 0.0
162 129 1772.0 1573.0 171.21935126400004 0.0 7.94 0.0034148117905996333 0.012749550008542259 False True 0.002497645051356749 2.4840320372377813 -0.15542042320290517 -1.0610952294174656 0.0
162 130 1784.0 1585.0 172.559524945 0.0 7.94 0.0034148117905996333 0.014563973441123937 False True 0.002497645051356749 2.4840320372377813 -0.15542042320290517 -1.0610952294174656 0.0
162 131 1796.0 1597.0 173.88712968300004 0.0 7.94 0.0034148117905996333 0.016498089479927855 False True 0.002497645051356749 2.4840320372377813 -0.15542042320290517 -1.0610952294174656 0.0
162 132 1808.0 1609.0 175.22489412200005 0.0 7.94 0.0034148117905996333 0.018551691562008064 False True 0.002497645051356749 2.4840320372377813 -0.15542042320290517 -1.0610952294174656 0.0
162 133 1820.0 1621.0 176.57417652400002 0.0 7.94 0.0034148117905996333 0.020724561174595826 False True 0.002497645051356749 2.4840320372377813 -0.15542042320290517 -1.0610952294174656 0.0
162 134 1832.0 1633.0 177.90247049 0.0 7.7 0.01643802650609563 0.023016467876955632 False True 0.002497645051356749 2.4840320372377813 -0.15542042320290517 -1.0610952294174656 0.0
162 135 1844.0 1645.0 179.23723682 0.0 7.7 0.01643802650609563 0.012749550008542259 False True 0.002497645051356749 2.4840320372377813 -0.15542042320290517 -1.0610952294174656 0.0
162 136 1848.0 1649.0 180.56509715299998 0.0 7.86 0.0 0.025427169323425983 False True 0.002497645051356749 2.4840320372377813 -0.15542042320290517 -1.0610952294174656 0.0
162 137 1860.0 1661.0 181.89131865 0.0 8.07 0.025427169323425983 0.027956411287653537 False True 0.002497645051356749 2.4840320372377813 -0.15542042320290517 -1.0610952294174656 0.0
162 138 1872.0 1673.0 183.21782467699998 0.0 8.08 0.027956411287653537 0.030603927688017417 False True 0.002497645051356749 2.4840320372377813 -0.15542042320290517 -1.0610952294174656 0.0
162 139 1884.0 1685.0 184.536661265 0.0 8.07 0.025427169323425983 0.027956411287653537 False True 0.002497645051356749 2.4840320372377813 -0.15542042320290517 -1.0610952294174656 0.0
162 140 1888.0 1689.0 185.86301130999996 0.0 8.08 0.027956411287653537 0.03336944061423396 False True 0.002497645051356749 2.4840320372377813 -0.15542042320290517 -1.0610952294174656 0.0
162 141 1900.0 1701.0 187.19863277699997 0.0 8.08 0.027956411287653537 0.036252660355150554 False True 0.002497645051356749 2.4840320372377813 -0.15542042320290517 -1.0610952294174656 0.0
162 142 1912.0 1713.0 188.52730748799993 0.0 8.08 0.027956411287653537 0.04237100260712005 False True 0.002497645051356749 2.4840320372377813 -0.15542042320290517 -1.0610952294174656 0.0
162 143 1924.0 1725.0 189.8521860999999 0.0 8.13 0.04237100260712005 0.04560548695813524 False True 0.002497645051356749 2.4840320372377813 -0.15542042320290517 -1.0610952294174656 0.0
162 144 1936.0 1737.0 191.17410353599988 0.0 8.13 0.04237100260712005 0.03925328542771447 False True 0.002497645051356749 2.4840320372377813 -0.15542042320290517 -1.0610952294174656 0.0
162 145 1948.0 1749.0 192.48141866199987 0.0 8.13 0.04237100260712005 0.04895640186758699 False True 0.002497645051356749 2.4840320372377813 -0.15542042320290517 -1.0610952294174656 0.0
162 146 1960.0 1761.0 193.80572714399986 0.0 8.13 0.04237100260712005 0.2442171363115338 False True 0.002497645051356749 2.4840320372377813 -0.15542042320290517 -1.0610952294174656 0.0
162 147 1972.0 1773.0 195.10950171199985 0.0 8.13 0.04237100260712005 0.0018340495936404622 False True 0.002497645051356749 2.4840320372377813 -0.15542042320290517 -1.0610952294174656 0.0
162 148 1976.0 1777.0 196.4157869259998 0.0 7.7 0.01643802650609563 0.0012252709996261797 False True 0.002497645051356749 2.4840320372377813 -0.15542042320290517 -1.0610952294174656 0.0
162 149 1980.0 1781.0 197.72158483399986 0.0 7.91 0.0012252709996261797 0.016498089479927855 False True 0.002497645051356749 2.4840320372377813 -0.15542042320290517 -1.0610952294174656 0.0
162 150 1984.0 1785.0 199.02667588599988 0.0 7.91 0.0012252709996261797 0.2515861400866158 False True 0.002497645051356749 2.4840320372377813 -0.15542042320290517 -1.0610952294174656 0.0
162 151 1996.0 1797.0 200.33146559099984 0.0 7.91 0.0012252709996261797 0.25905219548186215 False True 0.002497645051356749 2.4840320372377813 -0.15542042320290517 -1.0610952294174656 0.0
162 152 2008.0 1809.0 201.63297906599982 0.0 8.03 0.016498089479927855 0.0012252709996261797 False True 0.002497645051356749 2.4840320372377813 -0.15542042320290517 -1.0610952294174656 0.0
162 153 2012.0 1813.0 202.91959902999983 0.0 8.03 0.016498089479927855 0.2666145689434972 False True 0.002497645051356749 2.4840320372377813 -0.15542042320290517 -1.0610952294174656 0.0
162 154 2024.0 1825.0 204.2222839399998 0.0 8.03 0.016498089479927855 0.27427251728471347 False True 0.002497645051356749 2.4840320372377813 -0.15542042320290517 -1.0610952294174656 0.0
162 155 2036.0 1837.0 205.5141629129998 0.0 8.03 0.016498089479927855 0.28202528775999064 False True 0.002497645051356749 2.4840320372377813 -0.15542042320290517 -1.0610952294174656 0.0
162 156 2048.0 1849.0 206.80957604299985 0.0 8.03 0.016498089479927855 0.41220694541532943 False True 0.002497645051356749 2.4840320372377813 -0.15542042320290517 -1.0610952294174656 0.0
162 157 2060.0 1861.0 208.09368890799985 0.0 8.03 0.016498089479927855 0.012749550008542259 False True 0.002497645051356749 2.4840320372377813 -0.15542042320290517 -1.0610952294174656 0.0
162 158 2064.0 1865.0 209.38181002399986 0.0 8.13 0.04237100260712005 0.012749550008542259 False True 0.002497645051356749 2.4840320372377813 -0.15542042320290517 -1.0610952294174656 0.0
162 159 2068.0 1869.0 210.67316597499988 0.0 8.13 0.04237100260712005 0.027956411287653537 False True 0.002497645051356749 2.4840320372377813 -0.15542042320290517 -1.0610952294174656 0.0
162 160 2072.0 1873.0 211.97339254199986 0.0 8.13 0.04237100260712005 0.00012619704965185447 False True 0.002497645051356749 2.4840320372377813 -0.15542042320290517 -1.0610952294174656 0.0
162 161 2076.0 1877.0 213.24372646399982 0.0 7.7 0.01643802650609563 0.0066924942324700495 False True 0.002497645051356749 2.4840320372377813 -0.15542042320290517 -1.0610952294174656 0.0
162 162 2080.0 1881.0 214.5712123179998 0.0 7.97 0.0066924942324700495 0.025427169323425983 False True 0.002497645051356749 2.4840320372377813 -0.15542042320290517 -1.0610952294174656 0.0
162 163 2084.0 1885.0 215.79540186999978 0.0 7.97 0.0066924942324700495 0.0012038419590680073 False True 0.002497645051356749 2.4840320372377813 -0.15542042320290517 -1.0610952294174656 0.0
162 164 2088.0 1889.0 217.06489935199974 0.0 7.7 0.01643802650609563 0.0012038419590680073 False True 0.002497645051356749 2.4840320372377813 -0.15542042320290517 -1.0610952294174656 0.0
162 165 2092.0 1893.0 218.33428466899974 0.0 7.82 0.0012038419590680073 0.04237100260712005 False True 0.002497645051356749 2.4840320372377813 -0.15542042320290517 -1.0610952294174656 0.0
162 166 2096.0 1897.0 219.58868691599977 0.0 7.7 0.01643802650609563 0.20821897492165517 False True 0.002497645051356749 2.4840320372377813 -0.15542042320290517 -1.0610952294174656 0.0
162 167 2108.0 1909.0 220.85611147099976 0.0 7.86 0.0 0.21505018924296346 False True 0.002497645051356749 2.4840320372377813 -0.15542042320290517 -1.0610952294174656 0.0
162 168 2120.0 1921.0 222.12746126099975 0.0 7.86 0.0 0.22198045452893853 False True 0.002497645051356749 2.4840320372377813 -0.15542042320290517 -1.0610952294174656 0.0
162 169 2132.0 1933.0 223.4005025159997 0.0 7.94 0.0034148117905996333 0.0012252709996261797 False True 0.002497645051356749 2.4840320372377813 -0.15542042320290517 -1.0610952294174656 0.0
162 170 2136.0 1937.0 224.67267827999976 0.0 7.94 0.0034148117905996333 0.025427169323425983 False True 0.002497645051356749 2.4840320372377813 -0.15542042320290517 -1.0610952294174656 0.0
162 171 2140.0 1941.0 225.94482564999979 0.0 7.94 0.0034148117905996333 0.02789629244143291 False True 0.002497645051356749 2.4840320372377813 -0.15542042320290517 -1.0610952294174656 0.0
162 172 2144.0 1945.0 227.2167287239998 0.0 7.7 0.01643802650609563 0.030603927688017417 False True 0.002497645051356749 2.4840320372377813 -0.15542042320290517 -1.0610952294174656 0.0
162 173 2148.0 1949.0 228.50013723699985 0.0 7.7 0.01643802650609563 0.2978122367896771 False True 0.002497645051356749 2.4840320372377813 -0.15542042320290517 -1.0610952294174656 0.0
162 174 2160.0 1961.0 229.77279627299984 0.0 7.7 0.01643802650609563 0.2898721181403708 False True 0.002497645051356749 2.4840320372377813 -0.15542042320290517 -1.0610952294174656 0.0
162 175 2172.0 1973.0 231.04393527399984 0.0 7.7 0.01643802650609563 0.2361353032270633 False True 0.002497645051356749 2.4840320372377813 -0.15542042320290517 -1.0610952294174656 0.0
162 176 2184.0 1985.0 232.33332227799988 0.0 7.7 0.01643802650609563 0.22900906454655215 False True 0.002497645051356749 2.4840320372377813 -0.15542042320290517 -1.0610952294174656 0.0
162 177 2196.0 1997.0 233.6049357489999 0.0 8.49 0.22900906454655215 0.24335844473762322 False True 0.002497645051356749 2.4840320372377813 -0.15542042320290517 -1.0610952294174656 0.0
