28 0 600.0 603 0.6871652440000009 1.85 0.1313227991076278 0.0 False True -0.02513173810332063 7.235862134660201 0.4905021467615379 -0.4823150972355621 37.09737452064406 1.8236860023509496e-07
28 1 604.0 607 1.403470886000001 7.86 0.0 0.1313227991076278 False True -0.02513173810332063 7.235862134660201 0.4905021467615379 -0.4823150972355621 37.09737452064406 1.8236860023509496e-07
28 2 608.0 611 2.121137558000001 7.86 0.0 0.1313227991076278 False True -0.02513173810332063 7.235862134660201 0.4905021467615379 -0.4823150972355621 37.09737452064406 1.8236860023509496e-07
28 3 612.0 615 2.8382421250000007 7.86 0.0 0.1313227991076278 False True -0.02513173810332063 7.235862134660201 0.4905021467615379 -0.4823150972355621 37.09737452064406 1.8236860023509496e-07
28 4 616.0 619 3.546561701 7.86 0.0 0.1313227991076278 False True -0.02513173810332063 7.235862134660201 0.4905021467615379 -0.4823150972355621 37.09737452064406 1.8236860023509496e-07
28 5 620.0 623 4.265448040999999 7.86 0.0 0.1313227991076278 False True -0.02513173810332063 7.235862134660201 0.4905021467615379 -0.4823150972355621 37.09737452064406 1.8236860023509496e-07
28 6 624.0 627 4.984412011999998 7.86 0.0 0.1313227991076278 False True -0.02513173810332063 7.235862134660201 0.4905021467615379 -0.4823150972355621 37.09737452064406 1.8236860023509496e-07
28 7 628.0 631 5.7025161619999984 7.86 0.0 0.1313227991076278 False True -0.02513173810332063 7.235862134660201 0.4905021467615379 -0.4823150972355621 37.09737452064406 1.8236860023509496e-07
28 8 632.0 635 6.438819249999998 7.86 0.0 0.04166363532343046 False True -0.02513173810332063 7.235862134660201 0.4905021467615379 -0.4823150972355621 37.09737452064406 1.8236860023509496e-07
28 9 636.0 639 7.157847809 7.86 0.0 0.04166363532343046 False True -0.02513173810332063 7.235862134660201 0.4905021467615379 -0.4823150972355621 37.09737452064406 1.8236860023509496e-07
28 10 640.0 643 7.866523445999999 7.86 0.0 0.04166363532343046 False True -0.02513173810332063 7.235862134660201 0.4905021467615379 -0.4823150972355621 37.09737452064406 1.8236860023509496e-07
28 11 644.0 647 8.582180825999998 7.86 0.0 0.04166363532343046 False True -0.02513173810332063 7.235862134660201 0.4905021467615379 -0.4823150972355621 37.09737452064406 1.8236860023509496e-07
28 12 648.0 651 9.306500001 7.86 0.0 0.04166363532343046 False True -0.02513173810332063 7.235862134660201 0.4905021467615379 -0.4823150972355621 37.09737452064406 1.8236860023509496e-07
28 13 652.0 655 10.037553645 7.86 0.0 0.04166363532343046 False True -0.02513173810332063 7.235862134660201 0.4905021467615379 -0.4823150972355621 37.09737452064406 1.8236860023509496e-07
28 14 656.0 659 10.760613116999998 7.86 0.0 0.04166363532343046 False True -0.02513173810332063 7.235862134660201 0.4905021467615379 -0.4823150972355621 37.09737452064406 1.8236860023509496e-07
28 15 660.0 663 11.484587156999996 7.86 0.0 0.04166363532343046 False True -0.02513173810332063 7.235862134660201 0.4905021467615379 -0.4823150972355621 37.09737452064406 1.8236860023509496e-07
28 16 664.0 667 12.205124315999996 7.86 0.0 0.04166363532343046 False True -0.02513173810332063 7.235862134660201 0.4905021467615379 -0.4823150972355621 37.09737452064406 1.8236860023509496e-07
28 17 668.0 671 12.923940655999996 7.61 0.04166363532343046 0.0 False True -0.02513173810332063 7.235862134660201 0.4905021467615379 -0.4823150972355621 37.09737452064406 1.8236860023509496e-07
28 18 672.0 675 13.646150701999996 7.61 0.04166363532343046 0.0 False True -0.02513173810332063 7.235862134660201 0.4905021467615379 -0.4823150972355621 37.09737452064406 1.8236860023509496e-07
28 19 676.0 679 14.378044347999996 7.61 0.04166363532343046 0.0 False True -0.02513173810332063 7.235862134660201 0.4905021467615379 -0.4823150972355621 37.09737452064406 1.8236860023509496e-07
28 20 680.0 683 15.100631626999999 7.61 0.04166363532343046 0.0 False True -0.02513173810332063 7.235862134660201 0.4905021467615379 -0.4823150972355621 37.09737452064406 1.8236860023509496e-07
28 21 684.0 687 15.822011343 7.86 0.0 0.04166363532343046 False True -0.02513173810332063 7.235862134660201 0.4905021467615379 -0.4823150972355621 37.09737452064406 1.8236860023509496e-07
28 22 688.0 691 16.54411374 7.86 0.0 0.04166363532343046 False True -0.02513173810332063 7.235862134660201 0.4905021467615379 -0.4823150972355621 37.09737452064406 1.8236860023509496e-07
28 23 692.0 695 17.265895045999997 7.86 0.0 0.04166363532343046 False True -0.02513173810332063 7.235862134660201 0.4905021467615379 -0.4823150972355621 37.09737452064406 1.8236860023509496e-07
28 24 696.0 699 18.00521061 7.86 0.0 0.04166363532343046 False True -0.02513173810332063 7.235862134660201 0.4905021467615379 -0.4823150972355621 37.09737452064406 1.8236860023509496e-07
28 25 700.0 703 18.737022065999998 7.86 0.0 0.04166363532343046 False True -0.02513173810332063 7.235862134660201 0.4905021467615379 -0.4823150972355621 37.09737452064406 1.8236860023509496e-07
28 26 704.0 707 19.459543 7.86 0.0 0.04166363532343046 False True -0.02513173810332063 7.235862134660201 0.4905021467615379 -0.4823150972355621 37.09737452064406 1.8236860023509496e-07
28 27 708.0 711 20.181037436 7.86 0.0 0.04166363532343046 False True -0.02513173810332063 7.235862134660201 0.4905021467615379 -0.4823150972355621 37.09737452064406 1.8236860023509496e-07
28 28 712.0 715 20.885134272000002 7.86 0.0 0.04166363532343046 False True -0.02513173810332063 7.235862134660201 0.4905021467615379 -0.4823150972355621 37.09737452064406 1.8236860023509496e-07
28 29 716.0 719 21.642859345 7.86 0.0 0.04166363532343046 False True -0.02513173810332063 7.235862134660201 0.4905021467615379 -0.4823150972355621 37.09737452064406 1.8236860023509496e-07
28 30 720.0 723 22.375981036000002 7.86 0.0 0.04166363532343046 False True -0.02513173810332063 7.235862134660201 0.4905021467615379 -0.4823150972355621 37.09737452064406 1.8236860023509496e-07
28 31 724.0 727 23.095963418000007 7.86 0.0 0.04166363532343046 False True -0.02513173810332063 7.235862134660201 0.4905021467615379 -0.4823150972355621 37.09737452064406 1.8236860023509496e-07
28 32 728.0 731 23.815904187000005 7.86 0.0 0.04166363532343046 False True -0.02513173810332063 7.235862134660201 0.4905021467615379 -0.4823150972355621 37.09737452064406 1.8236860023509496e-07
28 33 732.0 735 24.560317746000006 7.86 0.0 0.04166363532343046 False True -0.02513173810332063 7.235862134660201 0.4905021467615379 -0.4823150972355621 37.09737452064406 1.8236860023509496e-07
28 34 736.0 739 25.28224075600001 7.86 0.0 0.04166363532343046 False True -0.02513173810332063 7.235862134660201 0.4905021467615379 -0.4823150972355621 37.09737452064406 1.8236860023509496e-07
28 35 740.0 743 26.00327346300001 7.86 0.0 0.04166363532343046 False True -0.02513173810332063 7.235862134660201 0.4905021467615379 -0.4823150972355621 37.09737452064406 1.8236860023509496e-07
28 36 744.0 747 26.72460856800001 7.86 0.0 0.04166363532343046 False True -0.02513173810332063 7.235862134660201 0.4905021467615379 -0.4823150972355621 37.09737452064406 1.8236860023509496e-07
28 37 748.0 751 27.45547768900001 7.86 0.0 0.04166363532343046 False True -0.02513173810332063 7.235862134660201 0.4905021467615379 -0.4823150972355621 37.09737452064406 1.8236860023509496e-07
28 38 752.0 755 28.174733047000014 7.86 0.0 0.04166363532343046 False True -0.02513173810332063 7.235862134660201 0.4905021467615379 -0.4823150972355621 37.09737452064406 1.8236860023509496e-07
28 39 756.0 759 28.914262196000013 7.86 0.0 0.04166363532343046 False True -0.02513173810332063 7.235862134660201 0.4905021467615379 -0.4823150972355621 37.09737452064406 1.8236860023509496e-07
28 40 760.0 763 29.633200223000014 7.86 0.0 0.04166363532343046 False True -0.02513173810332063 7.235862134660201 0.4905021467615379 -0.4823150972355621 37.09737452064406 1.8236860023509496e-07
28 41 764.0 767 30.341060871000014 7.86 0.0 0.04166363532343046 False True -0.02513173810332063 7.235862134660201 0.4905021467615379 -0.4823150972355621 37.09737452064406 1.8236860023509496e-07
28 42 768.0 771 31.024939835000016 7.86 0.0 0.04166363532343046 False True -0.02513173810332063 7.235862134660201 0.4905021467615379 -0.4823150972355621 37.09737452064406 1.8236860023509496e-07
28 43 772.0 775 31.764845021000017 7.86 0.0 0.04166363532343046 False True -0.02513173810332063 7.235862134660201 0.4905021467615379 -0.4823150972355621 37.09737452064406 1.8236860023509496e-07
28 44 776.0 779 32.47980870800002 7.86 0.0 0.04166363532343046 False True -0.02513173810332063 7.235862134660201 0.4905021467615379 -0.4823150972355621 37.09737452064406 1.8236860023509496e-07
28 45 780.0 783 33.20443929100002 7.86 0.0 0.04166363532343046 False True -0.02513173810332063 7.235862134660201 0.4905021467615379 -0.4823150972355621 37.09737452064406 1.8236860023509496e-07
28 46 784.0 787 33.92023017600002 7.86 0.0 0.04166363532343046 False True -0.02513173810332063 7.235862134660201 0.4905021467615379 -0.4823150972355621 37.09737452064406 1.8236860023509496e-07
28 47 788.0 791 34.63822969100002 7.86 0.0 0.04166363532343046 False True -0.02513173810332063 7.235862134660201 0.4905021467615379 -0.4823150972355621 37.09737452064406 1.8236860023509496e-07
28 48 792.0 795 35.359190754000025 7.86 0.0 0.022025237019897205 False True -0.02513173810332063 7.235862134660201 0.4905021467615379 -0.4823150972355621 37.09737452064406 1.8236860023509496e-07
28 49 804.0 807 36.10180065800002 7.86 0.0 0.04166363532343046 False True -0.02513173810332063 7.235862134660201 0.4905021467615379 -0.4823150972355621 37.09737452064406 1.8236860023509496e-07
28 50 808.0 811 36.81982716700002 7.86 0.0 0.022025237019897205 False True -0.02513173810332063 7.235862134660201 0.4905021467615379 -0.4823150972355621 37.09737452064406 1.8236860023509496e-07
28 51 812.0 815 37.53810183000002 7.86 0.0 0.04166363532343046 False True -0.02513173810332063 7.235862134660201 0.4905021467615379 -0.4823150972355621 37.09737452064406 1.8236860023509496e-07
28 52 816.0 819 38.24378159500002 7.86 0.0 0.04166363532343046 False True -0.02513173810332063 7.235862134660201 0.4905021467615379 -0.4823150972355621 37.09737452064406 1.8236860023509496e-07
28 53 820.0 823 38.96103955700002 7.86 0.0 0.022025237019897205 False True -0.02513173810332063 7.235862134660201 0.4905021467615379 -0.4823150972355621 37.09737452064406 1.8236860023509496e-07
28 54 824.0 827 39.68345327800002 7.86 0.0 0.022025237019897205 False True -0.02513173810332063 7.235862134660201 0.4905021467615379 -0.4823150972355621 37.09737452064406 1.8236860023509496e-07
28 55 828.0 831 40.42352200600002 7.86 0.0 0.04166363532343046 False True -0.02513173810332063 7.235862134660201 0.4905021467615379 -0.4823150972355621 37.09737452064406 1.8236860023509496e-07
28 56 832.0 835 41.14037249900002 7.86 0.0 0.04166363532343046 False True -0.02513173810332063 7.235862134660201 0.4905021467615379 -0.4823150972355621 37.09737452064406 1.8236860023509496e-07
28 57 836.0 839 41.85692814400003 7.86 0.0 0.04166363532343046 False True -0.02513173810332063 7.235862134660201 0.4905021467615379 -0.4823150972355621 37.09737452064406 1.8236860023509496e-07
28 58 840.0 843 42.56084426900003 7.86 0.0 0.04166363532343046 False True -0.02513173810332063 7.235862134660201 0.4905021467615379 -0.4823150972355621 37.09737452064406 1.8236860023509496e-07
28 59 844.0 847 43.275274250000024 7.86 0.0 0.04166363532343046 False True -0.02513173810332063 7.235862134660201 0.4905021467615379 -0.4823150972355621 37.09737452064406 1.8236860023509496e-07
28 60 848.0 851 43.98353889100002 7.86 0.0 0.022025237019897205 False True -0.02513173810332063 7.235862134660201 0.4905021467615379 -0.4823150972355621 37.09737452064406 1.8236860023509496e-07
28 61 852.0 855 44.713963777000025 7.86 0.0 0.04166363532343046 False True -0.02513173810332063 7.235862134660201 0.4905021467615379 -0.4823150972355621 37.09737452064406 1.8236860023509496e-07
28 62 856.0 859 45.43875847000003 7.86 0.0 0.04166363532343046 False True -0.02513173810332063 7.235862134660201 0.4905021467615379 -0.4823150972355621 37.09737452064406 1.8236860023509496e-07
28 63 860.0 863 46.18265269400003 7.86 0.0 0.04166363532343046 False True -0.02513173810332063 7.235862134660201 0.4905021467615379 -0.4823150972355621 37.09737452064406 1.8236860023509496e-07
28 64 864.0 867 46.915378288000035 7.86 0.0 0.04166363532343046 False True -0.02513173810332063 7.235862134660201 0.4905021467615379 -0.4823150972355621 37.09737452064406 1.8236860023509496e-07
28 65 868.0 871 47.63473527500003 7.86 0.0 0.04166363532343046 False True -0.02513173810332063 7.235862134660201 0.4905021467615379 -0.4823150972355621 37.09737452064406 1.8236860023509496e-07
28 66 872.0 875 48.37490763600003 7.86 0.0 0.04166363532343046 False True -0.02513173810332063 7.235862134660201 0.4905021467615379 -0.4823150972355621 37.09737452064406 1.8236860023509496e-07
28 67 876.0 879 49.120553883000035 7.86 0.0 0.04166363532343046 False True -0.02513173810332063 7.235862134660201 0.4905021467615379 -0.4823150972355621 37.09737452064406 1.8236860023509496e-07
28 68 880.0 883 49.85380739700003 7.86 0.0 0.04166363532343046 False True -0.02513173810332063 7.235862134660201 0.4905021467615379 -0.4823150972355621 37.09737452064406 1.8236860023509496e-07
28 69 884.0 887 50.57586575200003 7.86 0.0 0.04166363532343046 False True -0.02513173810332063 7.235862134660201 0.4905021467615379 -0.4823150972355621 37.09737452064406 1.8236860023509496e-07
28 70 888.0 891 51.296858773000025 7.86 0.0 0.04166363532343046 False True -0.02513173810332063 7.235862134660201 0.4905021467615379 -0.4823150972355621 37.09737452064406 1.8236860023509496e-07
28 71 892.0 895 52.014392683000025 7.86 0.0 0.04166363532343046 False True -0.02513173810332063 7.235862134660201 0.4905021467615379 -0.4823150972355621 37.09737452064406 1.8236860023509496e-07
28 72 896.0 899 52.760894343000025 7.86 0.0 0.04166363532343046 False True -0.02513173810332063 7.235862134660201 0.4905021467615379 -0.4823150972355621 37.09737452064406 1.8236860023509496e-07
28 73 900.0 903 53.49378549400002 7.86 0.0 0.04166363532343046 False True -0.02513173810332063 7.235862134660201 0.4905021467615379 -0.4823150972355621 37.09737452064406 1.8236860023509496e-07
28 74 904.0 907 54.21317503500002 7.86 0.0 0.04166363532343046 False True -0.02513173810332063 7.235862134660201 0.4905021467615379 -0.4823150972355621 37.09737452064406 1.8236860023509496e-07
28 75 908.0 911 54.934503838000026 7.86 0.0 0.04166363532343046 False True -0.02513173810332063 7.235862134660201 0.4905021467615379 -0.4823150972355621 37.09737452064406 1.8236860023509496e-07
28 76 912.0 915 55.65695182800003 7.86 0.0 0.04166363532343046 False True -0.02513173810332063 7.235862134660201 0.4905021467615379 -0.4823150972355621 37.09737452064406 1.8236860023509496e-07
28 77 916.0 919 56.37735072400004 7.86 0.0 0.04166363532343046 False True -0.02513173810332063 7.235862134660201 0.4905021467615379 -0.4823150972355621 37.09737452064406 1.8236860023509496e-07
28 78 920.0 923 57.099647051000034 7.86 0.0 0.04166363532343046 False True -0.02513173810332063 7.235862134660201 0.4905021467615379 -0.4823150972355621 37.09737452064406 1.8236860023509496e-07
28 79 924.0 927 57.83193495200004 7.86 0.0 0.04166363532343046 False True -0.02513173810332063 7.235862134660201 0.4905021467615379 -0.4823150972355621 37.09737452064406 1.8236860023509496e-07
28 80 928.0 931 58.577136261000035 7.86 0.0 0.04166363532343046 False True -0.02513173810332063 7.235862134660201 0.4905021467615379 -0.4823150972355621 37.09737452064406 1.8236860023509496e-07
28 81 932.0 935 59.312471130000034 7.86 0.0 0.04166363532343046 False True -0.02513173810332063 7.235862134660201 0.4905021467615379 -0.4823150972355621 37.09737452064406 1.8236860023509496e-07
28 82 936.0 939 60.01567087600003 7.86 0.0 0.04166363532343046 False True -0.02513173810332063 7.235862134660201 0.4905021467615379 -0.4823150972355621 37.09737452064406 1.8236860023509496e-07
28 83 940.0 943 60.773920720000035 7.86 0.0 0.04166363532343046 False True -0.02513173810332063 7.235862134660201 0.4905021467615379 -0.4823150972355621 37.09737452064406 1.8236860023509496e-07
28 84 944.0 947 61.49460710500003 7.86 0.0 0.04166363532343046 False True -0.02513173810332063 7.235862134660201 0.4905021467615379 -0.4823150972355621 37.09737452064406 1.8236860023509496e-07
28 85 948.0 951 62.21862208400003 7.86 0.0 0.04166363532343046 False True -0.02513173810332063 7.235862134660201 0.4905021467615379 -0.4823150972355621 37.09737452064406 1.8236860023509496e-07
28 86 952.0 955 62.95249222200003 7.86 0.0 0.04166363532343046 False True -0.02513173810332063 7.235862134660201 0.4905021467615379 -0.4823150972355621 37.09737452064406 1.8236860023509496e-07
28 87 956.0 959 63.65677166900002 7.86 0.0 0.04166363532343046 False True -0.02513173810332063 7.235862134660201 0.4905021467615379 -0.4823150972355621 37.09737452064406 1.8236860023509496e-07
28 88 960.0 963 64.41829658300003 7.86 0.0 0.04166363532343046 False True -0.02513173810332063 7.235862134660201 0.4905021467615379 -0.4823150972355621 37.09737452064406 1.8236860023509496e-07
28 89 964.0 967 65.15453874300003 7.86 0.0 0.04166363532343046 False True -0.02513173810332063 7.235862134660201 0.4905021467615379 -0.4823150972355621 37.09737452064406 1.8236860023509496e-07
28 90 968.0 971 65.87554940500003 7.86 0.0 0.04166363532343046 False True -0.02513173810332063 7.235862134660201 0.4905021467615379 -0.4823150972355621 37.09737452064406 1.8236860023509496e-07
28 91 972.0 975 66.59664123800003 7.86 0.0 0.04166363532343046 False True -0.02513173810332063 7.235862134660201 0.4905021467615379 -0.4823150972355621 37.09737452064406 1.8236860023509496e-07
28 92 976.0 979 67.31144222600004 7.86 0.0 0.04166363532343046 False True -0.02513173810332063 7.235862134660201 0.4905021467615379 -0.4823150972355621 37.09737452064406 1.8236860023509496e-07
28 93 980.0 983 68.05599862900004 7.86 0.0 0.04166363532343046 False True -0.02513173810332063 7.235862134660201 0.4905021467615379 -0.4823150972355621 37.09737452064406 1.8236860023509496e-07
28 94 984.0 987 68.79255245800005 7.86 0.0 0.04166363532343046 False True -0.02513173810332063 7.235862134660201 0.4905021467615379 -0.4823150972355621 37.09737452064406 1.8236860023509496e-07
28 95 988.0 991 69.49074368200004 7.86 0.0 0.04166363532343046 False True -0.02513173810332063 7.235862134660201 0.4905021467615379 -0.4823150972355621 37.09737452064406 1.8236860023509496e-07
28 96 992.0 995 70.24317560000004 7.86 0.0 0.04166363532343046 False True -0.02513173810332063 7.235862134660201 0.4905021467615379 -0.4823150972355621 37.09737452064406 1.8236860023509496e-07
28 97 996.0 999 70.95136629100004 7.86 0.0 0.04166363532343046 False True -0.02513173810332063 7.235862134660201 0.4905021467615379 -0.4823150972355621 37.09737452064406 1.8236860023509496e-07
28 98 1000.0 1003 71.66784693300004 7.86 0.0 0.04166363532343046 False True -0.02513173810332063 7.235862134660201 0.4905021467615379 -0.4823150972355621 37.09737452064406 1.8236860023509496e-07
28 99 1004.0 1007 81.07048066900003 7.86 0.0 0.04166363532343046 False True -0.02513173810332063 7.235862134660201 0.4905021467615379 -0.4823150972355621 37.09737452064406 1.8236860023509496e-07
28 100 1008.0 1011 87.03350623000003 7.86 0.0 0.04166363532343046 False True -0.02513173810332063 7.235862134660201 0.4905021467615379 -0.4823150972355621 37.09737452064406 1.8236860023509496e-07
28 101 1012.0 1015 89.47914694000002 7.86 0.0 0.04166363532343046 False True -0.02513173810332063 7.235862134660201 0.4905021467615379 -0.4823150972355621 37.09737452064406 1.8236860023509496e-07
28 102 1016.0 1019 91.33642381700002 7.86 0.0 0.04166363532343046 False True -0.02513173810332063 7.235862134660201 0.4905021467615379 -0.4823150972355621 37.09737452064406 1.8236860023509496e-07
28 103 1020.0 1023 93.01974371300003 7.86 0.0 0.04166363532343046 False True -0.02513173810332063 7.235862134660201 0.4905021467615379 -0.4823150972355621 37.09737452064406 1.8236860023509496e-07
28 104 1024.0 1027 94.56076520700003 7.86 0.0 0.04166363532343046 False True -0.02513173810332063 7.235862134660201 0.4905021467615379 -0.4823150972355621 37.09737452064406 1.8236860023509496e-07
28 105 1028.0 1031 96.08286659900003 7.86 0.0 0.04166363532343046 False True -0.02513173810332063 7.235862134660201 0.4905021467615379 -0.4823150972355621 37.09737452064406 1.8236860023509496e-07
28 106 1032.0 1035 97.50053739300003 7.86 0.0 0.04166363532343046 False True -0.02513173810332063 7.235862134660201 0.4905021467615379 -0.4823150972355621 37.09737452064406 1.8236860023509496e-07
28 107 1036.0 1039 98.85772921300003 7.86 0.0 0.04166363532343046 False True -0.02513173810332063 7.235862134660201 0.4905021467615379 -0.4823150972355621 37.09737452064406 1.8236860023509496e-07
28 108 1040.0 1043 100.16037657100003 7.86 0.0 0.04166363532343046 False True -0.02513173810332063 7.235862134660201 0.4905021467615379 -0.4823150972355621 37.09737452064406 1.8236860023509496e-07
28 109 1044.0 1047 101.42195784700003 7.86 0.0 0.04166363532343046 False True -0.02513173810332063 7.235862134660201 0.4905021467615379 -0.4823150972355621 37.09737452064406 1.8236860023509496e-07
28 110 1048.0 1051 102.65484776500003 7.86 0.0 0.04166363532343046 False True -0.02513173810332063 7.235862134660201 0.4905021467615379 -0.4823150972355621 37.09737452064406 1.8236860023509496e-07
28 111 1052.0 1055 103.81861647900003 7.86 0.0 0.04166363532343046 False True -0.02513173810332063 7.235862134660201 0.4905021467615379 -0.4823150972355621 37.09737452064406 1.8236860023509496e-07
28 112 1056.0 1059 105.05588843300002 7.86 0.0 0.04166363532343046 False True -0.02513173810332063 7.235862134660201 0.4905021467615379 -0.4823150972355621 37.09737452064406 1.8236860023509496e-07
28 113 1060.0 1063 106.21311740700003 7.86 0.0 0.04166363532343046 False True -0.02513173810332063 7.235862134660201 0.4905021467615379 -0.4823150972355621 37.09737452064406 1.8236860023509496e-07
28 114 1064.0 1067 107.29978331900003 7.86 0.0 0.04166363532343046 False True -0.02513173810332063 7.235862134660201 0.4905021467615379 -0.4823150972355621 37.09737452064406 1.8236860023509496e-07
28 115 1068.0 1071 108.45249812900003 7.86 0.0 0.04166363532343046 False True -0.02513173810332063 7.235862134660201 0.4905021467615379 -0.4823150972355621 37.09737452064406 1.8236860023509496e-07
28 116 1072.0 1075 109.55135527700003 7.86 0.0 0.04166363532343046 False True -0.02513173810332063 7.235862134660201 0.4905021467615379 -0.4823150972355621 37.09737452064406 1.8236860023509496e-07
28 117 1076.0 1079 110.61886845100003 7.86 0.0 0.04166363532343046 False True -0.02513173810332063 7.235862134660201 0.4905021467615379 -0.4823150972355621 37.09737452064406 1.8236860023509496e-07
28 118 1080.0 1083 111.69076222400003 7.86 0.0 0.04166363532343046 False True -0.02513173810332063 7.235862134660201 0.4905021467615379 -0.4823150972355621 37.09737452064406 1.8236860023509496e-07
28 119 1084.0 1087 112.75377279300002 7.86 0.0 0.04166363532343046 False True -0.02513173810332063 7.235862134660201 0.4905021467615379 -0.4823150972355621 37.09737452064406 1.8236860023509496e-07
28 120 1088.0 1091 113.75169369700004 7.86 0.0 0.04166363532343046 False True -0.02513173810332063 7.235862134660201 0.4905021467615379 -0.4823150972355621 37.09737452064406 1.8236860023509496e-07
28 121 1092.0 1095 114.71272065900004 7.86 0.0 0.04166363532343046 False True -0.02513173810332063 7.235862134660201 0.4905021467615379 -0.4823150972355621 37.09737452064406 1.8236860023509496e-07
28 122 1096.0 1099 115.63898076800004 7.86 0.0 0.04166363532343046 False True -0.02513173810332063 7.235862134660201 0.4905021467615379 -0.4823150972355621 37.09737452064406 1.8236860023509496e-07
28 123 1100.0 1103 116.57860623800003 7.86 0.0 0.04166363532343046 False True -0.02513173810332063 7.235862134660201 0.4905021467615379 -0.4823150972355621 37.09737452064406 1.8236860023509496e-07
28 124 1104.0 1107 117.51390159300004 7.86 0.0 0.04166363532343046 False True -0.02513173810332063 7.235862134660201 0.4905021467615379 -0.4823150972355621 37.09737452064406 1.8236860023509496e-07
28 125 1108.0 1111 118.41796543700005 7.86 0.0 0.04166363532343046 False True -0.02513173810332063 7.235862134660201 0.4905021467615379 -0.4823150972355621 37.09737452064406 1.8236860023509496e-07
28 126 1112.0 1115 119.37044220600006 7.86 0.0 0.04166363532343046 False True -0.02513173810332063 7.235862134660201 0.4905021467615379 -0.4823150972355621 37.09737452064406 1.8236860023509496e-07
28 127 1116.0 1119 120.27442168800007 7.86 0.0 0.04166363532343046 False True -0.02513173810332063 7.235862134660201 0.4905021467615379 -0.4823150972355621 37.09737452064406 1.8236860023509496e-07
28 128 1120.0 1123 121.16899103400007 7.86 0.0 0.04166363532343046 False True -0.02513173810332063 7.235862134660201 0.4905021467615379 -0.4823150972355621 37.09737452064406 1.8236860023509496e-07
28 129 1124.0 1127 122.05028184400007 7.86 0.0 0.04166363532343046 False True -0.02513173810332063 7.235862134660201 0.4905021467615379 -0.4823150972355621 37.09737452064406 1.8236860023509496e-07
28 130 1128.0 1131 122.91834602400007 7.86 0.0 0.04166363532343046 False True -0.02513173810332063 7.235862134660201 0.4905021467615379 -0.4823150972355621 37.09737452064406 1.8236860023509496e-07
28 131 1132.0 1135 123.79095684600009 7.86 0.0 0.04166363532343046 False True -0.02513173810332063 7.235862134660201 0.4905021467615379 -0.4823150972355621 37.09737452064406 1.8236860023509496e-07
28 132 1136.0 1139 124.65103679000009 7.86 0.0 0.04166363532343046 False True -0.02513173810332063 7.235862134660201 0.4905021467615379 -0.4823150972355621 37.09737452064406 1.8236860023509496e-07
28 133 1140.0 1143 125.49363639600011 7.86 0.0 0.04166363532343046 False True -0.02513173810332063 7.235862134660201 0.4905021467615379 -0.4823150972355621 37.09737452064406 1.8236860023509496e-07
28 134 1144.0 1147 126.33003804100011 7.86 0.0 0.04166363532343046 False True -0.02513173810332063 7.235862134660201 0.4905021467615379 -0.4823150972355621 37.09737452064406 1.8236860023509496e-07
28 135 1148.0 1151 127.20781661400011 7.86 0.0 0.04166363532343046 False True -0.02513173810332063 7.235862134660201 0.4905021467615379 -0.4823150972355621 37.09737452064406 1.8236860023509496e-07
28 136 1152.0 1155 128.03623044500011 7.86 0.0 0.04166363532343046 False True -0.02513173810332063 7.235862134660201 0.4905021467615379 -0.4823150972355621 37.09737452064406 1.8236860023509496e-07
28 137 1156.0 1159 128.86875640900013 7.86 0.0 0.04166363532343046 False True -0.02513173810332063 7.235862134660201 0.4905021467615379 -0.4823150972355621 37.09737452064406 1.8236860023509496e-07
28 138 1160.0 1163 129.69589727900015 7.86 0.0 0.04166363532343046 False True -0.02513173810332063 7.235862134660201 0.4905021467615379 -0.4823150972355621 37.09737452064406 1.8236860023509496e-07
28 139 1164.0 1167 130.51408873100013 7.86 0.0 0.04166363532343046 False True -0.02513173810332063 7.235862134660201 0.4905021467615379 -0.4823150972355621 37.09737452064406 1.8236860023509496e-07
28 140 1168.0 1171 131.31679270200013 7.86 0.0 0.04166363532343046 False True -0.02513173810332063 7.235862134660201 0.4905021467615379 -0.4823150972355621 37.09737452064406 1.8236860023509496e-07
28 141 1172.0 1175 132.13084560200014 7.86 0.0 0.04166363532343046 False True -0.02513173810332063 7.235862134660201 0.4905021467615379 -0.4823150972355621 37.09737452064406 1.8236860023509496e-07
28 142 1176.0 1179 132.93417581400016 7.86 0.0 0.04166363532343046 False True -0.02513173810332063 7.235862134660201 0.4905021467615379 -0.4823150972355621 37.09737452064406 1.8236860023509496e-07
28 143 1180.0 1183 133.76764479000013 7.86 0.0 0.04166363532343046 False True -0.02513173810332063 7.235862134660201 0.4905021467615379 -0.4823150972355621 37.09737452064406 1.8236860023509496e-07
28 144 1184.0 1187 134.5560709170001 7.86 0.0 0.04166363532343046 False True -0.02513173810332063 7.235862134660201 0.4905021467615379 -0.4823150972355621 37.09737452064406 1.8236860023509496e-07
28 145 1188.0 1191 135.3481457020001 7.86 0.0 0.04166363532343046 False True -0.02513173810332063 7.235862134660201 0.4905021467615379 -0.4823150972355621 37.09737452064406 1.8236860023509496e-07
28 146 1192.0 1195 136.1161237810001 7.86 0.0 0.04166363532343046 False True -0.02513173810332063 7.235862134660201 0.4905021467615379 -0.4823150972355621 37.09737452064406 1.8236860023509496e-07
28 147 1196.0 1199 136.8938258110001 7.86 0.0 0.04166363532343046 False True -0.02513173810332063 7.235862134660201 0.4905021467615379 -0.4823150972355621 37.09737452064406 1.8236860023509496e-07
28 148 1200.0 1203 137.6705286770001 7.86 0.0 0.04166363532343046 False True -0.02513173810332063 7.235862134660201 0.4905021467615379 -0.4823150972355621 37.09737452064406 1.8236860023509496e-07
28 149 1204.0 1207 138.4466745300001 7.86 0.0 0.04166363532343046 False True -0.02513173810332063 7.235862134660201 0.4905021467615379 -0.4823150972355621 37.09737452064406 1.8236860023509496e-07
28 150 1208.0 1211 139.20812505300012 7.86 0.0 0.04166363532343046 False True -0.02513173810332063 7.235862134660201 0.4905021467615379 -0.4823150972355621 37.09737452064406 1.8236860023509496e-07
28 151 1212.0 1215 139.97085999300012 7.86 0.0 0.04166363532343046 False True -0.02513173810332063 7.235862134660201 0.4905021467615379 -0.4823150972355621 37.09737452064406 1.8236860023509496e-07
28 152 1216.0 1219 140.7312001350001 7.86 0.0 0.04166363532343046 False True -0.02513173810332063 7.235862134660201 0.4905021467615379 -0.4823150972355621 37.09737452064406 1.8236860023509496e-07
28 153 1220.0 1223 141.48617863000013 7.86 0.0 0.04166363532343046 False True -0.02513173810332063 7.235862134660201 0.4905021467615379 -0.4823150972355621 37.09737452064406 1.8236860023509496e-07
28 154 1224.0 1227 142.21215427600012 7.86 0.0 0.04166363532343046 False True -0.02513173810332063 7.235862134660201 0.4905021467615379 -0.4823150972355621 37.09737452064406 1.8236860023509496e-07
28 155 1228.0 1231 142.99206965300013 7.86 0.0 0.04166363532343046 False True -0.02513173810332063 7.235862134660201 0.4905021467615379 -0.4823150972355621 37.09737452064406 1.8236860023509496e-07
28 156 1232.0 1235 143.73604053600013 7.86 0.0 0.04166363532343046 False True -0.02513173810332063 7.235862134660201 0.4905021467615379 -0.4823150972355621 37.09737452064406 1.8236860023509496e-07
28 157 1236.0 1239 144.46725226700013 7.86 0.0 0.04166363532343046 False True -0.02513173810332063 7.235862134660201 0.4905021467615379 -0.4823150972355621 37.09737452064406 1.8236860023509496e-07
28 158 1240.0 1243 145.18661731500012 7.86 0.0 0.04166363532343046 False True -0.02513173810332063 7.235862134660201 0.4905021467615379 -0.4823150972355621 37.09737452064406 1.8236860023509496e-07
28 159 1244.0 1247 145.89924776600012 7.86 0.0 0.04166363532343046 False True -0.02513173810332063 7.235862134660201 0.4905021467615379 -0.4823150972355621 37.09737452064406 1.8236860023509496e-07
28 160 1248.0 1251 146.63549221200012 7.86 0.0 0.04166363532343046 False True -0.02513173810332063 7.235862134660201 0.4905021467615379 -0.4823150972355621 37.09737452064406 1.8236860023509496e-07
28 161 1252.0 1255 147.33750098100012 7.86 0.0 0.04166363532343046 False True -0.02513173810332063 7.235862134660201 0.4905021467615379 -0.4823150972355621 37.09737452064406 1.8236860023509496e-07
28 162 1256.0 1259 148.0379780020001 7.86 0.0 0.04166363532343046 False True -0.02513173810332063 7.235862134660201 0.4905021467615379 -0.4823150972355621 37.09737452064406 1.8236860023509496e-07
28 163 1260.0 1263 148.7372191260001 7.86 0.0 0.04166363532343046 False True -0.02513173810332063 7.235862134660201 0.4905021467615379 -0.4823150972355621 37.09737452064406 1.8236860023509496e-07
28 164 1264.0 1267 149.43563193200012 7.86 0.0 0.04166363532343046 False True -0.02513173810332063 7.235862134660201 0.4905021467615379 -0.4823150972355621 37.09737452064406 1.8236860023509496e-07
28 165 1268.0 1271 150.1386219280001 7.86 0.0 0.04166363532343046 False True -0.02513173810332063 7.235862134660201 0.4905021467615379 -0.4823150972355621 37.09737452064406 1.8236860023509496e-07
28 166 1272.0 1275 150.8562892780001 7.86 0.0 0.04166363532343046 False True -0.02513173810332063 7.235862134660201 0.4905021467615379 -0.4823150972355621 37.09737452064406 1.8236860023509496e-07
28 167 1276.0 1279 151.5577856350001 7.86 0.0 0.04166363532343046 False True -0.02513173810332063 7.235862134660201 0.4905021467615379 -0.4823150972355621 37.09737452064406 1.8236860023509496e-07
28 168 1280.0 1283 152.25822899500008 7.86 0.0 0.04166363532343046 False True -0.02513173810332063 7.235862134660201 0.4905021467615379 -0.4823150972355621 37.09737452064406 1.8236860023509496e-07
28 169 1284.0 1287 152.9585892510001 7.86 0.0 0.04166363532343046 False True -0.02513173810332063 7.235862134660201 0.4905021467615379 -0.4823150972355621 37.09737452064406 1.8236860023509496e-07
28 170 1288.0 1291 153.65963482200007 7.86 0.0 0.04166363532343046 False True -0.02513173810332063 7.235862134660201 0.4905021467615379 -0.4823150972355621 37.09737452064406 1.8236860023509496e-07
28 171 1292.0 1295 154.37103118000007 7.86 0.0 0.04166363532343046 False True -0.02513173810332063 7.235862134660201 0.4905021467615379 -0.4823150972355621 37.09737452064406 1.8236860023509496e-07
28 172 1296.0 1299 155.07260628800006 7.86 0.0 0.04166363532343046 False True -0.02513173810332063 7.235862134660201 0.4905021467615379 -0.4823150972355621 37.09737452064406 1.8236860023509496e-07
28 173 1300.0 1303 155.77622950700004 7.86 0.0 0.04166363532343046 False True -0.02513173810332063 7.235862134660201 0.4905021467615379 -0.4823150972355621 37.09737452064406 1.8236860023509496e-07
28 174 1304.0 1307 156.51109724400004 7.86 0.0 0.04166363532343046 False True -0.02513173810332063 7.235862134660201 0.4905021467615379 -0.4823150972355621 37.09737452064406 1.8236860023509496e-07
28 175 1308.0 1311 157.23704585500005 7.86 0.0 0.04166363532343046 False True -0.02513173810332063 7.235862134660201 0.4905021467615379 -0.4823150972355621 37.09737452064406 1.8236860023509496e-07
28 176 1312.0 1315 157.97608716200006 7.86 0.0 0.04166363532343046 False True -0.02513173810332063 7.235862134660201 0.4905021467615379 -0.4823150972355621 37.09737452064406 1.8236860023509496e-07
28 177 1316.0 1319 158.69808779500005 7.61 0.04166363532343046 0.0 False True -0.02513173810332063 7.235862134660201 0.4905021467615379 -0.4823150972355621 37.09737452064406 1.8236860023509496e-07
28 178 1320.0 1323 159.41921838300004 7.86 0.0 0.04166363532343046 False True -0.02513173810332063 7.235862134660201 0.4905021467615379 -0.4823150972355621 37.09737452064406 1.8236860023509496e-07
28 179 1324.0 1327 160.13829301100003 7.61 0.04166363532343046 0.0 False True -0.02513173810332063 7.235862134660201 0.4905021467615379 -0.4823150972355621 37.09737452064406 1.8236860023509496e-07
28 180 1328.0 1331 160.85946963100002 7.61 0.04166363532343046 0.0 False True -0.02513173810332063 7.235862134660201 0.4905021467615379 -0.4823150972355621 37.09737452064406 1.8236860023509496e-07
28 181 1332.0 1335 161.59008412100002 7.61 0.04166363532343046 0.0 False True -0.02513173810332063 7.235862134660201 0.4905021467615379 -0.4823150972355621 37.09737452064406 1.8236860023509496e-07
28 182 1336.0 1339 162.31041061700003 7.61 0.04166363532343046 0.0 False True -0.02513173810332063 7.235862134660201 0.4905021467615379 -0.4823150972355621 37.09737452064406 1.8236860023509496e-07
28 183 1340.0 1343 163.03228722300003 7.61 0.04166363532343046 0.0 False True -0.02513173810332063 7.235862134660201 0.4905021467615379 -0.4823150972355621 37.09737452064406 1.8236860023509496e-07
28 184 1344.0 1347 163.75369918600003 7.61 0.04166363532343046 0.0 False True -0.02513173810332063 7.235862134660201 0.4905021467615379 -0.4823150972355621 37.09737452064406 1.8236860023509496e-07
28 185 1348.0 1351 164.47537372100004 7.61 0.04166363532343046 0.0 False True -0.02513173810332063 7.235862134660201 0.4905021467615379 -0.4823150972355621 37.09737452064406 1.8236860023509496e-07
28 186 1352.0 1355 165.19758720600007 7.61 0.04166363532343046 0.0 False True -0.02513173810332063 7.235862134660201 0.4905021467615379 -0.4823150972355621 37.09737452064406 1.8236860023509496e-07
28 187 1356.0 1359 165.91844855900007 7.86 0.0 0.04166363532343046 False True -0.02513173810332063 7.235862134660201 0.4905021467615379 -0.4823150972355621 37.09737452064406 1.8236860023509496e-07
28 188 1360.0 1363 166.65126168100008 7.86 0.0 0.04166363532343046 False True -0.02513173810332063 7.235862134660201 0.4905021467615379 -0.4823150972355621 37.09737452064406 1.8236860023509496e-07
28 189 1364.0 1367 167.37519261200006 7.86 0.0 0.04166363532343046 False True -0.02513173810332063 7.235862134660201 0.4905021467615379 -0.4823150972355621 37.09737452064406 1.8236860023509496e-07
28 190 1368.0 1371 168.09656963200007 7.86 0.0 0.04166363532343046 False True -0.02513173810332063 7.235862134660201 0.4905021467615379 -0.4823150972355621 37.09737452064406 1.8236860023509496e-07
28 191 1372.0 1375 168.81864506100007 7.86 0.0 0.04166363532343046 False True -0.02513173810332063 7.235862134660201 0.4905021467615379 -0.4823150972355621 37.09737452064406 1.8236860023509496e-07
28 192 1376.0 1379 169.53704728200006 7.86 0.0 0.04166363532343046 False True -0.02513173810332063 7.235862134660201 0.4905021467615379 -0.4823150972355621 37.09737452064406 1.8236860023509496e-07
28 193 1380.0 1383 170.25707236500008 7.86 0.0 0.04166363532343046 False True -0.02513173810332063 7.235862134660201 0.4905021467615379 -0.4823150972355621 37.09737452064406 1.8236860023509496e-07
28 194 1384.0 1387 170.9766231510001 7.86 0.0 0.04166363532343046 False True -0.02513173810332063 7.235862134660201 0.4905021467615379 -0.4823150972355621 37.09737452064406 1.8236860023509496e-07
28 195 1388.0 1391 171.6966282460001 7.86 0.0 0.04166363532343046 False True -0.02513173810332063 7.235862134660201 0.4905021467615379 -0.4823150972355621 37.09737452064406 1.8236860023509496e-07
28 196 1392.0 1395 172.4325395600001 7.86 0.0 0.04166363532343046 False True -0.02513173810332063 7.235862134660201 0.4905021467615379 -0.4823150972355621 37.09737452064406 1.8236860023509496e-07
28 197 1396.0 1399 173.15414334300007 7.86 0.0 0.04166363532343046 False True -0.02513173810332063 7.235862134660201 0.4905021467615379 -0.4823150972355621 37.09737452064406 1.8236860023509496e-07
28 198 1400.0 1403 173.85763327400005 7.86 0.0 0.04166363532343046 False True -0.02513173810332063 7.235862134660201 0.4905021467615379 -0.4823150972355621 37.09737452064406 1.8236860023509496e-07
28 199 1404.0 1407 174.61328592600006 7.86 0.0 0.04166363532343046 False True -0.02513173810332063 7.235862134660201 0.4905021467615379 -0.4823150972355621 37.09737452064406 1.8236860023509496e-07
28 200 1408.0 1411 175.33551262000006 7.86 0.0 0.04166363532343046 False True -0.02513173810332063 7.235862134660201 0.4905021467615379 -0.4823150972355621 37.09737452064406 1.8236860023509496e-07
28 201 1412.0 1415 176.06801805000006 7.86 0.0 0.04166363532343046 False True -0.02513173810332063 7.235862134660201 0.4905021467615379 -0.4823150972355621 37.09737452064406 1.8236860023509496e-07
28 202 1416.0 1419 176.77305273700006 7.86 0.0 0.04166363532343046 False True -0.02513173810332063 7.235862134660201 0.4905021467615379 -0.4823150972355621 37.09737452064406 1.8236860023509496e-07
28 203 1420.0 1423 177.49861909800006 7.86 0.0 0.04166363532343046 False True -0.02513173810332063 7.235862134660201 0.4905021467615379 -0.4823150972355621 37.09737452064406 1.8236860023509496e-07
28 204 1424.0 1427 178.26476515400006 7.86 0.0 0.04166363532343046 False True -0.02513173810332063 7.235862134660201 0.4905021467615379 -0.4823150972355621 37.09737452064406 1.8236860023509496e-07
28 205 1428.0 1431 178.98114120400007 7.86 0.0 0.04166363532343046 False True -0.02513173810332063 7.235862134660201 0.4905021467615379 -0.4823150972355621 37.09737452064406 1.8236860023509496e-07
28 206 1432.0 1435 179.69812253600008 7.86 0.0 0.04166363532343046 False True -0.02513173810332063 7.235862134660201 0.4905021467615379 -0.4823150972355621 37.09737452064406 1.8236860023509496e-07
28 207 1436.0 1439 180.3839695480001 7.86 0.0 0.04166363532343046 False True -0.02513173810332063 7.235862134660201 0.4905021467615379 -0.4823150972355621 37.09737452064406 1.8236860023509496e-07
28 208 1440.0 1443 181.0996828480001 7.86 0.0 0.04166363532343046 False True -0.02513173810332063 7.235862134660201 0.4905021467615379 -0.4823150972355621 37.09737452064406 1.8236860023509496e-07
28 209 1444.0 1447 181.78426238000011 7.86 0.0 0.04166363532343046 False True -0.02513173810332063 7.235862134660201 0.4905021467615379 -0.4823150972355621 37.09737452064406 1.8236860023509496e-07
28 210 1448.0 1451 182.48386477100013 7.86 0.0 0.04166363532343046 False True -0.02513173810332063 7.235862134660201 0.4905021467615379 -0.4823150972355621 37.09737452064406 1.8236860023509496e-07
28 211 1452.0 1455 183.23697123900013 7.86 0.0 0.04166363532343046 False True -0.02513173810332063 7.235862134660201 0.4905021467615379 -0.4823150972355621 37.09737452064406 1.8236860023509496e-07
28 212 1456.0 1459 183.95853585500012 7.86 0.0 0.04166363532343046 False True -0.02513173810332063 7.235862134660201 0.4905021467615379 -0.4823150972355621 37.09737452064406 1.8236860023509496e-07
28 213 1460.0 1463 184.66390796600012 7.86 0.0 0.04166363532343046 False True -0.02513173810332063 7.235862134660201 0.4905021467615379 -0.4823150972355621 37.09737452064406 1.8236860023509496e-07
28 214 1464.0 1467 185.38139383300012 7.86 0.0 0.04166363532343046 False True -0.02513173810332063 7.235862134660201 0.4905021467615379 -0.4823150972355621 37.09737452064406 1.8236860023509496e-07
28 215 1468.0 1471 186.13625426200014 7.86 0.0 0.04166363532343046 False True -0.02513173810332063 7.235862134660201 0.4905021467615379 -0.4823150972355621 37.09737452064406 1.8236860023509496e-07
28 216 1472.0 1475 186.84310471800015 7.86 0.0 0.04166363532343046 False True -0.02513173810332063 7.235862134660201 0.4905021467615379 -0.4823150972355621 37.09737452064406 1.8236860023509496e-07
28 217 1476.0 1479 187.54434100600014 7.86 0.0 0.04166363532343046 False True -0.02513173810332063 7.235862134660201 0.4905021467615379 -0.4823150972355621 37.09737452064406 1.8236860023509496e-07
28 218 1480.0 1483 188.25533821400012 7.86 0.0 0.04166363532343046 False True -0.02513173810332063 7.235862134660201 0.4905021467615379 -0.4823150972355621 37.09737452064406 1.8236860023509496e-07
28 219 1484.0 1487 188.95534799000012 7.86 0.0 0.04166363532343046 False True -0.02513173810332063 7.235862134660201 0.4905021467615379 -0.4823150972355621 37.09737452064406 1.8236860023509496e-07
28 220 1488.0 1491 189.65562670500012 7.86 0.0 0.04166363532343046 False True -0.02513173810332063 7.235862134660201 0.4905021467615379 -0.4823150972355621 37.09737452064406 1.8236860023509496e-07
28 221 1492.0 1495 190.38764045300013 7.86 0.0 0.04166363532343046 False True -0.02513173810332063 7.235862134660201 0.4905021467615379 -0.4823150972355621 37.09737452064406 1.8236860023509496e-07
28 222 1496.0 1499 191.07874388000013 7.86 0.0 0.04166363532343046 False True -0.02513173810332063 7.235862134660201 0.4905021467615379 -0.4823150972355621 37.09737452064406 1.8236860023509496e-07
28 223 1500.0 1503 191.78150181500013 7.86 0.0 0.04166363532343046 False True -0.02513173810332063 7.235862134660201 0.4905021467615379 -0.4823150972355621 37.09737452064406 1.8236860023509496e-07
28 224 1504.0 1507 192.49377326400014 7.86 0.0 0.04166363532343046 False True -0.02513173810332063 7.235862134660201 0.4905021467615379 -0.4823150972355621 37.09737452064406 1.8236860023509496e-07
28 225 1508.0 1511 193.18131065100016 7.86 0.0 0.04166363532343046 False True -0.02513173810332063 7.235862134660201 0.4905021467615379 -0.4823150972355621 37.09737452064406 1.8236860023509496e-07
28 226 1512.0 1515 193.91723933500015 7.86 0.0 0.04166363532343046 False True -0.02513173810332063 7.235862134660201 0.4905021467615379 -0.4823150972355621 37.09737452064406 1.8236860023509496e-07
28 227 1516.0 1519 194.63422582600015 7.86 0.0 0.04166363532343046 False True -0.02513173810332063 7.235862134660201 0.4905021467615379 -0.4823150972355621 37.09737452064406 1.8236860023509496e-07
28 228 1520.0 1523 195.33626814200014 7.86 0.0 0.04166363532343046 False True -0.02513173810332063 7.235862134660201 0.4905021467615379 -0.4823150972355621 37.09737452064406 1.8236860023509496e-07
28 229 1524.0 1527 196.03674506800016 7.86 0.0 0.04166363532343046 False True -0.02513173810332063 7.235862134660201 0.4905021467615379 -0.4823150972355621 37.09737452064406 1.8236860023509496e-07
28 230 1528.0 1531 196.75155453100015 7.86 0.0 0.04166363532343046 False True -0.02513173810332063 7.235862134660201 0.4905021467615379 -0.4823150972355621 37.09737452064406 1.8236860023509496e-07
28 231 1532.0 1535 197.45972884800017 7.86 0.0 0.04166363532343046 False True -0.02513173810332063 7.235862134660201 0.4905021467615379 -0.4823150972355621 37.09737452064406 1.8236860023509496e-07
28 232 1536.0 1539 198.17955476600017 7.86 0.0 0.04166363532343046 False True -0.02513173810332063 7.235862134660201 0.4905021467615379 -0.4823150972355621 37.09737452064406 1.8236860023509496e-07
28 233 1540.0 1543 198.89911038500014 7.86 0.0 0.04166363532343046 False True -0.02513173810332063 7.235862134660201 0.4905021467615379 -0.4823150972355621 37.09737452064406 1.8236860023509496e-07
28 234 1544.0 1547 199.61118458500016 7.86 0.0 0.04166363532343046 False True -0.02513173810332063 7.235862134660201 0.4905021467615379 -0.4823150972355621 37.09737452064406 1.8236860023509496e-07
28 235 1548.0 1551 200.35442167600016 7.86 0.0 0.04166363532343046 False True -0.02513173810332063 7.235862134660201 0.4905021467615379 -0.4823150972355621 37.09737452064406 1.8236860023509496e-07
28 236 1552.0 1555 201.07348136700017 7.86 0.0 0.04166363532343046 False True -0.02513173810332063 7.235862134660201 0.4905021467615379 -0.4823150972355621 37.09737452064406 1.8236860023509496e-07
28 237 1556.0 1559 201.7952282890002 7.86 0.0 0.04166363532343046 False True -0.02513173810332063 7.235862134660201 0.4905021467615379 -0.4823150972355621 37.09737452064406 1.8236860023509496e-07
28 238 1560.0 1563 202.5311744920002 7.86 0.0 0.04166363532343046 False True -0.02513173810332063 7.235862134660201 0.4905021467615379 -0.4823150972355621 37.09737452064406 1.8236860023509496e-07
28 239 1564.0 1567 203.2381057430002 7.86 0.0 0.04166363532343046 False True -0.02513173810332063 7.235862134660201 0.4905021467615379 -0.4823150972355621 37.09737452064406 1.8236860023509496e-07
28 240 1568.0 1571 203.9929793890002 7.86 0.0 0.04166363532343046 False True -0.02513173810332063 7.235862134660201 0.4905021467615379 -0.4823150972355621 37.09737452064406 1.8236860023509496e-07
28 241 1572.0 1575 204.7227544480002 7.86 0.0 0.04166363532343046 False True -0.02513173810332063 7.235862134660201 0.4905021467615379 -0.4823150972355621 37.09737452064406 1.8236860023509496e-07
28 242 1576.0 1579 205.4560418140002 7.86 0.0 0.04166363532343046 False True -0.02513173810332063 7.235862134660201 0.4905021467615379 -0.4823150972355621 37.09737452064406 1.8236860023509496e-07
28 243 1580.0 1583 206.23187159600022 7.86 0.0 0.04166363532343046 False True -0.02513173810332063 7.235862134660201 0.4905021467615379 -0.4823150972355621 37.09737452064406 1.8236860023509496e-07
28 244 1584.0 1587 206.93465950200022 7.86 0.0 0.04166363532343046 False True -0.02513173810332063 7.235862134660201 0.4905021467615379 -0.4823150972355621 37.09737452064406 1.8236860023509496e-07
28 245 1588.0 1591 207.6363994100002 7.86 0.0 0.04166363532343046 False True -0.02513173810332063 7.235862134660201 0.4905021467615379 -0.4823150972355621 37.09737452064406 1.8236860023509496e-07
28 246 1592.0 1595 208.3729936140002 7.86 0.0 0.04166363532343046 False True -0.02513173810332063 7.235862134660201 0.4905021467615379 -0.4823150972355621 37.09737452064406 1.8236860023509496e-07
28 247 1596.0 1599 209.0758641940002 7.86 0.0 0.04166363532343046 False True -0.02513173810332063 7.235862134660201 0.4905021467615379 -0.4823150972355621 37.09737452064406 1.8236860023509496e-07
28 248 1600.0 1603 209.7720662250002 7.86 0.0 0.04166363532343046 False True -0.02513173810332063 7.235862134660201 0.4905021467615379 -0.4823150972355621 37.09737452064406 1.8236860023509496e-07
28 249 1604.0 1607 210.46976869700018 7.86 0.0 0.04166363532343046 False True -0.02513173810332063 7.235862134660201 0.4905021467615379 -0.4823150972355621 37.09737452064406 1.8236860023509496e-07
28 250 1608.0 1611 211.1555555350002 7.86 0.0 0.04166363532343046 False True -0.02513173810332063 7.235862134660201 0.4905021467615379 -0.4823150972355621 37.09737452064406 1.8236860023509496e-07
28 251 1612.0 1615 211.8898058250002 7.86 0.0 0.04166363532343046 False True -0.02513173810332063 7.235862134660201 0.4905021467615379 -0.4823150972355621 37.09737452064406 1.8236860023509496e-07
28 252 1616.0 1619 212.59227651300017 7.86 0.0 0.04166363532343046 False True -0.02513173810332063 7.235862134660201 0.4905021467615379 -0.4823150972355621 37.09737452064406 1.8236860023509496e-07
28 253 1620.0 1623 213.29224855900017 7.86 0.0 0.04166363532343046 False True -0.02513173810332063 7.235862134660201 0.4905021467615379 -0.4823150972355621 37.09737452064406 1.8236860023509496e-07
28 254 1624.0 1627 213.98779747100016 7.86 0.0 0.04166363532343046 False True -0.02513173810332063 7.235862134660201 0.4905021467615379 -0.4823150972355621 37.09737452064406 1.8236860023509496e-07
28 255 1628.0 1631 214.68674420300016 7.86 0.0 0.04166363532343046 False True -0.02513173810332063 7.235862134660201 0.4905021467615379 -0.4823150972355621 37.09737452064406 1.8236860023509496e-07
28 256 1632.0 1635 215.37010372100016 7.86 0.0 0.04166363532343046 False True -0.02513173810332063 7.235862134660201 0.4905021467615379 -0.4823150972355621 37.09737452064406 1.8236860023509496e-07
28 257 1636.0 1639 216.08584232100017 7.86 0.0 0.04166363532343046 False True -0.02513173810332063 7.235862134660201 0.4905021467615379 -0.4823150972355621 37.09737452064406 1.8236860023509496e-07
28 258 1640.0 1643 216.82545407300017 7.86 0.0 0.04166363532343046 False True -0.02513173810332063 7.235862134660201 0.4905021467615379 -0.4823150972355621 37.09737452064406 1.8236860023509496e-07
28 259 1644.0 1647 217.5121957500002 7.86 0.0 0.04166363532343046 False True -0.02513173810332063 7.235862134660201 0.4905021467615379 -0.4823150972355621 37.09737452064406 1.8236860023509496e-07
28 260 1648.0 1651 218.21300275100018 7.86 0.0 0.04166363532343046 False True -0.02513173810332063 7.235862134660201 0.4905021467615379 -0.4823150972355621 37.09737452064406 1.8236860023509496e-07
28 261 1652.0 1655 218.9245817140002 7.86 0.0 0.04166363532343046 False True -0.02513173810332063 7.235862134660201 0.4905021467615379 -0.4823150972355621 37.09737452064406 1.8236860023509496e-07
28 262 1656.0 1659 219.6278801870002 7.86 0.0 0.04166363532343046 False True -0.02513173810332063 7.235862134660201 0.4905021467615379 -0.4823150972355621 37.09737452064406 1.8236860023509496e-07
28 263 1660.0 1663 220.3297185530002 7.86 0.0 0.04166363532343046 False True -0.02513173810332063 7.235862134660201 0.4905021467615379 -0.4823150972355621 37.09737452064406 1.8236860023509496e-07
28 264 1664.0 1667 221.0881332050002 7.86 0.0 0.04166363532343046 False True -0.02513173810332063 7.235862134660201 0.4905021467615379 -0.4823150972355621 37.09737452064406 1.8236860023509496e-07
28 265 1668.0 1671 234.5978618750002 7.86 0.0 0.04166363532343046 False True -0.02513173810332063 7.235862134660201 0.4905021467615379 -0.4823150972355621 37.09737452064406 1.8236860023509496e-07
28 266 1672.0 1675 237.99517650200022 7.86 0.0 0.04166363532343046 False True -0.02513173810332063 7.235862134660201 0.4905021467615379 -0.4823150972355621 37.09737452064406 1.8236860023509496e-07
28 267 1676.0 1679 240.0296022590002 7.86 0.0 0.04166363532343046 False True -0.02513173810332063 7.235862134660201 0.4905021467615379 -0.4823150972355621 37.09737452064406 1.8236860023509496e-07
28 268 1680.0 1683 241.8084081140002 7.86 0.0 0.04166363532343046 False True -0.02513173810332063 7.235862134660201 0.4905021467615379 -0.4823150972355621 37.09737452064406 1.8236860023509496e-07
28 269 1684.0 1687 243.4477300190002 7.86 0.0 0.04166363532343046 False True -0.02513173810332063 7.235862134660201 0.4905021467615379 -0.4823150972355621 37.09737452064406 1.8236860023509496e-07
28 270 1688.0 1691 244.97002064000023 7.86 0.0 0.04166363532343046 False True -0.02513173810332063 7.235862134660201 0.4905021467615379 -0.4823150972355621 37.09737452064406 1.8236860023509496e-07
28 271 1692.0 1695 246.41101649700022 7.86 0.0 0.04166363532343046 False True -0.02513173810332063 7.235862134660201 0.4905021467615379 -0.4823150972355621 37.09737452064406 1.8236860023509496e-07
28 272 1696.0 1699 247.79486783400023 7.86 0.0 0.04166363532343046 False True -0.02513173810332063 7.235862134660201 0.4905021467615379 -0.4823150972355621 37.09737452064406 1.8236860023509496e-07
28 273 1700.0 1703 249.14632576200023 7.86 0.0 0.04166363532343046 False True -0.02513173810332063 7.235862134660201 0.4905021467615379 -0.4823150972355621 37.09737452064406 1.8236860023509496e-07
28 274 1704.0 1707 250.41390125200024 7.86 0.0 0.04166363532343046 False True -0.02513173810332063 7.235862134660201 0.4905021467615379 -0.4823150972355621 37.09737452064406 1.8236860023509496e-07
28 275 1708.0 1711 251.65187256400026 7.86 0.0 0.04166363532343046 False True -0.02513173810332063 7.235862134660201 0.4905021467615379 -0.4823150972355621 37.09737452064406 1.8236860023509496e-07
28 276 1712.0 1715 252.8664237540002 7.86 0.0 0.04166363532343046 False True -0.02513173810332063 7.235862134660201 0.4905021467615379 -0.4823150972355621 37.09737452064406 1.8236860023509496e-07
28 277 1716.0 1719 254.04946681700017 7.86 0.0 0.04166363532343046 False True -0.02513173810332063 7.235862134660201 0.4905021467615379 -0.4823150972355621 37.09737452064406 1.8236860023509496e-07
28 278 1720.0 1723 255.20911578200014 7.86 0.0 0.022025237019897205 False True -0.02513173810332063 7.235862134660201 0.4905021467615379 -0.4823150972355621 37.09737452064406 1.8236860023509496e-07
28 279 1724.0 1727 256.34499425700017 7.86 0.0 0.04166363532343046 False True -0.02513173810332063 7.235862134660201 0.4905021467615379 -0.4823150972355621 37.09737452064406 1.8236860023509496e-07
28 280 1728.0 1731 257.4517814170002 7.86 0.0 0.04166363532343046 False True -0.02513173810332063 7.235862134660201 0.4905021467615379 -0.4823150972355621 37.09737452064406 1.8236860023509496e-07
28 281 1732.0 1735 258.5465934100002 7.86 0.0 0.022025237019897205 False True -0.02513173810332063 7.235862134660201 0.4905021467615379 -0.4823150972355621 37.09737452064406 1.8236860023509496e-07
28 282 1736.0 1739 259.65367247900014 7.86 0.0 0.04166363532343046 False True -0.02513173810332063 7.235862134660201 0.4905021467615379 -0.4823150972355621 37.09737452064406 1.8236860023509496e-07
28 283 1740.0 1743 260.7273349650002 7.86 0.0 0.04166363532343046 False True -0.02513173810332063 7.235862134660201 0.4905021467615379 -0.4823150972355621 37.09737452064406 1.8236860023509496e-07
28 284 1744.0 1747 261.8047927220002 7.86 0.0 0.04166363532343046 False True -0.02513173810332063 7.235862134660201 0.4905021467615379 -0.4823150972355621 37.09737452064406 1.8236860023509496e-07
28 285 1748.0 1751 262.86305656200017 7.86 0.0 0.04166363532343046 False True -0.02513173810332063 7.235862134660201 0.4905021467615379 -0.4823150972355621 37.09737452064406 1.8236860023509496e-07
28 286 1752.0 1755 263.84627367500013 7.86 0.0 0.04166363532343046 False True -0.02513173810332063 7.235862134660201 0.4905021467615379 -0.4823150972355621 37.09737452064406 1.8236860023509496e-07
28 287 1756.0 1759 264.8203591940001 7.86 0.0 0.04166363532343046 False True -0.02513173810332063 7.235862134660201 0.4905021467615379 -0.4823150972355621 37.09737452064406 1.8236860023509496e-07
28 288 1760.0 1763 265.80346194800006 7.86 0.0 0.04166363532343046 False True -0.02513173810332063 7.235862134660201 0.4905021467615379 -0.4823150972355621 37.09737452064406 1.8236860023509496e-07
28 289 1764.0 1767 266.74398062600005 7.86 0.0 0.04166363532343046 False True -0.02513173810332063 7.235862134660201 0.4905021467615379 -0.4823150972355621 37.09737452064406 1.8236860023509496e-07
28 290 1768.0 1771 267.67724050000004 7.86 0.0 0.04166363532343046 False True -0.02513173810332063 7.235862134660201 0.4905021467615379 -0.4823150972355621 37.09737452064406 1.8236860023509496e-07
28 291 1772.0 1775 268.59387752000004 7.86 0.0 0.04166363532343046 False True -0.02513173810332063 7.235862134660201 0.4905021467615379 -0.4823150972355621 37.09737452064406 1.8236860023509496e-07
28 292 1776.0 1779 269.497283001 7.86 0.0 0.04166363532343046 False True -0.02513173810332063 7.235862134660201 0.4905021467615379 -0.4823150972355621 37.09737452064406 1.8236860023509496e-07
28 293 1780.0 1783 270.396203575 7.86 0.0 0.04166363532343046 False True -0.02513173810332063 7.235862134660201 0.4905021467615379 -0.4823150972355621 37.09737452064406 1.8236860023509496e-07
28 294 1784.0 1787 271.312929055 7.86 0.0 0.04166363532343046 False True -0.02513173810332063 7.235862134660201 0.4905021467615379 -0.4823150972355621 37.09737452064406 1.8236860023509496e-07
28 295 1788.0 1791 272.192886455 7.86 0.0 0.04166363532343046 False True -0.02513173810332063 7.235862134660201 0.4905021467615379 -0.4823150972355621 37.09737452064406 1.8236860023509496e-07
28 296 1792.0 1795 273.060093514 7.86 0.0 0.04166363532343046 False True -0.02513173810332063 7.235862134660201 0.4905021467615379 -0.4823150972355621 37.09737452064406 1.8236860023509496e-07
28 297 1796.0 1799 273.919242171 7.86 0.0 0.08520142829101175 False True -0.02513173810332063 7.235862134660201 0.4905021467615379 -0.4823150972355621 37.09737452064406 1.8236860023509496e-07
28 298 1800.0 1803 274.779237958 7.86 0.0 0.08520142829101175 False True -0.02513173810332063 7.235862134660201 0.4905021467615379 -0.4823150972355621 37.09737452064406 1.8236860023509496e-07
28 299 1804.0 1807 275.63349138800004 7.86 0.0 0.08520142829101175 False True -0.02513173810332063 7.235862134660201 0.4905021467615379 -0.4823150972355621 37.09737452064406 1.8236860023509496e-07
28 300 1808.0 1811 276.47730202 7.86 0.0 0.022025237019897205 False True -0.02513173810332063 7.235862134660201 0.4905021467615379 -0.4823150972355621 37.09737452064406 1.8236860023509496e-07
28 301 1812.0 1815 277.3138702 7.86 0.0 0.08520142829101175 False True -0.02513173810332063 7.235862134660201 0.4905021467615379 -0.4823150972355621 37.09737452064406 1.8236860023509496e-07
28 302 1816.0 1819 278.134640198 7.86 0.0 0.04166363532343046 False True -0.02513173810332063 7.235862134660201 0.4905021467615379 -0.4823150972355621 37.09737452064406 1.8236860023509496e-07
28 303 1820.0 1823 278.951612726 7.86 0.0 0.04166363532343046 False True -0.02513173810332063 7.235862134660201 0.4905021467615379 -0.4823150972355621 37.09737452064406 1.8236860023509496e-07
28 304 1824.0 1827 279.757962367 7.86 0.0 0.04166363532343046 False True -0.02513173810332063 7.235862134660201 0.4905021467615379 -0.4823150972355621 37.09737452064406 1.8236860023509496e-07
28 305 1828.0 1831 280.573018436 7.86 0.0 0.04166363532343046 False True -0.02513173810332063 7.235862134660201 0.4905021467615379 -0.4823150972355621 37.09737452064406 1.8236860023509496e-07
28 306 1832.0 1835 281.376618653 7.86 0.0 0.04166363532343046 False True -0.02513173810332063 7.235862134660201 0.4905021467615379 -0.4823150972355621 37.09737452064406 1.8236860023509496e-07
28 307 1836.0 1839 282.174810483 7.86 0.0 0.04166363532343046 False True -0.02513173810332063 7.235862134660201 0.4905021467615379 -0.4823150972355621 37.09737452064406 1.8236860023509496e-07
28 308 1840.0 1843 282.971719851 7.86 0.0 0.04166363532343046 False True -0.02513173810332063 7.235862134660201 0.4905021467615379 -0.4823150972355621 37.09737452064406 1.8236860023509496e-07
28 309 1844.0 1847 283.75472832799994 7.86 0.0 0.04166363532343046 False True -0.02513173810332063 7.235862134660201 0.4905021467615379 -0.4823150972355621 37.09737452064406 1.8236860023509496e-07
28 310 1848.0 1851 284.53791201099995 7.86 0.0 0.04166363532343046 False True -0.02513173810332063 7.235862134660201 0.4905021467615379 -0.4823150972355621 37.09737452064406 1.8236860023509496e-07
28 311 1852.0 1855 285.31525764299994 7.86 0.0 0.04166363532343046 False True -0.02513173810332063 7.235862134660201 0.4905021467615379 -0.4823150972355621 37.09737452064406 1.8236860023509496e-07
28 312 1856.0 1859 286.08980569499994 7.86 0.0 0.04166363532343046 False True -0.02513173810332063 7.235862134660201 0.4905021467615379 -0.4823150972355621 37.09737452064406 1.8236860023509496e-07
28 313 1860.0 1863 286.8372821819999 7.86 0.0 0.04166363532343046 False True -0.02513173810332063 7.235862134660201 0.4905021467615379 -0.4823150972355621 37.09737452064406 1.8236860023509496e-07
28 314 1864.0 1867 287.6435405689999 7.86 0.0 0.04166363532343046 False True -0.02513173810332063 7.235862134660201 0.4905021467615379 -0.4823150972355621 37.09737452064406 1.8236860023509496e-07
28 315 1868.0 1871 288.3875411269999 7.86 0.0 0.04166363532343046 False True -0.02513173810332063 7.235862134660201 0.4905021467615379 -0.4823150972355621 37.09737452064406 1.8236860023509496e-07
28 316 1872.0 1875 289.1400698259999 7.86 0.0 0.04166363532343046 False True -0.02513173810332063 7.235862134660201 0.4905021467615379 -0.4823150972355621 37.09737452064406 1.8236860023509496e-07
28 317 1876.0 1879 289.8782488639999 7.86 0.0 0.04166363532343046 False True -0.02513173810332063 7.235862134660201 0.4905021467615379 -0.4823150972355621 37.09737452064406 1.8236860023509496e-07
28 318 1880.0 1883 290.61886795499987 7.86 0.0 0.04166363532343046 False True -0.02513173810332063 7.235862134660201 0.4905021467615379 -0.4823150972355621 37.09737452064406 1.8236860023509496e-07
28 319 1884.0 1887 291.34763101599987 7.86 0.0 0.04166363532343046 False True -0.02513173810332063 7.235862134660201 0.4905021467615379 -0.4823150972355621 37.09737452064406 1.8236860023509496e-07
28 320 1888.0 1891 292.08611581199983 7.86 0.0 0.04166363532343046 False True -0.02513173810332063 7.235862134660201 0.4905021467615379 -0.4823150972355621 37.09737452064406 1.8236860023509496e-07
28 321 1892.0 1895 292.82148715299985 7.86 0.0 0.04166363532343046 False True -0.02513173810332063 7.235862134660201 0.4905021467615379 -0.4823150972355621 37.09737452064406 1.8236860023509496e-07
28 322 1896.0 1899 293.54551316899983 7.86 0.0 0.04166363532343046 False True -0.02513173810332063 7.235862134660201 0.4905021467615379 -0.4823150972355621 37.09737452064406 1.8236860023509496e-07
28 323 1900.0 1903 294.29988013099984 7.86 0.0 0.04166363532343046 False True -0.02513173810332063 7.235862134660201 0.4905021467615379 -0.4823150972355621 37.09737452064406 1.8236860023509496e-07
28 324 1904.0 1907 295.02317341699984 7.86 0.0 0.04166363532343046 False True -0.02513173810332063 7.235862134660201 0.4905021467615379 -0.4823150972355621 37.09737452064406 1.8236860023509496e-07
28 325 1908.0 1911 295.7443341329998 7.86 0.0 0.04166363532343046 False True -0.02513173810332063 7.235862134660201 0.4905021467615379 -0.4823150972355621 37.09737452064406 1.8236860023509496e-07
28 326 1912.0 1915 296.4627245799998 7.86 0.0 0.04166363532343046 False True -0.02513173810332063 7.235862134660201 0.4905021467615379 -0.4823150972355621 37.09737452064406 1.8236860023509496e-07
28 327 1916.0 1919 297.1813812829998 7.86 0.0 0.04166363532343046 False True -0.02513173810332063 7.235862134660201 0.4905021467615379 -0.4823150972355621 37.09737452064406 1.8236860023509496e-07
28 328 1920.0 1923 297.8864730329998 7.86 0.0 0.04166363532343046 False True -0.02513173810332063 7.235862134660201 0.4905021467615379 -0.4823150972355621 37.09737452064406 1.8236860023509496e-07
28 329 1924.0 1927 298.6041691879998 7.86 0.0 0.04166363532343046 False True -0.02513173810332063 7.235862134660201 0.4905021467615379 -0.4823150972355621 37.09737452064406 1.8236860023509496e-07
28 330 1928.0 1931 299.3255730949998 7.86 0.0 0.04166363532343046 False True -0.02513173810332063 7.235862134660201 0.4905021467615379 -0.4823150972355621 37.09737452064406 1.8236860023509496e-07
28 331 1932.0 1935 300.0655013039998 7.86 0.0 0.04166363532343046 False True -0.02513173810332063 7.235862134660201 0.4905021467615379 -0.4823150972355621 37.09737452064406 1.8236860023509496e-07
28 332 1936.0 1939 300.79712167199983 7.86 0.0 0.04166363532343046 False True -0.02513173810332063 7.235862134660201 0.4905021467615379 -0.4823150972355621 37.09737452064406 1.8236860023509496e-07
28 333 1940.0 1943 301.5184900329998 7.86 0.0 0.04166363532343046 False True -0.02513173810332063 7.235862134660201 0.4905021467615379 -0.4823150972355621 37.09737452064406 1.8236860023509496e-07
28 334 1944.0 1947 302.2426364919998 7.86 0.0 0.04166363532343046 False True -0.02513173810332063 7.235862134660201 0.4905021467615379 -0.4823150972355621 37.09737452064406 1.8236860023509496e-07
28 335 1948.0 1951 302.9975931299998 7.86 0.0 0.04166363532343046 False True -0.02513173810332063 7.235862134660201 0.4905021467615379 -0.4823150972355621 37.09737452064406 1.8236860023509496e-07
28 336 1952.0 1955 303.7217054059998 7.86 0.0 0.04166363532343046 False True -0.02513173810332063 7.235862134660201 0.4905021467615379 -0.4823150972355621 37.09737452064406 1.8236860023509496e-07
28 337 1956.0 1959 304.4576181459998 7.86 0.0 0.04166363532343046 False True -0.02513173810332063 7.235862134660201 0.4905021467615379 -0.4823150972355621 37.09737452064406 1.8236860023509496e-07
28 338 1960.0 1963 305.1804430489998 7.86 0.0 0.04166363532343046 False True -0.02513173810332063 7.235862134660201 0.4905021467615379 -0.4823150972355621 37.09737452064406 1.8236860023509496e-07
28 339 1964.0 1967 305.9036749689998 7.86 0.0 0.04166363532343046 False True -0.02513173810332063 7.235862134660201 0.4905021467615379 -0.4823150972355621 37.09737452064406 1.8236860023509496e-07
28 340 1968.0 1971 306.6364110949998 7.86 0.0 0.04166363532343046 False True -0.02513173810332063 7.235862134660201 0.4905021467615379 -0.4823150972355621 37.09737452064406 1.8236860023509496e-07
28 341 1972.0 1975 307.3586466439998 7.86 0.0 0.04166363532343046 False True -0.02513173810332063 7.235862134660201 0.4905021467615379 -0.4823150972355621 37.09737452064406 1.8236860023509496e-07
28 342 1976.0 1979 308.07925712699983 7.86 0.0 0.04166363532343046 False True -0.02513173810332063 7.235862134660201 0.4905021467615379 -0.4823150972355621 37.09737452064406 1.8236860023509496e-07
28 343 1980.0 1983 308.80294650599984 7.86 0.0 0.04166363532343046 False True -0.02513173810332063 7.235862134660201 0.4905021467615379 -0.4823150972355621 37.09737452064406 1.8236860023509496e-07
28 344 1984.0 1987 309.53596331399984 7.86 0.0 0.04166363532343046 False True -0.02513173810332063 7.235862134660201 0.4905021467615379 -0.4823150972355621 37.09737452064406 1.8236860023509496e-07
28 345 1988.0 1991 310.26076865299984 7.86 0.0 0.04166363532343046 False True -0.02513173810332063 7.235862134660201 0.4905021467615379 -0.4823150972355621 37.09737452064406 1.8236860023509496e-07
28 346 1992.0 1995 310.99770828799984 7.86 0.0 0.04166363532343046 False True -0.02513173810332063 7.235862134660201 0.4905021467615379 -0.4823150972355621 37.09737452064406 1.8236860023509496e-07
28 347 1996.0 1999 311.72246197099986 7.86 0.0 0.04166363532343046 False True -0.02513173810332063 7.235862134660201 0.4905021467615379 -0.4823150972355621 37.09737452064406 1.8236860023509496e-07
