112 0 600.0 603.2 0.5779865949999987 1.03 0.2739357229532116 0.13099489880818097 True False 0.3374575814431635 223.54069135037707 -111.7618494875085 -0.5866074553386221 26.428681641022617 -0.004461722006777092
112 1 600.0 603.3 0.9619232020000084 1.03 0.2739357229532116 0.1418358367284074 True False 0.3374575814431635 223.54069135037707 -111.7618494875085 -0.5866074553386221 26.428681641022617 -0.004461722006777092
112 2 600.0 603.4 1.337041871000011 1.03 0.2739357229532116 0.12126634359265007 True False 0.3374575814431635 223.54069135037707 -111.7618494875085 -0.5866074553386221 26.428681641022617 -0.004461722006777092
112 3 600.0 603.5 1.7164678290000097 1.03 0.2739357229532116 0.11827216971211586 True False 0.3374575814431635 223.54069135037707 -111.7618494875085 -0.5866074553386221 26.428681641022617 -0.004461722006777092
112 4 600.0 603.6 2.0815660640000146 1.03 0.2739357229532116 0.11827216971211586 False True 0.3374575814431635 223.54069135037707 -111.7618494875085 -0.5866074553386221 26.428681641022617 -0.004461722006777092
112 5 612.0 615.6 2.6784188270000158 8.43 0.1985224993924341 0.12126634359265007 False True 0.3374575814431635 223.54069135037707 -111.7618494875085 -0.5866074553386221 26.428681641022617 -0.004461722006777092
112 6 624.0 627.6 3.263322501000019 1.34 0.12126634359265007 0.17610864512382796 True False 0.3374575814431635 223.54069135037707 -111.7618494875085 -0.5866074553386221 26.428681641022617 -0.004461722006777092
112 7 624.0 627.7 3.643395254000012 1.34 0.12126634359265007 0.13099489880818097 False True 0.3374575814431635 223.54069135037707 -111.7618494875085 -0.5866074553386221 26.428681641022617 -0.004461722006777092
112 8 636.0 639.7 4.245204482000005 1.34 0.12126634359265007 0.1418358367284074 False True 0.3374575814431635 223.54069135037707 -111.7618494875085 -0.5866074553386221 26.428681641022617 -0.004461722006777092
112 9 648.0 651.7 4.858771255000008 1.34 0.12126634359265007 0.20141788069250774 True False 0.3374575814431635 223.54069135037707 -111.7618494875085 -0.5866074553386221 26.428681641022617 -0.004461722006777092
112 10 648.0 651.8 5.2364301700000055 1.34 0.12126634359265007 0.17610864512382796 False True 0.3374575814431635 223.54069135037707 -111.7618494875085 -0.5866074553386221 26.428681641022617 -0.004461722006777092
112 11 660.0 663.8 5.835451854000013 1.34 0.12126634359265007 0.21800864845834506 True False 0.3374575814431635 223.54069135037707 -111.7618494875085 -0.5866074553386221 26.428681641022617 -0.004461722006777092
112 12 660.0 663.9 6.199638472000018 1.34 0.12126634359265007 0.20141788069250774 False True 0.3374575814431635 223.54069135037707 -111.7618494875085 -0.5866074553386221 26.428681641022617 -0.004461722006777092
112 13 672.0 675.9 6.80370677800002 1.34 0.12126634359265007 0.09079428993822374 True False 0.3374575814431635 223.54069135037707 -111.7618494875085 -0.5866074553386221 26.428681641022617 -0.004461722006777092
112 14 672.0 676.0 7.181952282000012 1.34 0.12126634359265007 0.09079428993822374 False True 0.3374575814431635 223.54069135037707 -111.7618494875085 -0.5866074553386221 26.428681641022617 -0.004461722006777092
112 15 684.0 688.0 7.781838112000003 1.03 0.2739357229532116 0.08846931109904693 True False 0.3374575814431635 223.54069135037707 -111.7618494875085 -0.5866074553386221 26.428681641022617 -0.004461722006777092
112 16 684.0 688.1 8.177599437000012 1.03 0.2739357229532116 0.08846931109904693 False True 0.3374575814431635 223.54069135037707 -111.7618494875085 -0.5866074553386221 26.428681641022617 -0.004461722006777092
112 17 696.0 700.1 8.77914369700001 1.34 0.12126634359265007 0.09523696361965309 True False 0.3374575814431635 223.54069135037707 -111.7618494875085 -0.5866074553386221 26.428681641022617 -0.004461722006777092
112 18 696.0 700.2 9.199950033000007 1.34 0.12126634359265007 0.09523696361965309 False True 0.3374575814431635 223.54069135037707 -111.7618494875085 -0.5866074553386221 26.428681641022617 -0.004461722006777092
112 19 708.0 712.2 9.806516759000019 1.03 0.2739357229532116 0.09079428993822374 False True 0.3374575814431635 223.54069135037707 -111.7618494875085 -0.5866074553386221 26.428681641022617 -0.004461722006777092
112 20 712.0 716.2 10.39412383100003 1.03 0.2739357229532116 0.09523696361965309 False True 0.3374575814431635 223.54069135037707 -111.7618494875085 -0.5866074553386221 26.428681641022617 -0.004461722006777092
112 21 716.0 720.2 10.992499183000035 8.43 0.1985224993924341 0.1418358367284074 False True 0.3374575814431635 223.54069135037707 -111.7618494875085 -0.5866074553386221 26.428681641022617 -0.004461722006777092
112 22 720.0 724.2 11.588622742000027 8.43 0.1985224993924341 0.09079428993822374 False True 0.3374575814431635 223.54069135037707 -111.7618494875085 -0.5866074553386221 26.428681641022617 -0.004461722006777092
112 23 724.0 728.2 12.162651308000022 8.43 0.1985224993924341 0.21800864845834506 False True 0.3374575814431635 223.54069135037707 -111.7618494875085 -0.5866074553386221 26.428681641022617 -0.004461722006777092
112 24 736.0 740.2 12.755996517000014 1.12 0.21800864845834506 0.04461656115873377 True False 0.3374575814431635 223.54069135037707 -111.7618494875085 -0.5866074553386221 26.428681641022617 -0.004461722006777092
112 25 736.0 740.3 13.132610800000009 1.12 0.21800864845834506 0.08593911333964478 True False 0.3374575814431635 223.54069135037707 -111.7618494875085 -0.5866074553386221 26.428681641022617 -0.004461722006777092
112 26 736.0 740.4 13.508487321000004 1.12 0.21800864845834506 0.08593911333964478 False True 0.3374575814431635 223.54069135037707 -111.7618494875085 -0.5866074553386221 26.428681641022617 -0.004461722006777092
112 27 748.0 752.4 14.11092066900001 1.12 0.21800864845834506 0.02178166128784311 True False 0.3374575814431635 223.54069135037707 -111.7618494875085 -0.5866074553386221 26.428681641022617 -0.004461722006777092
112 28 748.0 752.5 14.510084161000009 1.12 0.21800864845834506 0.07537225621911939 True False 0.3374575814431635 223.54069135037707 -111.7618494875085 -0.5866074553386221 26.428681641022617 -0.004461722006777092
112 29 748.0 752.6 14.897518331 1.12 0.21800864845834506 0.09491041754913564 True False 0.3374575814431635 223.54069135037707 -111.7618494875085 -0.5866074553386221 26.428681641022617 -0.004461722006777092
112 30 748.0 752.7 15.294946186999994 1.12 0.21800864845834506 0.09491041754913564 False True 0.3374575814431635 223.54069135037707 -111.7618494875085 -0.5866074553386221 26.428681641022617 -0.004461722006777092
112 31 760.0 764.7 15.889912966999987 8.43 0.1985224993924341 0.08846931109904693 False True 0.3374575814431635 223.54069135037707 -111.7618494875085 -0.5866074553386221 26.428681641022617 -0.004461722006777092
112 32 764.0 768.7 16.457519024999982 1.5 0.08846931109904693 0.01337995219103452 True False 0.3374575814431635 223.54069135037707 -111.7618494875085 -0.5866074553386221 26.428681641022617 -0.004461722006777092
112 33 764.0 768.8 16.81047851099997 1.5 0.08846931109904693 0.011596029197111394 True False 0.3374575814431635 223.54069135037707 -111.7618494875085 -0.5866074553386221 26.428681641022617 -0.004461722006777092
112 34 764.0 768.9 17.168509142999966 1.5 0.08846931109904693 0.10082256516104393 True False 0.3374575814431635 223.54069135037707 -111.7618494875085 -0.5866074553386221 26.428681641022617 -0.004461722006777092
112 35 764.0 769.0 17.51380875999996 1.5 0.08846931109904693 0.10082256516104393 False True 0.3374575814431635 223.54069135037707 -111.7618494875085 -0.5866074553386221 26.428681641022617 -0.004461722006777092
112 36 776.0 781.0 18.148607953999957 1.34 0.12126634359265007 0.011596029197111394 False True 0.3374575814431635 223.54069135037707 -111.7618494875085 -0.5866074553386221 26.428681641022617 -0.004461722006777092
112 37 788.0 793.0 18.732917811999954 7.7299999999999995 0.011596029197111394 0.007006554121890778 True False 0.3374575814431635 223.54069135037707 -111.7618494875085 -0.5866074553386221 26.428681641022617 -0.004461722006777092
112 38 788.0 793.1 19.089695997999954 7.7299999999999995 0.011596029197111394 0.007006554121890778 False True 0.3374575814431635 223.54069135037707 -111.7618494875085 -0.5866074553386221 26.428681641022617 -0.004461722006777092
112 39 800.0 805.1 19.67465924699995 7.76 0.007006554121890778 0.011596029197111394 False True 0.3374575814431635 223.54069135037707 -111.7618494875085 -0.5866074553386221 26.428681641022617 -0.004461722006777092
112 40 804.0 809.1 20.274386723999953 7.76 0.007006554121890778 0.011596029197111394 False True 0.3374575814431635 223.54069135037707 -111.7618494875085 -0.5866074553386221 26.428681641022617 -0.004461722006777092
112 41 808.0 813.1 20.87470262399995 7.76 0.007006554121890778 0.011596029197111394 False True 0.3374575814431635 223.54069135037707 -111.7618494875085 -0.5866074553386221 26.428681641022617 -0.004461722006777092
112 42 812.0 817.1 21.473769016999952 7.76 0.007006554121890778 0.011596029197111394 False True 0.3374575814431635 223.54069135037707 -111.7618494875085 -0.5866074553386221 26.428681641022617 -0.004461722006777092
112 43 816.0 821.1 22.068570716999957 7.76 0.007006554121890778 0.011596029197111394 False True 0.3374575814431635 223.54069135037707 -111.7618494875085 -0.5866074553386221 26.428681641022617 -0.004461722006777092
112 44 820.0 825.1 22.654444392999963 7.76 0.007006554121890778 0.004583508728839641 True False 0.3374575814431635 223.54069135037707 -111.7618494875085 -0.5866074553386221 26.428681641022617 -0.004461722006777092
112 45 820.0 825.2 23.009336859999962 7.76 0.007006554121890778 0.11371894130379955 True False 0.3374575814431635 223.54069135037707 -111.7618494875085 -0.5866074553386221 26.428681641022617 -0.004461722006777092
112 46 820.0 825.3 23.372181486999963 7.76 0.007006554121890778 0.004583508728839641 False True 0.3374575814431635 223.54069135037707 -111.7618494875085 -0.5866074553386221 26.428681641022617 -0.004461722006777092
112 47 832.0 837.3 23.991708741999958 7.76 0.007006554121890778 0.004583508728839641 False True 0.3374575814431635 223.54069135037707 -111.7618494875085 -0.5866074553386221 26.428681641022617 -0.004461722006777092
112 48 836.0 841.3 24.590320151999947 7.76 0.007006554121890778 0.004583508728839641 False True 0.3374575814431635 223.54069135037707 -111.7618494875085 -0.5866074553386221 26.428681641022617 -0.004461722006777092
112 49 840.0 845.3 25.209962506999943 7.76 0.007006554121890778 0.30657357146010317 True False 0.3374575814431635 223.54069135037707 -111.7618494875085 -0.5866074553386221 26.428681641022617 -0.004461722006777092
112 50 840.0 845.4 25.57169260099994 7.76 0.007006554121890778 0.2719473169964911 True False 0.3374575814431635 223.54069135037707 -111.7618494875085 -0.5866074553386221 26.428681641022617 -0.004461722006777092
112 51 840.0 845.5 25.967889783999937 7.76 0.007006554121890778 0.265344628322462 True False 0.3374575814431635 223.54069135037707 -111.7618494875085 -0.5866074553386221 26.428681641022617 -0.004461722006777092
112 52 840.0 845.6 26.353456069999936 7.76 0.007006554121890778 0.265344628322462 False True 0.3374575814431635 223.54069135037707 -111.7618494875085 -0.5866074553386221 26.428681641022617 -0.004461722006777092
112 53 852.0 857.6 26.95005332199993 7.76 0.007006554121890778 0.359434902110197 True False 0.3374575814431635 223.54069135037707 -111.7618494875085 -0.5866074553386221 26.428681641022617 -0.004461722006777092
112 54 852.0 857.7 27.309923286999933 7.76 0.007006554121890778 0.2719473169964911 False True 0.3374575814431635 223.54069135037707 -111.7618494875085 -0.5866074553386221 26.428681641022617 -0.004461722006777092
112 55 864.0 869.7 27.888683183999945 7.76 0.007006554121890778 0.1121087235584456 True False 0.3374575814431635 223.54069135037707 -111.7618494875085 -0.5866074553386221 26.428681641022617 -0.004461722006777092
112 56 864.0 869.8 28.234094648999942 7.76 0.007006554121890778 0.1121087235584456 False True 0.3374575814431635 223.54069135037707 -111.7618494875085 -0.5866074553386221 26.428681641022617 -0.004461722006777092
112 57 876.0 881.8 28.873391586999944 1.79 0.1121087235584456 0.007006554121890778 False True 0.3374575814431635 223.54069135037707 -111.7618494875085 -0.5866074553386221 26.428681641022617 -0.004461722006777092
112 58 880.0 885.8 29.469824920999955 1.79 0.1121087235584456 0.1176620432684422 True False 0.3374575814431635 223.54069135037707 -111.7618494875085 -0.5866074553386221 26.428681641022617 -0.004461722006777092
112 59 880.0 885.9 29.82844619599996 1.79 0.1121087235584456 0.1176620432684422 False True 0.3374575814431635 223.54069135037707 -111.7618494875085 -0.5866074553386221 26.428681641022617 -0.004461722006777092
112 60 892.0 897.9 30.395603490999946 7.76 0.007006554121890778 0.1121087235584456 False True 0.3374575814431635 223.54069135037707 -111.7618494875085 -0.5866074553386221 26.428681641022617 -0.004461722006777092
112 61 896.0 901.9 31.034319235999945 7.76 0.007006554121890778 0.1121087235584456 False True 0.3374575814431635 223.54069135037707 -111.7618494875085 -0.5866074553386221 26.428681641022617 -0.004461722006777092
112 62 900.0 905.9 31.63388575799995 7.76 0.007006554121890778 0.10951922816016885 True False 0.3374575814431635 223.54069135037707 -111.7618494875085 -0.5866074553386221 26.428681641022617 -0.004461722006777092
112 63 900.0 906.0 31.99061205299995 7.76 0.007006554121890778 0.10951922816016885 False True 0.3374575814431635 223.54069135037707 -111.7618494875085 -0.5866074553386221 26.428681641022617 -0.004461722006777092
112 64 912.0 918.0 32.59308770199995 7.78 0.004583508728839641 0.1121087235584456 False True 0.3374575814431635 223.54069135037707 -111.7618494875085 -0.5866074553386221 26.428681641022617 -0.004461722006777092
112 65 916.0 922.0 33.18773255699995 7.78 0.004583508728839641 0.10951922816016885 False True 0.3374575814431635 223.54069135037707 -111.7618494875085 -0.5866074553386221 26.428681641022617 -0.004461722006777092
112 66 920.0 926.0 33.80895177199994 7.76 0.007006554121890778 0.1121087235584456 False True 0.3374575814431635 223.54069135037707 -111.7618494875085 -0.5866074553386221 26.428681641022617 -0.004461722006777092
112 67 924.0 930.0 34.390032377999944 7.76 0.007006554121890778 0.004583508728839641 False True 0.3374575814431635 223.54069135037707 -111.7618494875085 -0.5866074553386221 26.428681641022617 -0.004461722006777092
112 68 928.0 934.0 34.95176288899995 7.76 0.007006554121890778 0.10951922816016885 False True 0.3374575814431635 223.54069135037707 -111.7618494875085 -0.5866074553386221 26.428681641022617 -0.004461722006777092
112 69 932.0 938.0 35.625927521999955 7.76 0.007006554121890778 0.10951922816016885 False True 0.3374575814431635 223.54069135037707 -111.7618494875085 -0.5866074553386221 26.428681641022617 -0.004461722006777092
112 70 936.0 942.0 36.20411648599996 7.76 0.007006554121890778 0.10705487586073686 True False 0.3374575814431635 223.54069135037707 -111.7618494875085 -0.5866074553386221 26.428681641022617 -0.004461722006777092
112 71 936.0 942.1 36.560936768999966 7.76 0.007006554121890778 0.10705487586073686 False True 0.3374575814431635 223.54069135037707 -111.7618494875085 -0.5866074553386221 26.428681641022617 -0.004461722006777092
112 72 948.0 954.1 37.16577841399996 7.76 0.007006554121890778 0.10705487586073686 False True 0.3374575814431635 223.54069135037707 -111.7618494875085 -0.5866074553386221 26.428681641022617 -0.004461722006777092
112 73 952.0 958.1 37.761878952999965 7.76 0.007006554121890778 0.10951922816016885 False True 0.3374575814431635 223.54069135037707 -111.7618494875085 -0.5866074553386221 26.428681641022617 -0.004461722006777092
112 74 956.0 962.1 38.37690478999997 7.78 0.004583508728839641 0.10951922816016885 False True 0.3374575814431635 223.54069135037707 -111.7618494875085 -0.5866074553386221 26.428681641022617 -0.004461722006777092
112 75 960.0 966.1 38.960038827999966 7.76 0.007006554121890778 0.10951922816016885 False True 0.3374575814431635 223.54069135037707 -111.7618494875085 -0.5866074553386221 26.428681641022617 -0.004461722006777092
112 76 964.0 970.1 39.56298080599997 7.76 0.007006554121890778 0.1121087235584456 False True 0.3374575814431635 223.54069135037707 -111.7618494875085 -0.5866074553386221 26.428681641022617 -0.004461722006777092
112 77 968.0 974.1 40.16258170899998 7.76 0.007006554121890778 0.2719473169964911 False True 0.3374575814431635 223.54069135037707 -111.7618494875085 -0.5866074553386221 26.428681641022617 -0.004461722006777092
112 78 972.0 978.1 40.75516408399997 2.13 0.2719473169964911 0.007006554121890778 False True 0.3374575814431635 223.54069135037707 -111.7618494875085 -0.5866074553386221 26.428681641022617 -0.004461722006777092
112 79 976.0 982.1 41.382056354999975 2.13 0.2719473169964911 0.007006554121890778 False True 0.3374575814431635 223.54069135037707 -111.7618494875085 -0.5866074553386221 26.428681641022617 -0.004461722006777092
112 80 980.0 986.1 41.978024762999965 2.13 0.2719473169964911 0.10951922816016885 False True 0.3374575814431635 223.54069135037707 -111.7618494875085 -0.5866074553386221 26.428681641022617 -0.004461722006777092
112 81 984.0 990.1 42.59800348299996 7.78 0.004583508728839641 0.10951922816016885 False True 0.3374575814431635 223.54069135037707 -111.7618494875085 -0.5866074553386221 26.428681641022617 -0.004461722006777092
112 82 988.0 994.1 43.19479387499996 7.76 0.007006554121890778 0.10951922816016885 False True 0.3374575814431635 223.54069135037707 -111.7618494875085 -0.5866074553386221 26.428681641022617 -0.004461722006777092
112 83 992.0 998.1 43.81359527199996 7.76 0.007006554121890778 0.10951922816016885 False True 0.3374575814431635 223.54069135037707 -111.7618494875085 -0.5866074553386221 26.428681641022617 -0.004461722006777092
112 84 996.0 1002.1 44.399117470999954 7.76 0.007006554121890778 0.10951922816016885 False True 0.3374575814431635 223.54069135037707 -111.7618494875085 -0.5866074553386221 26.428681641022617 -0.004461722006777092
112 85 1000.0 1006.1 45.01920801599995 7.76 0.007006554121890778 0.10951922816016885 False True 0.3374575814431635 223.54069135037707 -111.7618494875085 -0.5866074553386221 26.428681641022617 -0.004461722006777092
112 86 1004.0 1010.1 45.620721259999954 7.78 0.004583508728839641 0.10951922816016885 False True 0.3374575814431635 223.54069135037707 -111.7618494875085 -0.5866074553386221 26.428681641022617 -0.004461722006777092
112 87 1008.0 1014.1 46.197615038999956 7.78 0.004583508728839641 0.10951922816016885 False True 0.3374575814431635 223.54069135037707 -111.7618494875085 -0.5866074553386221 26.428681641022617 -0.004461722006777092
112 88 1012.0 1018.1 46.83614640799995 7.7299999999999995 0.011596029197111394 0.10951922816016885 False True 0.3374575814431635 223.54069135037707 -111.7618494875085 -0.5866074553386221 26.428681641022617 -0.004461722006777092
112 89 1016.0 1022.1 47.43376318099995 7.76 0.007006554121890778 0.10951922816016885 False True 0.3374575814431635 223.54069135037707 -111.7618494875085 -0.5866074553386221 26.428681641022617 -0.004461722006777092
112 90 1020.0 1026.1 48.05568485599994 1.78 0.10951922816016885 0.01337995219103452 False True 0.3374575814431635 223.54069135037707 -111.7618494875085 -0.5866074553386221 26.428681641022617 -0.004461722006777092
112 91 1032.0 1038.1 48.65330597299993 7.72 0.01337995219103452 0.10951922816016885 False True 0.3374575814431635 223.54069135037707 -111.7618494875085 -0.5866074553386221 26.428681641022617 -0.004461722006777092
112 92 1036.0 1042.1 49.28691914599993 7.72 0.01337995219103452 0.017327976796836078 True False 0.3374575814431635 223.54069135037707 -111.7618494875085 -0.5866074553386221 26.428681641022617 -0.004461722006777092
112 93 1036.0 1042.2 49.65565971499993 7.72 0.01337995219103452 0.017327976796836078 False True 0.3374575814431635 223.54069135037707 -111.7618494875085 -0.5866074553386221 26.428681641022617 -0.004461722006777092
112 94 1048.0 1054.2 50.24923644799992 7.72 0.01337995219103452 0.017327976796836078 False True 0.3374575814431635 223.54069135037707 -111.7618494875085 -0.5866074553386221 26.428681641022617 -0.004461722006777092
112 95 1052.0 1058.2 50.81321162099992 7.72 0.01337995219103452 0.02178166128784311 False True 0.3374575814431635 223.54069135037707 -111.7618494875085 -0.5866074553386221 26.428681641022617 -0.004461722006777092
112 96 1064.0 1070.2 51.44781313199992 7.72 0.01337995219103452 0.017327976796836078 False True 0.3374575814431635 223.54069135037707 -111.7618494875085 -0.5866074553386221 26.428681641022617 -0.004461722006777092
112 97 1068.0 1074.2 52.031942714999914 7.72 0.01337995219103452 0.017327976796836078 False True 0.3374575814431635 223.54069135037707 -111.7618494875085 -0.5866074553386221 26.428681641022617 -0.004461722006777092
112 98 1072.0 1078.2 52.64613701199991 7.72 0.01337995219103452 0.017327976796836078 False True 0.3374575814431635 223.54069135037707 -111.7618494875085 -0.5866074553386221 26.428681641022617 -0.004461722006777092
112 99 1076.0 1082.2 53.22787853299991 7.72 0.01337995219103452 0.09853464396097857 True False 0.3374575814431635 223.54069135037707 -111.7618494875085 -0.5866074553386221 26.428681641022617 -0.004461722006777092
112 100 1076.0 1082.3 53.5850934689999 7.72 0.01337995219103452 0.10951922816016885 False True 0.3374575814431635 223.54069135037707 -111.7618494875085 -0.5866074553386221 26.428681641022617 -0.004461722006777092
112 101 1080.0 1086.3 54.1936051589999 7.72 0.01337995219103452 0.08827165337550327 True False 0.3374575814431635 223.54069135037707 -111.7618494875085 -0.5866074553386221 26.428681641022617 -0.004461722006777092
112 102 1080.0 1086.4 54.585443248999894 7.72 0.01337995219103452 0.08827165337550327 False True 0.3374575814431635 223.54069135037707 -111.7618494875085 -0.5866074553386221 26.428681641022617 -0.004461722006777092
112 103 1092.0 1098.4 55.18380649699989 7.72 0.01337995219103452 0.30657357146010317 False True 0.3374575814431635 223.54069135037707 -111.7618494875085 -0.5866074553386221 26.428681641022617 -0.004461722006777092
112 104 1104.0 1110.4 55.78548141899989 7.72 0.01337995219103452 0.04461656115873377 False True 0.3374575814431635 223.54069135037707 -111.7618494875085 -0.5866074553386221 26.428681641022617 -0.004461722006777092
112 105 1116.0 1122.4 56.36722785799989 7.72 0.01337995219103452 0.15800439302687472 True False 0.3374575814431635 223.54069135037707 -111.7618494875085 -0.5866074553386221 26.428681641022617 -0.004461722006777092
112 106 1116.0 1122.5 56.7241116739999 7.72 0.01337995219103452 0.15800439302687472 False True 0.3374575814431635 223.54069135037707 -111.7618494875085 -0.5866074553386221 26.428681641022617 -0.004461722006777092
112 107 1128.0 1134.5 57.329016076999906 7.72 0.01337995219103452 0.004624100967960092 True False 0.3374575814431635 223.54069135037707 -111.7618494875085 -0.5866074553386221 26.428681641022617 -0.004461722006777092
112 108 1128.0 1134.6 57.7235387169999 7.72 0.01337995219103452 0.004624100967960092 False True 0.3374575814431635 223.54069135037707 -111.7618494875085 -0.5866074553386221 26.428681641022617 -0.004461722006777092
112 109 1140.0 1146.6 58.30701286499989 7.72 0.01337995219103452 0.07537225621911939 False True 0.3374575814431635 223.54069135037707 -111.7618494875085 -0.5866074553386221 26.428681641022617 -0.004461722006777092
112 110 1152.0 1158.6 58.921517993999885 7.72 0.01337995219103452 0.4086356850728079 True False 0.3374575814431635 223.54069135037707 -111.7618494875085 -0.5866074553386221 26.428681641022617 -0.004461722006777092
112 111 1152.0 1158.7 59.32100364099989 7.72 0.01337995219103452 0.10250262584970667 True False 0.3374575814431635 223.54069135037707 -111.7618494875085 -0.5866074553386221 26.428681641022617 -0.004461722006777092
112 112 1152.0 1158.8 59.7052529799999 7.72 0.01337995219103452 0.10250262584970667 False True 0.3374575814431635 223.54069135037707 -111.7618494875085 -0.5866074553386221 26.428681641022617 -0.004461722006777092
112 113 1164.0 1170.8 60.284863619999896 7.72 0.01337995219103452 0.10250262584970667 False True 0.3374575814431635 223.54069135037707 -111.7618494875085 -0.5866074553386221 26.428681641022617 -0.004461722006777092
112 114 1168.0 1174.8 60.88779606199989 7.72 0.01337995219103452 0.10250262584970667 False True 0.3374575814431635 223.54069135037707 -111.7618494875085 -0.5866074553386221 26.428681641022617 -0.004461722006777092
112 115 1172.0 1178.8 61.5096554539999 7.72 0.01337995219103452 0.10951922816016885 False True 0.3374575814431635 223.54069135037707 -111.7618494875085 -0.5866074553386221 26.428681641022617 -0.004461722006777092
112 116 1176.0 1182.8 62.131250983999905 7.72 0.01337995219103452 0.10250262584970667 False True 0.3374575814431635 223.54069135037707 -111.7618494875085 -0.5866074553386221 26.428681641022617 -0.004461722006777092
112 117 1180.0 1186.8 62.7717091989999 7.72 0.01337995219103452 0.10951922816016885 False True 0.3374575814431635 223.54069135037707 -111.7618494875085 -0.5866074553386221 26.428681641022617 -0.004461722006777092
112 118 1184.0 1190.8 63.349771288999904 7.72 0.01337995219103452 0.10951922816016885 False True 0.3374575814431635 223.54069135037707 -111.7618494875085 -0.5866074553386221 26.428681641022617 -0.004461722006777092
112 119 1188.0 1194.8 63.94991344499991 1.78 0.10951922816016885 0.09523696361965309 False True 0.3374575814431635 223.54069135037707 -111.7618494875085 -0.5866074553386221 26.428681641022617 -0.004461722006777092
112 120 1192.0 1198.8 64.52776331099992 1.78 0.10951922816016885 0.09523696361965309 False True 0.3374575814431635 223.54069135037707 -111.7618494875085 -0.5866074553386221 26.428681641022617 -0.004461722006777092
112 121 1196.0 1202.8 65.1276120199999 1.78 0.10951922816016885 0.09523696361965309 False True 0.3374575814431635 223.54069135037707 -111.7618494875085 -0.5866074553386221 26.428681641022617 -0.004461722006777092
112 122 1200.0 1206.8 65.70599040399992 7.76 0.007006554121890778 0.09523696361965309 False True 0.3374575814431635 223.54069135037707 -111.7618494875085 -0.5866074553386221 26.428681641022617 -0.004461722006777092
112 123 1204.0 1210.8 66.30549657399993 7.72 0.01337995219103452 0.10951922816016885 False True 0.3374575814431635 223.54069135037707 -111.7618494875085 -0.5866074553386221 26.428681641022617 -0.004461722006777092
112 124 1208.0 1214.8 66.87165849699994 7.72 0.01337995219103452 0.1121087235584456 False True 0.3374575814431635 223.54069135037707 -111.7618494875085 -0.5866074553386221 26.428681641022617 -0.004461722006777092
112 125 1212.0 1218.8 67.48454702499996 7.76 0.007006554121890778 0.27865844939890005 True False 0.3374575814431635 223.54069135037707 -111.7618494875085 -0.5866074553386221 26.428681641022617 -0.004461722006777092
112 126 1212.0 1218.9 67.86972834899996 7.76 0.007006554121890778 0.27865844939890005 False True 0.3374575814431635 223.54069135037707 -111.7618494875085 -0.5866074553386221 26.428681641022617 -0.004461722006777092
112 127 1224.0 1230.9 68.46509619399995 7.76 0.007006554121890778 0.2719473169964911 False True 0.3374575814431635 223.54069135037707 -111.7618494875085 -0.5866074553386221 26.428681641022617 -0.004461722006777092
112 128 1228.0 1234.9 69.07041183799996 7.76 0.007006554121890778 0.10705487586073686 False True 0.3374575814431635 223.54069135037707 -111.7618494875085 -0.5866074553386221 26.428681641022617 -0.004461722006777092
112 129 1232.0 1238.9 69.66343926199997 7.72 0.01337995219103452 0.24173902540132755 True False 0.3374575814431635 223.54069135037707 -111.7618494875085 -0.5866074553386221 26.428681641022617 -0.004461722006777092
112 130 1232.0 1239.0 70.00650028099997 7.72 0.01337995219103452 0.24173902540132755 False True 0.3374575814431635 223.54069135037707 -111.7618494875085 -0.5866074553386221 26.428681641022617 -0.004461722006777092
112 131 1244.0 1251.0 70.60762262599997 7.72 0.01337995219103452 0.24173902540132755 False True 0.3374575814431635 223.54069135037707 -111.7618494875085 -0.5866074553386221 26.428681641022617 -0.004461722006777092
112 132 1248.0 1255.0 71.18925671999997 7.72 0.01337995219103452 0.017327976796836078 False True 0.3374575814431635 223.54069135037707 -111.7618494875085 -0.5866074553386221 26.428681641022617 -0.004461722006777092
112 133 1252.0 1259.0 71.80283488199996 7.72 0.01337995219103452 0.017327976796836078 False True 0.3374575814431635 223.54069135037707 -111.7618494875085 -0.5866074553386221 26.428681641022617 -0.004461722006777092
112 134 1256.0 1263.0 72.38529591999995 7.72 0.01337995219103452 0.1418358367284074 False True 0.3374575814431635 223.54069135037707 -111.7618494875085 -0.5866074553386221 26.428681641022617 -0.004461722006777092
112 135 1260.0 1267.0 72.98950960999994 7.72 0.01337995219103452 0.10754641835630449 True False 0.3374575814431635 223.54069135037707 -111.7618494875085 -0.5866074553386221 26.428681641022617 -0.004461722006777092
112 136 1260.0 1267.1 73.38491974499993 7.72 0.01337995219103452 0.10754641835630449 False True 0.3374575814431635 223.54069135037707 -111.7618494875085 -0.5866074553386221 26.428681641022617 -0.004461722006777092
112 137 1272.0 1279.1 73.96526849099993 7.72 0.01337995219103452 0.10754641835630449 False True 0.3374575814431635 223.54069135037707 -111.7618494875085 -0.5866074553386221 26.428681641022617 -0.004461722006777092
112 138 1276.0 1283.1 74.58351461199993 1.3900000000000001 0.10754641835630449 0.009939056058834174 True False 0.3374575814431635 223.54069135037707 -111.7618494875085 -0.5866074553386221 26.428681641022617 -0.004461722006777092
112 139 1276.0 1283.2 74.96819629299992 1.3900000000000001 0.10754641835630449 0.009939056058834174 False True 0.3374575814431635 223.54069135037707 -111.7618494875085 -0.5866074553386221 26.428681641022617 -0.004461722006777092
112 140 1288.0 1295.2 75.54863914899994 7.74 0.009939056058834174 0.10754641835630449 False True 0.3374575814431635 223.54069135037707 -111.7618494875085 -0.5866074553386221 26.428681641022617 -0.004461722006777092
112 141 1292.0 1299.2 76.16102226499993 7.74 0.009939056058834174 0.10754641835630449 False True 0.3374575814431635 223.54069135037707 -111.7618494875085 -0.5866074553386221 26.428681641022617 -0.004461722006777092
112 142 1296.0 1303.2 76.74243945599991 7.74 0.009939056058834174 0.10754641835630449 False True 0.3374575814431635 223.54069135037707 -111.7618494875085 -0.5866074553386221 26.428681641022617 -0.004461722006777092
112 143 1300.0 1307.2 77.34169400699992 7.74 0.009939056058834174 0.10754641835630449 False True 0.3374575814431635 223.54069135037707 -111.7618494875085 -0.5866074553386221 26.428681641022617 -0.004461722006777092
112 144 1304.0 1311.2 77.9206126259999 7.74 0.009939056058834174 0.017327976796836078 False True 0.3374575814431635 223.54069135037707 -111.7618494875085 -0.5866074553386221 26.428681641022617 -0.004461722006777092
112 145 1308.0 1315.2 78.52304359399989 7.74 0.009939056058834174 0.017327976796836078 False True 0.3374575814431635 223.54069135037707 -111.7618494875085 -0.5866074553386221 26.428681641022617 -0.004461722006777092
112 146 1312.0 1319.2 79.10248788199988 7.74 0.009939056058834174 0.0035633085041680093 True False 0.3374575814431635 223.54069135037707 -111.7618494875085 -0.5866074553386221 26.428681641022617 -0.004461722006777092
112 147 1312.0 1319.3 79.44993060999988 7.74 0.009939056058834174 0.0035633085041680093 False True 0.3374575814431635 223.54069135037707 -111.7618494875085 -0.5866074553386221 26.428681641022617 -0.004461722006777092
112 148 1324.0 1331.3 80.06609990299987 7.74 0.009939056058834174 0.0035633085041680093 False True 0.3374575814431635 223.54069135037707 -111.7618494875085 -0.5866074553386221 26.428681641022617 -0.004461722006777092
112 149 1328.0 1335.3 80.68724076999987 7.74 0.009939056058834174 0.011596029197111394 False True 0.3374575814431635 223.54069135037707 -111.7618494875085 -0.5866074553386221 26.428681641022617 -0.004461722006777092
112 150 1332.0 1339.3 81.28198461499989 7.74 0.009939056058834174 0.011596029197111394 False True 0.3374575814431635 223.54069135037707 -111.7618494875085 -0.5866074553386221 26.428681641022617 -0.004461722006777092
112 151 1336.0 1343.3 81.88603364199989 7.74 0.009939056058834174 0.011596029197111394 False True 0.3374575814431635 223.54069135037707 -111.7618494875085 -0.5866074553386221 26.428681641022617 -0.004461722006777092
112 152 1340.0 1347.3 82.4843610719999 7.74 0.009939056058834174 0.011596029197111394 False True 0.3374575814431635 223.54069135037707 -111.7618494875085 -0.5866074553386221 26.428681641022617 -0.004461722006777092
112 153 1344.0 1351.3 83.0887250589999 7.74 0.009939056058834174 0.10863313437288258 True False 0.3374575814431635 223.54069135037707 -111.7618494875085 -0.5866074553386221 26.428681641022617 -0.004461722006777092
112 154 1344.0 1351.4 83.48129324199991 7.74 0.009939056058834174 0.18587798498432148 True False 0.3374575814431635 223.54069135037707 -111.7618494875085 -0.5866074553386221 26.428681641022617 -0.004461722006777092
112 155 1344.0 1351.5 83.86680122099992 7.74 0.009939056058834174 0.18587798498432148 False True 0.3374575814431635 223.54069135037707 -111.7618494875085 -0.5866074553386221 26.428681641022617 -0.004461722006777092
112 156 1356.0 1363.5 84.46073888399991 7.74 0.009939056058834174 0.017327976796836078 False True 0.3374575814431635 223.54069135037707 -111.7618494875085 -0.5866074553386221 26.428681641022617 -0.004461722006777092
112 157 1360.0 1367.5 85.06537913799991 7.74 0.009939056058834174 0.017327976796836078 False True 0.3374575814431635 223.54069135037707 -111.7618494875085 -0.5866074553386221 26.428681641022617 -0.004461722006777092
112 158 1364.0 1371.5 85.66101731599991 7.72 0.01337995219103452 0.005731290917024243 True False 0.3374575814431635 223.54069135037707 -111.7618494875085 -0.5866074553386221 26.428681641022617 -0.004461722006777092
112 159 1364.0 1371.6 86.00482829199993 7.72 0.01337995219103452 0.005731290917024243 False True 0.3374575814431635 223.54069135037707 -111.7618494875085 -0.5866074553386221 26.428681641022617 -0.004461722006777092
112 160 1376.0 1383.6 86.60705653699992 7.78 0.004583508728839641 0.008409184647233376 True False 0.3374575814431635 223.54069135037707 -111.7618494875085 -0.5866074553386221 26.428681641022617 -0.004461722006777092
112 161 1376.0 1383.7 87.0048188349999 7.78 0.004583508728839641 0.008409184647233376 False True 0.3374575814431635 223.54069135037707 -111.7618494875085 -0.5866074553386221 26.428681641022617 -0.004461722006777092
112 162 1388.0 1395.7 87.58729178099992 7.78 0.004583508728839641 0.09079428993822374 False True 0.3374575814431635 223.54069135037707 -111.7618494875085 -0.5866074553386221 26.428681641022617 -0.004461722006777092
112 163 1392.0 1399.7 88.20405030799992 7.76 0.007006554121890778 0.17610864512382796 False True 0.3374575814431635 223.54069135037707 -111.7618494875085 -0.5866074553386221 26.428681641022617 -0.004461722006777092
112 164 1396.0 1403.7 88.78826962499991 7.76 0.007006554121890778 0.09853464396097857 False True 0.3374575814431635 223.54069135037707 -111.7618494875085 -0.5866074553386221 26.428681641022617 -0.004461722006777092
112 165 1408.0 1415.7 89.4013788039999 7.47 0.09853464396097857 0.007006554121890778 False True 0.3374575814431635 223.54069135037707 -111.7618494875085 -0.5866074553386221 26.428681641022617 -0.004461722006777092
112 166 1412.0 1419.7 89.98870410299992 7.47 0.09853464396097857 0.007006554121890778 False True 0.3374575814431635 223.54069135037707 -111.7618494875085 -0.5866074553386221 26.428681641022617 -0.004461722006777092
112 167 1416.0 1423.7 90.60302263299991 7.47 0.09853464396097857 0.007006554121890778 False True 0.3374575814431635 223.54069135037707 -111.7618494875085 -0.5866074553386221 26.428681641022617 -0.004461722006777092
112 168 1420.0 1427.7 91.1834519299999 7.47 0.09853464396097857 0.007006554121890778 False True 0.3374575814431635 223.54069135037707 -111.7618494875085 -0.5866074553386221 26.428681641022617 -0.004461722006777092
112 169 1424.0 1431.7 91.78601391499993 7.47 0.09853464396097857 0.007006554121890778 False True 0.3374575814431635 223.54069135037707 -111.7618494875085 -0.5866074553386221 26.428681641022617 -0.004461722006777092
112 170 1428.0 1435.7 92.41010111999992 7.47 0.09853464396097857 0.007006554121890778 False True 0.3374575814431635 223.54069135037707 -111.7618494875085 -0.5866074553386221 26.428681641022617 -0.004461722006777092
112 171 1432.0 1439.7 93.03994901999991 7.47 0.09853464396097857 0.007006554121890778 False True 0.3374575814431635 223.54069135037707 -111.7618494875085 -0.5866074553386221 26.428681641022617 -0.004461722006777092
112 172 1436.0 1443.7 93.6202586689999 7.76 0.007006554121890778 0.09366307868576212 True False 0.3374575814431635 223.54069135037707 -111.7618494875085 -0.5866074553386221 26.428681641022617 -0.004461722006777092
112 173 1436.0 1443.8 93.96140131499988 7.76 0.007006554121890778 0.09366307868576212 False True 0.3374575814431635 223.54069135037707 -111.7618494875085 -0.5866074553386221 26.428681641022617 -0.004461722006777092
112 174 1448.0 1455.8 94.55868155199985 7.76 0.007006554121890778 0.09366307868576212 False True 0.3374575814431635 223.54069135037707 -111.7618494875085 -0.5866074553386221 26.428681641022617 -0.004461722006777092
112 175 1452.0 1459.8 95.13861495399985 7.4799999999999995 0.09366307868576212 0.007006554121890778 False True 0.3374575814431635 223.54069135037707 -111.7618494875085 -0.5866074553386221 26.428681641022617 -0.004461722006777092
112 176 1456.0 1463.8 95.74085905899986 7.76 0.007006554121890778 0.09853464396097857 False True 0.3374575814431635 223.54069135037707 -111.7618494875085 -0.5866074553386221 26.428681641022617 -0.004461722006777092
112 177 1460.0 1467.8 96.31768053199988 7.76 0.007006554121890778 0.3361671358143304 True False 0.3374575814431635 223.54069135037707 -111.7618494875085 -0.5866074553386221 26.428681641022617 -0.004461722006777092
112 178 1460.0 1467.9 96.6627544879999 7.76 0.007006554121890778 0.3361671358143304 False True 0.3374575814431635 223.54069135037707 -111.7618494875085 -0.5866074553386221 26.428681641022617 -0.004461722006777092
112 179 1472.0 1479.9 97.2631527989999 7.76 0.007006554121890778 0.11385907724281621 True False 0.3374575814431635 223.54069135037707 -111.7618494875085 -0.5866074553386221 26.428681641022617 -0.004461722006777092
112 180 1472.0 1480.0 97.6382357519999 7.76 0.007006554121890778 0.10863313437288258 False True 0.3374575814431635 223.54069135037707 -111.7618494875085 -0.5866074553386221 26.428681641022617 -0.004461722006777092
112 181 1484.0 1492.0 98.21594447699991 7.45 0.10863313437288258 0.007006554121890778 False True 0.3374575814431635 223.54069135037707 -111.7618494875085 -0.5866074553386221 26.428681641022617 -0.004461722006777092
112 182 1488.0 1496.0 98.80322621199988 7.45 0.10863313437288258 0.007006554121890778 False True 0.3374575814431635 223.54069135037707 -111.7618494875085 -0.5866074553386221 26.428681641022617 -0.004461722006777092
112 183 1492.0 1500.0 99.38345618599988 7.45 0.10863313437288258 0.007006554121890778 False True 0.3374575814431635 223.54069135037707 -111.7618494875085 -0.5866074553386221 26.428681641022617 -0.004461722006777092
112 184 1496.0 1504.0 99.9959864409999 7.45 0.10863313437288258 0.11385907724281621 False True 0.3374575814431635 223.54069135037707 -111.7618494875085 -0.5866074553386221 26.428681641022617 -0.004461722006777092
112 185 1508.0 1516.0 100.60128387799989 7.45 0.10863313437288258 0.10352482426543354 True False 0.3374575814431635 223.54069135037707 -111.7618494875085 -0.5866074553386221 26.428681641022617 -0.004461722006777092
112 186 1508.0 1516.1 100.9953303799999 7.45 0.10863313437288258 0.10352482426543354 False True 0.3374575814431635 223.54069135037707 -111.7618494875085 -0.5866074553386221 26.428681641022617 -0.004461722006777092
112 187 1520.0 1528.1 101.5746333029999 7.45 0.10863313437288258 0.359434902110197 False True 0.3374575814431635 223.54069135037707 -111.7618494875085 -0.5866074553386221 26.428681641022617 -0.004461722006777092
112 188 1532.0 1540.1 102.1762263169999 7.45 0.10863313437288258 0.08435514940167343 True False 0.3374575814431635 223.54069135037707 -111.7618494875085 -0.5866074553386221 26.428681641022617 -0.004461722006777092
112 189 1532.0 1540.2 102.5578840689999 7.45 0.10863313437288258 0.08435514940167343 False True 0.3374575814431635 223.54069135037707 -111.7618494875085 -0.5866074553386221 26.428681641022617 -0.004461722006777092
112 190 1544.0 1552.2 103.13852220599989 7.45 0.10863313437288258 0.08435514940167343 False True 0.3374575814431635 223.54069135037707 -111.7618494875085 -0.5866074553386221 26.428681641022617 -0.004461722006777092
112 191 1548.0 1556.2 103.73766799899988 7.45 0.10863313437288258 0.08435514940167343 False True 0.3374575814431635 223.54069135037707 -111.7618494875085 -0.5866074553386221 26.428681641022617 -0.004461722006777092
112 192 1552.0 1560.2 104.31399059799989 7.45 0.10863313437288258 0.08435514940167343 False True 0.3374575814431635 223.54069135037707 -111.7618494875085 -0.5866074553386221 26.428681641022617 -0.004461722006777092
112 193 1556.0 1564.2 104.90135908199989 1.57 0.08435514940167343 0.10863313437288258 False True 0.3374575814431635 223.54069135037707 -111.7618494875085 -0.5866074553386221 26.428681641022617 -0.004461722006777092
112 194 1560.0 1568.2 105.49293932099988 1.57 0.08435514940167343 0.08455927580830382 True False 0.3374575814431635 223.54069135037707 -111.7618494875085 -0.5866074553386221 26.428681641022617 -0.004461722006777092
112 195 1560.0 1568.3 105.84281139199987 1.57 0.08435514940167343 0.08455927580830382 False True 0.3374575814431635 223.54069135037707 -111.7618494875085 -0.5866074553386221 26.428681641022617 -0.004461722006777092
112 196 1572.0 1580.3 106.43966155199985 1.56 0.08455927580830382 0.08435514940167343 False True 0.3374575814431635 223.54069135037707 -111.7618494875085 -0.5866074553386221 26.428681641022617 -0.004461722006777092
112 197 1576.0 1584.3 107.06168401899984 1.56 0.08455927580830382 0.08435514940167343 False True 0.3374575814431635 223.54069135037707 -111.7618494875085 -0.5866074553386221 26.428681641022617 -0.004461722006777092
112 198 1580.0 1588.3 107.64155387599982 1.56 0.08455927580830382 0.08435514940167343 False True 0.3374575814431635 223.54069135037707 -111.7618494875085 -0.5866074553386221 26.428681641022617 -0.004461722006777092
112 199 1584.0 1592.3 108.24012984899983 1.56 0.08455927580830382 0.08435514940167343 False True 0.3374575814431635 223.54069135037707 -111.7618494875085 -0.5866074553386221 26.428681641022617 -0.004461722006777092
112 200 1588.0 1596.3 108.85838399999983 7.45 0.10863313437288258 0.08455927580830382 False True 0.3374575814431635 223.54069135037707 -111.7618494875085 -0.5866074553386221 26.428681641022617 -0.004461722006777092
112 201 1592.0 1600.3 109.44180794499982 7.45 0.10863313437288258 0.08455927580830382 False True 0.3374575814431635 223.54069135037707 -111.7618494875085 -0.5866074553386221 26.428681641022617 -0.004461722006777092
112 202 1596.0 1604.3 110.00139945599983 1.56 0.08455927580830382 0.08435514940167343 False True 0.3374575814431635 223.54069135037707 -111.7618494875085 -0.5866074553386221 26.428681641022617 -0.004461722006777092
112 203 1600.0 1608.3 110.62127603799982 7.76 0.007006554121890778 0.08455927580830382 False True 0.3374575814431635 223.54069135037707 -111.7618494875085 -0.5866074553386221 26.428681641022617 -0.004461722006777092
112 204 1604.0 1612.3 111.2013831309998 1.56 0.08455927580830382 0.08435514940167343 False True 0.3374575814431635 223.54069135037707 -111.7618494875085 -0.5866074553386221 26.428681641022617 -0.004461722006777092
112 205 1608.0 1616.3 111.80082669699979 1.56 0.08455927580830382 0.09853464396097857 False True 0.3374575814431635 223.54069135037707 -111.7618494875085 -0.5866074553386221 26.428681641022617 -0.004461722006777092
112 206 1612.0 1620.3 112.39376630099977 1.56 0.08455927580830382 0.007006554121890778 False True 0.3374575814431635 223.54069135037707 -111.7618494875085 -0.5866074553386221 26.428681641022617 -0.004461722006777092
112 207 1616.0 1624.3 112.9948599619998 1.56 0.08455927580830382 0.09853464396097857 False True 0.3374575814431635 223.54069135037707 -111.7618494875085 -0.5866074553386221 26.428681641022617 -0.004461722006777092
112 208 1620.0 1628.3 113.6158793719998 1.56 0.08455927580830382 0.09845389854651924 True False 0.3374575814431635 223.54069135037707 -111.7618494875085 -0.5866074553386221 26.428681641022617 -0.004461722006777092
112 209 1620.0 1628.4 113.99768195799979 1.56 0.08455927580830382 0.09845389854651924 False True 0.3374575814431635 223.54069135037707 -111.7618494875085 -0.5866074553386221 26.428681641022617 -0.004461722006777092
112 210 1632.0 1640.4 114.57572385299977 1.73 0.09845389854651924 0.08455927580830382 False True 0.3374575814431635 223.54069135037707 -111.7618494875085 -0.5866074553386221 26.428681641022617 -0.004461722006777092
112 211 1636.0 1644.4 115.17387366699975 1.56 0.08455927580830382 0.09845389854651924 False True 0.3374575814431635 223.54069135037707 -111.7618494875085 -0.5866074553386221 26.428681641022617 -0.004461722006777092
112 212 1640.0 1648.4 115.74057719399974 1.73 0.09845389854651924 0.08455927580830382 False True 0.3374575814431635 223.54069135037707 -111.7618494875085 -0.5866074553386221 26.428681641022617 -0.004461722006777092
112 213 1644.0 1652.4 116.35692049399972 1.56 0.08455927580830382 0.09845389854651924 False True 0.3374575814431635 223.54069135037707 -111.7618494875085 -0.5866074553386221 26.428681641022617 -0.004461722006777092
112 214 1648.0 1656.4 116.93598669299973 1.73 0.09845389854651924 0.08455927580830382 False True 0.3374575814431635 223.54069135037707 -111.7618494875085 -0.5866074553386221 26.428681641022617 -0.004461722006777092
112 215 1652.0 1660.4 117.53404375399975 1.56 0.08455927580830382 0.09845389854651924 False True 0.3374575814431635 223.54069135037707 -111.7618494875085 -0.5866074553386221 26.428681641022617 -0.004461722006777092
112 216 1656.0 1664.4 118.10849751799978 1.73 0.09845389854651924 0.08455927580830382 False True 0.3374575814431635 223.54069135037707 -111.7618494875085 -0.5866074553386221 26.428681641022617 -0.004461722006777092
112 217 1660.0 1668.4 118.65733768299978 1.73 0.09845389854651924 0.08455927580830382 False True 0.3374575814431635 223.54069135037707 -111.7618494875085 -0.5866074553386221 26.428681641022617 -0.004461722006777092
112 218 1664.0 1672.4 119.21360775699978 1.73 0.09845389854651924 0.08455927580830382 False True 0.3374575814431635 223.54069135037707 -111.7618494875085 -0.5866074553386221 26.428681641022617 -0.004461722006777092
112 219 1668.0 1676.4 119.79497697599976 1.73 0.09845389854651924 0.10041520940543026 True False 0.3374575814431635 223.54069135037707 -111.7618494875085 -0.5866074553386221 26.428681641022617 -0.004461722006777092
112 220 1668.0 1676.5 120.17366316399975 1.73 0.09845389854651924 0.10041520940543026 False True 0.3374575814431635 223.54069135037707 -111.7618494875085 -0.5866074553386221 26.428681641022617 -0.004461722006777092
112 221 1680.0 1688.5 120.75273782399975 1.73 0.09845389854651924 0.10041520940543026 False True 0.3374575814431635 223.54069135037707 -111.7618494875085 -0.5866074553386221 26.428681641022617 -0.004461722006777092
112 222 1684.0 1692.5 121.37194398399976 1.73 0.09845389854651924 0.10041520940543026 False True 0.3374575814431635 223.54069135037707 -111.7618494875085 -0.5866074553386221 26.428681641022617 -0.004461722006777092
112 223 1688.0 1696.5 121.95105717899975 1.73 0.09845389854651924 0.10041520940543026 False True 0.3374575814431635 223.54069135037707 -111.7618494875085 -0.5866074553386221 26.428681641022617 -0.004461722006777092
112 224 1692.0 1700.5 122.55665724499977 1.73 0.09845389854651924 0.10041520940543026 False True 0.3374575814431635 223.54069135037707 -111.7618494875085 -0.5866074553386221 26.428681641022617 -0.004461722006777092
112 225 1696.0 1704.5 123.14991626799974 1.73 0.09845389854651924 0.09661890242222675 True False 0.3374575814431635 223.54069135037707 -111.7618494875085 -0.5866074553386221 26.428681641022617 -0.004461722006777092
112 226 1696.0 1704.6 123.49323012799974 1.73 0.09845389854651924 0.09661890242222675 False True 0.3374575814431635 223.54069135037707 -111.7618494875085 -0.5866074553386221 26.428681641022617 -0.004461722006777092
112 227 1708.0 1716.6 124.09228008399973 1.73 0.09845389854651924 0.10041520940543026 False True 0.3374575814431635 223.54069135037707 -111.7618494875085 -0.5866074553386221 26.428681641022617 -0.004461722006777092
112 228 1712.0 1720.6 124.71069249099972 1.73 0.09845389854651924 0.3139357104085299 True False 0.3374575814431635 223.54069135037707 -111.7618494875085 -0.5866074553386221 26.428681641022617 -0.004461722006777092
112 229 1712.0 1720.7 125.08828212299971 1.73 0.09845389854651924 0.4612388976934101 True False 0.3374575814431635 223.54069135037707 -111.7618494875085 -0.5866074553386221 26.428681641022617 -0.004461722006777092
112 230 1712.0 1720.8 125.46735886099972 1.73 0.09845389854651924 0.06695603349071524 True False 0.3374575814431635 223.54069135037707 -111.7618494875085 -0.5866074553386221 26.428681641022617 -0.004461722006777092
112 231 1712.0 1720.9 125.84858281299975 1.73 0.09845389854651924 0.23398102423386488 True False 0.3374575814431635 223.54069135037707 -111.7618494875085 -0.5866074553386221 26.428681641022617 -0.004461722006777092
112 232 1712.0 1721.0 126.22976662599973 1.73 0.09845389854651924 0.23398102423386488 False True 0.3374575814431635 223.54069135037707 -111.7618494875085 -0.5866074553386221 26.428681641022617 -0.004461722006777092
112 233 1724.0 1733.0 126.80884528699974 1.73 0.09845389854651924 0.08455927580830382 False True 0.3374575814431635 223.54069135037707 -111.7618494875085 -0.5866074553386221 26.428681641022617 -0.004461722006777092
112 234 1728.0 1737.0 127.41016904099973 1.73 0.09845389854651924 0.25653380484353855 True False 0.3374575814431635 223.54069135037707 -111.7618494875085 -0.5866074553386221 26.428681641022617 -0.004461722006777092
112 235 1728.0 1737.1 127.79420951899974 1.73 0.09845389854651924 0.15338031908621266 True False 0.3374575814431635 223.54069135037707 -111.7618494875085 -0.5866074553386221 26.428681641022617 -0.004461722006777092
112 236 1728.0 1737.2 128.17454682499974 1.73 0.09845389854651924 0.04807455563634316 True False 0.3374575814431635 223.54069135037707 -111.7618494875085 -0.5866074553386221 26.428681641022617 -0.004461722006777092
112 237 1728.0 1737.3 128.55456930799974 1.73 0.09845389854651924 0.04807455563634316 False True 0.3374575814431635 223.54069135037707 -111.7618494875085 -0.5866074553386221 26.428681641022617 -0.004461722006777092
112 238 1740.0 1749.3 129.16843886999976 1.73 0.09845389854651924 0.10041520940543026 False True 0.3374575814431635 223.54069135037707 -111.7618494875085 -0.5866074553386221 26.428681641022617 -0.004461722006777092
112 239 1744.0 1753.3 129.75028100899976 1.73 0.09845389854651924 0.08455927580830382 False True 0.3374575814431635 223.54069135037707 -111.7618494875085 -0.5866074553386221 26.428681641022617 -0.004461722006777092
112 240 1748.0 1757.3 130.31311013399977 1.73 0.09845389854651924 0.08455927580830382 False True 0.3374575814431635 223.54069135037707 -111.7618494875085 -0.5866074553386221 26.428681641022617 -0.004461722006777092
112 241 1752.0 1761.3 130.92830627999976 1.73 0.09845389854651924 0.08455927580830382 False True 0.3374575814431635 223.54069135037707 -111.7618494875085 -0.5866074553386221 26.428681641022617 -0.004461722006777092
112 242 1756.0 1765.3 131.50958677599976 1.73 0.09845389854651924 0.08455927580830382 False True 0.3374575814431635 223.54069135037707 -111.7618494875085 -0.5866074553386221 26.428681641022617 -0.004461722006777092
112 243 1760.0 1769.3 132.11511250699976 1.73 0.09845389854651924 0.08455927580830382 False True 0.3374575814431635 223.54069135037707 -111.7618494875085 -0.5866074553386221 26.428681641022617 -0.004461722006777092
112 244 1764.0 1773.3 132.70763177099977 1.73 0.09845389854651924 0.08455927580830382 False True 0.3374575814431635 223.54069135037707 -111.7618494875085 -0.5866074553386221 26.428681641022617 -0.004461722006777092
112 245 1768.0 1777.3 133.31359122599974 1.73 0.09845389854651924 0.08455927580830382 False True 0.3374575814431635 223.54069135037707 -111.7618494875085 -0.5866074553386221 26.428681641022617 -0.004461722006777092
112 246 1772.0 1781.3 133.89403628899973 1.73 0.09845389854651924 0.08455927580830382 False True 0.3374575814431635 223.54069135037707 -111.7618494875085 -0.5866074553386221 26.428681641022617 -0.004461722006777092
112 247 1776.0 1785.3 134.51234735399973 1.73 0.09845389854651924 0.08455927580830382 False True 0.3374575814431635 223.54069135037707 -111.7618494875085 -0.5866074553386221 26.428681641022617 -0.004461722006777092
112 248 1780.0 1789.3 135.0942907339997 1.73 0.09845389854651924 0.08455927580830382 False True 0.3374575814431635 223.54069135037707 -111.7618494875085 -0.5866074553386221 26.428681641022617 -0.004461722006777092
112 249 1784.0 1793.3 135.7213759889997 1.73 0.09845389854651924 0.08455927580830382 False True 0.3374575814431635 223.54069135037707 -111.7618494875085 -0.5866074553386221 26.428681641022617 -0.004461722006777092
112 250 1788.0 1797.3 136.3106335389997 1.73 0.09845389854651924 0.08455927580830382 False True 0.3374575814431635 223.54069135037707 -111.7618494875085 -0.5866074553386221 26.428681641022617 -0.004461722006777092
112 251 1792.0 1801.3 136.8748173149997 1.73 0.09845389854651924 0.08455927580830382 False True 0.3374575814431635 223.54069135037707 -111.7618494875085 -0.5866074553386221 26.428681641022617 -0.004461722006777092
112 252 1796.0 1805.3 137.45236081999968 1.73 0.09845389854651924 0.08455927580830382 False True 0.3374575814431635 223.54069135037707 -111.7618494875085 -0.5866074553386221 26.428681641022617 -0.004461722006777092
112 253 1800.0 1809.3 138.04658076099966 1.73 0.09845389854651924 0.08455927580830382 False True 0.3374575814431635 223.54069135037707 -111.7618494875085 -0.5866074553386221 26.428681641022617 -0.004461722006777092
112 254 1804.0 1813.3 138.66834472999966 1.73 0.09845389854651924 0.08455927580830382 False True 0.3374575814431635 223.54069135037707 -111.7618494875085 -0.5866074553386221 26.428681641022617 -0.004461722006777092
112 255 1808.0 1817.3 139.26760279399966 1.73 0.09845389854651924 0.08455927580830382 False True 0.3374575814431635 223.54069135037707 -111.7618494875085 -0.5866074553386221 26.428681641022617 -0.004461722006777092
112 256 1812.0 1821.3 139.89210200999966 1.73 0.09845389854651924 0.08455927580830382 False True 0.3374575814431635 223.54069135037707 -111.7618494875085 -0.5866074553386221 26.428681641022617 -0.004461722006777092
112 257 1816.0 1825.3 140.48950237499966 1.73 0.09845389854651924 0.08455927580830382 False True 0.3374575814431635 223.54069135037707 -111.7618494875085 -0.5866074553386221 26.428681641022617 -0.004461722006777092
112 258 1820.0 1829.3 141.11171140199966 1.73 0.09845389854651924 0.09491041754913564 False True 0.3374575814431635 223.54069135037707 -111.7618494875085 -0.5866074553386221 26.428681641022617 -0.004461722006777092
112 259 1824.0 1833.3 141.70984634799967 1.73 0.09845389854651924 0.09491041754913564 False True 0.3374575814431635 223.54069135037707 -111.7618494875085 -0.5866074553386221 26.428681641022617 -0.004461722006777092
112 260 1828.0 1837.3 142.3326576349997 1.73 0.09845389854651924 0.09491041754913564 False True 0.3374575814431635 223.54069135037707 -111.7618494875085 -0.5866074553386221 26.428681641022617 -0.004461722006777092
112 261 1832.0 1841.3 142.9288683889997 1.73 0.09845389854651924 0.09491041754913564 False True 0.3374575814431635 223.54069135037707 -111.7618494875085 -0.5866074553386221 26.428681641022617 -0.004461722006777092
112 262 1836.0 1845.3 143.5519694789997 1.73 0.09845389854651924 0.09491041754913564 False True 0.3374575814431635 223.54069135037707 -111.7618494875085 -0.5866074553386221 26.428681641022617 -0.004461722006777092
112 263 1840.0 1849.3 144.1509879199997 1.73 0.09845389854651924 0.09491041754913564 False True 0.3374575814431635 223.54069135037707 -111.7618494875085 -0.5866074553386221 26.428681641022617 -0.004461722006777092
112 264 1844.0 1853.3 144.77318903899967 1.73 0.09845389854651924 0.09491041754913564 False True 0.3374575814431635 223.54069135037707 -111.7618494875085 -0.5866074553386221 26.428681641022617 -0.004461722006777092
112 265 1848.0 1857.3 145.37096395299966 1.73 0.09845389854651924 0.09491041754913564 False True 0.3374575814431635 223.54069135037707 -111.7618494875085 -0.5866074553386221 26.428681641022617 -0.004461722006777092
112 266 1852.0 1861.3 145.99272562899966 1.73 0.09845389854651924 0.20141788069250774 False True 0.3374575814431635 223.54069135037707 -111.7618494875085 -0.5866074553386221 26.428681641022617 -0.004461722006777092
112 267 1856.0 1865.3 146.59329643699965 1.73 0.09845389854651924 0.08455927580830382 False True 0.3374575814431635 223.54069135037707 -111.7618494875085 -0.5866074553386221 26.428681641022617 -0.004461722006777092
112 268 1860.0 1869.3 147.22804589299966 1.73 0.09845389854651924 0.08455927580830382 False True 0.3374575814431635 223.54069135037707 -111.7618494875085 -0.5866074553386221 26.428681641022617 -0.004461722006777092
112 269 1864.0 1873.3 147.82533380399965 1.73 0.09845389854651924 0.08455927580830382 False True 0.3374575814431635 223.54069135037707 -111.7618494875085 -0.5866074553386221 26.428681641022617 -0.004461722006777092
112 270 1868.0 1877.3 148.45076179899965 1.73 0.09845389854651924 0.08455927580830382 False True 0.3374575814431635 223.54069135037707 -111.7618494875085 -0.5866074553386221 26.428681641022617 -0.004461722006777092
112 271 1872.0 1881.3 149.05086138599964 1.73 0.09845389854651924 0.08455927580830382 False True 0.3374575814431635 223.54069135037707 -111.7618494875085 -0.5866074553386221 26.428681641022617 -0.004461722006777092
112 272 1876.0 1885.3 149.68787391299963 7.76 0.007006554121890778 0.09845389854651924 False True 0.3374575814431635 223.54069135037707 -111.7618494875085 -0.5866074553386221 26.428681641022617 -0.004461722006777092
112 273 1880.0 1889.3 150.28791335899965 7.76 0.007006554121890778 0.09845389854651924 False True 0.3374575814431635 223.54069135037707 -111.7618494875085 -0.5866074553386221 26.428681641022617 -0.004461722006777092
112 274 1884.0 1893.3 150.91358769499965 7.76 0.007006554121890778 0.08455927580830382 False True 0.3374575814431635 223.54069135037707 -111.7618494875085 -0.5866074553386221 26.428681641022617 -0.004461722006777092
112 275 1888.0 1897.3 151.52472850999965 7.45 0.10863313437288258 0.08455927580830382 False True 0.3374575814431635 223.54069135037707 -111.7618494875085 -0.5866074553386221 26.428681641022617 -0.004461722006777092
112 276 1892.0 1901.3 152.10964711199966 7.45 0.10863313437288258 0.08455927580830382 False True 0.3374575814431635 223.54069135037707 -111.7618494875085 -0.5866074553386221 26.428681641022617 -0.004461722006777092
112 277 1896.0 1905.3 152.72914003299965 7.76 0.007006554121890778 0.09845389854651924 False True 0.3374575814431635 223.54069135037707 -111.7618494875085 -0.5866074553386221 26.428681641022617 -0.004461722006777092
112 278 1900.0 1909.3 153.32934910599965 7.76 0.007006554121890778 0.10250262584970667 False True 0.3374575814431635 223.54069135037707 -111.7618494875085 -0.5866074553386221 26.428681641022617 -0.004461722006777092
112 279 1904.0 1913.3 153.96555683899965 7.76 0.007006554121890778 0.09491041754913564 False True 0.3374575814431635 223.54069135037707 -111.7618494875085 -0.5866074553386221 26.428681641022617 -0.004461722006777092
112 280 1908.0 1917.3 154.57691737399966 7.76 0.007006554121890778 0.09491041754913564 False True 0.3374575814431635 223.54069135037707 -111.7618494875085 -0.5866074553386221 26.428681641022617 -0.004461722006777092
112 281 1912.0 1921.3 155.23681975599968 7.76 0.007006554121890778 0.09491041754913564 False True 0.3374575814431635 223.54069135037707 -111.7618494875085 -0.5866074553386221 26.428681641022617 -0.004461722006777092
112 282 1916.0 1925.3 155.81964769499967 7.76 0.007006554121890778 0.09491041754913564 False True 0.3374575814431635 223.54069135037707 -111.7618494875085 -0.5866074553386221 26.428681641022617 -0.004461722006777092
112 283 1920.0 1929.3 156.44035666299968 7.76 0.007006554121890778 0.09491041754913564 False True 0.3374575814431635 223.54069135037707 -111.7618494875085 -0.5866074553386221 26.428681641022617 -0.004461722006777092
112 284 1924.0 1933.3 157.03607453699968 7.76 0.007006554121890778 0.09491041754913564 False True 0.3374575814431635 223.54069135037707 -111.7618494875085 -0.5866074553386221 26.428681641022617 -0.004461722006777092
112 285 1928.0 1937.3 157.6582291829997 7.76 0.007006554121890778 0.09491041754913564 False True 0.3374575814431635 223.54069135037707 -111.7618494875085 -0.5866074553386221 26.428681641022617 -0.004461722006777092
112 286 1932.0 1941.3 158.2561232409997 7.45 0.10863313437288258 0.09491041754913564 False True 0.3374575814431635 223.54069135037707 -111.7618494875085 -0.5866074553386221 26.428681641022617 -0.004461722006777092
112 287 1936.0 1945.3 158.8782015859997 7.76 0.007006554121890778 0.09491041754913564 False True 0.3374575814431635 223.54069135037707 -111.7618494875085 -0.5866074553386221 26.428681641022617 -0.004461722006777092
112 288 1940.0 1949.3 159.4766751809997 7.76 0.007006554121890778 0.09491041754913564 False True 0.3374575814431635 223.54069135037707 -111.7618494875085 -0.5866074553386221 26.428681641022617 -0.004461722006777092
112 289 1944.0 1953.3 160.1114003779997 1.71 0.09491041754913564 0.007006554121890778 False True 0.3374575814431635 223.54069135037707 -111.7618494875085 -0.5866074553386221 26.428681641022617 -0.004461722006777092
112 290 1948.0 1957.3 160.7006764199997 1.71 0.09491041754913564 0.08846931109904693 False True 0.3374575814431635 223.54069135037707 -111.7618494875085 -0.5866074553386221 26.428681641022617 -0.004461722006777092
112 291 1952.0 1961.3 161.3345128139997 1.71 0.09491041754913564 0.011596029197111394 False True 0.3374575814431635 223.54069135037707 -111.7618494875085 -0.5866074553386221 26.428681641022617 -0.004461722006777092
112 292 1956.0 1965.3 161.9342849519997 1.71 0.09491041754913564 0.011596029197111394 False True 0.3374575814431635 223.54069135037707 -111.7618494875085 -0.5866074553386221 26.428681641022617 -0.004461722006777092
112 293 1960.0 1969.3 162.57144955699968 1.71 0.09491041754913564 0.011596029197111394 False True 0.3374575814431635 223.54069135037707 -111.7618494875085 -0.5866074553386221 26.428681641022617 -0.004461722006777092
112 294 1964.0 1973.3 163.17093225499968 7.76 0.007006554121890778 0.09491041754913564 False True 0.3374575814431635 223.54069135037707 -111.7618494875085 -0.5866074553386221 26.428681641022617 -0.004461722006777092
112 295 1968.0 1977.3 163.79557335899966 7.76 0.007006554121890778 0.09491041754913564 False True 0.3374575814431635 223.54069135037707 -111.7618494875085 -0.5866074553386221 26.428681641022617 -0.004461722006777092
112 296 1972.0 1981.3 164.39431137299965 7.76 0.007006554121890778 0.09491041754913564 False True 0.3374575814431635 223.54069135037707 -111.7618494875085 -0.5866074553386221 26.428681641022617 -0.004461722006777092
112 297 1976.0 1985.3 165.03021361499967 7.76 0.007006554121890778 0.09491041754913564 False True 0.3374575814431635 223.54069135037707 -111.7618494875085 -0.5866074553386221 26.428681641022617 -0.004461722006777092
112 298 1980.0 1989.3 165.63035750999967 7.76 0.007006554121890778 0.09491041754913564 False True 0.3374575814431635 223.54069135037707 -111.7618494875085 -0.5866074553386221 26.428681641022617 -0.004461722006777092
112 299 1984.0 1993.3 166.25443208999965 7.76 0.007006554121890778 0.09491041754913564 False True 0.3374575814431635 223.54069135037707 -111.7618494875085 -0.5866074553386221 26.428681641022617 -0.004461722006777092
112 300 1988.0 1997.3 166.85734225999965 7.76 0.007006554121890778 0.011596029197111394 False True 0.3374575814431635 223.54069135037707 -111.7618494875085 -0.5866074553386221 26.428681641022617 -0.004461722006777092
