639 0 200.0 201 0.6033388049999928 1.58 0.07745921841088554 1.244327166281177 False True -0.07983665563143126 59.665477203950424 -29.819215929525708 -1.3352263935392576 18.02725083311713 -9.000305022730142
639 1 212.0 213 1.221995094999997 1.58 0.07745921841088554 0.0823203198366124 True False -0.07983665563143126 59.665477203950424 -29.819215929525708 -1.3352263935392576 18.02725083311713 -9.000305022730142
639 2 212.0 213 1.6015241689999868 1.58 0.07745921841088554 0.0823203198366124 False True -0.07983665563143126 59.665477203950424 -29.819215929525708 -1.3352263935392576 18.02725083311713 -9.000305022730142
639 3 224.0 225 2.2354439699999915 1.49 0.0823203198366124 0.07844477569865634 True False -0.07983665563143126 59.665477203950424 -29.819215929525708 -1.3352263935392576 18.02725083311713 -9.000305022730142
639 4 224.0 225 2.620331496999981 1.49 0.0823203198366124 0.07844477569865634 False True -0.07983665563143126 59.665477203950424 -29.819215929525708 -1.3352263935392576 18.02725083311713 -9.000305022730142
639 5 236.0 237 3.2400693349999727 1.58 0.07745921841088554 0.03507118762022588 True False -0.07983665563143126 59.665477203950424 -29.819215929525708 -1.3352263935392576 18.02725083311713 -9.000305022730142
639 6 236.0 237 3.619386699999964 1.58 0.07745921841088554 0.03507118762022588 False True -0.07983665563143126 59.665477203950424 -29.819215929525708 -1.3352263935392576 18.02725083311713 -9.000305022730142
639 7 248.0 249 4.241524718999955 1.58 0.07745921841088554 0.11457435157113537 True False -0.07983665563143126 59.665477203950424 -29.819215929525708 -1.3352263935392576 18.02725083311713 -9.000305022730142
639 8 248.0 249 4.633343190999952 1.58 0.07745921841088554 0.11457435157113537 False True -0.07983665563143126 59.665477203950424 -29.819215929525708 -1.3352263935392576 18.02725083311713 -9.000305022730142
639 9 260.0 261 5.238818528999957 1.58 0.07745921841088554 0.08321896349607598 True False -0.07983665563143126 59.665477203950424 -29.819215929525708 -1.3352263935392576 18.02725083311713 -9.000305022730142
639 10 260.0 261 5.620145919999956 1.58 0.07745921841088554 0.08321896349607598 False True -0.07983665563143126 59.665477203950424 -29.819215929525708 -1.3352263935392576 18.02725083311713 -9.000305022730142
639 11 272.0 273 6.254080387999963 7.51 0.07331029331507612 0.09460806540428036 True False -0.07983665563143126 59.665477203950424 -29.819215929525708 -1.3352263935392576 18.02725083311713 -9.000305022730142
639 12 272.0 273 6.638795504999962 7.51 0.07331029331507612 0.09460806540428036 False True -0.07983665563143126 59.665477203950424 -29.819215929525708 -1.3352263935392576 18.02725083311713 -9.000305022730142
639 13 284.0 285 7.2591605289999706 1.4100000000000001 0.09460806540428036 0.11431998973886227 True False -0.07983665563143126 59.665477203950424 -29.819215929525708 -1.3352263935392576 18.02725083311713 -9.000305022730142
639 14 284.0 285 7.64049389799996 1.4100000000000001 0.09460806540428036 0.11431998973886227 False True -0.07983665563143126 59.665477203950424 -29.819215929525708 -1.3352263935392576 18.02725083311713 -9.000305022730142
639 15 296.0 297 8.281446431999967 1.4100000000000001 0.09460806540428036 0.0908364641600236 True False -0.07983665563143126 59.665477203950424 -29.819215929525708 -1.3352263935392576 18.02725083311713 -9.000305022730142
639 16 296.0 298 8.675118023999957 1.4100000000000001 0.09460806540428036 0.0908364641600236 False True -0.07983665563143126 59.665477203950424 -29.819215929525708 -1.3352263935392576 18.02725083311713 -9.000305022730142
639 17 308.0 310 9.294014294999954 1.4100000000000001 0.09460806540428036 0.09884390992208558 True False -0.07983665563143126 59.665477203950424 -29.819215929525708 -1.3352263935392576 18.02725083311713 -9.000305022730142
639 18 308.0 310 9.673199562999955 1.4100000000000001 0.09460806540428036 0.09884390992208558 False True -0.07983665563143126 59.665477203950424 -29.819215929525708 -1.3352263935392576 18.02725083311713 -9.000305022730142
639 19 320.0 322 10.298958329999948 1.4100000000000001 0.09460806540428036 0.00012226477352310708 True False -0.07983665563143126 59.665477203950424 -29.819215929525708 -1.3352263935392576 18.02725083311713 -9.000305022730142
639 20 320.0 322 10.694450612999958 1.4100000000000001 0.09460806540428036 0.00012226477352310708 False True -0.07983665563143126 59.665477203950424 -29.819215929525708 -1.3352263935392576 18.02725083311713 -9.000305022730142
639 21 332.0 334 11.315719760999954 1.4100000000000001 0.09460806540428036 0.015984012141267146 True False -0.07983665563143126 59.665477203950424 -29.819215929525708 -1.3352263935392576 18.02725083311713 -9.000305022730142
639 22 332.0 334 11.69689844899996 1.4100000000000001 0.09460806540428036 0.015984012141267146 False True -0.07983665563143126 59.665477203950424 -29.819215929525708 -1.3352263935392576 18.02725083311713 -9.000305022730142
639 23 344.0 346 12.315859428999957 1.4100000000000001 0.09460806540428036 0.044184428635455665 True False -0.07983665563143126 59.665477203950424 -29.819215929525708 -1.3352263935392576 18.02725083311713 -9.000305022730142
639 24 344.0 346 12.693958864999956 1.4100000000000001 0.09460806540428036 0.044184428635455665 False True -0.07983665563143126 59.665477203950424 -29.819215929525708 -1.3352263935392576 18.02725083311713 -9.000305022730142
639 25 356.0 358 13.351877322999954 1.4100000000000001 0.09460806540428036 0.005308481425766664 True False -0.07983665563143126 59.665477203950424 -29.819215929525708 -1.3352263935392576 18.02725083311713 -9.000305022730142
639 26 356.0 358 13.756710282999947 1.4100000000000001 0.09460806540428036 0.005308481425766664 False True -0.07983665563143126 59.665477203950424 -29.819215929525708 -1.3352263935392576 18.02725083311713 -9.000305022730142
639 27 368.0 370 14.378913743999945 1.4100000000000001 0.09460806540428036 0.003274970475015705 True False -0.07983665563143126 59.665477203950424 -29.819215929525708 -1.3352263935392576 18.02725083311713 -9.000305022730142
639 28 368.0 370 14.756425123999946 1.4100000000000001 0.09460806540428036 0.003274970475015705 False True -0.07983665563143126 59.665477203950424 -29.819215929525708 -1.3352263935392576 18.02725083311713 -9.000305022730142
639 29 380.0 382 15.392427638999948 1.4100000000000001 0.09460806540428036 0.0006984094022519498 True False -0.07983665563143126 59.665477203950424 -29.819215929525708 -1.3352263935392576 18.02725083311713 -9.000305022730142
639 30 380.0 382 15.797370924999953 1.4100000000000001 0.09460806540428036 0.0006984094022519498 False True -0.07983665563143126 59.665477203950424 -29.819215929525708 -1.3352263935392576 18.02725083311713 -9.000305022730142
639 31 392.0 394 16.43669981899994 7.79 0.003274970475015705 0.010710541642469006 True False -0.07983665563143126 59.665477203950424 -29.819215929525708 -1.3352263935392576 18.02725083311713 -9.000305022730142
639 32 392.0 394 16.812735308999947 7.79 0.003274970475015705 0.010710541642469006 False True -0.07983665563143126 59.665477203950424 -29.819215929525708 -1.3352263935392576 18.02725083311713 -9.000305022730142
639 33 404.0 406 17.458055642999938 7.79 0.003274970475015705 0.009134801296080297 True False -0.07983665563143126 59.665477203950424 -29.819215929525708 -1.3352263935392576 18.02725083311713 -9.000305022730142
639 34 404.0 406 17.872236391999948 7.79 0.003274970475015705 0.009134801296080297 False True -0.07983665563143126 59.665477203950424 -29.819215929525708 -1.3352263935392576 18.02725083311713 -9.000305022730142
639 35 416.0 418 18.50042608899996 7.79 0.003274970475015705 0.02229927910391918 True False -0.07983665563143126 59.665477203950424 -29.819215929525708 -1.3352263935392576 18.02725083311713 -9.000305022730142
639 36 416.0 419 18.87877972799997 7.79 0.003274970475015705 0.02229927910391918 False True -0.07983665563143126 59.665477203950424 -29.819215929525708 -1.3352263935392576 18.02725083311713 -9.000305022730142
639 37 428.0 431 19.51316191899997 7.79 0.003274970475015705 0.11440667875313949 True False -0.07983665563143126 59.665477203950424 -29.819215929525708 -1.3352263935392576 18.02725083311713 -9.000305022730142
639 38 428.0 431 19.91475615699997 7.79 0.003274970475015705 0.11440667875313949 False True -0.07983665563143126 59.665477203950424 -29.819215929525708 -1.3352263935392576 18.02725083311713 -9.000305022730142
639 39 440.0 443 20.55352372699997 7.79 0.003274970475015705 0.0017769009562047433 True False -0.07983665563143126 59.665477203950424 -29.819215929525708 -1.3352263935392576 18.02725083311713 -9.000305022730142
639 40 440.0 443 20.91730677799997 7.79 0.003274970475015705 0.0017769009562047433 False True -0.07983665563143126 59.665477203950424 -29.819215929525708 -1.3352263935392576 18.02725083311713 -9.000305022730142
639 41 452.0 455 21.53814791999997 8.06 0.02229927910391918 0.017973624372018916 True False -0.07983665563143126 59.665477203950424 -29.819215929525708 -1.3352263935392576 18.02725083311713 -9.000305022730142
639 42 452.0 455 21.948502544999968 8.06 0.02229927910391918 0.017973624372018916 False True -0.07983665563143126 59.665477203950424 -29.819215929525708 -1.3352263935392576 18.02725083311713 -9.000305022730142
639 43 464.0 467 22.57438136899998 8.06 0.02229927910391918 0.02708529481500097 True False -0.07983665563143126 59.665477203950424 -29.819215929525708 -1.3352263935392576 18.02725083311713 -9.000305022730142
639 44 464.0 467 22.951886397999985 8.06 0.02229927910391918 0.02708529481500097 False True -0.07983665563143126 59.665477203950424 -29.819215929525708 -1.3352263935392576 18.02725083311713 -9.000305022730142
639 45 476.0 479 23.588580210999993 7.79 0.003274970475015705 0.014110162791348567 True False -0.07983665563143126 59.665477203950424 -29.819215929525708 -1.3352263935392576 18.02725083311713 -9.000305022730142
639 46 476.0 479 23.977806099999995 7.79 0.003274970475015705 0.014110162791348567 False True -0.07983665563143126 59.665477203950424 -29.819215929525708 -1.3352263935392576 18.02725083311713 -9.000305022730142
639 47 488.0 491 24.615273697000006 7.79 0.003274970475015705 0.007776222655560888 True False -0.07983665563143126 59.665477203950424 -29.819215929525708 -1.3352263935392576 18.02725083311713 -9.000305022730142
639 48 488.0 491 24.992396964999998 7.79 0.003274970475015705 0.007776222655560888 False True -0.07983665563143126 59.665477203950424 -29.819215929525708 -1.3352263935392576 18.02725083311713 -9.000305022730142
639 49 500.0 503 25.616027148 7.9799999999999995 0.007776222655560888 0.07328515503707468 True False -0.07983665563143126 59.665477203950424 -29.819215929525708 -1.3352263935392576 18.02725083311713 -9.000305022730142
639 50 500.0 503 26.016390224000006 7.9799999999999995 0.007776222655560888 0.07328515503707468 False True -0.07983665563143126 59.665477203950424 -29.819215929525708 -1.3352263935392576 18.02725083311713 -9.000305022730142
639 51 512.0 515 26.653163019000004 7.9799999999999995 0.007776222655560888 0.015984012141267146 False True -0.07983665563143126 59.665477203950424 -29.819215929525708 -1.3352263935392576 18.02725083311713 -9.000305022730142
639 52 516.0 519 27.292507228999995 7.9799999999999995 0.007776222655560888 0.19009550649178944 True False -0.07983665563143126 59.665477203950424 -29.819215929525708 -1.3352263935392576 18.02725083311713 -9.000305022730142
639 53 516.0 519 27.70774222499999 7.9799999999999995 0.007776222655560888 0.19009550649178944 False True -0.07983665563143126 59.665477203950424 -29.819215929525708 -1.3352263935392576 18.02725083311713 -9.000305022730142
639 54 528.0 531 28.332494344999986 7.9799999999999995 0.007776222655560888 0.12958738420785842 True False -0.07983665563143126 59.665477203950424 -29.819215929525708 -1.3352263935392576 18.02725083311713 -9.000305022730142
639 55 528.0 531 28.714618600999984 7.9799999999999995 0.007776222655560888 0.12958738420785842 False True -0.07983665563143126 59.665477203950424 -29.819215929525708 -1.3352263935392576 18.02725083311713 -9.000305022730142
639 56 540.0 543 29.35274637099998 7.9799999999999995 0.007776222655560888 0.11370186319045865 True False -0.07983665563143126 59.665477203950424 -29.819215929525708 -1.3352263935392576 18.02725083311713 -9.000305022730142
639 57 540.0 544 29.736728586999988 7.9799999999999995 0.007776222655560888 0.11370186319045865 False True -0.07983665563143126 59.665477203950424 -29.819215929525708 -1.3352263935392576 18.02725083311713 -9.000305022730142
639 58 552.0 556 30.371799159999995 7.9799999999999995 0.007776222655560888 0.1565197724224467 True False -0.07983665563143126 59.665477203950424 -29.819215929525708 -1.3352263935392576 18.02725083311713 -9.000305022730142
639 59 552.0 556 30.762010771999996 7.9799999999999995 0.007776222655560888 0.1565197724224467 False True -0.07983665563143126 59.665477203950424 -29.819215929525708 -1.3352263935392576 18.02725083311713 -9.000305022730142
639 60 564.0 568 31.427702202999996 7.9799999999999995 0.007776222655560888 0.13672800687582798 True False -0.07983665563143126 59.665477203950424 -29.819215929525708 -1.3352263935392576 18.02725083311713 -9.000305022730142
639 61 564.0 568 31.81625152699999 7.9799999999999995 0.007776222655560888 0.13672800687582798 False True -0.07983665563143126 59.665477203950424 -29.819215929525708 -1.3352263935392576 18.02725083311713 -9.000305022730142
639 62 576.0 580 32.452866327999985 7.9799999999999995 0.007776222655560888 0.20958984733617098 True False -0.07983665563143126 59.665477203950424 -29.819215929525708 -1.3352263935392576 18.02725083311713 -9.000305022730142
639 63 576.0 580 32.84782430899999 7.9799999999999995 0.007776222655560888 0.20958984733617098 False True -0.07983665563143126 59.665477203950424 -29.819215929525708 -1.3352263935392576 18.02725083311713 -9.000305022730142
639 64 588.0 592 33.48727905699998 7.9799999999999995 0.007776222655560888 0.09839214237001521 True False -0.07983665563143126 59.665477203950424 -29.819215929525708 -1.3352263935392576 18.02725083311713 -9.000305022730142
639 65 588.0 592 33.873641888999984 7.9799999999999995 0.007776222655560888 0.09839214237001521 False True -0.07983665563143126 59.665477203950424 -29.819215929525708 -1.3352263935392576 18.02725083311713 -9.000305022730142
639 66 600.0 604 34.50742223499998 7.9799999999999995 0.007776222655560888 0.1261848970219301 True False -0.07983665563143126 59.665477203950424 -29.819215929525708 -1.3352263935392576 18.02725083311713 -9.000305022730142
639 67 600.0 604 34.88762946399997 7.9799999999999995 0.007776222655560888 0.1261848970219301 False True -0.07983665563143126 59.665477203950424 -29.819215929525708 -1.3352263935392576 18.02725083311713 -9.000305022730142
639 68 612.0 616 35.534890304999976 7.9799999999999995 0.007776222655560888 0.17010187695325793 True False -0.07983665563143126 59.665477203950424 -29.819215929525708 -1.3352263935392576 18.02725083311713 -9.000305022730142
639 69 612.0 616 35.96825960899997 7.9799999999999995 0.007776222655560888 0.17010187695325793 False True -0.07983665563143126 59.665477203950424 -29.819215929525708 -1.3352263935392576 18.02725083311713 -9.000305022730142
639 70 624.0 628 36.595554238999966 7.9799999999999995 0.007776222655560888 0.3769383890322619 True False -0.07983665563143126 59.665477203950424 -29.819215929525708 -1.3352263935392576 18.02725083311713 -9.000305022730142
639 71 624.0 628 36.987029389999975 7.9799999999999995 0.007776222655560888 0.0064839573816900765 True False -0.07983665563143126 59.665477203950424 -29.819215929525708 -1.3352263935392576 18.02725083311713 -9.000305022730142
639 72 624.0 628 37.35274912799997 7.9799999999999995 0.007776222655560888 0.0064839573816900765 False True -0.07983665563143126 59.665477203950424 -29.819215929525708 -1.3352263935392576 18.02725083311713 -9.000305022730142
639 73 636.0 640 38.02903713799998 1.8800000000000001 0.12958738420785842 0.09460806540428036 False True -0.07983665563143126 59.665477203950424 -29.819215929525708 -1.3352263935392576 18.02725083311713 -9.000305022730142
639 74 640.0 644 38.65266691999997 7.9799999999999995 0.007776222655560888 0.015984012141267146 False True -0.07983665563143126 59.665477203950424 -29.819215929525708 -1.3352263935392576 18.02725083311713 -9.000305022730142
639 75 644.0 648 39.255193208999984 7.9799999999999995 0.007776222655560888 0.014110162791348567 False True -0.07983665563143126 59.665477203950424 -29.819215929525708 -1.3352263935392576 18.02725083311713 -9.000305022730142
639 76 648.0 652 39.88894167699999 1.8800000000000001 0.12958738420785842 0.014110162791348567 False True -0.07983665563143126 59.665477203950424 -29.819215929525708 -1.3352263935392576 18.02725083311713 -9.000305022730142
639 77 652.0 656 40.53243887899998 7.9799999999999995 0.007776222655560888 0.004212617498981174 True False -0.07983665563143126 59.665477203950424 -29.819215929525708 -1.3352263935392576 18.02725083311713 -9.000305022730142
639 78 652.0 656 40.92529353899998 7.9799999999999995 0.007776222655560888 0.004212617498981174 False True -0.07983665563143126 59.665477203950424 -29.819215929525708 -1.3352263935392576 18.02725083311713 -9.000305022730142
639 79 664.0 668 41.591254540999984 7.78 0.004212617498981174 0.005267522729234642 True False -0.07983665563143126 59.665477203950424 -29.819215929525708 -1.3352263935392576 18.02725083311713 -9.000305022730142
639 80 664.0 669 42.014256584999984 7.78 0.004212617498981174 0.005267522729234642 False True -0.07983665563143126 59.665477203950424 -29.819215929525708 -1.3352263935392576 18.02725083311713 -9.000305022730142
639 81 676.0 681 42.65025612199999 7.78 0.004212617498981174 0.009185135285188386 True False -0.07983665563143126 59.665477203950424 -29.819215929525708 -1.3352263935392576 18.02725083311713 -9.000305022730142
639 82 676.0 681 43.02896516299998 7.78 0.004212617498981174 0.009185135285188386 False True -0.07983665563143126 59.665477203950424 -29.819215929525708 -1.3352263935392576 18.02725083311713 -9.000305022730142
639 83 688.0 693 43.70276613899999 7.78 0.004212617498981174 0.2437467636850633 True False -0.07983665563143126 59.665477203950424 -29.819215929525708 -1.3352263935392576 18.02725083311713 -9.000305022730142
639 84 688.0 693 44.105764279 7.78 0.004212617498981174 0.2437467636850633 False True -0.07983665563143126 59.665477203950424 -29.819215929525708 -1.3352263935392576 18.02725083311713 -9.000305022730142
639 85 700.0 705 44.74199698700001 7.78 0.004212617498981174 0.195784237634821 True False -0.07983665563143126 59.665477203950424 -29.819215929525708 -1.3352263935392576 18.02725083311713 -9.000305022730142
639 86 700.0 705 45.124359658 7.78 0.004212617498981174 0.195784237634821 False True -0.07983665563143126 59.665477203950424 -29.819215929525708 -1.3352263935392576 18.02725083311713 -9.000305022730142
639 87 712.0 717 45.78571251300001 7.9799999999999995 0.007776222655560888 0.3121452596471281 True False -0.07983665563143126 59.665477203950424 -29.819215929525708 -1.3352263935392576 18.02725083311713 -9.000305022730142
639 88 712.0 717 46.220606090000004 7.9799999999999995 0.007776222655560888 0.3121452596471281 False True -0.07983665563143126 59.665477203950424 -29.819215929525708 -1.3352263935392576 18.02725083311713 -9.000305022730142
639 89 724.0 729 46.860324664000004 7.9799999999999995 0.007776222655560888 0.009185135285188386 False True -0.07983665563143126 59.665477203950424 -29.819215929525708 -1.3352263935392576 18.02725083311713 -9.000305022730142
639 90 728.0 733 47.520993332 7.9799999999999995 0.007776222655560888 0.009185135285188386 False True -0.07983665563143126 59.665477203950424 -29.819215929525708 -1.3352263935392576 18.02725083311713 -9.000305022730142
639 91 732.0 737 48.14479194600001 8.03 0.015984012141267146 2.3500014264540192e-06 True False -0.07983665563143126 59.665477203950424 -29.819215929525708 -1.3352263935392576 18.02725083311713 -9.000305022730142
639 92 732.0 737 48.540363153000015 8.03 0.015984012141267146 2.3500014264540192e-06 False True -0.07983665563143126 59.665477203950424 -29.819215929525708 -1.3352263935392576 18.02725083311713 -9.000305022730142
639 93 744.0 749 49.20202161300003 7.87 2.3500014264540192e-06 0.002454662708694463 True False -0.07983665563143126 59.665477203950424 -29.819215929525708 -1.3352263935392576 18.02725083311713 -9.000305022730142
639 94 744.0 749 49.62204333100003 7.87 2.3500014264540192e-06 0.002454662708694463 False True -0.07983665563143126 59.665477203950424 -29.819215929525708 -1.3352263935392576 18.02725083311713 -9.000305022730142
639 95 756.0 761 50.25974775400003 7.8 0.002454662708694463 2.3500014264540192e-06 False True -0.07983665563143126 59.665477203950424 -29.819215929525708 -1.3352263935392576 18.02725083311713 -9.000305022730142
639 96 760.0 765 50.91888964800003 7.87 2.3500014264540192e-06 0.002454662708694463 False True -0.07983665563143126 59.665477203950424 -29.819215929525708 -1.3352263935392576 18.02725083311713 -9.000305022730142
639 97 764.0 769 51.54427080900004 7.8 0.002454662708694463 0.0 True False -0.07983665563143126 59.665477203950424 -29.819215929525708 -1.3352263935392576 18.02725083311713 -9.000305022730142
639 98 764.0 769 51.92576932000004 7.8 0.002454662708694463 0.0 False True -0.07983665563143126 59.665477203950424 -29.819215929525708 -1.3352263935392576 18.02725083311713 -9.000305022730142
639 99 776.0 781 52.619172296000045 7.8 0.002454662708694463 0.32312914072691185 True False -0.07983665563143126 59.665477203950424 -29.819215929525708 -1.3352263935392576 18.02725083311713 -9.000305022730142
639 100 776.0 781 53.04382189600004 7.8 0.002454662708694463 0.32312914072691185 False True -0.07983665563143126 59.665477203950424 -29.819215929525708 -1.3352263935392576 18.02725083311713 -9.000305022730142
639 101 788.0 793 53.68608931400004 7.8 0.002454662708694463 0.2687424247092704 True False -0.07983665563143126 59.665477203950424 -29.819215929525708 -1.3352263935392576 18.02725083311713 -9.000305022730142
639 102 788.0 793 54.08442066100004 7.8 0.002454662708694463 0.2687424247092704 False True -0.07983665563143126 59.665477203950424 -29.819215929525708 -1.3352263935392576 18.02725083311713 -9.000305022730142
639 103 800.0 805 54.72106971500004 7.8 0.002454662708694463 0.2817660592052447 True False -0.07983665563143126 59.665477203950424 -29.819215929525708 -1.3352263935392576 18.02725083311713 -9.000305022730142
639 104 800.0 806 55.09904075300004 7.8 0.002454662708694463 0.2817660592052447 False True -0.07983665563143126 59.665477203950424 -29.819215929525708 -1.3352263935392576 18.02725083311713 -9.000305022730142
639 105 812.0 818 55.76090257700004 7.8 0.002454662708694463 0.25610979047354093 True False -0.07983665563143126 59.665477203950424 -29.819215929525708 -1.3352263935392576 18.02725083311713 -9.000305022730142
639 106 812.0 818 56.199166247000036 7.8 0.002454662708694463 0.25610979047354093 False True -0.07983665563143126 59.665477203950424 -29.819215929525708 -1.3352263935392576 18.02725083311713 -9.000305022730142
639 107 824.0 830 56.845149257000045 7.87 2.3500014264540192e-06 0.002454662708694463 False True -0.07983665563143126 59.665477203950424 -29.819215929525708 -1.3352263935392576 18.02725083311713 -9.000305022730142
639 108 828.0 834 57.499168795000045 2.1599999999999997 0.2687424247092704 0.004212617498981174 False True -0.07983665563143126 59.665477203950424 -29.819215929525708 -1.3352263935392576 18.02725083311713 -9.000305022730142
639 109 832.0 838 58.13724790900004 7.87 2.3500014264540192e-06 0.012352276448746917 True False -0.07983665563143126 59.665477203950424 -29.819215929525708 -1.3352263935392576 18.02725083311713 -9.000305022730142
639 110 832.0 838 58.50564372000004 7.87 2.3500014264540192e-06 0.012352276448746917 False True -0.07983665563143126 59.665477203950424 -29.819215929525708 -1.3352263935392576 18.02725083311713 -9.000305022730142
639 111 844.0 850 59.19949418400003 8.03 0.015984012141267146 0.16970883835533213 True False -0.07983665563143126 59.665477203950424 -29.819215929525708 -1.3352263935392576 18.02725083311713 -9.000305022730142
639 112 844.0 850 59.63606701700003 8.03 0.015984012141267146 0.16970883835533213 False True -0.07983665563143126 59.665477203950424 -29.819215929525708 -1.3352263935392576 18.02725083311713 -9.000305022730142
639 113 856.0 862 60.28018526600002 7.79 0.003274970475015705 0.4156485065927839 True False -0.07983665563143126 59.665477203950424 -29.819215929525708 -1.3352263935392576 18.02725083311713 -9.000305022730142
639 114 856.0 862 60.65760243700002 7.79 0.003274970475015705 0.4156485065927839 False True -0.07983665563143126 59.665477203950424 -29.819215929525708 -1.3352263935392576 18.02725083311713 -9.000305022730142
639 115 868.0 874 61.31564278000003 7.79 0.003274970475015705 0.1465922154176208 True False -0.07983665563143126 59.665477203950424 -29.819215929525708 -1.3352263935392576 18.02725083311713 -9.000305022730142
639 116 868.0 874 61.74120371600003 7.79 0.003274970475015705 0.1465922154176208 False True -0.07983665563143126 59.665477203950424 -29.819215929525708 -1.3352263935392576 18.02725083311713 -9.000305022730142
639 117 880.0 886 62.382228156000025 7.79 0.003274970475015705 0.054239576839181174 True False -0.07983665563143126 59.665477203950424 -29.819215929525708 -1.3352263935392576 18.02725083311713 -9.000305022730142
639 118 880.0 886 62.763033950000036 7.79 0.003274970475015705 0.054239576839181174 False True -0.07983665563143126 59.665477203950424 -29.819215929525708 -1.3352263935392576 18.02725083311713 -9.000305022730142
639 119 892.0 898 63.400101254000035 7.79 0.003274970475015705 0.017914468754136038 True False -0.07983665563143126 59.665477203950424 -29.819215929525708 -1.3352263935392576 18.02725083311713 -9.000305022730142
639 120 892.0 898 63.838109251000034 7.79 0.003274970475015705 0.017914468754136038 False True -0.07983665563143126 59.665477203950424 -29.819215929525708 -1.3352263935392576 18.02725083311713 -9.000305022730142
639 121 904.0 910 64.48270368600005 7.9799999999999995 0.007776222655560888 0.00012226477352310708 False True -0.07983665563143126 59.665477203950424 -29.819215929525708 -1.3352263935392576 18.02725083311713 -9.000305022730142
639 122 908.0 914 65.22013891700006 7.8 0.002454662708694463 0.02007878777965156 True False -0.07983665563143126 59.665477203950424 -29.819215929525708 -1.3352263935392576 18.02725083311713 -9.000305022730142
639 123 908.0 914 65.66011364200004 7.8 0.002454662708694463 0.02007878777965156 False True -0.07983665563143126 59.665477203950424 -29.819215929525708 -1.3352263935392576 18.02725083311713 -9.000305022730142
639 124 920.0 926 66.29751488300003 7.8 0.002454662708694463 0.19520919536611062 True False -0.07983665563143126 59.665477203950424 -29.819215929525708 -1.3352263935392576 18.02725083311713 -9.000305022730142
639 125 920.0 926 66.67929200500005 7.8 0.002454662708694463 0.19520919536611062 False True -0.07983665563143126 59.665477203950424 -29.819215929525708 -1.3352263935392576 18.02725083311713 -9.000305022730142
639 126 932.0 938 67.36117082400004 7.8 0.002454662708694463 0.22956271845703227 True False -0.07983665563143126 59.665477203950424 -29.819215929525708 -1.3352263935392576 18.02725083311713 -9.000305022730142
639 127 932.0 939 67.79312061100005 7.8 0.002454662708694463 0.22956271845703227 False True -0.07983665563143126 59.665477203950424 -29.819215929525708 -1.3352263935392576 18.02725083311713 -9.000305022730142
639 128 944.0 951 68.43488754700006 7.8 0.002454662708694463 0.17904166126158474 True False -0.07983665563143126 59.665477203950424 -29.819215929525708 -1.3352263935392576 18.02725083311713 -9.000305022730142
639 129 944.0 951 68.83403659100004 7.8 0.002454662708694463 0.17904166126158474 False True -0.07983665563143126 59.665477203950424 -29.819215929525708 -1.3352263935392576 18.02725083311713 -9.000305022730142
639 130 956.0 963 69.47514758500004 7.8 0.002454662708694463 0.07835463638959705 True False -0.07983665563143126 59.665477203950424 -29.819215929525708 -1.3352263935392576 18.02725083311713 -9.000305022730142
639 131 956.0 963 69.89586361200004 7.8 0.002454662708694463 0.07835463638959705 False True -0.07983665563143126 59.665477203950424 -29.819215929525708 -1.3352263935392576 18.02725083311713 -9.000305022730142
639 132 968.0 975 70.53758255000007 7.8 0.002454662708694463 0.07887220188230758 True False -0.07983665563143126 59.665477203950424 -29.819215929525708 -1.3352263935392576 18.02725083311713 -9.000305022730142
639 133 968.0 975 70.91729518100006 7.8 0.002454662708694463 0.07887220188230758 False True -0.07983665563143126 59.665477203950424 -29.819215929525708 -1.3352263935392576 18.02725083311713 -9.000305022730142
639 134 980.0 987 71.56040420500007 1.62 0.07835463638959705 0.002454662708694463 False True -0.07983665563143126 59.665477203950424 -29.819215929525708 -1.3352263935392576 18.02725083311713 -9.000305022730142
639 135 984.0 991 72.19953414700008 1.62 0.07835463638959705 0.07795450920727215 True False -0.07983665563143126 59.665477203950424 -29.819215929525708 -1.3352263935392576 18.02725083311713 -9.000305022730142
639 136 984.0 991 72.58199950600009 1.62 0.07835463638959705 0.07795450920727215 False True -0.07983665563143126 59.665477203950424 -29.819215929525708 -1.3352263935392576 18.02725083311713 -9.000305022730142
639 137 996.0 1003 73.1995904270001 7.8 0.002454662708694463 0.17432155048989575 True False -0.07983665563143126 59.665477203950424 -29.819215929525708 -1.3352263935392576 18.02725083311713 -9.000305022730142
639 138 996.0 1003 73.58179380800011 7.8 0.002454662708694463 0.17432155048989575 False True -0.07983665563143126 59.665477203950424 -29.819215929525708 -1.3352263935392576 18.02725083311713 -9.000305022730142
639 139 1008.0 1015 74.25502778200011 7.8 0.002454662708694463 0.1838686866658466 True False -0.07983665563143126 59.665477203950424 -29.819215929525708 -1.3352263935392576 18.02725083311713 -9.000305022730142
639 140 1008.0 1015 74.69225820900009 7.8 0.002454662708694463 0.1838686866658466 False True -0.07983665563143126 59.665477203950424 -29.819215929525708 -1.3352263935392576 18.02725083311713 -9.000305022730142
639 141 1020.0 1027 75.3182649300001 7.8 0.002454662708694463 0.08605255880616627 True False -0.07983665563143126 59.665477203950424 -29.819215929525708 -1.3352263935392576 18.02725083311713 -9.000305022730142
639 142 1020.0 1027 75.6998630480001 7.8 0.002454662708694463 0.08605255880616627 False True -0.07983665563143126 59.665477203950424 -29.819215929525708 -1.3352263935392576 18.02725083311713 -9.000305022730142
639 143 1032.0 1039 76.33237898000012 7.8 0.002454662708694463 0.15851452957099982 True False -0.07983665563143126 59.665477203950424 -29.819215929525708 -1.3352263935392576 18.02725083311713 -9.000305022730142
639 144 1032.0 1039 76.70075972700012 7.8 0.002454662708694463 0.15851452957099982 False True -0.07983665563143126 59.665477203950424 -29.819215929525708 -1.3352263935392576 18.02725083311713 -9.000305022730142
639 145 1044.0 1051 77.31954537200012 7.8 0.002454662708694463 0.16520399812147143 True False -0.07983665563143126 59.665477203950424 -29.819215929525708 -1.3352263935392576 18.02725083311713 -9.000305022730142
639 146 1044.0 1051 77.71355089900011 7.8 0.002454662708694463 0.16520399812147143 False True -0.07983665563143126 59.665477203950424 -29.819215929525708 -1.3352263935392576 18.02725083311713 -9.000305022730142
639 147 1056.0 1063 78.33503194400011 7.8 0.002454662708694463 0.001751763516273945 True False -0.07983665563143126 59.665477203950424 -29.819215929525708 -1.3352263935392576 18.02725083311713 -9.000305022730142
639 148 1056.0 1064 78.7134033120001 7.8 0.002454662708694463 0.001751763516273945 False True -0.07983665563143126 59.665477203950424 -29.819215929525708 -1.3352263935392576 18.02725083311713 -9.000305022730142
639 149 1068.0 1076 79.35444710000009 7.8 0.002454662708694463 0.004249925069874561 True False -0.07983665563143126 59.665477203950424 -29.819215929525708 -1.3352263935392576 18.02725083311713 -9.000305022730142
639 150 1068.0 1076 79.75886450100008 7.8 0.002454662708694463 0.004249925069874561 False True -0.07983665563143126 59.665477203950424 -29.819215929525708 -1.3352263935392576 18.02725083311713 -9.000305022730142
639 151 1080.0 1088 80.37854837300007 7.8 0.002454662708694463 0.06153275048255219 True False -0.07983665563143126 59.665477203950424 -29.819215929525708 -1.3352263935392576 18.02725083311713 -9.000305022730142
639 152 1080.0 1088 80.77084034600007 7.8 0.002454662708694463 0.06153275048255219 False True -0.07983665563143126 59.665477203950424 -29.819215929525708 -1.3352263935392576 18.02725083311713 -9.000305022730142
639 153 1092.0 1100 81.41673685200006 7.54 0.06153275048255219 0.002454662708694463 False True -0.07983665563143126 59.665477203950424 -29.819215929525708 -1.3352263935392576 18.02725083311713 -9.000305022730142
639 154 1096.0 1104 82.05680613200006 7.54 0.06153275048255219 0.002454662708694463 False True -0.07983665563143126 59.665477203950424 -29.819215929525708 -1.3352263935392576 18.02725083311713 -9.000305022730142
639 155 1100.0 1108 82.67569271000006 7.54 0.06153275048255219 0.002454662708694463 False True -0.07983665563143126 59.665477203950424 -29.819215929525708 -1.3352263935392576 18.02725083311713 -9.000305022730142
639 156 1104.0 1112 83.33404896300006 7.8 0.002454662708694463 0.06534726253755926 True False -0.07983665563143126 59.665477203950424 -29.819215929525708 -1.3352263935392576 18.02725083311713 -9.000305022730142
639 157 1104.0 1112 83.73526770700006 7.8 0.002454662708694463 0.06534726253755926 False True -0.07983665563143126 59.665477203950424 -29.819215929525708 -1.3352263935392576 18.02725083311713 -9.000305022730142
639 158 1116.0 1124 84.37708626700005 7.8 0.002454662708694463 0.5292736732539987 True False -0.07983665563143126 59.665477203950424 -29.819215929525708 -1.3352263935392576 18.02725083311713 -9.000305022730142
639 159 1116.0 1124 84.75499279600005 7.8 0.002454662708694463 0.5292736732539987 False True -0.07983665563143126 59.665477203950424 -29.819215929525708 -1.3352263935392576 18.02725083311713 -9.000305022730142
639 160 1128.0 1136 85.39260258300006 7.8 0.002454662708694463 0.4601379835993393 True False -0.07983665563143126 59.665477203950424 -29.819215929525708 -1.3352263935392576 18.02725083311713 -9.000305022730142
639 161 1128.0 1136 85.79379703800005 7.8 0.002454662708694463 0.4601379835993393 False True -0.07983665563143126 59.665477203950424 -29.819215929525708 -1.3352263935392576 18.02725083311713 -9.000305022730142
639 162 1140.0 1148 86.43446730400005 7.8 0.002454662708694463 0.07950714197618385 True False -0.07983665563143126 59.665477203950424 -29.819215929525708 -1.3352263935392576 18.02725083311713 -9.000305022730142
639 163 1140.0 1148 86.81402198600007 7.8 0.002454662708694463 0.07950714197618385 False True -0.07983665563143126 59.665477203950424 -29.819215929525708 -1.3352263935392576 18.02725083311713 -9.000305022730142
639 164 1152.0 1160 87.45175783800009 7.8 0.002454662708694463 0.25830690954951724 True False -0.07983665563143126 59.665477203950424 -29.819215929525708 -1.3352263935392576 18.02725083311713 -9.000305022730142
639 165 1152.0 1160 87.8541437380001 7.8 0.002454662708694463 0.25830690954951724 False True -0.07983665563143126 59.665477203950424 -29.819215929525708 -1.3352263935392576 18.02725083311713 -9.000305022730142
639 166 1164.0 1172 88.4965119060001 7.8 0.002454662708694463 0.06153275048255219 False True -0.07983665563143126 59.665477203950424 -29.819215929525708 -1.3352263935392576 18.02725083311713 -9.000305022730142
639 167 1168.0 1176 89.1367226580001 7.8 0.002454662708694463 0.009185135285188386 False True -0.07983665563143126 59.665477203950424 -29.819215929525708 -1.3352263935392576 18.02725083311713 -9.000305022730142
639 168 1172.0 1180 89.77857002300009 7.8 0.002454662708694463 0.009185135285188386 False True -0.07983665563143126 59.665477203950424 -29.819215929525708 -1.3352263935392576 18.02725083311713 -9.000305022730142
639 169 1176.0 1184 90.41014731800009 7.8 0.002454662708694463 0.02229927910391918 False True -0.07983665563143126 59.665477203950424 -29.819215929525708 -1.3352263935392576 18.02725083311713 -9.000305022730142
639 170 1180.0 1188 91.03329948500009 1.62 0.07835463638959705 0.02229927910391918 False True -0.07983665563143126 59.665477203950424 -29.819215929525708 -1.3352263935392576 18.02725083311713 -9.000305022730142
639 171 1184.0 1192 91.67255297600009 7.8 0.002454662708694463 0.014110162791348567 False True -0.07983665563143126 59.665477203950424 -29.819215929525708 -1.3352263935392576 18.02725083311713 -9.000305022730142
639 172 1188.0 1196 92.31546102900008 8.02 0.014110162791348567 0.009185135285188386 False True -0.07983665563143126 59.665477203950424 -29.819215929525708 -1.3352263935392576 18.02725083311713 -9.000305022730142
639 173 1192.0 1200 92.95527722600006 8.02 0.014110162791348567 0.009185135285188386 False True -0.07983665563143126 59.665477203950424 -29.819215929525708 -1.3352263935392576 18.02725083311713 -9.000305022730142
639 174 1196.0 1204 93.59635088600005 7.9799999999999995 0.007776222655560888 0.009185135285188386 False True -0.07983665563143126 59.665477203950424 -29.819215929525708 -1.3352263935392576 18.02725083311713 -9.000305022730142
639 175 1200.0 1208 94.23475629100007 7.9799999999999995 0.007776222655560888 0.009185135285188386 False True -0.07983665563143126 59.665477203950424 -29.819215929525708 -1.3352263935392576 18.02725083311713 -9.000305022730142
639 176 1204.0 1212 94.87743659900006 7.9799999999999995 0.007776222655560888 0.09666805283815164 True False -0.07983665563143126 59.665477203950424 -29.819215929525708 -1.3352263935392576 18.02725083311713 -9.000305022730142
639 177 1204.0 1212 95.25752391500008 7.9799999999999995 0.007776222655560888 0.09666805283815164 False True -0.07983665563143126 59.665477203950424 -29.819215929525708 -1.3352263935392576 18.02725083311713 -9.000305022730142
639 178 1216.0 1224 95.89797782400008 7.8 0.002454662708694463 0.17432155048989575 False True -0.07983665563143126 59.665477203950424 -29.819215929525708 -1.3352263935392576 18.02725083311713 -9.000305022730142
639 179 1220.0 1228 96.53520135100008 1.99 0.17432155048989575 0.003274970475015705 False True -0.07983665563143126 59.665477203950424 -29.819215929525708 -1.3352263935392576 18.02725083311713 -9.000305022730142
639 180 1224.0 1232 97.15475347400006 7.79 0.003274970475015705 0.17432155048989575 False True -0.07983665563143126 59.665477203950424 -29.819215929525708 -1.3352263935392576 18.02725083311713 -9.000305022730142
639 181 1228.0 1236 97.81732340400005 1.99 0.17432155048989575 0.003274970475015705 False True -0.07983665563143126 59.665477203950424 -29.819215929525708 -1.3352263935392576 18.02725083311713 -9.000305022730142
639 182 1232.0 1240 98.45515017200005 1.99 0.17432155048989575 0.003274970475015705 False True -0.07983665563143126 59.665477203950424 -29.819215929525708 -1.3352263935392576 18.02725083311713 -9.000305022730142
639 183 1236.0 1244 99.07324724700003 1.99 0.17432155048989575 0.003274970475015705 False True -0.07983665563143126 59.665477203950424 -29.819215929525708 -1.3352263935392576 18.02725083311713 -9.000305022730142
639 184 1240.0 1248 99.71292504900005 1.99 0.17432155048989575 0.003274970475015705 False True -0.07983665563143126 59.665477203950424 -29.819215929525708 -1.3352263935392576 18.02725083311713 -9.000305022730142
639 185 1244.0 1252 100.35193408100004 7.79 0.003274970475015705 0.3601404133492121 True False -0.07983665563143126 59.665477203950424 -29.819215929525708 -1.3352263935392576 18.02725083311713 -9.000305022730142
639 186 1244.0 1252 100.74977021800002 7.79 0.003274970475015705 0.3601404133492121 False True -0.07983665563143126 59.665477203950424 -29.819215929525708 -1.3352263935392576 18.02725083311713 -9.000305022730142
639 187 1256.0 1264 101.40855509500001 7.79 0.003274970475015705 0.08608399102579664 True False -0.07983665563143126 59.665477203950424 -29.819215929525708 -1.3352263935392576 18.02725083311713 -9.000305022730142
639 188 1256.0 1265 101.80980866 7.79 0.003274970475015705 0.08608399102579664 False True -0.07983665563143126 59.665477203950424 -29.819215929525708 -1.3352263935392576 18.02725083311713 -9.000305022730142
639 189 1268.0 1277 102.44957563299998 7.4799999999999995 0.08608399102579664 0.003274970475015705 False True -0.07983665563143126 59.665477203950424 -29.819215929525708 -1.3352263935392576 18.02725083311713 -9.000305022730142
639 190 1272.0 1281 103.088519253 7.4799999999999995 0.08608399102579664 0.17432155048989575 False True -0.07983665563143126 59.665477203950424 -29.819215929525708 -1.3352263935392576 18.02725083311713 -9.000305022730142
639 191 1276.0 1285 103.72829106900001 7.96 0.005308481425766664 0.08608399102579664 False True -0.07983665563143126 59.665477203950424 -29.819215929525708 -1.3352263935392576 18.02725083311713 -9.000305022730142
639 192 1280.0 1289 104.36734249999999 7.96 0.005308481425766664 0.17432155048989575 False True -0.07983665563143126 59.665477203950424 -29.819215929525708 -1.3352263935392576 18.02725083311713 -9.000305022730142
639 193 1284.0 1293 105.007597443 7.96 0.005308481425766664 0.08171607804402219 True False -0.07983665563143126 59.665477203950424 -29.819215929525708 -1.3352263935392576 18.02725083311713 -9.000305022730142
639 194 1284.0 1293 105.40434961999999 7.96 0.005308481425766664 0.08171607804402219 False True -0.07983665563143126 59.665477203950424 -29.819215929525708 -1.3352263935392576 18.02725083311713 -9.000305022730142
639 195 1296.0 1305 106.06161114999999 7.96 0.005308481425766664 0.08171607804402219 False True -0.07983665563143126 59.665477203950424 -29.819215929525708 -1.3352263935392576 18.02725083311713 -9.000305022730142
639 196 1300.0 1309 106.706174916 7.99 0.009185135285188386 0.0905613559311322 True False -0.07983665563143126 59.665477203950424 -29.819215929525708 -1.3352263935392576 18.02725083311713 -9.000305022730142
639 197 1300.0 1309 107.08683660299998 7.99 0.009185135285188386 0.0905613559311322 False True -0.07983665563143126 59.665477203950424 -29.819215929525708 -1.3352263935392576 18.02725083311713 -9.000305022730142
639 198 1312.0 1321 107.706823081 7.47 0.0905613559311322 0.009185135285188386 False True -0.07983665563143126 59.665477203950424 -29.819215929525708 -1.3352263935392576 18.02725083311713 -9.000305022730142
639 199 1316.0 1325 108.32375030499999 7.47 0.0905613559311322 0.08171607804402219 False True -0.07983665563143126 59.665477203950424 -29.819215929525708 -1.3352263935392576 18.02725083311713 -9.000305022730142
639 200 1320.0 1329 108.96165949499998 7.9799999999999995 0.007776222655560888 0.0951477377004847 True False -0.07983665563143126 59.665477203950424 -29.819215929525708 -1.3352263935392576 18.02725083311713 -9.000305022730142
639 201 1320.0 1329 109.36848979099999 7.9799999999999995 0.007776222655560888 0.0951477377004847 False True -0.07983665563143126 59.665477203950424 -29.819215929525708 -1.3352263935392576 18.02725083311713 -9.000305022730142
639 202 1332.0 1341 110.02164268 8.06 0.02229927910391918 0.010710541642469006 False True -0.07983665563143126 59.665477203950424 -29.819215929525708 -1.3352263935392576 18.02725083311713 -9.000305022730142
639 203 1336.0 1345 110.69984338599998 8.0 0.010710541642469006 0.047396531569441354 True False -0.07983665563143126 59.665477203950424 -29.819215929525708 -1.3352263935392576 18.02725083311713 -9.000305022730142
639 204 1336.0 1345 111.12286023499998 8.0 0.010710541642469006 0.047396531569441354 False True -0.07983665563143126 59.665477203950424 -29.819215929525708 -1.3352263935392576 18.02725083311713 -9.000305022730142
639 205 1348.0 1357 111.76345861499998 8.0 0.010710541642469006 0.05783006938878176 True False -0.07983665563143126 59.665477203950424 -29.819215929525708 -1.3352263935392576 18.02725083311713 -9.000305022730142
639 206 1348.0 1357 112.16259090699997 8.0 0.010710541642469006 0.05783006938878176 False True -0.07983665563143126 59.665477203950424 -29.819215929525708 -1.3352263935392576 18.02725083311713 -9.000305022730142
639 207 1360.0 1369 112.80822719199996 7.55 0.05783006938878176 0.003274970475015705 False True -0.07983665563143126 59.665477203950424 -29.819215929525708 -1.3352263935392576 18.02725083311713 -9.000305022730142
639 208 1364.0 1373 113.48765486999996 7.55 0.05783006938878176 0.015984012141267146 False True -0.07983665563143126 59.665477203950424 -29.819215929525708 -1.3352263935392576 18.02725083311713 -9.000305022730142
639 209 1368.0 1377 114.14434462699997 7.96 0.005308481425766664 0.004212617498981174 False True -0.07983665563143126 59.665477203950424 -29.819215929525708 -1.3352263935392576 18.02725083311713 -9.000305022730142
639 210 1372.0 1381 114.82512427099995 7.96 0.005308481425766664 0.3769383890322619 False True -0.07983665563143126 59.665477203950424 -29.819215929525708 -1.3352263935392576 18.02725083311713 -9.000305022730142
639 211 1384.0 1393 115.48200714499997 7.96 0.005308481425766664 0.2657262376730626 True False -0.07983665563143126 59.665477203950424 -29.819215929525708 -1.3352263935392576 18.02725083311713 -9.000305022730142
639 212 1384.0 1393 115.86492695299997 7.96 0.005308481425766664 0.2657262376730626 False True -0.07983665563143126 59.665477203950424 -29.819215929525708 -1.3352263935392576 18.02725083311713 -9.000305022730142
639 213 1396.0 1405 116.50196840999998 7.96 0.005308481425766664 0.295052349795782 True False -0.07983665563143126 59.665477203950424 -29.819215929525708 -1.3352263935392576 18.02725083311713 -9.000305022730142
639 214 1396.0 1405 116.90470247699999 7.96 0.005308481425766664 0.295052349795782 False True -0.07983665563143126 59.665477203950424 -29.819215929525708 -1.3352263935392576 18.02725083311713 -9.000305022730142
639 215 1408.0 1417 117.55703789799999 7.96 0.005308481425766664 0.3785769216558978 True False -0.07983665563143126 59.665477203950424 -29.819215929525708 -1.3352263935392576 18.02725083311713 -9.000305022730142
639 216 1408.0 1417 117.958960971 7.96 0.005308481425766664 0.3785769216558978 False True -0.07983665563143126 59.665477203950424 -29.819215929525708 -1.3352263935392576 18.02725083311713 -9.000305022730142
639 217 1420.0 1429 118.578740191 7.96 0.005308481425766664 0.4950305953091391 True False -0.07983665563143126 59.665477203950424 -29.819215929525708 -1.3352263935392576 18.02725083311713 -9.000305022730142
639 218 1420.0 1429 118.96216266399999 7.96 0.005308481425766664 0.4950305953091391 False True -0.07983665563143126 59.665477203950424 -29.819215929525708 -1.3352263935392576 18.02725083311713 -9.000305022730142
639 219 1432.0 1441 119.637391346 7.96 0.005308481425766664 0.1375648970281421 True False -0.07983665563143126 59.665477203950424 -29.819215929525708 -1.3352263935392576 18.02725083311713 -9.000305022730142
639 220 1432.0 1442 120.039307617 7.96 0.005308481425766664 0.1375648970281421 False True -0.07983665563143126 59.665477203950424 -29.819215929525708 -1.3352263935392576 18.02725083311713 -9.000305022730142
639 221 1444.0 1454 120.67583548600003 7.96 0.005308481425766664 0.13035867566373954 True False -0.07983665563143126 59.665477203950424 -29.819215929525708 -1.3352263935392576 18.02725083311713 -9.000305022730142
639 222 1444.0 1454 121.07598947200005 7.96 0.005308481425766664 0.13035867566373954 False True -0.07983665563143126 59.665477203950424 -29.819215929525708 -1.3352263935392576 18.02725083311713 -9.000305022730142
639 223 1456.0 1466 121.71701406700005 7.96 0.005308481425766664 0.1452188945976803 True False -0.07983665563143126 59.665477203950424 -29.819215929525708 -1.3352263935392576 18.02725083311713 -9.000305022730142
639 224 1456.0 1466 122.09572544800004 7.96 0.005308481425766664 0.1452188945976803 False True -0.07983665563143126 59.665477203950424 -29.819215929525708 -1.3352263935392576 18.02725083311713 -9.000305022730142
639 225 1468.0 1478 122.73402609700004 7.96 0.005308481425766664 0.10354239883962495 True False -0.07983665563143126 59.665477203950424 -29.819215929525708 -1.3352263935392576 18.02725083311713 -9.000305022730142
639 226 1468.0 1478 123.11710474100003 7.96 0.005308481425766664 0.10354239883962495 False True -0.07983665563143126 59.665477203950424 -29.819215929525708 -1.3352263935392576 18.02725083311713 -9.000305022730142
639 227 1480.0 1490 123.77390053200004 1.37 0.10354239883962495 0.10606458467595943 True False -0.07983665563143126 59.665477203950424 -29.819215929525708 -1.3352263935392576 18.02725083311713 -9.000305022730142
639 228 1480.0 1490 124.17603325400005 1.37 0.10354239883962495 0.10606458467595943 False True -0.07983665563143126 59.665477203950424 -29.819215929525708 -1.3352263935392576 18.02725083311713 -9.000305022730142
639 229 1492.0 1502 124.81816043900007 1.36 0.10606458467595943 0.10354239883962495 False True -0.07983665563143126 59.665477203950424 -29.819215929525708 -1.3352263935392576 18.02725083311713 -9.000305022730142
639 230 1496.0 1506 125.43572196200007 1.36 0.10606458467595943 0.10870174821241445 True False -0.07983665563143126 59.665477203950424 -29.819215929525708 -1.3352263935392576 18.02725083311713 -9.000305022730142
639 231 1496.0 1506 125.83361359900009 1.36 0.10606458467595943 0.10870174821241445 False True -0.07983665563143126 59.665477203950424 -29.819215929525708 -1.3352263935392576 18.02725083311713 -9.000305022730142
639 232 1508.0 1518 126.49370512600011 1.36 0.10606458467595943 0.10354239883962495 False True -0.07983665563143126 59.665477203950424 -29.819215929525708 -1.3352263935392576 18.02725083311713 -9.000305022730142
639 233 1512.0 1522 127.1556770830001 7.96 0.005308481425766664 0.10606458467595943 False True -0.07983665563143126 59.665477203950424 -29.819215929525708 -1.3352263935392576 18.02725083311713 -9.000305022730142
639 234 1516.0 1526 127.8555543910001 1.36 0.10606458467595943 0.10354239883962495 False True -0.07983665563143126 59.665477203950424 -29.819215929525708 -1.3352263935392576 18.02725083311713 -9.000305022730142
639 235 1520.0 1530 128.5136851040001 1.37 0.10354239883962495 0.10606458467595943 False True -0.07983665563143126 59.665477203950424 -29.819215929525708 -1.3352263935392576 18.02725083311713 -9.000305022730142
639 236 1524.0 1534 129.19257989400012 1.37 0.10354239883962495 0.1011354309978253 True False -0.07983665563143126 59.665477203950424 -29.819215929525708 -1.3352263935392576 18.02725083311713 -9.000305022730142
639 237 1524.0 1534 129.61242137100012 1.37 0.10354239883962495 0.1011354309978253 False True -0.07983665563143126 59.665477203950424 -29.819215929525708 -1.3352263935392576 18.02725083311713 -9.000305022730142
639 238 1536.0 1546 130.26932232400011 1.37 0.10354239883962495 0.000359719600902129 True False -0.07983665563143126 59.665477203950424 -29.819215929525708 -1.3352263935392576 18.02725083311713 -9.000305022730142
639 239 1536.0 1546 130.65845474700012 1.37 0.10354239883962495 0.000359719600902129 False True -0.07983665563143126 59.665477203950424 -29.819215929525708 -1.3352263935392576 18.02725083311713 -9.000305022730142
639 240 1548.0 1558 131.29322657700013 1.37 0.10354239883962495 0.23790518479190798 True False -0.07983665563143126 59.665477203950424 -29.819215929525708 -1.3352263935392576 18.02725083311713 -9.000305022730142
639 241 1548.0 1558 131.67419315700013 1.37 0.10354239883962495 0.23790518479190798 False True -0.07983665563143126 59.665477203950424 -29.819215929525708 -1.3352263935392576 18.02725083311713 -9.000305022730142
639 242 1560.0 1570 132.31746492200014 1.37 0.10354239883962495 0.005308481425766664 False True -0.07983665563143126 59.665477203950424 -29.819215929525708 -1.3352263935392576 18.02725083311713 -9.000305022730142
639 243 1564.0 1574 132.95146627900013 7.96 0.005308481425766664 0.09266414169066217 True False -0.07983665563143126 59.665477203950424 -29.819215929525708 -1.3352263935392576 18.02725083311713 -9.000305022730142
639 244 1564.0 1574 133.33801558500014 7.96 0.005308481425766664 0.09266414169066217 False True -0.07983665563143126 59.665477203950424 -29.819215929525708 -1.3352263935392576 18.02725083311713 -9.000305022730142
639 245 1576.0 1586 133.97416094600013 1.42 0.09266414169066217 0.005308481425766664 False True -0.07983665563143126 59.665477203950424 -29.819215929525708 -1.3352263935392576 18.02725083311713 -9.000305022730142
639 246 1580.0 1590 134.6299226800001 1.42 0.09266414169066217 0.005308481425766664 False True -0.07983665563143126 59.665477203950424 -29.819215929525708 -1.3352263935392576 18.02725083311713 -9.000305022730142
639 247 1584.0 1594 135.2534988500001 1.42 0.09266414169066217 0.17904166126158474 False True -0.07983665563143126 59.665477203950424 -29.819215929525708 -1.3352263935392576 18.02725083311713 -9.000305022730142
639 248 1588.0 1598 135.89029724700012 1.42 0.09266414169066217 0.09460806540428036 False True -0.07983665563143126 59.665477203950424 -29.819215929525708 -1.3352263935392576 18.02725083311713 -9.000305022730142
639 249 1592.0 1602 136.50995870500012 7.8 0.002454662708694463 0.10870174821241445 False True -0.07983665563143126 59.665477203950424 -29.819215929525708 -1.3352263935392576 18.02725083311713 -9.000305022730142
639 250 1596.0 1606 137.1316996370001 7.8 0.002454662708694463 0.006439593387423962 True False -0.07983665563143126 59.665477203950424 -29.819215929525708 -1.3352263935392576 18.02725083311713 -9.000305022730142
639 251 1596.0 1607 137.5143254960001 7.8 0.002454662708694463 0.006439593387423962 False True -0.07983665563143126 59.665477203950424 -29.819215929525708 -1.3352263935392576 18.02725083311713 -9.000305022730142
639 252 1608.0 1619 138.15588515900012 7.9799999999999995 0.007776222655560888 0.014110162791348567 False True -0.07983665563143126 59.665477203950424 -29.819215929525708 -1.3352263935392576 18.02725083311713 -9.000305022730142
639 253 1612.0 1623 138.79659690500011 7.9799999999999995 0.007776222655560888 0.06153275048255219 False True -0.07983665563143126 59.665477203950424 -29.819215929525708 -1.3352263935392576 18.02725083311713 -9.000305022730142
639 254 1616.0 1627 139.47432352200013 7.54 0.06153275048255219 0.014110162791348567 False True -0.07983665563143126 59.665477203950424 -29.819215929525708 -1.3352263935392576 18.02725083311713 -9.000305022730142
639 255 1620.0 1631 140.12824864700013 8.02 0.014110162791348567 0.08608399102579664 False True -0.07983665563143126 59.665477203950424 -29.819215929525708 -1.3352263935392576 18.02725083311713 -9.000305022730142
639 256 1624.0 1635 140.74886093600014 8.02 0.014110162791348567 0.15234127935903727 True False -0.07983665563143126 59.665477203950424 -29.819215929525708 -1.3352263935392576 18.02725083311713 -9.000305022730142
639 257 1624.0 1635 141.13593659500012 8.02 0.014110162791348567 0.15234127935903727 False True -0.07983665563143126 59.665477203950424 -29.819215929525708 -1.3352263935392576 18.02725083311713 -9.000305022730142
639 258 1636.0 1647 141.8108760080001 8.02 0.014110162791348567 0.02229927910391918 False True -0.07983665563143126 59.665477203950424 -29.819215929525708 -1.3352263935392576 18.02725083311713 -9.000305022730142
639 259 1640.0 1651 142.4698565490001 8.02 0.014110162791348567 0.007776222655560888 False True -0.07983665563143126 59.665477203950424 -29.819215929525708 -1.3352263935392576 18.02725083311713 -9.000305022730142
639 260 1644.0 1655 143.1500998210001 7.9799999999999995 0.007776222655560888 0.014110162791348567 False True -0.07983665563143126 59.665477203950424 -29.819215929525708 -1.3352263935392576 18.02725083311713 -9.000305022730142
639 261 1648.0 1659 143.7963341780001 7.9799999999999995 0.007776222655560888 0.1236030176133709 True False -0.07983665563143126 59.665477203950424 -29.819215929525708 -1.3352263935392576 18.02725083311713 -9.000305022730142
639 262 1648.0 1659 144.1895942260001 7.9799999999999995 0.007776222655560888 0.1236030176133709 False True -0.07983665563143126 59.665477203950424 -29.819215929525708 -1.3352263935392576 18.02725083311713 -9.000305022730142
639 263 1660.0 1671 144.8069495140001 7.9799999999999995 0.007776222655560888 0.2687424247092704 False True -0.07983665563143126 59.665477203950424 -29.819215929525708 -1.3352263935392576 18.02725083311713 -9.000305022730142
639 264 1664.0 1675 145.4156717920001 7.9799999999999995 0.007776222655560888 0.09266414169066217 False True -0.07983665563143126 59.665477203950424 -29.819215929525708 -1.3352263935392576 18.02725083311713 -9.000305022730142
639 265 1668.0 1679 146.0311991230001 7.9799999999999995 0.007776222655560888 0.10354239883962495 False True -0.07983665563143126 59.665477203950424 -29.819215929525708 -1.3352263935392576 18.02725083311713 -9.000305022730142
639 266 1672.0 1683 146.6676504270001 1.37 0.10354239883962495 0.007776222655560888 False True -0.07983665563143126 59.665477203950424 -29.819215929525708 -1.3352263935392576 18.02725083311713 -9.000305022730142
639 267 1676.0 1687 147.3080528660001 7.9799999999999995 0.007776222655560888 0.10354239883962495 False True -0.07983665563143126 59.665477203950424 -29.819215929525708 -1.3352263935392576 18.02725083311713 -9.000305022730142
639 268 1680.0 1691 147.9499336130001 1.37 0.10354239883962495 0.007776222655560888 False True -0.07983665563143126 59.665477203950424 -29.819215929525708 -1.3352263935392576 18.02725083311713 -9.000305022730142
639 269 1684.0 1695 148.6158047400001 1.37 0.10354239883962495 0.007776222655560888 False True -0.07983665563143126 59.665477203950424 -29.819215929525708 -1.3352263935392576 18.02725083311713 -9.000305022730142
639 270 1688.0 1699 149.2668497380001 1.37 0.10354239883962495 0.13390563591436924 True False -0.07983665563143126 59.665477203950424 -29.819215929525708 -1.3352263935392576 18.02725083311713 -9.000305022730142
639 271 1688.0 1699 149.66862568700012 1.37 0.10354239883962495 0.13390563591436924 False True -0.07983665563143126 59.665477203950424 -29.819215929525708 -1.3352263935392576 18.02725083311713 -9.000305022730142
639 272 1700.0 1711 150.2906059490001 1.37 0.10354239883962495 0.050761619196655 True False -0.07983665563143126 59.665477203950424 -29.819215929525708 -1.3352263935392576 18.02725083311713 -9.000305022730142
639 273 1700.0 1711 150.6729400750001 1.37 0.10354239883962495 0.050761619196655 False True -0.07983665563143126 59.665477203950424 -29.819215929525708 -1.3352263935392576 18.02725083311713 -9.000305022730142
639 274 1712.0 1723 151.3140946910001 1.37 0.10354239883962495 0.007776222655560888 False True -0.07983665563143126 59.665477203950424 -29.819215929525708 -1.3352263935392576 18.02725083311713 -9.000305022730142
639 275 1716.0 1727 151.94601557700008 1.37 0.10354239883962495 0.04414463777760208 True False -0.07983665563143126 59.665477203950424 -29.819215929525708 -1.3352263935392576 18.02725083311713 -9.000305022730142
639 276 1716.0 1727 152.34655690000008 1.37 0.10354239883962495 0.04414463777760208 False True -0.07983665563143126 59.665477203950424 -29.819215929525708 -1.3352263935392576 18.02725083311713 -9.000305022730142
639 277 1728.0 1739 153.01365685600007 7.59 0.04414463777760208 0.003274970475015705 False True -0.07983665563143126 59.665477203950424 -29.819215929525708 -1.3352263935392576 18.02725083311713 -9.000305022730142
639 278 1732.0 1743 153.69323850900005 7.79 0.003274970475015705 0.06153275048255219 False True -0.07983665563143126 59.665477203950424 -29.819215929525708 -1.3352263935392576 18.02725083311713 -9.000305022730142
639 279 1736.0 1747 154.34952061600004 7.54 0.06153275048255219 0.009185135285188386 False True -0.07983665563143126 59.665477203950424 -29.819215929525708 -1.3352263935392576 18.02725083311713 -9.000305022730142
639 280 1740.0 1751 154.97312914100004 7.54 0.06153275048255219 0.0905613559311322 False True -0.07983665563143126 59.665477203950424 -29.819215929525708 -1.3352263935392576 18.02725083311713 -9.000305022730142
639 281 1744.0 1755 155.60882401500004 7.47 0.0905613559311322 0.06153275048255219 False True -0.07983665563143126 59.665477203950424 -29.819215929525708 -1.3352263935392576 18.02725083311713 -9.000305022730142
639 282 1748.0 1759 156.26629083600005 7.47 0.0905613559311322 0.003274970475015705 False True -0.07983665563143126 59.665477203950424 -29.819215929525708 -1.3352263935392576 18.02725083311713 -9.000305022730142
639 283 1752.0 1763 156.90557855800006 7.47 0.0905613559311322 0.002454662708694463 False True -0.07983665563143126 59.665477203950424 -29.819215929525708 -1.3352263935392576 18.02725083311713 -9.000305022730142
639 284 1756.0 1767 157.55197226000007 7.9799999999999995 0.007776222655560888 0.0905613559311322 False True -0.07983665563143126 59.665477203950424 -29.819215929525708 -1.3352263935392576 18.02725083311713 -9.000305022730142
639 285 1760.0 1771 158.2115532400001 7.96 0.005308481425766664 0.017973624372018916 False True -0.07983665563143126 59.665477203950424 -29.819215929525708 -1.3352263935392576 18.02725083311713 -9.000305022730142
639 286 1764.0 1775 158.85070150600006 7.96 0.005308481425766664 2.3500014264540192e-06 False True -0.07983665563143126 59.665477203950424 -29.819215929525708 -1.3352263935392576 18.02725083311713 -9.000305022730142
639 287 1768.0 1779 159.50606208300005 7.87 2.3500014264540192e-06 0.005308481425766664 False True -0.07983665563143126 59.665477203950424 -29.819215929525708 -1.3352263935392576 18.02725083311713 -9.000305022730142
639 288 1772.0 1783 160.12977916700004 7.96 0.005308481425766664 0.1640731359358191 True False -0.07983665563143126 59.665477203950424 -29.819215929525708 -1.3352263935392576 18.02725083311713 -9.000305022730142
639 289 1772.0 1783 160.51021918400005 7.96 0.005308481425766664 0.1640731359358191 False True -0.07983665563143126 59.665477203950424 -29.819215929525708 -1.3352263935392576 18.02725083311713 -9.000305022730142
639 290 1784.0 1795 161.13058310800005 7.96 0.005308481425766664 0.017973624372018916 False True -0.07983665563143126 59.665477203950424 -29.819215929525708 -1.3352263935392576 18.02725083311713 -9.000305022730142
639 291 1788.0 1799 161.76778746000005 7.96 0.005308481425766664 0.07745804109898347 True False -0.07983665563143126 59.665477203950424 -29.819215929525708 -1.3352263935392576 18.02725083311713 -9.000305022730142
639 292 1788.0 1799 162.16641578200003 7.96 0.005308481425766664 0.07745804109898347 False True -0.07983665563143126 59.665477203950424 -29.819215929525708 -1.3352263935392576 18.02725083311713 -9.000305022730142
639 293 1800.0 1811 162.807188477 1.8800000000000001 0.12958738420785842 0.009185135285188386 False True -0.07983665563143126 59.665477203950424 -29.819215929525708 -1.3352263935392576 18.02725083311713 -9.000305022730142
639 294 1804.0 1815 163.46622402 7.99 0.009185135285188386 0.2437467636850633 False True -0.07983665563143126 59.665477203950424 -29.819215929525708 -1.3352263935392576 18.02725083311713 -9.000305022730142
639 295 1808.0 1819 164.099947291 7.99 0.009185135285188386 0.5154036017020829 True False -0.07983665563143126 59.665477203950424 -29.819215929525708 -1.3352263935392576 18.02725083311713 -9.000305022730142
639 296 1808.0 1819 164.482255414 7.99 0.009185135285188386 0.5154036017020829 False True -0.07983665563143126 59.665477203950424 -29.819215929525708 -1.3352263935392576 18.02725083311713 -9.000305022730142
639 297 1820.0 1831 165.10108760900002 7.99 0.009185135285188386 0.16970883835533213 False True -0.07983665563143126 59.665477203950424 -29.819215929525708 -1.3352263935392576 18.02725083311713 -9.000305022730142
639 298 1824.0 1835 165.74521320800002 7.99 0.009185135285188386 0.08131049597739151 True False -0.07983665563143126 59.665477203950424 -29.819215929525708 -1.3352263935392576 18.02725083311713 -9.000305022730142
639 299 1824.0 1835 166.14526288200003 7.99 0.009185135285188386 0.08131049597739151 False True -0.07983665563143126 59.665477203950424 -29.819215929525708 -1.3352263935392576 18.02725083311713 -9.000305022730142
639 300 1836.0 1847 166.81814221500002 7.99 0.009185135285188386 0.2838801045088188 True False -0.07983665563143126 59.665477203950424 -29.819215929525708 -1.3352263935392576 18.02725083311713 -9.000305022730142
639 301 1836.0 1848 167.23011548700003 7.99 0.009185135285188386 0.2838801045088188 False True -0.07983665563143126 59.665477203950424 -29.819215929525708 -1.3352263935392576 18.02725083311713 -9.000305022730142
639 302 1848.0 1860 167.86128195200004 7.99 0.009185135285188386 0.07767187229962484 True False -0.07983665563143126 59.665477203950424 -29.819215929525708 -1.3352263935392576 18.02725083311713 -9.000305022730142
639 303 1848.0 1860 168.26422711900005 7.99 0.009185135285188386 0.07767187229962484 False True -0.07983665563143126 59.665477203950424 -29.819215929525708 -1.3352263935392576 18.02725083311713 -9.000305022730142
639 304 1860.0 1872 168.91818009900007 7.9799999999999995 0.007776222655560888 0.07767187229962484 False True -0.07983665563143126 59.665477203950424 -29.819215929525708 -1.3352263935392576 18.02725083311713 -9.000305022730142
639 305 1864.0 1876 169.54034982600007 7.9799999999999995 0.007776222655560888 0.10606458467595943 False True -0.07983665563143126 59.665477203950424 -29.819215929525708 -1.3352263935392576 18.02725083311713 -9.000305022730142
639 306 1868.0 1880 170.16215997900008 7.9799999999999995 0.007776222655560888 0.07887220188230758 False True -0.07983665563143126 59.665477203950424 -29.819215929525708 -1.3352263935392576 18.02725083311713 -9.000305022730142
639 307 1872.0 1884 170.79724286400008 7.9799999999999995 0.007776222655560888 0.09266414169066217 False True -0.07983665563143126 59.665477203950424 -29.819215929525708 -1.3352263935392576 18.02725083311713 -9.000305022730142
639 308 1876.0 1888 171.42011211400006 7.9799999999999995 0.007776222655560888 0.050761619196655 False True -0.07983665563143126 59.665477203950424 -29.819215929525708 -1.3352263935392576 18.02725083311713 -9.000305022730142
639 309 1880.0 1892 172.04477030800007 7.57 0.050761619196655 0.009185135285188386 False True -0.07983665563143126 59.665477203950424 -29.819215929525708 -1.3352263935392576 18.02725083311713 -9.000305022730142
639 310 1884.0 1896 172.68245413500006 7.57 0.050761619196655 0.0007146780129944977 True False -0.07983665563143126 59.665477203950424 -29.819215929525708 -1.3352263935392576 18.02725083311713 -9.000305022730142
639 311 1884.0 1896 173.06304526700006 7.57 0.050761619196655 0.0007146780129944977 False True -0.07983665563143126 59.665477203950424 -29.819215929525708 -1.3352263935392576 18.02725083311713 -9.000305022730142
639 312 1896.0 1908 173.6823376220001 7.9 0.0007146780129944977 0.0011870917877003192 True False -0.07983665563143126 59.665477203950424 -29.819215929525708 -1.3352263935392576 18.02725083311713 -9.000305022730142
639 313 1896.0 1908 174.0783906870001 7.9 0.0007146780129944977 0.0011870917877003192 False True -0.07983665563143126 59.665477203950424 -29.819215929525708 -1.3352263935392576 18.02725083311713 -9.000305022730142
639 314 1908.0 1920 174.7030212160001 7.91 0.0011870917877003192 0.0007146780129944977 False True -0.07983665563143126 59.665477203950424 -29.819215929525708 -1.3352263935392576 18.02725083311713 -9.000305022730142
639 315 1912.0 1924 175.3436571660001 7.91 0.0011870917877003192 0.050761619196655 False True -0.07983665563143126 59.665477203950424 -29.819215929525708 -1.3352263935392576 18.02725083311713 -9.000305022730142
639 316 1916.0 1928 175.9637676990001 7.91 0.0011870917877003192 0.050761619196655 False True -0.07983665563143126 59.665477203950424 -29.819215929525708 -1.3352263935392576 18.02725083311713 -9.000305022730142
639 317 1920.0 1932 176.60082502500012 7.91 0.0011870917877003192 0.050761619196655 False True -0.07983665563143126 59.665477203950424 -29.819215929525708 -1.3352263935392576 18.02725083311713 -9.000305022730142
639 318 1924.0 1936 177.22945665000012 7.91 0.0011870917877003192 0.050761619196655 False True -0.07983665563143126 59.665477203950424 -29.819215929525708 -1.3352263935392576 18.02725083311713 -9.000305022730142
639 319 1928.0 1940 177.85597588600012 7.91 0.0011870917877003192 0.0007146780129944977 False True -0.07983665563143126 59.665477203950424 -29.819215929525708 -1.3352263935392576 18.02725083311713 -9.000305022730142
639 320 1932.0 1944 178.47779637300013 7.91 0.0011870917877003192 0.050761619196655 False True -0.07983665563143126 59.665477203950424 -29.819215929525708 -1.3352263935392576 18.02725083311713 -9.000305022730142
639 321 1936.0 1948 179.10002712000014 7.91 0.0011870917877003192 0.050761619196655 False True -0.07983665563143126 59.665477203950424 -29.819215929525708 -1.3352263935392576 18.02725083311713 -9.000305022730142
639 322 1940.0 1952 179.72019625000016 7.57 0.050761619196655 0.0011870917877003192 False True -0.07983665563143126 59.665477203950424 -29.819215929525708 -1.3352263935392576 18.02725083311713 -9.000305022730142
639 323 1944.0 1956 180.34135131900015 7.57 0.050761619196655 0.4529739381666255 True False -0.07983665563143126 59.665477203950424 -29.819215929525708 -1.3352263935392576 18.02725083311713 -9.000305022730142
639 324 1944.0 1956 180.72068996800016 7.57 0.050761619196655 0.4529739381666255 False True -0.07983665563143126 59.665477203950424 -29.819215929525708 -1.3352263935392576 18.02725083311713 -9.000305022730142
639 325 1956.0 1968 181.33700252900016 7.57 0.050761619196655 0.130031646832659 True False -0.07983665563143126 59.665477203950424 -29.819215929525708 -1.3352263935392576 18.02725083311713 -9.000305022730142
639 326 1956.0 1968 181.72188504200017 7.57 0.050761619196655 0.130031646832659 False True -0.07983665563143126 59.665477203950424 -29.819215929525708 -1.3352263935392576 18.02725083311713 -9.000305022730142
639 327 1968.0 1980 182.34212157800016 7.57 0.050761619196655 0.1081409923624171 True False -0.07983665563143126 59.665477203950424 -29.819215929525708 -1.3352263935392576 18.02725083311713 -9.000305022730142
639 328 1968.0 1980 182.73360825900016 7.57 0.050761619196655 0.1081409923624171 False True -0.07983665563143126 59.665477203950424 -29.819215929525708 -1.3352263935392576 18.02725083311713 -9.000305022730142
639 329 1980.0 1992 183.34151560500018 7.57 0.050761619196655 0.6010123389246577 True False -0.07983665563143126 59.665477203950424 -29.819215929525708 -1.3352263935392576 18.02725083311713 -9.000305022730142
639 330 1980.0 1992 183.7349007320002 7.57 0.050761619196655 0.6010123389246577 False True -0.07983665563143126 59.665477203950424 -29.819215929525708 -1.3352263935392576 18.02725083311713 -9.000305022730142
