99 0 200.0 201 0.663014048000008 1.5 0.08380157768812212 0.17966217990054803 False True -0.06418263497378561 54.28719335305219 -27.12563842192359 -1.2138782280387377 25.284849451952443 -12.625038022706372
99 1 212.0 213 1.3297946580000115 1.5 0.08380157768812212 0.08034277470511404 True False -0.06418263497378561 54.28719335305219 -27.12563842192359 -1.2138782280387377 25.284849451952443 -12.625038022706372
99 2 212.0 213 1.7472697230000165 1.5 0.08380157768812212 0.08034277470511404 False True -0.06418263497378561 54.28719335305219 -27.12563842192359 -1.2138782280387377 25.284849451952443 -12.625038022706372
99 3 224.0 225 2.4517309230000137 1.61 0.08034277470511404 0.08041237228288241 True False -0.06418263497378561 54.28719335305219 -27.12563842192359 -1.2138782280387377 25.284849451952443 -12.625038022706372
99 4 224.0 225 2.885563922000017 1.61 0.08034277470511404 0.08041237228288241 False True -0.06418263497378561 54.28719335305219 -27.12563842192359 -1.2138782280387377 25.284849451952443 -12.625038022706372
99 5 236.0 237 3.56545528300002 1.5 0.08380157768812212 0.08840451174803175 True False -0.06418263497378561 54.28719335305219 -27.12563842192359 -1.2138782280387377 25.284849451952443 -12.625038022706372
99 6 236.0 237 3.971166430000011 1.5 0.08380157768812212 0.08840451174803175 False True -0.06418263497378561 54.28719335305219 -27.12563842192359 -1.2138782280387377 25.284849451952443 -12.625038022706372
99 7 248.0 249 4.665909826000004 1.7 0.08840451174803175 0.10374087910249856 True False -0.06418263497378561 54.28719335305219 -27.12563842192359 -1.2138782280387377 25.284849451952443 -12.625038022706372
99 8 248.0 249 5.087072379999995 1.7 0.08840451174803175 0.10374087910249856 False True -0.06418263497378561 54.28719335305219 -27.12563842192359 -1.2138782280387377 25.284849451952443 -12.625038022706372
99 9 260.0 261 5.7651646069999885 1.7 0.08840451174803175 0.0836143485928638 True False -0.06418263497378561 54.28719335305219 -27.12563842192359 -1.2138782280387377 25.284849451952443 -12.625038022706372
99 10 260.0 261 6.169787707999987 1.7 0.08840451174803175 0.0836143485928638 False True -0.06418263497378561 54.28719335305219 -27.12563842192359 -1.2138782280387377 25.284849451952443 -12.625038022706372
99 11 272.0 273 6.863761457999999 1.7 0.08840451174803175 0.09361938968293995 True False -0.06418263497378561 54.28719335305219 -27.12563842192359 -1.2138782280387377 25.284849451952443 -12.625038022706372
99 12 272.0 273 7.289233546999995 1.7 0.08840451174803175 0.09361938968293995 False True -0.06418263497378561 54.28719335305219 -27.12563842192359 -1.2138782280387377 25.284849451952443 -12.625038022706372
99 13 284.0 285 8.030843091999998 1.7 0.08840451174803175 0.08728612094902588 True False -0.06418263497378561 54.28719335305219 -27.12563842192359 -1.2138782280387377 25.284849451952443 -12.625038022706372
99 14 284.0 285 8.464997244000003 1.7 0.08840451174803175 0.08728612094902588 False True -0.06418263497378561 54.28719335305219 -27.12563842192359 -1.2138782280387377 25.284849451952443 -12.625038022706372
99 15 296.0 297 9.128326515000012 1.7 0.08840451174803175 0.13005078032965403 True False -0.06418263497378561 54.28719335305219 -27.12563842192359 -1.2138782280387377 25.284849451952443 -12.625038022706372
99 16 296.0 298 9.54637835600002 1.7 0.08840451174803175 0.13005078032965403 False True -0.06418263497378561 54.28719335305219 -27.12563842192359 -1.2138782280387377 25.284849451952443 -12.625038022706372
99 17 308.0 310 10.224170145000016 1.7 0.08840451174803175 0.0798323098548794 True False -0.06418263497378561 54.28719335305219 -27.12563842192359 -1.2138782280387377 25.284849451952443 -12.625038022706372
99 18 308.0 310 10.630301900000006 1.7 0.08840451174803175 0.0798323098548794 False True -0.06418263497378561 54.28719335305219 -27.12563842192359 -1.2138782280387377 25.284849451952443 -12.625038022706372
99 19 320.0 322 11.323135040000011 1.7 0.08840451174803175 0.09325936785590623 True False -0.06418263497378561 54.28719335305219 -27.12563842192359 -1.2138782280387377 25.284849451952443 -12.625038022706372
99 20 320.0 322 11.746628953000013 1.7 0.08840451174803175 0.09325936785590623 False True -0.06418263497378561 54.28719335305219 -27.12563842192359 -1.2138782280387377 25.284849451952443 -12.625038022706372
99 21 332.0 334 12.461024669000025 1.5 0.08380157768812212 0.11486820443483088 True False -0.06418263497378561 54.28719335305219 -27.12563842192359 -1.2138782280387377 25.284849451952443 -12.625038022706372
99 22 332.0 334 12.890376076000024 1.5 0.08380157768812212 0.11486820443483088 False True -0.06418263497378561 54.28719335305219 -27.12563842192359 -1.2138782280387377 25.284849451952443 -12.625038022706372
99 23 344.0 346 13.600487823000023 1.61 0.08034277470511404 0.08208277237165884 True False -0.06418263497378561 54.28719335305219 -27.12563842192359 -1.2138782280387377 25.284849451952443 -12.625038022706372
99 24 344.0 346 14.002009625000028 1.61 0.08034277470511404 0.08208277237165884 False True -0.06418263497378561 54.28719335305219 -27.12563842192359 -1.2138782280387377 25.284849451952443 -12.625038022706372
99 25 356.0 358 14.683957614000022 1.52 0.08208277237165884 0.08140487580962025 True False -0.06418263497378561 54.28719335305219 -27.12563842192359 -1.2138782280387377 25.284849451952443 -12.625038022706372
99 26 356.0 358 15.12271151900002 1.52 0.08208277237165884 0.08140487580962025 False True -0.06418263497378561 54.28719335305219 -27.12563842192359 -1.2138782280387377 25.284849451952443 -12.625038022706372
99 27 368.0 370 15.845776784000009 1.52 0.08208277237165884 0.270415258151623 True False -0.06418263497378561 54.28719335305219 -27.12563842192359 -1.2138782280387377 25.284849451952443 -12.625038022706372
99 28 368.0 370 16.28561407400001 1.52 0.08208277237165884 0.270415258151623 False True -0.06418263497378561 54.28719335305219 -27.12563842192359 -1.2138782280387377 25.284849451952443 -12.625038022706372
99 29 380.0 382 16.968347820000005 1.52 0.08208277237165884 0.11426096989737475 True False -0.06418263497378561 54.28719335305219 -27.12563842192359 -1.2138782280387377 25.284849451952443 -12.625038022706372
99 30 380.0 382 17.385076127000005 1.52 0.08208277237165884 0.11426096989737475 False True -0.06418263497378561 54.28719335305219 -27.12563842192359 -1.2138782280387377 25.284849451952443 -12.625038022706372
99 31 392.0 394 18.048918642000004 1.52 0.08208277237165884 0.1487349706064495 True False -0.06418263497378561 54.28719335305219 -27.12563842192359 -1.2138782280387377 25.284849451952443 -12.625038022706372
99 32 392.0 394 18.461698291000005 1.52 0.08208277237165884 0.1487349706064495 False True -0.06418263497378561 54.28719335305219 -27.12563842192359 -1.2138782280387377 25.284849451952443 -12.625038022706372
99 33 404.0 406 19.122500313000003 1.52 0.08208277237165884 0.08990284462316427 True False -0.06418263497378561 54.28719335305219 -27.12563842192359 -1.2138782280387377 25.284849451952443 -12.625038022706372
99 34 404.0 406 19.547140921999997 1.52 0.08208277237165884 0.08990284462316427 False True -0.06418263497378561 54.28719335305219 -27.12563842192359 -1.2138782280387377 25.284849451952443 -12.625038022706372
99 35 416.0 418 20.22605623199999 1.71 0.08990284462316427 0.08005147874769765 True False -0.06418263497378561 54.28719335305219 -27.12563842192359 -1.2138782280387377 25.284849451952443 -12.625038022706372
99 36 416.0 419 20.664300678999993 1.71 0.08990284462316427 0.08005147874769765 False True -0.06418263497378561 54.28719335305219 -27.12563842192359 -1.2138782280387377 25.284849451952443 -12.625038022706372
99 37 428.0 431 21.348211672999994 1.71 0.08990284462316427 0.08288169552645551 True False -0.06418263497378561 54.28719335305219 -27.12563842192359 -1.2138782280387377 25.284849451952443 -12.625038022706372
99 38 428.0 431 21.783013355999998 1.71 0.08990284462316427 0.08288169552645551 False True -0.06418263497378561 54.28719335305219 -27.12563842192359 -1.2138782280387377 25.284849451952443 -12.625038022706372
99 39 440.0 443 22.447363890000005 1.71 0.08990284462316427 0.09709448007076485 True False -0.06418263497378561 54.28719335305219 -27.12563842192359 -1.2138782280387377 25.284849451952443 -12.625038022706372
99 40 440.0 443 22.85909573500001 1.71 0.08990284462316427 0.09709448007076485 False True -0.06418263497378561 54.28719335305219 -27.12563842192359 -1.2138782280387377 25.284849451952443 -12.625038022706372
99 41 452.0 455 23.52395540500001 1.71 0.08990284462316427 0.2724132499921315 True False -0.06418263497378561 54.28719335305219 -27.12563842192359 -1.2138782280387377 25.284849451952443 -12.625038022706372
99 42 452.0 455 23.96273229400002 1.71 0.08990284462316427 0.2724132499921315 False True -0.06418263497378561 54.28719335305219 -27.12563842192359 -1.2138782280387377 25.284849451952443 -12.625038022706372
99 43 464.0 467 24.68547550700002 1.71 0.08990284462316427 0.0807551604463602 True False -0.06418263497378561 54.28719335305219 -27.12563842192359 -1.2138782280387377 25.284849451952443 -12.625038022706372
99 44 464.0 467 25.12115952000002 1.71 0.08990284462316427 0.0807551604463602 False True -0.06418263497378561 54.28719335305219 -27.12563842192359 -1.2138782280387377 25.284849451952443 -12.625038022706372
99 45 476.0 479 25.80346715400003 1.71 0.08990284462316427 0.08702635158272537 True False -0.06418263497378561 54.28719335305219 -27.12563842192359 -1.2138782280387377 25.284849451952443 -12.625038022706372
99 46 476.0 479 26.22090165400003 1.71 0.08990284462316427 0.08702635158272537 False True -0.06418263497378561 54.28719335305219 -27.12563842192359 -1.2138782280387377 25.284849451952443 -12.625038022706372
99 47 488.0 491 26.91870620500002 1.71 0.08990284462316427 0.37411643759702007 True False -0.06418263497378561 54.28719335305219 -27.12563842192359 -1.2138782280387377 25.284849451952443 -12.625038022706372
99 48 488.0 491 27.340642648000028 1.71 0.08990284462316427 0.37411643759702007 False True -0.06418263497378561 54.28719335305219 -27.12563842192359 -1.2138782280387377 25.284849451952443 -12.625038022706372
99 49 500.0 503 28.01993938100003 1.71 0.08990284462316427 0.1409168958154272 True False -0.06418263497378561 54.28719335305219 -27.12563842192359 -1.2138782280387377 25.284849451952443 -12.625038022706372
99 50 500.0 503 28.426442043000037 1.71 0.08990284462316427 0.1409168958154272 False True -0.06418263497378561 54.28719335305219 -27.12563842192359 -1.2138782280387377 25.284849451952443 -12.625038022706372
99 51 512.0 515 29.139719008000043 1.61 0.08034277470511404 0.08840451174803175 False True -0.06418263497378561 54.28719335305219 -27.12563842192359 -1.2138782280387377 25.284849451952443 -12.625038022706372
99 52 516.0 519 29.82277643500005 1.61 0.08034277470511404 0.08009783995003049 True False -0.06418263497378561 54.28719335305219 -27.12563842192359 -1.2138782280387377 25.284849451952443 -12.625038022706372
99 53 516.0 519 30.234775756000047 1.61 0.08034277470511404 0.08009783995003049 False True -0.06418263497378561 54.28719335305219 -27.12563842192359 -1.2138782280387377 25.284849451952443 -12.625038022706372
99 54 528.0 531 30.91754721300005 1.61 0.08034277470511404 0.09152118804691982 True False -0.06418263497378561 54.28719335305219 -27.12563842192359 -1.2138782280387377 25.284849451952443 -12.625038022706372
99 55 528.0 531 31.357971431000053 1.61 0.08034277470511404 0.09152118804691982 False True -0.06418263497378561 54.28719335305219 -27.12563842192359 -1.2138782280387377 25.284849451952443 -12.625038022706372
99 56 540.0 543 32.077043109000044 1.5 0.08380157768812212 0.1570085067598653 True False -0.06418263497378561 54.28719335305219 -27.12563842192359 -1.2138782280387377 25.284849451952443 -12.625038022706372
99 57 540.0 544 32.49985842100004 1.5 0.08380157768812212 0.1570085067598653 False True -0.06418263497378561 54.28719335305219 -27.12563842192359 -1.2138782280387377 25.284849451952443 -12.625038022706372
99 58 552.0 556 33.19095713600004 1.52 0.08208277237165884 0.19079086258208622 True False -0.06418263497378561 54.28719335305219 -27.12563842192359 -1.2138782280387377 25.284849451952443 -12.625038022706372
99 59 552.0 556 33.59999223600005 1.52 0.08208277237165884 0.19079086258208622 False True -0.06418263497378561 54.28719335305219 -27.12563842192359 -1.2138782280387377 25.284849451952443 -12.625038022706372
99 60 564.0 568 34.29462495000004 1.52 0.08208277237165884 0.21540717032851342 True False -0.06418263497378561 54.28719335305219 -27.12563842192359 -1.2138782280387377 25.284849451952443 -12.625038022706372
99 61 564.0 568 34.75448918300003 1.52 0.08208277237165884 0.21540717032851342 False True -0.06418263497378561 54.28719335305219 -27.12563842192359 -1.2138782280387377 25.284849451952443 -12.625038022706372
99 62 576.0 580 35.436114689000036 1.52 0.08208277237165884 0.12336608615772175 True False -0.06418263497378561 54.28719335305219 -27.12563842192359 -1.2138782280387377 25.284849451952443 -12.625038022706372
99 63 576.0 580 35.85693418500003 1.52 0.08208277237165884 0.12336608615772175 False True -0.06418263497378561 54.28719335305219 -27.12563842192359 -1.2138782280387377 25.284849451952443 -12.625038022706372
99 64 588.0 592 36.53409231300003 1.52 0.08208277237165884 0.0673492841535495 True False -0.06418263497378561 54.28719335305219 -27.12563842192359 -1.2138782280387377 25.284849451952443 -12.625038022706372
99 65 588.0 592 36.93655794900003 1.52 0.08208277237165884 0.0673492841535495 False True -0.06418263497378561 54.28719335305219 -27.12563842192359 -1.2138782280387377 25.284849451952443 -12.625038022706372
99 66 600.0 604 37.59431740600003 1.52 0.08208277237165884 0.025328539517561307 True False -0.06418263497378561 54.28719335305219 -27.12563842192359 -1.2138782280387377 25.284849451952443 -12.625038022706372
99 67 600.0 604 38.012272602000024 1.52 0.08208277237165884 0.025328539517561307 False True -0.06418263497378561 54.28719335305219 -27.12563842192359 -1.2138782280387377 25.284849451952443 -12.625038022706372
99 68 612.0 616 38.69760056100003 7.66 0.025328539517561307 0.03914530172256826 True False -0.06418263497378561 54.28719335305219 -27.12563842192359 -1.2138782280387377 25.284849451952443 -12.625038022706372
99 69 612.0 616 39.13943411900003 7.66 0.025328539517561307 0.03914530172256826 False True -0.06418263497378561 54.28719335305219 -27.12563842192359 -1.2138782280387377 25.284849451952443 -12.625038022706372
99 70 624.0 628 39.833947020000025 7.66 0.025328539517561307 0.012674011915216759 True False -0.06418263497378561 54.28719335305219 -27.12563842192359 -1.2138782280387377 25.284849451952443 -12.625038022706372
99 71 624.0 628 40.255123336000025 7.66 0.025328539517561307 0.012674011915216759 False True -0.06418263497378561 54.28719335305219 -27.12563842192359 -1.2138782280387377 25.284849451952443 -12.625038022706372
99 72 636.0 640 40.949826258000016 7.66 0.025328539517561307 0.030500265329845944 True False -0.06418263497378561 54.28719335305219 -27.12563842192359 -1.2138782280387377 25.284849451952443 -12.625038022706372
99 73 636.0 640 41.35519863700003 7.66 0.025328539517561307 0.030500265329845944 False True -0.06418263497378561 54.28719335305219 -27.12563842192359 -1.2138782280387377 25.284849451952443 -12.625038022706372
99 74 648.0 652 42.01434201600003 7.66 0.025328539517561307 0.030500265329845944 False True -0.06418263497378561 54.28719335305219 -27.12563842192359 -1.2138782280387377 25.284849451952443 -12.625038022706372
99 75 652.0 656 42.67373732600004 7.64 0.030500265329845944 0.020632438050138844 True False -0.06418263497378561 54.28719335305219 -27.12563842192359 -1.2138782280387377 25.284849451952443 -12.625038022706372
99 76 652.0 656 43.09190861700003 7.64 0.030500265329845944 0.020632438050138844 False True -0.06418263497378561 54.28719335305219 -27.12563842192359 -1.2138782280387377 25.284849451952443 -12.625038022706372
99 77 664.0 668 43.75604177000004 7.64 0.030500265329845944 0.0012020629376670012 True False -0.06418263497378561 54.28719335305219 -27.12563842192359 -1.2138782280387377 25.284849451952443 -12.625038022706372
99 78 664.0 669 44.17202530700004 7.64 0.030500265329845944 0.0012020629376670012 False True -0.06418263497378561 54.28719335305219 -27.12563842192359 -1.2138782280387377 25.284849451952443 -12.625038022706372
99 79 676.0 681 44.85489736800004 7.64 0.030500265329845944 0.004341678013000588 True False -0.06418263497378561 54.28719335305219 -27.12563842192359 -1.2138782280387377 25.284849451952443 -12.625038022706372
99 80 676.0 681 45.275043197000045 7.64 0.030500265329845944 0.004341678013000588 False True -0.06418263497378561 54.28719335305219 -27.12563842192359 -1.2138782280387377 25.284849451952443 -12.625038022706372
99 81 688.0 693 45.972294655000056 7.64 0.030500265329845944 0.0003707402066434562 True False -0.06418263497378561 54.28719335305219 -27.12563842192359 -1.2138782280387377 25.284849451952443 -12.625038022706372
99 82 688.0 693 46.396132767000054 7.64 0.030500265329845944 0.0003707402066434562 False True -0.06418263497378561 54.28719335305219 -27.12563842192359 -1.2138782280387377 25.284849451952443 -12.625038022706372
99 83 700.0 705 47.08886200400005 7.64 0.030500265329845944 0.048848602812218304 True False -0.06418263497378561 54.28719335305219 -27.12563842192359 -1.2138782280387377 25.284849451952443 -12.625038022706372
99 84 700.0 705 47.50940496300005 7.64 0.030500265329845944 0.048848602812218304 False True -0.06418263497378561 54.28719335305219 -27.12563842192359 -1.2138782280387377 25.284849451952443 -12.625038022706372
99 85 712.0 717 48.17152295000005 7.58 0.048848602812218304 0.033263881042453036 True False -0.06418263497378561 54.28719335305219 -27.12563842192359 -1.2138782280387377 25.284849451952443 -12.625038022706372
99 86 712.0 717 48.57611117100005 7.58 0.048848602812218304 0.033263881042453036 False True -0.06418263497378561 54.28719335305219 -27.12563842192359 -1.2138782280387377 25.284849451952443 -12.625038022706372
99 87 724.0 729 49.26770710500004 7.64 0.030500265329845944 0.04549708186827875 True False -0.06418263497378561 54.28719335305219 -27.12563842192359 -1.2138782280387377 25.284849451952443 -12.625038022706372
99 88 724.0 729 49.70775158200004 7.64 0.030500265329845944 0.04549708186827875 False True -0.06418263497378561 54.28719335305219 -27.12563842192359 -1.2138782280387377 25.284849451952443 -12.625038022706372
99 89 736.0 741 50.41100505900005 7.58 0.048848602812218304 0.0003586969908377423 True False -0.06418263497378561 54.28719335305219 -27.12563842192359 -1.2138782280387377 25.284849451952443 -12.625038022706372
99 90 736.0 741 50.81663680200003 7.58 0.048848602812218304 0.0003586969908377423 False True -0.06418263497378561 54.28719335305219 -27.12563842192359 -1.2138782280387377 25.284849451952443 -12.625038022706372
99 91 748.0 753 51.47616210200003 7.84 0.0003586969908377423 0.00011875791923543525 True False -0.06418263497378561 54.28719335305219 -27.12563842192359 -1.2138782280387377 25.284849451952443 -12.625038022706372
99 92 748.0 753 51.894192994000036 7.84 0.0003586969908377423 0.00011875791923543525 False True -0.06418263497378561 54.28719335305219 -27.12563842192359 -1.2138782280387377 25.284849451952443 -12.625038022706372
99 93 760.0 765 52.57159194400003 7.84 0.0003586969908377423 0.00011875791923543525 False True -0.06418263497378561 54.28719335305219 -27.12563842192359 -1.2138782280387377 25.284849451952443 -12.625038022706372
99 94 764.0 769 53.235833746000026 7.84 0.0003586969908377423 0.014542450997716578 True False -0.06418263497378561 54.28719335305219 -27.12563842192359 -1.2138782280387377 25.284849451952443 -12.625038022706372
99 95 764.0 769 53.65283465300003 7.84 0.0003586969908377423 0.014542450997716578 False True -0.06418263497378561 54.28719335305219 -27.12563842192359 -1.2138782280387377 25.284849451952443 -12.625038022706372
99 96 776.0 781 54.327853911000034 7.84 0.0003586969908377423 0.03919527745224087 True False -0.06418263497378561 54.28719335305219 -27.12563842192359 -1.2138782280387377 25.284849451952443 -12.625038022706372
99 97 776.0 781 54.74847158300004 7.84 0.0003586969908377423 0.006682604154809945 True False -0.06418263497378561 54.28719335305219 -27.12563842192359 -1.2138782280387377 25.284849451952443 -12.625038022706372
99 98 776.0 782 55.166979143000034 7.84 0.0003586969908377423 0.006682604154809945 False True -0.06418263497378561 54.28719335305219 -27.12563842192359 -1.2138782280387377 25.284849451952443 -12.625038022706372
99 99 788.0 794 55.86840038100003 7.84 0.0003586969908377423 0.03919527745224087 False True -0.06418263497378561 54.28719335305219 -27.12563842192359 -1.2138782280387377 25.284849451952443 -12.625038022706372
99 100 800.0 806 56.567279622000044 7.84 0.0003586969908377423 0.10278716401694822 True False -0.06418263497378561 54.28719335305219 -27.12563842192359 -1.2138782280387377 25.284849451952443 -12.625038022706372
99 101 800.0 806 57.00819174400003 7.84 0.0003586969908377423 0.022982454451339222 True False -0.06418263497378561 54.28719335305219 -27.12563842192359 -1.2138782280387377 25.284849451952443 -12.625038022706372
99 102 800.0 806 57.42172657100001 7.84 0.0003586969908377423 0.022982454451339222 False True -0.06418263497378561 54.28719335305219 -27.12563842192359 -1.2138782280387377 25.284849451952443 -12.625038022706372
99 103 812.0 818 58.09379972699999 7.84 0.0003586969908377423 0.0007198063309957602 True False -0.06418263497378561 54.28719335305219 -27.12563842192359 -1.2138782280387377 25.284849451952443 -12.625038022706372
99 104 812.0 818 58.51290546899999 7.84 0.0003586969908377423 0.0007198063309957602 False True -0.06418263497378561 54.28719335305219 -27.12563842192359 -1.2138782280387377 25.284849451952443 -12.625038022706372
99 105 824.0 830 59.20762405799998 7.84 0.0003586969908377423 0.0 True False -0.06418263497378561 54.28719335305219 -27.12563842192359 -1.2138782280387377 25.284849451952443 -12.625038022706372
99 106 824.0 830 59.628782827999984 7.84 0.0003586969908377423 0.0 False True -0.06418263497378561 54.28719335305219 -27.12563842192359 -1.2138782280387377 25.284849451952443 -12.625038022706372
99 107 836.0 842 60.35133543199997 7.86 0.0 0.0003586969908377423 False True -0.06418263497378561 54.28719335305219 -27.12563842192359 -1.2138782280387377 25.284849451952443 -12.625038022706372
99 108 840.0 846 61.03348885199996 7.86 0.0 0.0003586969908377423 False True -0.06418263497378561 54.28719335305219 -27.12563842192359 -1.2138782280387377 25.284849451952443 -12.625038022706372
99 109 844.0 850 61.71103016499997 7.86 0.0 0.16337088471620984 True False -0.06418263497378561 54.28719335305219 -27.12563842192359 -1.2138782280387377 25.284849451952443 -12.625038022706372
99 110 844.0 850 62.16683392999998 7.86 0.0 0.16337088471620984 False True -0.06418263497378561 54.28719335305219 -27.12563842192359 -1.2138782280387377 25.284849451952443 -12.625038022706372
99 111 856.0 862 62.85362671199998 7.86 0.0 0.09333585305782215 True False -0.06418263497378561 54.28719335305219 -27.12563842192359 -1.2138782280387377 25.284849451952443 -12.625038022706372
99 112 856.0 862 63.26761405499998 7.86 0.0 0.09333585305782215 False True -0.06418263497378561 54.28719335305219 -27.12563842192359 -1.2138782280387377 25.284849451952443 -12.625038022706372
99 113 868.0 874 63.92726104699999 7.86 0.0 2.421997612226372e-06 True False -0.06418263497378561 54.28719335305219 -27.12563842192359 -1.2138782280387377 25.284849451952443 -12.625038022706372
99 114 868.0 874 64.33518272299999 7.86 0.0 2.421997612226372e-06 False True -0.06418263497378561 54.28719335305219 -27.12563842192359 -1.2138782280387377 25.284849451952443 -12.625038022706372
99 115 880.0 886 65.06625017199998 7.86 0.0 0.0003586969908377423 False True -0.06418263497378561 54.28719335305219 -27.12563842192359 -1.2138782280387377 25.284849451952443 -12.625038022706372
99 116 884.0 890 65.75205690099999 7.86 0.0 0.0003586969908377423 False True -0.06418263497378561 54.28719335305219 -27.12563842192359 -1.2138782280387377 25.284849451952443 -12.625038022706372
99 117 888.0 894 66.41495541999997 7.84 0.0003586969908377423 0.0 False True -0.06418263497378561 54.28719335305219 -27.12563842192359 -1.2138782280387377 25.284849451952443 -12.625038022706372
99 118 892.0 898 67.09110178299996 7.86 0.0 0.0003586969908377423 False True -0.06418263497378561 54.28719335305219 -27.12563842192359 -1.2138782280387377 25.284849451952443 -12.625038022706372
99 119 896.0 902 67.78586773099995 7.86 0.0 0.0003586969908377423 False True -0.06418263497378561 54.28719335305219 -27.12563842192359 -1.2138782280387377 25.284849451952443 -12.625038022706372
99 120 900.0 906 68.45261458999995 7.86 0.0 0.0003586969908377423 False True -0.06418263497378561 54.28719335305219 -27.12563842192359 -1.2138782280387377 25.284849451952443 -12.625038022706372
99 121 904.0 910 69.12617148999995 7.84 0.0003586969908377423 0.00011875791923543525 False True -0.06418263497378561 54.28719335305219 -27.12563842192359 -1.2138782280387377 25.284849451952443 -12.625038022706372
99 122 908.0 914 69.81207622799995 7.84 0.0003586969908377423 0.00011875791923543525 False True -0.06418263497378561 54.28719335305219 -27.12563842192359 -1.2138782280387377 25.284849451952443 -12.625038022706372
99 123 912.0 918 70.53054021899995 7.84 0.0003586969908377423 0.28160851459573044 True False -0.06418263497378561 54.28719335305219 -27.12563842192359 -1.2138782280387377 25.284849451952443 -12.625038022706372
99 124 912.0 918 70.98750087599994 7.84 0.0003586969908377423 0.28160851459573044 False True -0.06418263497378561 54.28719335305219 -27.12563842192359 -1.2138782280387377 25.284849451952443 -12.625038022706372
99 125 924.0 930 71.66903513799993 7.84 0.0003586969908377423 0.0 False True -0.06418263497378561 54.28719335305219 -27.12563842192359 -1.2138782280387377 25.284849451952443 -12.625038022706372
99 126 928.0 934 72.33028916099993 7.84 0.0003586969908377423 0.14558133079532562 True False -0.06418263497378561 54.28719335305219 -27.12563842192359 -1.2138782280387377 25.284849451952443 -12.625038022706372
99 127 928.0 934 72.74674581399991 7.84 0.0003586969908377423 0.14558133079532562 False True -0.06418263497378561 54.28719335305219 -27.12563842192359 -1.2138782280387377 25.284849451952443 -12.625038022706372
99 128 940.0 946 73.4265163329999 7.84 0.0003586969908377423 0.0 False True -0.06418263497378561 54.28719335305219 -27.12563842192359 -1.2138782280387377 25.284849451952443 -12.625038022706372
99 129 944.0 950 74.12770714199989 7.86 0.0 0.0003586969908377423 False True -0.06418263497378561 54.28719335305219 -27.12563842192359 -1.2138782280387377 25.284849451952443 -12.625038022706372
99 130 948.0 954 74.8272357419999 7.86 0.0 0.0003586969908377423 False True -0.06418263497378561 54.28719335305219 -27.12563842192359 -1.2138782280387377 25.284849451952443 -12.625038022706372
99 131 952.0 958 75.51011216399989 7.86 0.0 0.0003586969908377423 False True -0.06418263497378561 54.28719335305219 -27.12563842192359 -1.2138782280387377 25.284849451952443 -12.625038022706372
99 132 956.0 962 76.20647435799988 7.86 0.0 0.0003586969908377423 False True -0.06418263497378561 54.28719335305219 -27.12563842192359 -1.2138782280387377 25.284849451952443 -12.625038022706372
99 133 960.0 966 76.92521005899987 7.86 0.0 0.05231678547215059 True False -0.06418263497378561 54.28719335305219 -27.12563842192359 -1.2138782280387377 25.284849451952443 -12.625038022706372
99 134 960.0 967 77.38373801999985 7.86 0.0 0.05231678547215059 False True -0.06418263497378561 54.28719335305219 -27.12563842192359 -1.2138782280387377 25.284849451952443 -12.625038022706372
99 135 972.0 979 78.06717098899985 7.57 0.05231678547215059 0.055901296107249844 True False -0.06418263497378561 54.28719335305219 -27.12563842192359 -1.2138782280387377 25.284849451952443 -12.625038022706372
99 136 972.0 979 78.48530015699986 7.57 0.05231678547215059 0.055901296107249844 False True -0.06418263497378561 54.28719335305219 -27.12563842192359 -1.2138782280387377 25.284849451952443 -12.625038022706372
99 137 984.0 991 79.14832086099985 7.57 0.05231678547215059 0.5360134628074179 True False -0.06418263497378561 54.28719335305219 -27.12563842192359 -1.2138782280387377 25.284849451952443 -12.625038022706372
99 138 984.0 991 79.55226420299984 7.57 0.05231678547215059 0.5360134628074179 False True -0.06418263497378561 54.28719335305219 -27.12563842192359 -1.2138782280387377 25.284849451952443 -12.625038022706372
99 139 996.0 1003 80.27105838499982 7.57 0.05231678547215059 0.10278716401694822 False True -0.06418263497378561 54.28719335305219 -27.12563842192359 -1.2138782280387377 25.284849451952443 -12.625038022706372
99 140 1008.0 1015 80.9890125389998 7.57 0.05231678547215059 0.1945685182354714 True False -0.06418263497378561 54.28719335305219 -27.12563842192359 -1.2138782280387377 25.284849451952443 -12.625038022706372
99 141 1008.0 1015 81.40655765799981 7.57 0.05231678547215059 0.06734517113914869 True False -0.06418263497378561 54.28719335305219 -27.12563842192359 -1.2138782280387377 25.284849451952443 -12.625038022706372
99 142 1008.0 1015 81.8297693129998 7.57 0.05231678547215059 0.06734517113914869 False True -0.06418263497378561 54.28719335305219 -27.12563842192359 -1.2138782280387377 25.284849451952443 -12.625038022706372
99 143 1020.0 1027 82.5118691049998 7.57 0.05231678547215059 0.1821100824237028 True False -0.06418263497378561 54.28719335305219 -27.12563842192359 -1.2138782280387377 25.284849451952443 -12.625038022706372
99 144 1020.0 1027 82.92902782899982 7.57 0.05231678547215059 0.1821100824237028 False True -0.06418263497378561 54.28719335305219 -27.12563842192359 -1.2138782280387377 25.284849451952443 -12.625038022706372
99 145 1032.0 1039 83.61027511899984 7.57 0.05231678547215059 0.5640338436356788 True False -0.06418263497378561 54.28719335305219 -27.12563842192359 -1.2138782280387377 25.284849451952443 -12.625038022706372
99 146 1032.0 1039 84.04775893399982 7.57 0.05231678547215059 0.5640338436356788 False True -0.06418263497378561 54.28719335305219 -27.12563842192359 -1.2138782280387377 25.284849451952443 -12.625038022706372
99 147 1044.0 1051 84.7467123539998 7.57 0.05231678547215059 0.7674081361342115 True False -0.06418263497378561 54.28719335305219 -27.12563842192359 -1.2138782280387377 25.284849451952443 -12.625038022706372
99 148 1044.0 1051 85.2035269989998 7.57 0.05231678547215059 0.7674081361342115 False True -0.06418263497378561 54.28719335305219 -27.12563842192359 -1.2138782280387377 25.284849451952443 -12.625038022706372
99 149 1056.0 1063 85.8913525289998 7.57 0.05231678547215059 0.4033355633121362 True False -0.06418263497378561 54.28719335305219 -27.12563842192359 -1.2138782280387377 25.284849451952443 -12.625038022706372
99 150 1056.0 1063 86.30720799399982 7.57 0.05231678547215059 0.4033355633121362 False True -0.06418263497378561 54.28719335305219 -27.12563842192359 -1.2138782280387377 25.284849451952443 -12.625038022706372
99 151 1068.0 1075 86.96927584499981 7.57 0.05231678547215059 0.44550880912902446 True False -0.06418263497378561 54.28719335305219 -27.12563842192359 -1.2138782280387377 25.284849451952443 -12.625038022706372
99 152 1068.0 1075 87.38629856799982 7.57 0.05231678547215059 0.44550880912902446 False True -0.06418263497378561 54.28719335305219 -27.12563842192359 -1.2138782280387377 25.284849451952443 -12.625038022706372
99 153 1080.0 1087 88.06350664799983 7.57 0.05231678547215059 0.3633593958849436 True False -0.06418263497378561 54.28719335305219 -27.12563842192359 -1.2138782280387377 25.284849451952443 -12.625038022706372
99 154 1080.0 1088 88.48626417999982 7.57 0.05231678547215059 0.3633593958849436 False True -0.06418263497378561 54.28719335305219 -27.12563842192359 -1.2138782280387377 25.284849451952443 -12.625038022706372
99 155 1092.0 1100 89.14740098799983 7.57 0.05231678547215059 0.0164137346123596 True False -0.06418263497378561 54.28719335305219 -27.12563842192359 -1.2138782280387377 25.284849451952443 -12.625038022706372
99 156 1092.0 1100 89.58022779499983 7.57 0.05231678547215059 0.0164137346123596 False True -0.06418263497378561 54.28719335305219 -27.12563842192359 -1.2138782280387377 25.284849451952443 -12.625038022706372
99 157 1104.0 1112 90.30439789699982 7.57 0.05231678547215059 0.009414661062845844 True False -0.06418263497378561 54.28719335305219 -27.12563842192359 -1.2138782280387377 25.284849451952443 -12.625038022706372
99 158 1104.0 1112 90.75568744199983 7.57 0.05231678547215059 0.009414661062845844 False True -0.06418263497378561 54.28719335305219 -27.12563842192359 -1.2138782280387377 25.284849451952443 -12.625038022706372
99 159 1116.0 1124 91.44300839599983 7.57 0.05231678547215059 0.009414661062845844 False True -0.06418263497378561 54.28719335305219 -27.12563842192359 -1.2138782280387377 25.284849451952443 -12.625038022706372
99 160 1120.0 1128 92.16297568199984 7.57 0.05231678547215059 0.007965507267485473 True False -0.06418263497378561 54.28719335305219 -27.12563842192359 -1.2138782280387377 25.284849451952443 -12.625038022706372
99 161 1120.0 1128 92.61545920599981 7.57 0.05231678547215059 0.007965507267485473 False True -0.06418263497378561 54.28719335305219 -27.12563842192359 -1.2138782280387377 25.284849451952443 -12.625038022706372
99 162 1132.0 1140 93.31640691599982 7.75 0.007965507267485473 0.05231678547215059 False True -0.06418263497378561 54.28719335305219 -27.12563842192359 -1.2138782280387377 25.284849451952443 -12.625038022706372
99 163 1136.0 1144 94.03963136599982 7.75 0.007965507267485473 0.05231678547215059 False True -0.06418263497378561 54.28719335305219 -27.12563842192359 -1.2138782280387377 25.284849451952443 -12.625038022706372
99 164 1140.0 1148 94.74134495799983 7.57 0.05231678547215059 0.009414661062845844 False True -0.06418263497378561 54.28719335305219 -27.12563842192359 -1.2138782280387377 25.284849451952443 -12.625038022706372
99 165 1144.0 1152 95.47456018099983 7.74 0.009414661062845844 0.05231678547215059 False True -0.06418263497378561 54.28719335305219 -27.12563842192359 -1.2138782280387377 25.284849451952443 -12.625038022706372
99 166 1148.0 1156 96.16166557999985 7.74 0.009414661062845844 0.007965507267485473 False True -0.06418263497378561 54.28719335305219 -27.12563842192359 -1.2138782280387377 25.284849451952443 -12.625038022706372
99 167 1152.0 1160 96.83543591499985 7.74 0.009414661062845844 0.007965507267485473 False True -0.06418263497378561 54.28719335305219 -27.12563842192359 -1.2138782280387377 25.284849451952443 -12.625038022706372
99 168 1156.0 1164 97.49883466599987 7.74 0.009414661062845844 0.007965507267485473 False True -0.06418263497378561 54.28719335305219 -27.12563842192359 -1.2138782280387377 25.284849451952443 -12.625038022706372
99 169 1160.0 1168 98.22186256599984 7.74 0.009414661062845844 0.007965507267485473 False True -0.06418263497378561 54.28719335305219 -27.12563842192359 -1.2138782280387377 25.284849451952443 -12.625038022706372
99 170 1164.0 1172 98.91736983799986 7.57 0.05231678547215059 0.009414661062845844 False True -0.06418263497378561 54.28719335305219 -27.12563842192359 -1.2138782280387377 25.284849451952443 -12.625038022706372
99 171 1168.0 1176 99.58305403399986 7.74 0.009414661062845844 0.007965507267485473 False True -0.06418263497378561 54.28719335305219 -27.12563842192359 -1.2138782280387377 25.284849451952443 -12.625038022706372
99 172 1172.0 1180 100.29549542299985 7.57 0.05231678547215059 0.009414661062845844 False True -0.06418263497378561 54.28719335305219 -27.12563842192359 -1.2138782280387377 25.284849451952443 -12.625038022706372
99 173 1176.0 1184 100.98155362699985 7.74 0.009414661062845844 0.00663688099610383 True False -0.06418263497378561 54.28719335305219 -27.12563842192359 -1.2138782280387377 25.284849451952443 -12.625038022706372
99 174 1176.0 1184 101.39581236999986 7.74 0.009414661062845844 0.00663688099610383 False True -0.06418263497378561 54.28719335305219 -27.12563842192359 -1.2138782280387377 25.284849451952443 -12.625038022706372
99 175 1188.0 1196 102.06235817399984 7.74 0.009414661062845844 0.010984210564808292 True False -0.06418263497378561 54.28719335305219 -27.12563842192359 -1.2138782280387377 25.284849451952443 -12.625038022706372
99 176 1188.0 1196 102.49802946599983 7.74 0.009414661062845844 0.010984210564808292 False True -0.06418263497378561 54.28719335305219 -27.12563842192359 -1.2138782280387377 25.284849451952443 -12.625038022706372
99 177 1200.0 1208 103.17422067399984 7.7299999999999995 0.010984210564808292 0.009414661062845844 False True -0.06418263497378561 54.28719335305219 -27.12563842192359 -1.2138782280387377 25.284849451952443 -12.625038022706372
99 178 1204.0 1212 103.85999697499985 7.74 0.009414661062845844 0.010984210564808292 False True -0.06418263497378561 54.28719335305219 -27.12563842192359 -1.2138782280387377 25.284849451952443 -12.625038022706372
99 179 1208.0 1216 104.53488613799983 7.86 0.0 0.05231678547215059 False True -0.06418263497378561 54.28719335305219 -27.12563842192359 -1.2138782280387377 25.284849451952443 -12.625038022706372
99 180 1212.0 1220 105.20146691199984 7.86 0.0 0.05231678547215059 False True -0.06418263497378561 54.28719335305219 -27.12563842192359 -1.2138782280387377 25.284849451952443 -12.625038022706372
99 181 1216.0 1224 105.87970242099983 7.86 0.0 0.018463308174366505 True False -0.06418263497378561 54.28719335305219 -27.12563842192359 -1.2138782280387377 25.284849451952443 -12.625038022706372
99 182 1216.0 1224 106.30204156899983 7.86 0.0 0.018463308174366505 False True -0.06418263497378561 54.28719335305219 -27.12563842192359 -1.2138782280387377 25.284849451952443 -12.625038022706372
99 183 1228.0 1236 106.99328579999984 7.86 0.0 0.009414661062845844 False True -0.06418263497378561 54.28719335305219 -27.12563842192359 -1.2138782280387377 25.284849451952443 -12.625038022706372
99 184 1232.0 1240 107.67437815399983 7.57 0.05231678547215059 0.007965507267485473 False True -0.06418263497378561 54.28719335305219 -27.12563842192359 -1.2138782280387377 25.284849451952443 -12.625038022706372
99 185 1236.0 1244 108.3362388109998 7.57 0.05231678547215059 0.01448390922951916 True False -0.06418263497378561 54.28719335305219 -27.12563842192359 -1.2138782280387377 25.284849451952443 -12.625038022706372
99 186 1236.0 1244 108.7535029099998 7.57 0.05231678547215059 0.01448390922951916 False True -0.06418263497378561 54.28719335305219 -27.12563842192359 -1.2138782280387377 25.284849451952443 -12.625038022706372
99 187 1248.0 1256 109.4372834649998 7.57 0.05231678547215059 0.011038676824487717 True False -0.06418263497378561 54.28719335305219 -27.12563842192359 -1.2138782280387377 25.284849451952443 -12.625038022706372
99 188 1248.0 1256 109.8592836739998 7.57 0.05231678547215059 0.011038676824487717 False True -0.06418263497378561 54.28719335305219 -27.12563842192359 -1.2138782280387377 25.284849451952443 -12.625038022706372
99 189 1260.0 1268 110.5405892069998 7.57 0.05231678547215059 0.002560136298778029 True False -0.06418263497378561 54.28719335305219 -27.12563842192359 -1.2138782280387377 25.284849451952443 -12.625038022706372
99 190 1260.0 1268 110.95619873899982 7.57 0.05231678547215059 0.002560136298778029 False True -0.06418263497378561 54.28719335305219 -27.12563842192359 -1.2138782280387377 25.284849451952443 -12.625038022706372
99 191 1272.0 1280 111.63583969599982 7.57 0.05231678547215059 0.0034097654278191004 True False -0.06418263497378561 54.28719335305219 -27.12563842192359 -1.2138782280387377 25.284849451952443 -12.625038022706372
99 192 1272.0 1281 112.05352052299982 7.57 0.05231678547215059 0.0034097654278191004 False True -0.06418263497378561 54.28719335305219 -27.12563842192359 -1.2138782280387377 25.284849451952443 -12.625038022706372
99 193 1284.0 1293 112.73676104099984 7.57 0.05231678547215059 0.0018313392599018715 True False -0.06418263497378561 54.28719335305219 -27.12563842192359 -1.2138782280387377 25.284849451952443 -12.625038022706372
99 194 1284.0 1293 113.15815129599982 7.57 0.05231678547215059 0.0018313392599018715 False True -0.06418263497378561 54.28719335305219 -27.12563842192359 -1.2138782280387377 25.284849451952443 -12.625038022706372
99 195 1296.0 1305 113.8359735149998 7.57 0.05231678547215059 0.001805431692866159 True False -0.06418263497378561 54.28719335305219 -27.12563842192359 -1.2138782280387377 25.284849451952443 -12.625038022706372
99 196 1296.0 1305 114.2386364869998 7.57 0.05231678547215059 0.001805431692866159 False True -0.06418263497378561 54.28719335305219 -27.12563842192359 -1.2138782280387377 25.284849451952443 -12.625038022706372
99 197 1308.0 1317 114.9003717549998 7.57 0.05231678547215059 0.027855067676929388 True False -0.06418263497378561 54.28719335305219 -27.12563842192359 -1.2138782280387377 25.284849451952443 -12.625038022706372
99 198 1308.0 1317 115.31955790099978 7.57 0.05231678547215059 0.027855067676929388 False True -0.06418263497378561 54.28719335305219 -27.12563842192359 -1.2138782280387377 25.284849451952443 -12.625038022706372
99 199 1320.0 1329 115.99504754099978 7.57 0.05231678547215059 0.042262544713776565 True False -0.06418263497378561 54.28719335305219 -27.12563842192359 -1.2138782280387377 25.284849451952443 -12.625038022706372
99 200 1320.0 1329 116.41177610199976 7.57 0.05231678547215059 0.042262544713776565 False True -0.06418263497378561 54.28719335305219 -27.12563842192359 -1.2138782280387377 25.284849451952443 -12.625038022706372
99 201 1332.0 1341 117.07163630599975 7.6 0.042262544713776565 0.6854106429104637 True False -0.06418263497378561 54.28719335305219 -27.12563842192359 -1.2138782280387377 25.284849451952443 -12.625038022706372
99 202 1332.0 1341 117.49822541299976 7.6 0.042262544713776565 0.6854106429104637 False True -0.06418263497378561 54.28719335305219 -27.12563842192359 -1.2138782280387377 25.284849451952443 -12.625038022706372
99 203 1344.0 1353 118.19356240399976 7.6 0.042262544713776565 0.1945685182354714 False True -0.06418263497378561 54.28719335305219 -27.12563842192359 -1.2138782280387377 25.284849451952443 -12.625038022706372
99 204 1356.0 1365 118.85846833099977 7.6 0.042262544713776565 0.3285052697164624 True False -0.06418263497378561 54.28719335305219 -27.12563842192359 -1.2138782280387377 25.284849451952443 -12.625038022706372
99 205 1356.0 1365 119.28660117399978 7.6 0.042262544713776565 0.13959830926552724 True False -0.06418263497378561 54.28719335305219 -27.12563842192359 -1.2138782280387377 25.284849451952443 -12.625038022706372
99 206 1356.0 1365 119.71768127799977 7.6 0.042262544713776565 0.13959830926552724 False True -0.06418263497378561 54.28719335305219 -27.12563842192359 -1.2138782280387377 25.284849451952443 -12.625038022706372
99 207 1368.0 1377 120.39387747599976 7.6 0.042262544713776565 0.12317153011591801 True False -0.06418263497378561 54.28719335305219 -27.12563842192359 -1.2138782280387377 25.284849451952443 -12.625038022706372
99 208 1368.0 1377 120.81101744899975 7.6 0.042262544713776565 0.12317153011591801 False True -0.06418263497378561 54.28719335305219 -27.12563842192359 -1.2138782280387377 25.284849451952443 -12.625038022706372
99 209 1380.0 1389 121.47289818799975 7.6 0.042262544713776565 0.15698420976101965 True False -0.06418263497378561 54.28719335305219 -27.12563842192359 -1.2138782280387377 25.284849451952443 -12.625038022706372
99 210 1380.0 1389 121.89385102099975 7.6 0.042262544713776565 0.15698420976101965 False True -0.06418263497378561 54.28719335305219 -27.12563842192359 -1.2138782280387377 25.284849451952443 -12.625038022706372
99 211 1392.0 1401 122.55797949699975 7.6 0.042262544713776565 0.0025298653661882933 True False -0.06418263497378561 54.28719335305219 -27.12563842192359 -1.2138782280387377 25.284849451952443 -12.625038022706372
99 212 1392.0 1402 122.97382965899975 7.6 0.042262544713776565 0.0025298653661882933 False True -0.06418263497378561 54.28719335305219 -27.12563842192359 -1.2138782280387377 25.284849451952443 -12.625038022706372
99 213 1404.0 1414 123.63496408999974 7.6 0.042262544713776565 0.0025298653661882933 False True -0.06418263497378561 54.28719335305219 -27.12563842192359 -1.2138782280387377 25.284849451952443 -12.625038022706372
99 214 1408.0 1418 124.29597198799975 7.6 0.042262544713776565 0.001805431692866159 False True -0.06418263497378561 54.28719335305219 -27.12563842192359 -1.2138782280387377 25.284849451952443 -12.625038022706372
99 215 1412.0 1422 124.95578757399976 7.6 0.042262544713776565 0.001805431692866159 False True -0.06418263497378561 54.28719335305219 -27.12563842192359 -1.2138782280387377 25.284849451952443 -12.625038022706372
99 216 1416.0 1426 125.61447366399976 7.6 0.042262544713776565 0.001805431692866159 False True -0.06418263497378561 54.28719335305219 -27.12563842192359 -1.2138782280387377 25.284849451952443 -12.625038022706372
99 217 1420.0 1430 126.27602806999975 7.81 0.001805431692866159 0.042262544713776565 False True -0.06418263497378561 54.28719335305219 -27.12563842192359 -1.2138782280387377 25.284849451952443 -12.625038022706372
99 218 1424.0 1434 126.93712068199976 7.81 0.001805431692866159 0.2512143494840045 True False -0.06418263497378561 54.28719335305219 -27.12563842192359 -1.2138782280387377 25.284849451952443 -12.625038022706372
99 219 1424.0 1434 127.35610782199974 7.81 0.001805431692866159 0.2512143494840045 False True -0.06418263497378561 54.28719335305219 -27.12563842192359 -1.2138782280387377 25.284849451952443 -12.625038022706372
99 220 1436.0 1446 128.03218228599974 7.81 0.001805431692866159 0.3135052263229952 True False -0.06418263497378561 54.28719335305219 -27.12563842192359 -1.2138782280387377 25.284849451952443 -12.625038022706372
99 221 1436.0 1446 128.43861443399973 7.81 0.001805431692866159 0.3135052263229952 False True -0.06418263497378561 54.28719335305219 -27.12563842192359 -1.2138782280387377 25.284849451952443 -12.625038022706372
99 222 1448.0 1458 129.11168513899975 7.81 0.001805431692866159 0.01852427612257677 True False -0.06418263497378561 54.28719335305219 -27.12563842192359 -1.2138782280387377 25.284849451952443 -12.625038022706372
99 223 1448.0 1458 129.53033532399976 7.81 0.001805431692866159 0.01852427612257677 False True -0.06418263497378561 54.28719335305219 -27.12563842192359 -1.2138782280387377 25.284849451952443 -12.625038022706372
99 224 1460.0 1470 130.19684395799976 7.81 0.001805431692866159 0.09750654017784142 True False -0.06418263497378561 54.28719335305219 -27.12563842192359 -1.2138782280387377 25.284849451952443 -12.625038022706372
99 225 1460.0 1470 130.61468026099976 7.81 0.001805431692866159 0.09750654017784142 False True -0.06418263497378561 54.28719335305219 -27.12563842192359 -1.2138782280387377 25.284849451952443 -12.625038022706372
99 226 1472.0 1482 131.28433428599976 1.4100000000000001 0.09750654017784142 0.001805431692866159 False True -0.06418263497378561 54.28719335305219 -27.12563842192359 -1.2138782280387377 25.284849451952443 -12.625038022706372
99 227 1476.0 1486 131.94896692099977 7.81 0.001805431692866159 0.09750654017784142 False True -0.06418263497378561 54.28719335305219 -27.12563842192359 -1.2138782280387377 25.284849451952443 -12.625038022706372
99 228 1480.0 1490 132.61506970999977 7.81 0.001805431692866159 0.09750654017784142 False True -0.06418263497378561 54.28719335305219 -27.12563842192359 -1.2138782280387377 25.284849451952443 -12.625038022706372
99 229 1484.0 1494 133.2852025409998 7.81 0.001805431692866159 0.09750654017784142 False True -0.06418263497378561 54.28719335305219 -27.12563842192359 -1.2138782280387377 25.284849451952443 -12.625038022706372
99 230 1488.0 1498 133.93794396599978 7.81 0.001805431692866159 0.09750654017784142 False True -0.06418263497378561 54.28719335305219 -27.12563842192359 -1.2138782280387377 25.284849451952443 -12.625038022706372
99 231 1492.0 1502 134.61081848799978 7.81 0.001805431692866159 0.09962963873850103 True False -0.06418263497378561 54.28719335305219 -27.12563842192359 -1.2138782280387377 25.284849451952443 -12.625038022706372
99 232 1492.0 1502 135.03057424299976 7.81 0.001805431692866159 0.09962963873850103 False True -0.06418263497378561 54.28719335305219 -27.12563842192359 -1.2138782280387377 25.284849451952443 -12.625038022706372
99 233 1504.0 1514 135.69758985999977 7.81 0.001805431692866159 0.09750654017784142 False True -0.06418263497378561 54.28719335305219 -27.12563842192359 -1.2138782280387377 25.284849451952443 -12.625038022706372
99 234 1508.0 1518 136.37223136599977 7.81 0.001805431692866159 0.09550306114172961 True False -0.06418263497378561 54.28719335305219 -27.12563842192359 -1.2138782280387377 25.284849451952443 -12.625038022706372
99 235 1508.0 1518 136.78925324499977 7.81 0.001805431692866159 0.09550306114172961 False True -0.06418263497378561 54.28719335305219 -27.12563842192359 -1.2138782280387377 25.284849451952443 -12.625038022706372
99 236 1520.0 1530 137.45171483699977 7.81 0.001805431692866159 0.05960178934268208 True False -0.06418263497378561 54.28719335305219 -27.12563842192359 -1.2138782280387377 25.284849451952443 -12.625038022706372
99 237 1520.0 1530 137.87634498299977 7.81 0.001805431692866159 0.05960178934268208 False True -0.06418263497378561 54.28719335305219 -27.12563842192359 -1.2138782280387377 25.284849451952443 -12.625038022706372
99 238 1532.0 1542 138.56744899999978 7.81 0.001805431692866159 0.0025298653661882933 False True -0.06418263497378561 54.28719335305219 -27.12563842192359 -1.2138782280387377 25.284849451952443 -12.625038022706372
99 239 1536.0 1546 139.2477722799998 7.81 0.001805431692866159 0.02292092041743688 True False -0.06418263497378561 54.28719335305219 -27.12563842192359 -1.2138782280387377 25.284849451952443 -12.625038022706372
99 240 1536.0 1546 139.6552152809998 7.81 0.001805431692866159 0.02292092041743688 False True -0.06418263497378561 54.28719335305219 -27.12563842192359 -1.2138782280387377 25.284849451952443 -12.625038022706372
99 241 1548.0 1558 140.3288498079998 7.81 0.001805431692866159 0.01647370882593966 True False -0.06418263497378561 54.28719335305219 -27.12563842192359 -1.2138782280387377 25.284849451952443 -12.625038022706372
99 242 1548.0 1558 140.7513872219998 7.81 0.001805431692866159 0.01647370882593966 False True -0.06418263497378561 54.28719335305219 -27.12563842192359 -1.2138782280387377 25.284849451952443 -12.625038022706372
99 243 1560.0 1570 141.4304369989998 7.81 0.001805431692866159 0.05231678547215059 False True -0.06418263497378561 54.28719335305219 -27.12563842192359 -1.2138782280387377 25.284849451952443 -12.625038022706372
99 244 1564.0 1574 142.10927951899978 7.81 0.001805431692866159 0.05231678547215059 False True -0.06418263497378561 54.28719335305219 -27.12563842192359 -1.2138782280387377 25.284849451952443 -12.625038022706372
99 245 1568.0 1578 142.79021106799976 7.81 0.001805431692866159 0.009414661062845844 False True -0.06418263497378561 54.28719335305219 -27.12563842192359 -1.2138782280387377 25.284849451952443 -12.625038022706372
99 246 1572.0 1582 143.47042813199977 7.86 0.0 0.001805431692866159 False True -0.06418263497378561 54.28719335305219 -27.12563842192359 -1.2138782280387377 25.284849451952443 -12.625038022706372
99 247 1576.0 1586 144.15098753599977 7.86 0.0 0.05231678547215059 False True -0.06418263497378561 54.28719335305219 -27.12563842192359 -1.2138782280387377 25.284849451952443 -12.625038022706372
99 248 1580.0 1590 144.83363740899978 7.86 0.0 0.05231678547215059 False True -0.06418263497378561 54.28719335305219 -27.12563842192359 -1.2138782280387377 25.284849451952443 -12.625038022706372
99 249 1584.0 1594 145.5124793269998 7.86 0.0 0.05231678547215059 False True -0.06418263497378561 54.28719335305219 -27.12563842192359 -1.2138782280387377 25.284849451952443 -12.625038022706372
99 250 1588.0 1598 146.1932080209998 7.86 0.0 0.05231678547215059 False True -0.06418263497378561 54.28719335305219 -27.12563842192359 -1.2138782280387377 25.284849451952443 -12.625038022706372
99 251 1592.0 1602 146.8760997569998 7.86 0.0 0.0003586969908377423 False True -0.06418263497378561 54.28719335305219 -27.12563842192359 -1.2138782280387377 25.284849451952443 -12.625038022706372
99 252 1596.0 1606 147.56667316099978 7.84 0.0003586969908377423 0.0 False True -0.06418263497378561 54.28719335305219 -27.12563842192359 -1.2138782280387377 25.284849451952443 -12.625038022706372
99 253 1600.0 1610 148.23592450599978 7.84 0.0003586969908377423 0.05231678547215059 False True -0.06418263497378561 54.28719335305219 -27.12563842192359 -1.2138782280387377 25.284849451952443 -12.625038022706372
99 254 1604.0 1614 148.9108532749998 7.84 0.0003586969908377423 0.05231678547215059 False True -0.06418263497378561 54.28719335305219 -27.12563842192359 -1.2138782280387377 25.284849451952443 -12.625038022706372
99 255 1608.0 1618 149.59442303999978 7.84 0.0003586969908377423 0.05231678547215059 False True -0.06418263497378561 54.28719335305219 -27.12563842192359 -1.2138782280387377 25.284849451952443 -12.625038022706372
99 256 1612.0 1622 150.26437672499978 7.84 0.0003586969908377423 0.04549708186827875 False True -0.06418263497378561 54.28719335305219 -27.12563842192359 -1.2138782280387377 25.284849451952443 -12.625038022706372
99 257 1616.0 1626 150.9302809879998 7.84 0.0003586969908377423 0.04549708186827875 False True -0.06418263497378561 54.28719335305219 -27.12563842192359 -1.2138782280387377 25.284849451952443 -12.625038022706372
99 258 1620.0 1630 151.6065321249998 7.59 0.04549708186827875 0.0003586969908377423 False True -0.06418263497378561 54.28719335305219 -27.12563842192359 -1.2138782280387377 25.284849451952443 -12.625038022706372
99 259 1624.0 1634 152.28236587199981 7.84 0.0003586969908377423 0.04549708186827875 False True -0.06418263497378561 54.28719335305219 -27.12563842192359 -1.2138782280387377 25.284849451952443 -12.625038022706372
99 260 1628.0 1638 152.9482351879998 7.84 0.0003586969908377423 0.055901296107249844 False True -0.06418263497378561 54.28719335305219 -27.12563842192359 -1.2138782280387377 25.284849451952443 -12.625038022706372
99 261 1632.0 1642 153.6222916949998 7.56 0.055901296107249844 0.0003586969908377423 False True -0.06418263497378561 54.28719335305219 -27.12563842192359 -1.2138782280387377 25.284849451952443 -12.625038022706372
99 262 1636.0 1646 154.3025744869998 7.86 0.0 0.055901296107249844 False True -0.06418263497378561 54.28719335305219 -27.12563842192359 -1.2138782280387377 25.284849451952443 -12.625038022706372
99 263 1640.0 1650 155.00379288999977 7.86 0.0 0.001805431692866159 False True -0.06418263497378561 54.28719335305219 -27.12563842192359 -1.2138782280387377 25.284849451952443 -12.625038022706372
99 264 1644.0 1654 155.67013803999978 7.86 0.0 0.001805431692866159 False True -0.06418263497378561 54.28719335305219 -27.12563842192359 -1.2138782280387377 25.284849451952443 -12.625038022706372
99 265 1648.0 1658 156.3447472749998 1.4100000000000001 0.09750654017784142 0.001805431692866159 False True -0.06418263497378561 54.28719335305219 -27.12563842192359 -1.2138782280387377 25.284849451952443 -12.625038022706372
99 266 1652.0 1662 157.0209558419998 1.4100000000000001 0.09750654017784142 0.05231678547215059 False True -0.06418263497378561 54.28719335305219 -27.12563842192359 -1.2138782280387377 25.284849451952443 -12.625038022706372
99 267 1656.0 1666 157.6872342469998 1.4100000000000001 0.09750654017784142 0.05231678547215059 False True -0.06418263497378561 54.28719335305219 -27.12563842192359 -1.2138782280387377 25.284849451952443 -12.625038022706372
99 268 1660.0 1670 158.3649387469998 7.57 0.05231678547215059 0.002560136298778029 False True -0.06418263497378561 54.28719335305219 -27.12563842192359 -1.2138782280387377 25.284849451952443 -12.625038022706372
99 269 1664.0 1674 159.0409888189998 7.57 0.05231678547215059 0.012730708895597537 True False -0.06418263497378561 54.28719335305219 -27.12563842192359 -1.2138782280387377 25.284849451952443 -12.625038022706372
99 270 1664.0 1675 159.4496100259998 7.57 0.05231678547215059 0.012730708895597537 False True -0.06418263497378561 54.28719335305219 -27.12563842192359 -1.2138782280387377 25.284849451952443 -12.625038022706372
99 271 1676.0 1687 160.1215126109998 7.57 0.05231678547215059 0.10785175320715876 True False -0.06418263497378561 54.28719335305219 -27.12563842192359 -1.2138782280387377 25.284849451952443 -12.625038022706372
99 272 1676.0 1687 160.54093973399978 7.57 0.05231678547215059 0.10785175320715876 False True -0.06418263497378561 54.28719335305219 -27.12563842192359 -1.2138782280387377 25.284849451952443 -12.625038022706372
99 273 1688.0 1699 161.21477761499978 7.4399999999999995 0.10785175320715876 0.05231678547215059 False True -0.06418263497378561 54.28719335305219 -27.12563842192359 -1.2138782280387377 25.284849451952443 -12.625038022706372
99 274 1692.0 1703 161.8869125169998 7.4399999999999995 0.10785175320715876 0.05231678547215059 False True -0.06418263497378561 54.28719335305219 -27.12563842192359 -1.2138782280387377 25.284849451952443 -12.625038022706372
99 275 1696.0 1707 162.5616452399998 7.4399999999999995 0.10785175320715876 0.10290153655046831 True False -0.06418263497378561 54.28719335305219 -27.12563842192359 -1.2138782280387377 25.284849451952443 -12.625038022706372
99 276 1696.0 1707 162.9672523149998 7.4399999999999995 0.10785175320715876 0.10290153655046831 False True -0.06418263497378561 54.28719335305219 -27.12563842192359 -1.2138782280387377 25.284849451952443 -12.625038022706372
99 277 1708.0 1719 163.63874963499978 7.4399999999999995 0.10785175320715876 0.05231678547215059 False True -0.06418263497378561 54.28719335305219 -27.12563842192359 -1.2138782280387377 25.284849451952443 -12.625038022706372
99 278 1712.0 1723 164.30240406299978 7.57 0.05231678547215059 0.1129129142387391 True False -0.06418263497378561 54.28719335305219 -27.12563842192359 -1.2138782280387377 25.284849451952443 -12.625038022706372
99 279 1712.0 1723 164.72191854999977 7.57 0.05231678547215059 0.1129129142387391 False True -0.06418263497378561 54.28719335305219 -27.12563842192359 -1.2138782280387377 25.284849451952443 -12.625038022706372
99 280 1724.0 1735 165.39861269899978 7.57 0.05231678547215059 0.16573409611850198 True False -0.06418263497378561 54.28719335305219 -27.12563842192359 -1.2138782280387377 25.284849451952443 -12.625038022706372
99 281 1724.0 1735 165.8189188489998 7.57 0.05231678547215059 0.16573409611850198 False True -0.06418263497378561 54.28719335305219 -27.12563842192359 -1.2138782280387377 25.284849451952443 -12.625038022706372
99 282 1736.0 1747 166.4832346239998 7.57 0.05231678547215059 0.03055870161668661 True False -0.06418263497378561 54.28719335305219 -27.12563842192359 -1.2138782280387377 25.284849451952443 -12.625038022706372
99 283 1736.0 1747 166.90380052699982 7.57 0.05231678547215059 0.03055870161668661 False True -0.06418263497378561 54.28719335305219 -27.12563842192359 -1.2138782280387377 25.284849451952443 -12.625038022706372
99 284 1748.0 1759 167.5812969329998 8.09 0.03055870161668661 0.027915097680330386 True False -0.06418263497378561 54.28719335305219 -27.12563842192359 -1.2138782280387377 25.284849451952443 -12.625038022706372
99 285 1748.0 1759 167.9868041879998 8.09 0.03055870161668661 0.027915097680330386 False True -0.06418263497378561 54.28719335305219 -27.12563842192359 -1.2138782280387377 25.284849451952443 -12.625038022706372
99 286 1760.0 1771 168.6587266489998 8.09 0.03055870161668661 0.05231678547215059 False True -0.06418263497378561 54.28719335305219 -27.12563842192359 -1.2138782280387377 25.284849451952443 -12.625038022706372
99 287 1764.0 1775 169.3205177799998 8.09 0.03055870161668661 0.05231678547215059 False True -0.06418263497378561 54.28719335305219 -27.12563842192359 -1.2138782280387377 25.284849451952443 -12.625038022706372
99 288 1768.0 1779 169.9830405549998 8.09 0.03055870161668661 0.03332012770522198 True False -0.06418263497378561 54.28719335305219 -27.12563842192359 -1.2138782280387377 25.284849451952443 -12.625038022706372
99 289 1768.0 1779 170.4028809119998 8.09 0.03055870161668661 0.03332012770522198 False True -0.06418263497378561 54.28719335305219 -27.12563842192359 -1.2138782280387377 25.284849451952443 -12.625038022706372
99 290 1780.0 1791 171.0808078669998 8.09 0.03055870161668661 0.4405105602975845 True False -0.06418263497378561 54.28719335305219 -27.12563842192359 -1.2138782280387377 25.284849451952443 -12.625038022706372
99 291 1780.0 1791 171.4995350749998 8.09 0.03055870161668661 0.4405105602975845 False True -0.06418263497378561 54.28719335305219 -27.12563842192359 -1.2138782280387377 25.284849451952443 -12.625038022706372
99 292 1792.0 1803 172.1666533049998 8.09 0.03055870161668661 0.05231678547215059 False True -0.06418263497378561 54.28719335305219 -27.12563842192359 -1.2138782280387377 25.284849451952443 -12.625038022706372
99 293 1796.0 1807 172.8415910379998 8.09 0.03055870161668661 0.001805431692866159 False True -0.06418263497378561 54.28719335305219 -27.12563842192359 -1.2138782280387377 25.284849451952443 -12.625038022706372
99 294 1800.0 1811 173.50608418099978 8.09 0.03055870161668661 0.001805431692866159 False True -0.06418263497378561 54.28719335305219 -27.12563842192359 -1.2138782280387377 25.284849451952443 -12.625038022706372
99 295 1804.0 1815 174.17933829299977 8.09 0.03055870161668661 0.0003586969908377423 False True -0.06418263497378561 54.28719335305219 -27.12563842192359 -1.2138782280387377 25.284849451952443 -12.625038022706372
99 296 1808.0 1819 174.85885391299976 8.09 0.03055870161668661 0.0 False True -0.06418263497378561 54.28719335305219 -27.12563842192359 -1.2138782280387377 25.284849451952443 -12.625038022706372
99 297 1812.0 1823 175.53768513299974 7.4399999999999995 0.10785175320715876 0.05231678547215059 False True -0.06418263497378561 54.28719335305219 -27.12563842192359 -1.2138782280387377 25.284849451952443 -12.625038022706372
99 298 1816.0 1827 176.20259937999973 7.4399999999999995 0.10785175320715876 0.05231678547215059 False True -0.06418263497378561 54.28719335305219 -27.12563842192359 -1.2138782280387377 25.284849451952443 -12.625038022706372
99 299 1820.0 1831 176.88033430499974 8.09 0.03055870161668661 0.05231678547215059 False True -0.06418263497378561 54.28719335305219 -27.12563842192359 -1.2138782280387377 25.284849451952443 -12.625038022706372
99 300 1824.0 1835 177.54532845299974 7.4399999999999995 0.10785175320715876 0.05231678547215059 False True -0.06418263497378561 54.28719335305219 -27.12563842192359 -1.2138782280387377 25.284849451952443 -12.625038022706372
99 301 1828.0 1839 178.22106386099972 7.4399999999999995 0.10785175320715876 0.05231678547215059 False True -0.06418263497378561 54.28719335305219 -27.12563842192359 -1.2138782280387377 25.284849451952443 -12.625038022706372
99 302 1832.0 1843 178.89775936299972 7.57 0.05231678547215059 0.0012020629376670012 False True -0.06418263497378561 54.28719335305219 -27.12563842192359 -1.2138782280387377 25.284849451952443 -12.625038022706372
99 303 1836.0 1847 179.56376860999973 7.57 0.05231678547215059 0.001223460310678226 True False -0.06418263497378561 54.28719335305219 -27.12563842192359 -1.2138782280387377 25.284849451952443 -12.625038022706372
99 304 1836.0 1847 179.98554255899973 7.57 0.05231678547215059 0.001223460310678226 False True -0.06418263497378561 54.28719335305219 -27.12563842192359 -1.2138782280387377 25.284849451952443 -12.625038022706372
99 305 1848.0 1859 180.6627971819997 7.91 0.001223460310678226 0.05231678547215059 False True -0.06418263497378561 54.28719335305219 -27.12563842192359 -1.2138782280387377 25.284849451952443 -12.625038022706372
99 306 1852.0 1863 181.34189042099973 7.91 0.001223460310678226 0.05231678547215059 False True -0.06418263497378561 54.28719335305219 -27.12563842192359 -1.2138782280387377 25.284849451952443 -12.625038022706372
99 307 1856.0 1867 182.01999343799974 7.91 0.001223460310678226 0.05231678547215059 False True -0.06418263497378561 54.28719335305219 -27.12563842192359 -1.2138782280387377 25.284849451952443 -12.625038022706372
99 308 1860.0 1871 182.70011344099973 7.91 0.001223460310678226 0.05231678547215059 False True -0.06418263497378561 54.28719335305219 -27.12563842192359 -1.2138782280387377 25.284849451952443 -12.625038022706372
99 309 1864.0 1875 183.38034486099974 7.86 0.0 0.0003586969908377423 False True -0.06418263497378561 54.28719335305219 -27.12563842192359 -1.2138782280387377 25.284849451952443 -12.625038022706372
99 310 1868.0 1879 184.05853045199973 7.86 0.0 0.042262544713776565 False True -0.06418263497378561 54.28719335305219 -27.12563842192359 -1.2138782280387377 25.284849451952443 -12.625038022706372
99 311 1872.0 1883 184.72489308599972 7.86 0.0 0.08288169552645551 False True -0.06418263497378561 54.28719335305219 -27.12563842192359 -1.2138782280387377 25.284849451952443 -12.625038022706372
99 312 1876.0 1887 185.40418349099974 7.57 0.05231678547215059 0.009466537117073424 True False -0.06418263497378561 54.28719335305219 -27.12563842192359 -1.2138782280387377 25.284849451952443 -12.625038022706372
99 313 1876.0 1888 185.82075260699975 7.57 0.05231678547215059 0.009466537117073424 False True -0.06418263497378561 54.28719335305219 -27.12563842192359 -1.2138782280387377 25.284849451952443 -12.625038022706372
99 314 1888.0 1900 186.48440431499978 1.52 0.08208277237165884 0.001805431692866159 False True -0.06418263497378561 54.28719335305219 -27.12563842192359 -1.2138782280387377 25.284849451952443 -12.625038022706372
99 315 1892.0 1904 187.15924328599976 1.52 0.08208277237165884 0.007965507267485473 False True -0.06418263497378561 54.28719335305219 -27.12563842192359 -1.2138782280387377 25.284849451952443 -12.625038022706372
99 316 1896.0 1908 187.8249778199998 7.86 0.0 0.001223460310678226 False True -0.06418263497378561 54.28719335305219 -27.12563842192359 -1.2138782280387377 25.284849451952443 -12.625038022706372
99 317 1900.0 1912 188.4977224129998 7.86 0.0 0.001223460310678226 False True -0.06418263497378561 54.28719335305219 -27.12563842192359 -1.2138782280387377 25.284849451952443 -12.625038022706372
99 318 1904.0 1916 189.1627991229998 7.86 0.0 0.001223460310678226 False True -0.06418263497378561 54.28719335305219 -27.12563842192359 -1.2138782280387377 25.284849451952443 -12.625038022706372
99 319 1908.0 1920 189.83975671899975 7.86 0.0 0.048848602812218304 False True -0.06418263497378561 54.28719335305219 -27.12563842192359 -1.2138782280387377 25.284849451952443 -12.625038022706372
99 320 1912.0 1924 190.50398653899975 7.58 0.048848602812218304 0.009414661062845844 False True -0.06418263497378561 54.28719335305219 -27.12563842192359 -1.2138782280387377 25.284849451952443 -12.625038022706372
99 321 1916.0 1928 191.17826998999976 7.58 0.048848602812218304 0.0025298653661882933 False True -0.06418263497378561 54.28719335305219 -27.12563842192359 -1.2138782280387377 25.284849451952443 -12.625038022706372
99 322 1920.0 1932 191.85468631899977 7.58 0.048848602812218304 0.0003586969908377423 False True -0.06418263497378561 54.28719335305219 -27.12563842192359 -1.2138782280387377 25.284849451952443 -12.625038022706372
99 323 1924.0 1936 192.51872931799977 7.57 0.05231678547215059 0.08084806132244127 True False -0.06418263497378561 54.28719335305219 -27.12563842192359 -1.2138782280387377 25.284849451952443 -12.625038022706372
99 324 1924.0 1936 192.94149630999976 7.57 0.05231678547215059 0.08084806132244127 False True -0.06418263497378561 54.28719335305219 -27.12563842192359 -1.2138782280387377 25.284849451952443 -12.625038022706372
99 325 1936.0 1948 193.62056451699976 7.4399999999999995 0.10785175320715876 0.05231678547215059 False True -0.06418263497378561 54.28719335305219 -27.12563842192359 -1.2138782280387377 25.284849451952443 -12.625038022706372
99 326 1940.0 1952 194.30093565999977 7.4399999999999995 0.10785175320715876 0.05231678547215059 False True -0.06418263497378561 54.28719335305219 -27.12563842192359 -1.2138782280387377 25.284849451952443 -12.625038022706372
99 327 1944.0 1956 194.98017637899977 7.57 0.05231678547215059 0.08084806132244127 False True -0.06418263497378561 54.28719335305219 -27.12563842192359 -1.2138782280387377 25.284849451952443 -12.625038022706372
99 328 1948.0 1960 195.66046138699977 7.57 0.05231678547215059 0.08484233917374075 True False -0.06418263497378561 54.28719335305219 -27.12563842192359 -1.2138782280387377 25.284849451952443 -12.625038022706372
99 329 1948.0 1960 196.08003705299978 7.57 0.05231678547215059 0.08484233917374075 False True -0.06418263497378561 54.28719335305219 -27.12563842192359 -1.2138782280387377 25.284849451952443 -12.625038022706372
99 330 1960.0 1972 196.75887678299978 7.57 0.05231678547215059 0.07983109647407734 True False -0.06418263497378561 54.28719335305219 -27.12563842192359 -1.2138782280387377 25.284849451952443 -12.625038022706372
99 331 1960.0 1972 197.1825120539998 7.57 0.05231678547215059 0.07983109647407734 False True -0.06418263497378561 54.28719335305219 -27.12563842192359 -1.2138782280387377 25.284849451952443 -12.625038022706372
99 332 1972.0 1984 197.87754550099982 7.57 0.05231678547215059 0.08421958543308913 True False -0.06418263497378561 54.28719335305219 -27.12563842192359 -1.2138782280387377 25.284849451952443 -12.625038022706372
99 333 1972.0 1984 198.29761998099985 7.57 0.05231678547215059 0.08421958543308913 False True -0.06418263497378561 54.28719335305219 -27.12563842192359 -1.2138782280387377 25.284849451952443 -12.625038022706372
99 334 1984.0 1996 198.97533299799983 7.57 0.05231678547215059 0.018463308174366505 False True -0.06418263497378561 54.28719335305219 -27.12563842192359 -1.2138782280387377 25.284849451952443 -12.625038022706372
