575 0 200.0 201 0.6767699290000024 1.29 0.12377629370663298 0.10048144404752163 False True -0.057933796147868616 38.674366354042874 -19.315549369152496 -1.401672022897479 0.7558973804321318 -0.1544138300240394
575 1 212.0 213 1.3719870760000106 1.29 0.12377629370663298 0.010444891413552324 False True -0.057933796147868616 38.674366354042874 -19.315549369152496 -1.401672022897479 0.7558973804321318 -0.1544138300240394
575 2 224.0 225 2.0590377870000083 1.29 0.12377629370663298 0.103433897812524 True False -0.057933796147868616 38.674366354042874 -19.315549369152496 -1.401672022897479 0.7558973804321318 -0.1544138300240394
575 3 224.0 225 2.5111004200000053 1.29 0.12377629370663298 0.103433897812524 False True -0.057933796147868616 38.674366354042874 -19.315549369152496 -1.401672022897479 0.7558973804321318 -0.1544138300240394
575 4 236.0 237 3.215235793000005 1.29 0.12377629370663298 0.08391822398830037 True False -0.057933796147868616 38.674366354042874 -19.315549369152496 -1.401672022897479 0.7558973804321318 -0.1544138300240394
575 5 236.0 237 3.6325829499999998 1.29 0.12377629370663298 0.08391822398830037 False True -0.057933796147868616 38.674366354042874 -19.315549369152496 -1.401672022897479 0.7558973804321318 -0.1544138300240394
575 6 248.0 249 4.333027539 1.46 0.08391822398830037 0.07702599703607638 True False -0.057933796147868616 38.674366354042874 -19.315549369152496 -1.401672022897479 0.7558973804321318 -0.1544138300240394
575 7 248.0 249 4.775829880000003 1.46 0.08391822398830037 0.07702599703607638 False True -0.057933796147868616 38.674366354042874 -19.315549369152496 -1.401672022897479 0.7558973804321318 -0.1544138300240394
575 8 260.0 261 5.491460432000011 1.46 0.08391822398830037 0.08858347562745396 True False -0.057933796147868616 38.674366354042874 -19.315549369152496 -1.401672022897479 0.7558973804321318 -0.1544138300240394
575 9 260.0 261 5.8948105720000115 1.46 0.08391822398830037 0.08858347562745396 False True -0.057933796147868616 38.674366354042874 -19.315549369152496 -1.401672022897479 0.7558973804321318 -0.1544138300240394
575 10 272.0 273 6.591377714000004 1.46 0.08391822398830037 0.0813776223177309 True False -0.057933796147868616 38.674366354042874 -19.315549369152496 -1.401672022897479 0.7558973804321318 -0.1544138300240394
575 11 272.0 273 7.035034409000005 1.46 0.08391822398830037 0.0813776223177309 False True -0.057933796147868616 38.674366354042874 -19.315549369152496 -1.401672022897479 0.7558973804321318 -0.1544138300240394
575 12 284.0 285 7.750055724999996 1.46 0.08391822398830037 0.07753515109359992 True False -0.057933796147868616 38.674366354042874 -19.315549369152496 -1.401672022897479 0.7558973804321318 -0.1544138300240394
575 13 284.0 285 8.18895141099999 1.46 0.08391822398830037 0.07753515109359992 False True -0.057933796147868616 38.674366354042874 -19.315549369152496 -1.401672022897479 0.7558973804321318 -0.1544138300240394
575 14 296.0 297 8.898125632000003 1.46 0.08391822398830037 0.07558438970358188 True False -0.057933796147868616 38.674366354042874 -19.315549369152496 -1.401672022897479 0.7558973804321318 -0.1544138300240394
575 15 296.0 297 9.353405628000004 1.46 0.08391822398830037 0.07558438970358188 False True -0.057933796147868616 38.674366354042874 -19.315549369152496 -1.401672022897479 0.7558973804321318 -0.1544138300240394
575 16 308.0 309 10.069925008000013 1.46 0.08391822398830037 0.07602102779173978 True False -0.057933796147868616 38.674366354042874 -19.315549369152496 -1.401672022897479 0.7558973804321318 -0.1544138300240394
575 17 308.0 310 10.489196720000024 1.46 0.08391822398830037 0.07602102779173978 False True -0.057933796147868616 38.674366354042874 -19.315549369152496 -1.401672022897479 0.7558973804321318 -0.1544138300240394
575 18 320.0 322 11.190306239000023 1.61 0.07602102779173978 0.08234508599642584 True False -0.057933796147868616 38.674366354042874 -19.315549369152496 -1.401672022897479 0.7558973804321318 -0.1544138300240394
575 19 320.0 322 11.63630586600003 1.61 0.07602102779173978 0.08234508599642584 False True -0.057933796147868616 38.674366354042874 -19.315549369152496 -1.401672022897479 0.7558973804321318 -0.1544138300240394
575 20 332.0 334 12.354158068000032 1.61 0.07602102779173978 0.08506684857149947 True False -0.057933796147868616 38.674366354042874 -19.315549369152496 -1.401672022897479 0.7558973804321318 -0.1544138300240394
575 21 332.0 334 12.775281152000034 1.61 0.07602102779173978 0.08506684857149947 False True -0.057933796147868616 38.674366354042874 -19.315549369152496 -1.401672022897479 0.7558973804321318 -0.1544138300240394
575 22 344.0 346 13.494416377000036 1.61 0.07602102779173978 0.08115490946025737 True False -0.057933796147868616 38.674366354042874 -19.315549369152496 -1.401672022897479 0.7558973804321318 -0.1544138300240394
575 23 344.0 346 13.951383475000043 1.61 0.07602102779173978 0.08115490946025737 False True -0.057933796147868616 38.674366354042874 -19.315549369152496 -1.401672022897479 0.7558973804321318 -0.1544138300240394
575 24 356.0 358 14.672886359000046 1.68 0.08115490946025737 0.07560631283350328 True False -0.057933796147868616 38.674366354042874 -19.315549369152496 -1.401672022897479 0.7558973804321318 -0.1544138300240394
575 25 356.0 358 15.089510491000055 1.68 0.08115490946025737 0.07560631283350328 False True -0.057933796147868616 38.674366354042874 -19.315549369152496 -1.401672022897479 0.7558973804321318 -0.1544138300240394
575 26 368.0 370 15.793594871000053 1.68 0.08115490946025737 0.14951501091940794 True False -0.057933796147868616 38.674366354042874 -19.315549369152496 -1.401672022897479 0.7558973804321318 -0.1544138300240394
575 27 368.0 370 16.248868034000054 1.68 0.08115490946025737 0.14951501091940794 False True -0.057933796147868616 38.674366354042874 -19.315549369152496 -1.401672022897479 0.7558973804321318 -0.1544138300240394
575 28 380.0 382 16.969496517000053 1.68 0.08115490946025737 0.1378305895944466 True False -0.057933796147868616 38.674366354042874 -19.315549369152496 -1.401672022897479 0.7558973804321318 -0.1544138300240394
575 29 380.0 382 17.390857551000053 1.68 0.08115490946025737 0.1378305895944466 False True -0.057933796147868616 38.674366354042874 -19.315549369152496 -1.401672022897479 0.7558973804321318 -0.1544138300240394
575 30 392.0 394 18.109750733000055 1.68 0.08115490946025737 0.18052796309310878 True False -0.057933796147868616 38.674366354042874 -19.315549369152496 -1.401672022897479 0.7558973804321318 -0.1544138300240394
575 31 392.0 394 18.567985160000063 1.68 0.08115490946025737 0.18052796309310878 False True -0.057933796147868616 38.674366354042874 -19.315549369152496 -1.401672022897479 0.7558973804321318 -0.1544138300240394
575 32 404.0 406 19.291257434000073 1.68 0.08115490946025737 0.0800787141274295 True False -0.057933796147868616 38.674366354042874 -19.315549369152496 -1.401672022897479 0.7558973804321318 -0.1544138300240394
575 33 404.0 406 19.71151627200007 1.68 0.08115490946025737 0.0800787141274295 False True -0.057933796147868616 38.674366354042874 -19.315549369152496 -1.401672022897479 0.7558973804321318 -0.1544138300240394
575 34 416.0 418 20.43664013700007 1.68 0.08115490946025737 0.0006969520768008598 True False -0.057933796147868616 38.674366354042874 -19.315549369152496 -1.401672022897479 0.7558973804321318 -0.1544138300240394
575 35 416.0 418 20.89367456300006 1.68 0.08115490946025737 0.0006969520768008598 False True -0.057933796147868616 38.674366354042874 -19.315549369152496 -1.401672022897479 0.7558973804321318 -0.1544138300240394
575 36 428.0 430 21.61399064200006 1.68 0.08115490946025737 0.002393780473953662 True False -0.057933796147868616 38.674366354042874 -19.315549369152496 -1.401672022897479 0.7558973804321318 -0.1544138300240394
575 37 428.0 431 22.035970108000072 1.68 0.08115490946025737 0.002393780473953662 False True -0.057933796147868616 38.674366354042874 -19.315549369152496 -1.401672022897479 0.7558973804321318 -0.1544138300240394
575 38 440.0 443 22.753634650000066 1.68 0.08115490946025737 0.00414451550186408 True False -0.057933796147868616 38.674366354042874 -19.315549369152496 -1.401672022897479 0.7558973804321318 -0.1544138300240394
575 39 440.0 443 23.210796908000063 1.68 0.08115490946025737 0.00414451550186408 False True -0.057933796147868616 38.674366354042874 -19.315549369152496 -1.401672022897479 0.7558973804321318 -0.1544138300240394
575 40 452.0 455 23.930328951000064 1.68 0.08115490946025737 0.043049732074181404 True False -0.057933796147868616 38.674366354042874 -19.315549369152496 -1.401672022897479 0.7558973804321318 -0.1544138300240394
575 41 452.0 455 24.349037073000062 1.68 0.08115490946025737 0.043049732074181404 False True -0.057933796147868616 38.674366354042874 -19.315549369152496 -1.401672022897479 0.7558973804321318 -0.1544138300240394
575 42 464.0 467 25.05328973800006 1.68 0.08115490946025737 0.08394887660437576 True False -0.057933796147868616 38.674366354042874 -19.315549369152496 -1.401672022897479 0.7558973804321318 -0.1544138300240394
575 43 464.0 467 25.51225656400007 1.68 0.08115490946025737 0.08394887660437576 False True -0.057933796147868616 38.674366354042874 -19.315549369152496 -1.401672022897479 0.7558973804321318 -0.1544138300240394
575 44 476.0 479 26.232934463000063 1.68 0.08115490946025737 0.015530817546596446 True False -0.057933796147868616 38.674366354042874 -19.315549369152496 -1.401672022897479 0.7558973804321318 -0.1544138300240394
575 45 476.0 479 26.66563086700006 1.68 0.08115490946025737 0.015530817546596446 False True -0.057933796147868616 38.674366354042874 -19.315549369152496 -1.401672022897479 0.7558973804321318 -0.1544138300240394
575 46 488.0 491 27.37873445200006 1.68 0.08115490946025737 0.0 True False -0.057933796147868616 38.674366354042874 -19.315549369152496 -1.401672022897479 0.7558973804321318 -0.1544138300240394
575 47 488.0 491 27.830728233000073 1.68 0.08115490946025737 0.0 False True -0.057933796147868616 38.674366354042874 -19.315549369152496 -1.401672022897479 0.7558973804321318 -0.1544138300240394
575 48 500.0 503 28.54989222900008 7.86 0.0 0.07553802153873412 True False -0.057933796147868616 38.674366354042874 -19.315549369152496 -1.401672022897479 0.7558973804321318 -0.1544138300240394
575 49 500.0 503 28.987706089000085 7.86 0.0 0.07553802153873412 False True -0.057933796147868616 38.674366354042874 -19.315549369152496 -1.401672022897479 0.7558973804321318 -0.1544138300240394
575 50 512.0 515 29.708000872000085 7.86 0.0 0.08234508599642584 False True -0.057933796147868616 38.674366354042874 -19.315549369152496 -1.401672022897479 0.7558973804321318 -0.1544138300240394
575 51 516.0 519 30.412437607000072 1.68 0.08115490946025737 2.291715072903357e-06 True False -0.057933796147868616 38.674366354042874 -19.315549369152496 -1.401672022897479 0.7558973804321318 -0.1544138300240394
575 52 516.0 519 30.850257466000073 1.68 0.08115490946025737 2.291715072903357e-06 False True -0.057933796147868616 38.674366354042874 -19.315549369152496 -1.401672022897479 0.7558973804321318 -0.1544138300240394
575 53 528.0 531 31.580952287000073 7.86 0.0 0.07560631283350328 False True -0.057933796147868616 38.674366354042874 -19.315549369152496 -1.401672022897479 0.7558973804321318 -0.1544138300240394
575 54 532.0 535 32.29993197700007 7.86 0.0 0.09427042522765247 True False -0.057933796147868616 38.674366354042874 -19.315549369152496 -1.401672022897479 0.7558973804321318 -0.1544138300240394
575 55 532.0 535 32.72433457000008 7.86 0.0 0.09427042522765247 False True -0.057933796147868616 38.674366354042874 -19.315549369152496 -1.401672022897479 0.7558973804321318 -0.1544138300240394
575 56 544.0 547 33.44030374500008 7.86 0.0 0.008908233664263243 True False -0.057933796147868616 38.674366354042874 -19.315549369152496 -1.401672022897479 0.7558973804321318 -0.1544138300240394
575 57 544.0 547 33.89849483700009 7.86 0.0 0.008908233664263243 False True -0.057933796147868616 38.674366354042874 -19.315549369152496 -1.401672022897479 0.7558973804321318 -0.1544138300240394
575 58 556.0 559 34.60293386500008 7.86 0.0 0.023966082994469243 True False -0.057933796147868616 38.674366354042874 -19.315549369152496 -1.401672022897479 0.7558973804321318 -0.1544138300240394
575 59 556.0 560 35.01906384400007 7.86 0.0 0.023966082994469243 False True -0.057933796147868616 38.674366354042874 -19.315549369152496 -1.401672022897479 0.7558973804321318 -0.1544138300240394
575 60 568.0 572 35.72129525800008 7.86 0.0 0.11439116123756578 True False -0.057933796147868616 38.674366354042874 -19.315549369152496 -1.401672022897479 0.7558973804321318 -0.1544138300240394
575 61 568.0 572 36.24227825100007 7.86 0.0 0.11439116123756578 False True -0.057933796147868616 38.674366354042874 -19.315549369152496 -1.401672022897479 0.7558973804321318 -0.1544138300240394
575 62 580.0 584 36.95999491400008 7.86 0.0 0.0003394021927842843 True False -0.057933796147868616 38.674366354042874 -19.315549369152496 -1.401672022897479 0.7558973804321318 -0.1544138300240394
575 63 580.0 584 37.379263236000085 7.86 0.0 0.0003394021927842843 False True -0.057933796147868616 38.674366354042874 -19.315549369152496 -1.401672022897479 0.7558973804321318 -0.1544138300240394
575 64 592.0 596 38.09295928900009 7.84 0.0003394021927842843 0.07558438970358188 False True -0.057933796147868616 38.674366354042874 -19.315549369152496 -1.401672022897479 0.7558973804321318 -0.1544138300240394
575 65 596.0 600 38.80242320700009 7.86 0.0 0.02402385270166724 True False -0.057933796147868616 38.674366354042874 -19.315549369152496 -1.401672022897479 0.7558973804321318 -0.1544138300240394
575 66 596.0 600 39.23147745900009 7.86 0.0 0.02402385270166724 False True -0.057933796147868616 38.674366354042874 -19.315549369152496 -1.401672022897479 0.7558973804321318 -0.1544138300240394
575 67 608.0 612 39.95311932500009 7.86 0.0 0.1369814846515388 True False -0.057933796147868616 38.674366354042874 -19.315549369152496 -1.401672022897479 0.7558973804321318 -0.1544138300240394
575 68 608.0 612 40.39775408200009 7.86 0.0 0.1369814846515388 False True -0.057933796147868616 38.674366354042874 -19.315549369152496 -1.401672022897479 0.7558973804321318 -0.1544138300240394
575 69 620.0 624 41.10042273700009 1.68 0.08115490946025737 0.0017328290351446198 True False -0.057933796147868616 38.674366354042874 -19.315549369152496 -1.401672022897479 0.7558973804321318 -0.1544138300240394
575 70 620.0 624 41.53335444400008 1.68 0.08115490946025737 0.0017328290351446198 False True -0.057933796147868616 38.674366354042874 -19.315549369152496 -1.401672022897479 0.7558973804321318 -0.1544138300240394
575 71 632.0 636 42.25407388100008 1.68 0.08115490946025737 0.16110649480334766 True False -0.057933796147868616 38.674366354042874 -19.315549369152496 -1.401672022897479 0.7558973804321318 -0.1544138300240394
575 72 632.0 636 42.69535119300008 1.68 0.08115490946025737 0.16110649480334766 False True -0.057933796147868616 38.674366354042874 -19.315549369152496 -1.401672022897479 0.7558973804321318 -0.1544138300240394
575 73 644.0 648 43.39892060400008 1.68 0.08115490946025737 0.11984664536478044 True False -0.057933796147868616 38.674366354042874 -19.315549369152496 -1.401672022897479 0.7558973804321318 -0.1544138300240394
575 74 644.0 648 43.83308064000008 1.68 0.08115490946025737 0.11984664536478044 False True -0.057933796147868616 38.674366354042874 -19.315549369152496 -1.401672022897479 0.7558973804321318 -0.1544138300240394
575 75 656.0 660 44.55315833300007 7.86 0.0 0.11375961881771213 True False -0.057933796147868616 38.674366354042874 -19.315549369152496 -1.401672022897479 0.7558973804321318 -0.1544138300240394
575 76 656.0 660 44.992181270000074 7.86 0.0 0.11375961881771213 False True -0.057933796147868616 38.674366354042874 -19.315549369152496 -1.401672022897479 0.7558973804321318 -0.1544138300240394
575 77 668.0 672 45.69354363800008 7.86 0.0 0.1230551723171787 True False -0.057933796147868616 38.674366354042874 -19.315549369152496 -1.401672022897479 0.7558973804321318 -0.1544138300240394
575 78 668.0 672 46.130613020000084 7.86 0.0 0.1230551723171787 False True -0.057933796147868616 38.674366354042874 -19.315549369152496 -1.401672022897479 0.7558973804321318 -0.1544138300240394
575 79 680.0 684 46.83941038600008 7.86 0.0 0.08691465897833249 True False -0.057933796147868616 38.674366354042874 -19.315549369152496 -1.401672022897479 0.7558973804321318 -0.1544138300240394
575 80 680.0 685 47.29267754700008 7.86 0.0 0.08691465897833249 False True -0.057933796147868616 38.674366354042874 -19.315549369152496 -1.401672022897479 0.7558973804321318 -0.1544138300240394
575 81 692.0 697 47.99731044200007 1.44 0.08691465897833249 0.006323137805964595 True False -0.057933796147868616 38.674366354042874 -19.315549369152496 -1.401672022897479 0.7558973804321318 -0.1544138300240394
575 82 692.0 697 48.43406658200007 1.44 0.08691465897833249 0.006323137805964595 False True -0.057933796147868616 38.674366354042874 -19.315549369152496 -1.401672022897479 0.7558973804321318 -0.1544138300240394
575 83 704.0 709 49.155060532000064 1.44 0.08691465897833249 0.07641123074416777 True False -0.057933796147868616 38.674366354042874 -19.315549369152496 -1.401672022897479 0.7558973804321318 -0.1544138300240394
575 84 704.0 709 49.59457623500006 1.44 0.08691465897833249 0.07641123074416777 False True -0.057933796147868616 38.674366354042874 -19.315549369152496 -1.401672022897479 0.7558973804321318 -0.1544138300240394
575 85 716.0 721 50.31117317000006 1.44 0.08691465897833249 0.07641123074416777 False True -0.057933796147868616 38.674366354042874 -19.315549369152496 -1.401672022897479 0.7558973804321318 -0.1544138300240394
575 86 720.0 725 51.013644965000054 1.44 0.08691465897833249 0.19092826215924472 True False -0.057933796147868616 38.674366354042874 -19.315549369152496 -1.401672022897479 0.7558973804321318 -0.1544138300240394
575 87 720.0 725 51.474347212000055 1.44 0.08691465897833249 0.19092826215924472 False True -0.057933796147868616 38.674366354042874 -19.315549369152496 -1.401672022897479 0.7558973804321318 -0.1544138300240394
575 88 732.0 737 52.19558482600006 1.44 0.08691465897833249 0.16039425490333784 True False -0.057933796147868616 38.674366354042874 -19.315549369152496 -1.401672022897479 0.7558973804321318 -0.1544138300240394
575 89 732.0 737 52.63042750000005 1.44 0.08691465897833249 0.16039425490333784 False True -0.057933796147868616 38.674366354042874 -19.315549369152496 -1.401672022897479 0.7558973804321318 -0.1544138300240394
575 90 744.0 749 53.33725414600005 1.44 0.08691465897833249 0.2591355125516443 True False -0.057933796147868616 38.674366354042874 -19.315549369152496 -1.401672022897479 0.7558973804321318 -0.1544138300240394
575 91 744.0 749 53.79604673600005 1.44 0.08691465897833249 0.2591355125516443 False True -0.057933796147868616 38.674366354042874 -19.315549369152496 -1.401672022897479 0.7558973804321318 -0.1544138300240394
575 92 756.0 761 54.53019057800006 1.44 0.08691465897833249 0.08535952713987628 True False -0.057933796147868616 38.674366354042874 -19.315549369152496 -1.401672022897479 0.7558973804321318 -0.1544138300240394
575 93 756.0 761 54.95002858600006 1.44 0.08691465897833249 0.08535952713987628 False True -0.057933796147868616 38.674366354042874 -19.315549369152496 -1.401672022897479 0.7558973804321318 -0.1544138300240394
575 94 768.0 773 55.67575462100007 1.44 0.08691465897833249 0.00011236976955080875 True False -0.057933796147868616 38.674366354042874 -19.315549369152496 -1.401672022897479 0.7558973804321318 -0.1544138300240394
575 95 768.0 773 56.13304787700007 1.44 0.08691465897833249 0.00011236976955080875 False True -0.057933796147868616 38.674366354042874 -19.315549369152496 -1.401672022897479 0.7558973804321318 -0.1544138300240394
575 96 780.0 785 56.85616232000007 7.85 0.00011236976955080875 0.15784365756398516 True False -0.057933796147868616 38.674366354042874 -19.315549369152496 -1.401672022897479 0.7558973804321318 -0.1544138300240394
575 97 780.0 785 57.29092814800006 7.85 0.00011236976955080875 0.15784365756398516 False True -0.057933796147868616 38.674366354042874 -19.315549369152496 -1.401672022897479 0.7558973804321318 -0.1544138300240394
575 98 792.0 797 58.01236187600006 7.85 0.00011236976955080875 0.08691465897833249 False True -0.057933796147868616 38.674366354042874 -19.315549369152496 -1.401672022897479 0.7558973804321318 -0.1544138300240394
575 99 796.0 801 58.729567400000064 1.44 0.08691465897833249 0.00011236976955080875 False True -0.057933796147868616 38.674366354042874 -19.315549369152496 -1.401672022897479 0.7558973804321318 -0.1544138300240394
575 100 800.0 805 59.448187757000056 7.85 0.00011236976955080875 0.2640232757717072 True False -0.057933796147868616 38.674366354042874 -19.315549369152496 -1.401672022897479 0.7558973804321318 -0.1544138300240394
575 101 800.0 805 59.89633056000005 7.85 0.00011236976955080875 0.2640232757717072 False True -0.057933796147868616 38.674366354042874 -19.315549369152496 -1.401672022897479 0.7558973804321318 -0.1544138300240394
575 102 812.0 817 60.62980633400005 7.85 0.00011236976955080875 0.3391477625818976 True False -0.057933796147868616 38.674366354042874 -19.315549369152496 -1.401672022897479 0.7558973804321318 -0.1544138300240394
575 103 812.0 818 61.050213685000074 7.85 0.00011236976955080875 0.3391477625818976 False True -0.057933796147868616 38.674366354042874 -19.315549369152496 -1.401672022897479 0.7558973804321318 -0.1544138300240394
575 104 824.0 830 61.75428743100008 7.85 0.00011236976955080875 0.2222386724605598 True False -0.057933796147868616 38.674366354042874 -19.315549369152496 -1.401672022897479 0.7558973804321318 -0.1544138300240394
575 105 824.0 830 62.21009566000009 7.85 0.00011236976955080875 0.2222386724605598 False True -0.057933796147868616 38.674366354042874 -19.315549369152496 -1.401672022897479 0.7558973804321318 -0.1544138300240394
575 106 836.0 842 62.93100725800008 7.85 0.00011236976955080875 0.06372258296529575 True False -0.057933796147868616 38.674366354042874 -19.315549369152496 -1.401672022897479 0.7558973804321318 -0.1544138300240394
575 107 836.0 842 63.35469123900006 7.85 0.00011236976955080875 0.06372258296529575 False True -0.057933796147868616 38.674366354042874 -19.315549369152496 -1.401672022897479 0.7558973804321318 -0.1544138300240394
575 108 848.0 854 64.07153192200008 7.85 0.00011236976955080875 0.10192465916181877 True False -0.057933796147868616 38.674366354042874 -19.315549369152496 -1.401672022897479 0.7558973804321318 -0.1544138300240394
575 109 848.0 854 64.52780208000007 7.85 0.00011236976955080875 0.10192465916181877 False True -0.057933796147868616 38.674366354042874 -19.315549369152496 -1.401672022897479 0.7558973804321318 -0.1544138300240394
575 110 860.0 866 65.24869931500007 7.85 0.00011236976955080875 0.0838867799446518 True False -0.057933796147868616 38.674366354042874 -19.315549369152496 -1.401672022897479 0.7558973804321318 -0.1544138300240394
575 111 860.0 866 65.66828775800008 7.85 0.00011236976955080875 0.0838867799446518 False True -0.057933796147868616 38.674366354042874 -19.315549369152496 -1.401672022897479 0.7558973804321318 -0.1544138300240394
575 112 872.0 878 66.37077541800008 7.85 0.00011236976955080875 0.13208912671121653 True False -0.057933796147868616 38.674366354042874 -19.315549369152496 -1.401672022897479 0.7558973804321318 -0.1544138300240394
575 113 872.0 878 66.82710868900008 7.85 0.00011236976955080875 0.13208912671121653 False True -0.057933796147868616 38.674366354042874 -19.315549369152496 -1.401672022897479 0.7558973804321318 -0.1544138300240394
575 114 884.0 890 67.5489252650001 7.85 0.00011236976955080875 0.046254515094095804 True False -0.057933796147868616 38.674366354042874 -19.315549369152496 -1.401672022897479 0.7558973804321318 -0.1544138300240394
575 115 884.0 890 67.9873890240001 7.85 0.00011236976955080875 0.046254515094095804 False True -0.057933796147868616 38.674366354042874 -19.315549369152496 -1.401672022897479 0.7558973804321318 -0.1544138300240394
575 116 896.0 902 68.6956633770001 7.85 0.00011236976955080875 0.0972581029351623 True False -0.057933796147868616 38.674366354042874 -19.315549369152496 -1.401672022897479 0.7558973804321318 -0.1544138300240394
575 117 896.0 902 69.1553933020001 7.85 0.00011236976955080875 0.0972581029351623 False True -0.057933796147868616 38.674366354042874 -19.315549369152496 -1.401672022897479 0.7558973804321318 -0.1544138300240394
575 118 908.0 914 69.87616435900009 7.85 0.00011236976955080875 0.1066951498614028 True False -0.057933796147868616 38.674366354042874 -19.315549369152496 -1.401672022897479 0.7558973804321318 -0.1544138300240394
575 119 908.0 914 70.3083698160001 7.85 0.00011236976955080875 0.1066951498614028 False True -0.057933796147868616 38.674366354042874 -19.315549369152496 -1.401672022897479 0.7558973804321318 -0.1544138300240394
575 120 920.0 926 71.01332178400008 8.3 0.1066951498614028 0.11156908552817514 True False -0.057933796147868616 38.674366354042874 -19.315549369152496 -1.401672022897479 0.7558973804321318 -0.1544138300240394
575 121 920.0 926 71.47212845800007 8.3 0.1066951498614028 0.11156908552817514 False True -0.057933796147868616 38.674366354042874 -19.315549369152496 -1.401672022897479 0.7558973804321318 -0.1544138300240394
575 122 932.0 938 72.19400611100008 7.85 0.00011236976955080875 0.1066951498614028 False True -0.057933796147868616 38.674366354042874 -19.315549369152496 -1.401672022897479 0.7558973804321318 -0.1544138300240394
575 123 936.0 942 72.91489363300008 7.85 0.00011236976955080875 0.05640913593774633 True False -0.057933796147868616 38.674366354042874 -19.315549369152496 -1.401672022897479 0.7558973804321318 -0.1544138300240394
575 124 936.0 943 73.36905534600007 7.85 0.00011236976955080875 0.05640913593774633 False True -0.057933796147868616 38.674366354042874 -19.315549369152496 -1.401672022897479 0.7558973804321318 -0.1544138300240394
575 125 948.0 955 74.08623375300007 7.85 0.00011236976955080875 0.037086910272120466 True False -0.057933796147868616 38.674366354042874 -19.315549369152496 -1.401672022897479 0.7558973804321318 -0.1544138300240394
575 126 948.0 955 74.52876955200006 7.85 0.00011236976955080875 0.037086910272120466 False True -0.057933796147868616 38.674366354042874 -19.315549369152496 -1.401672022897479 0.7558973804321318 -0.1544138300240394
575 127 960.0 967 75.25471876000006 7.85 0.00011236976955080875 0.07550074132054842 True False -0.057933796147868616 38.674366354042874 -19.315549369152496 -1.401672022897479 0.7558973804321318 -0.1544138300240394
575 128 960.0 967 75.70520224600006 7.85 0.00011236976955080875 0.07550074132054842 False True -0.057933796147868616 38.674366354042874 -19.315549369152496 -1.401672022897479 0.7558973804321318 -0.1544138300240394
575 129 972.0 979 76.41053935700006 7.85 0.00011236976955080875 0.10683917530723687 True False -0.057933796147868616 38.674366354042874 -19.315549369152496 -1.401672022897479 0.7558973804321318 -0.1544138300240394
575 130 972.0 979 76.84973864800006 7.85 0.00011236976955080875 0.10683917530723687 False True -0.057933796147868616 38.674366354042874 -19.315549369152496 -1.401672022897479 0.7558973804321318 -0.1544138300240394
575 131 984.0 991 77.57164683400006 7.85 0.00011236976955080875 0.11173259960948237 True False -0.057933796147868616 38.674366354042874 -19.315549369152496 -1.401672022897479 0.7558973804321318 -0.1544138300240394
575 132 984.0 991 78.02526012100009 7.85 0.00011236976955080875 0.11173259960948237 False True -0.057933796147868616 38.674366354042874 -19.315549369152496 -1.401672022897479 0.7558973804321318 -0.1544138300240394
575 133 996.0 1003 78.73274346000008 7.85 0.00011236976955080875 0.10192465916181877 False True -0.057933796147868616 38.674366354042874 -19.315549369152496 -1.401672022897479 0.7558973804321318 -0.1544138300240394
575 134 1000.0 1007 79.4517744660001 7.85 0.00011236976955080875 0.075745401039295 True False -0.057933796147868616 38.674366354042874 -19.315549369152496 -1.401672022897479 0.7558973804321318 -0.1544138300240394
575 135 1000.0 1007 79.9080771620001 7.85 0.00011236976955080875 0.075745401039295 False True -0.057933796147868616 38.674366354042874 -19.315549369152496 -1.401672022897479 0.7558973804321318 -0.1544138300240394
575 136 1012.0 1019 80.6328267070001 7.85 0.00011236976955080875 0.10205026099786153 True False -0.057933796147868616 38.674366354042874 -19.315549369152496 -1.401672022897479 0.7558973804321318 -0.1544138300240394
575 137 1012.0 1019 81.05375047700011 7.85 0.00011236976955080875 0.10205026099786153 False True -0.057933796147868616 38.674366354042874 -19.315549369152496 -1.401672022897479 0.7558973804321318 -0.1544138300240394
575 138 1024.0 1031 81.82940357700011 7.4399999999999995 0.10205026099786153 0.09736632321484837 True False -0.057933796147868616 38.674366354042874 -19.315549369152496 -1.401672022897479 0.7558973804321318 -0.1544138300240394
575 139 1024.0 1031 82.28766379000012 7.4399999999999995 0.10205026099786153 0.09736632321484837 False True -0.057933796147868616 38.674366354042874 -19.315549369152496 -1.401672022897479 0.7558973804321318 -0.1544138300240394
575 140 1036.0 1043 83.02534435700014 7.85 0.00011236976955080875 0.0006810869713442424 True False -0.057933796147868616 38.674366354042874 -19.315549369152496 -1.401672022897479 0.7558973804321318 -0.1544138300240394
575 141 1036.0 1043 83.44944512600014 7.85 0.00011236976955080875 0.0006810869713442424 False True -0.057933796147868616 38.674366354042874 -19.315549369152496 -1.401672022897479 0.7558973804321318 -0.1544138300240394
575 142 1048.0 1055 84.19211800100013 7.85 0.00011236976955080875 0.07146748615891088 True False -0.057933796147868616 38.674366354042874 -19.315549369152496 -1.401672022897479 0.7558973804321318 -0.1544138300240394
575 143 1048.0 1055 84.64923295200015 7.85 0.00011236976955080875 0.07146748615891088 False True -0.057933796147868616 38.674366354042874 -19.315549369152496 -1.401672022897479 0.7558973804321318 -0.1544138300240394
575 144 1060.0 1067 85.42933312400015 8.29 0.10192465916181877 0.08234508599642584 False True -0.057933796147868616 38.674366354042874 -19.315549369152496 -1.401672022897479 0.7558973804321318 -0.1544138300240394
575 145 1064.0 1071 86.16614997800016 1.44 0.08691465897833249 0.08234508599642584 False True -0.057933796147868616 38.674366354042874 -19.315549369152496 -1.401672022897479 0.7558973804321318 -0.1544138300240394
575 146 1068.0 1075 86.91221959500015 7.4399999999999995 0.10205026099786153 0.11984664536478044 False True -0.057933796147868616 38.674366354042874 -19.315549369152496 -1.401672022897479 0.7558973804321318 -0.1544138300240394
575 147 1072.0 1079 87.64594901900017 1.68 0.08115490946025737 0.052915160530412154 True False -0.057933796147868616 38.674366354042874 -19.315549369152496 -1.401672022897479 0.7558973804321318 -0.1544138300240394
575 148 1072.0 1080 88.06656666900017 1.68 0.08115490946025737 0.052915160530412154 False True -0.057933796147868616 38.674366354042874 -19.315549369152496 -1.401672022897479 0.7558973804321318 -0.1544138300240394
575 149 1084.0 1092 88.80917280500017 1.68 0.08115490946025737 0.060006572834659225 True False -0.057933796147868616 38.674366354042874 -19.315549369152496 -1.401672022897479 0.7558973804321318 -0.1544138300240394
575 150 1084.0 1092 89.26940004400018 1.68 0.08115490946025737 0.060006572834659225 False True -0.057933796147868616 38.674366354042874 -19.315549369152496 -1.401672022897479 0.7558973804321318 -0.1544138300240394
575 151 1096.0 1104 90.0056258990002 1.68 0.08115490946025737 0.10683917530723687 False True -0.057933796147868616 38.674366354042874 -19.315549369152496 -1.401672022897479 0.7558973804321318 -0.1544138300240394
575 152 1100.0 1108 90.78752131900018 8.3 0.1066951498614028 0.0024224230919878595 True False -0.057933796147868616 38.674366354042874 -19.315549369152496 -1.401672022897479 0.7558973804321318 -0.1544138300240394
575 153 1100.0 1108 91.24285915000019 8.3 0.1066951498614028 0.0024224230919878595 False True -0.057933796147868616 38.674366354042874 -19.315549369152496 -1.401672022897479 0.7558973804321318 -0.1544138300240394
575 154 1112.0 1120 91.95844469800019 7.85 0.00011236976955080875 0.07578926840962096 True False -0.057933796147868616 38.674366354042874 -19.315549369152496 -1.401672022897479 0.7558973804321318 -0.1544138300240394
575 155 1112.0 1120 92.38417572200018 7.85 0.00011236976955080875 0.07578926840962096 False True -0.057933796147868616 38.674366354042874 -19.315549369152496 -1.401672022897479 0.7558973804321318 -0.1544138300240394
575 156 1124.0 1132 93.09430692400016 7.85 0.00011236976955080875 0.019522591199742506 True False -0.057933796147868616 38.674366354042874 -19.315549369152496 -1.401672022897479 0.7558973804321318 -0.1544138300240394
575 157 1124.0 1132 93.51646431700019 7.85 0.00011236976955080875 0.019522591199742506 False True -0.057933796147868616 38.674366354042874 -19.315549369152496 -1.401672022897479 0.7558973804321318 -0.1544138300240394
575 158 1136.0 1144 94.25991778300019 7.68 0.019522591199742506 0.25094340754521327 True False -0.057933796147868616 38.674366354042874 -19.315549369152496 -1.401672022897479 0.7558973804321318 -0.1544138300240394
575 159 1136.0 1144 94.72161530900019 7.68 0.019522591199742506 0.25094340754521327 False True -0.057933796147868616 38.674366354042874 -19.315549369152496 -1.401672022897479 0.7558973804321318 -0.1544138300240394
575 160 1148.0 1156 95.45735270200018 7.68 0.019522591199742506 0.34278790129376424 True False -0.057933796147868616 38.674366354042874 -19.315549369152496 -1.401672022897479 0.7558973804321318 -0.1544138300240394
575 161 1148.0 1156 95.8793773260002 7.68 0.019522591199742506 0.1967274421931605 True False -0.057933796147868616 38.674366354042874 -19.315549369152496 -1.401672022897479 0.7558973804321318 -0.1544138300240394
575 162 1148.0 1156 96.33481523100019 7.68 0.019522591199742506 0.1967274421931605 False True -0.057933796147868616 38.674366354042874 -19.315549369152496 -1.401672022897479 0.7558973804321318 -0.1544138300240394
575 163 1160.0 1168 97.04304802800021 7.68 0.019522591199742506 0.30816291169653576 True False -0.057933796147868616 38.674366354042874 -19.315549369152496 -1.401672022897479 0.7558973804321318 -0.1544138300240394
575 164 1160.0 1168 97.47481590000021 7.68 0.019522591199742506 0.30816291169653576 False True -0.057933796147868616 38.674366354042874 -19.315549369152496 -1.401672022897479 0.7558973804321318 -0.1544138300240394
575 165 1172.0 1180 98.21772647300023 7.68 0.019522591199742506 0.4168148992843525 True False -0.057933796147868616 38.674366354042874 -19.315549369152496 -1.401672022897479 0.7558973804321318 -0.1544138300240394
575 166 1172.0 1180 98.70203310600021 7.68 0.019522591199742506 0.4168148992843525 False True -0.057933796147868616 38.674366354042874 -19.315549369152496 -1.401672022897479 0.7558973804321318 -0.1544138300240394
575 167 1184.0 1192 99.43368063000023 7.68 0.019522591199742506 0.42976587312762166 True False -0.057933796147868616 38.674366354042874 -19.315549369152496 -1.401672022897479 0.7558973804321318 -0.1544138300240394
575 168 1184.0 1193 99.87447741100024 7.68 0.019522591199742506 0.42976587312762166 False True -0.057933796147868616 38.674366354042874 -19.315549369152496 -1.401672022897479 0.7558973804321318 -0.1544138300240394
575 169 1196.0 1205 100.57684464800025 7.68 0.019522591199742506 0.29677543931140454 True False -0.057933796147868616 38.674366354042874 -19.315549369152496 -1.401672022897479 0.7558973804321318 -0.1544138300240394
575 170 1196.0 1205 101.01495387300022 7.68 0.019522591199742506 0.29677543931140454 False True -0.057933796147868616 38.674366354042874 -19.315549369152496 -1.401672022897479 0.7558973804321318 -0.1544138300240394
575 171 1208.0 1217 101.77408167900023 7.68 0.019522591199742506 0.01747014176449185 True False -0.057933796147868616 38.674366354042874 -19.315549369152496 -1.401672022897479 0.7558973804321318 -0.1544138300240394
575 172 1208.0 1217 102.21841768300021 7.68 0.019522591199742506 0.01747014176449185 False True -0.057933796147868616 38.674366354042874 -19.315549369152496 -1.401672022897479 0.7558973804321318 -0.1544138300240394
575 173 1220.0 1229 102.93862313600022 7.68 0.019522591199742506 0.01747014176449185 False True -0.057933796147868616 38.674366354042874 -19.315549369152496 -1.401672022897479 0.7558973804321318 -0.1544138300240394
575 174 1224.0 1233 103.65549508400022 7.6899999999999995 0.01747014176449185 0.019522591199742506 False True -0.057933796147868616 38.674366354042874 -19.315549369152496 -1.401672022897479 0.7558973804321318 -0.1544138300240394
575 175 1228.0 1237 104.37344346100022 7.6899999999999995 0.01747014176449185 0.07558438970358188 False True -0.057933796147868616 38.674366354042874 -19.315549369152496 -1.401672022897479 0.7558973804321318 -0.1544138300240394
575 176 1232.0 1241 105.05801200600024 7.6899999999999995 0.01747014176449185 0.015587565665815527 True False -0.057933796147868616 38.674366354042874 -19.315549369152496 -1.401672022897479 0.7558973804321318 -0.1544138300240394
575 177 1232.0 1241 105.49752605500026 7.6899999999999995 0.01747014176449185 0.015587565665815527 False True -0.057933796147868616 38.674366354042874 -19.315549369152496 -1.401672022897479 0.7558973804321318 -0.1544138300240394
575 178 1244.0 1253 106.22135416600025 7.6899999999999995 0.01747014176449185 0.015587565665815527 False True -0.057933796147868616 38.674366354042874 -19.315549369152496 -1.401672022897479 0.7558973804321318 -0.1544138300240394
575 179 1248.0 1257 106.93230933800024 7.6899999999999995 0.01747014176449185 0.013760192817775008 True False -0.057933796147868616 38.674366354042874 -19.315549369152496 -1.401672022897479 0.7558973804321318 -0.1544138300240394
575 180 1248.0 1257 107.35748059600022 7.6899999999999995 0.01747014176449185 0.013760192817775008 False True -0.057933796147868616 38.674366354042874 -19.315549369152496 -1.401672022897479 0.7558973804321318 -0.1544138300240394
575 181 1260.0 1269 108.06048652300021 7.6899999999999995 0.01747014176449185 0.013760192817775008 False True -0.057933796147868616 38.674366354042874 -19.315549369152496 -1.401672022897479 0.7558973804321318 -0.1544138300240394
575 182 1264.0 1273 108.7948688960002 7.6899999999999995 0.01747014176449185 0.013760192817775008 False True -0.057933796147868616 38.674366354042874 -19.315549369152496 -1.401672022897479 0.7558973804321318 -0.1544138300240394
575 183 1268.0 1277 109.51508359800019 7.6899999999999995 0.01747014176449185 0.013760192817775008 False True -0.057933796147868616 38.674366354042874 -19.315549369152496 -1.401672022897479 0.7558973804321318 -0.1544138300240394
575 184 1272.0 1281 110.23407504900018 7.6899999999999995 0.01747014176449185 0.5808013263988492 True False -0.057933796147868616 38.674366354042874 -19.315549369152496 -1.401672022897479 0.7558973804321318 -0.1544138300240394
575 185 1272.0 1281 110.67201196700017 7.6899999999999995 0.01747014176449185 0.5808013263988492 False True -0.057933796147868616 38.674366354042874 -19.315549369152496 -1.401672022897479 0.7558973804321318 -0.1544138300240394
575 186 1284.0 1293 111.35919769200018 7.6899999999999995 0.01747014176449185 0.2558692543381439 True False -0.057933796147868616 38.674366354042874 -19.315549369152496 -1.401672022897479 0.7558973804321318 -0.1544138300240394
575 187 1284.0 1293 111.85084709400019 7.6899999999999995 0.01747014176449185 0.2558692543381439 False True -0.057933796147868616 38.674366354042874 -19.315549369152496 -1.401672022897479 0.7558973804321318 -0.1544138300240394
575 188 1296.0 1305 112.56480749800019 7.6899999999999995 0.01747014176449185 0.34278790129376424 False True -0.057933796147868616 38.674366354042874 -19.315549369152496 -1.401672022897479 0.7558973804321318 -0.1544138300240394
575 189 1308.0 1317 113.28499832400018 7.6899999999999995 0.01747014176449185 0.013760192817775008 False True -0.057933796147868616 38.674366354042874 -19.315549369152496 -1.401672022897479 0.7558973804321318 -0.1544138300240394
575 190 1312.0 1321 114.0239502270002 7.6899999999999995 0.01747014176449185 0.03147457172683987 True False -0.057933796147868616 38.674366354042874 -19.315549369152496 -1.401672022897479 0.7558973804321318 -0.1544138300240394
575 191 1312.0 1321 114.4838523210002 7.6899999999999995 0.01747014176449185 0.03147457172683987 False True -0.057933796147868616 38.674366354042874 -19.315549369152496 -1.401672022897479 0.7558973804321318 -0.1544138300240394
575 192 1324.0 1333 115.2197667330002 7.6899999999999995 0.01747014176449185 0.4216458857553073 True False -0.057933796147868616 38.674366354042874 -19.315549369152496 -1.401672022897479 0.7558973804321318 -0.1544138300240394
575 193 1324.0 1333 115.64754393300018 7.6899999999999995 0.01747014176449185 0.4216458857553073 False True -0.057933796147868616 38.674366354042874 -19.315549369152496 -1.401672022897479 0.7558973804321318 -0.1544138300240394
575 194 1336.0 1345 116.38372408200019 7.6899999999999995 0.01747014176449185 0.3662543147595295 True False -0.057933796147868616 38.674366354042874 -19.315549369152496 -1.401672022897479 0.7558973804321318 -0.1544138300240394
575 195 1336.0 1345 116.8474468220002 7.6899999999999995 0.01747014176449185 0.3662543147595295 False True -0.057933796147868616 38.674366354042874 -19.315549369152496 -1.401672022897479 0.7558973804321318 -0.1544138300240394
575 196 1348.0 1357 117.6077388500002 7.6899999999999995 0.01747014176449185 0.7261282107668192 True False -0.057933796147868616 38.674366354042874 -19.315549369152496 -1.401672022897479 0.7558973804321318 -0.1544138300240394
575 197 1348.0 1358 118.06401022600022 7.6899999999999995 0.01747014176449185 0.7261282107668192 False True -0.057933796147868616 38.674366354042874 -19.315549369152496 -1.401672022897479 0.7558973804321318 -0.1544138300240394
575 198 1360.0 1370 118.78938368400023 7.6899999999999995 0.01747014176449185 0.5731239418372877 True False -0.057933796147868616 38.674366354042874 -19.315549369152496 -1.401672022897479 0.7558973804321318 -0.1544138300240394
575 199 1360.0 1370 119.22706626500022 7.6899999999999995 0.01747014176449185 0.5731239418372877 False True -0.057933796147868616 38.674366354042874 -19.315549369152496 -1.401672022897479 0.7558973804321318 -0.1544138300240394
575 200 1372.0 1382 119.9630527910002 7.6899999999999995 0.01747014176449185 0.336294266616806 True False -0.057933796147868616 38.674366354042874 -19.315549369152496 -1.401672022897479 0.7558973804321318 -0.1544138300240394
575 201 1372.0 1382 120.42302222200018 7.6899999999999995 0.01747014176449185 0.336294266616806 False True -0.057933796147868616 38.674366354042874 -19.315549369152496 -1.401672022897479 0.7558973804321318 -0.1544138300240394
575 202 1384.0 1394 121.14653827500021 7.6899999999999995 0.01747014176449185 0.10811471722206484 True False -0.057933796147868616 38.674366354042874 -19.315549369152496 -1.401672022897479 0.7558973804321318 -0.1544138300240394
575 203 1384.0 1394 121.58600364700021 7.6899999999999995 0.01747014176449185 0.10811471722206484 False True -0.057933796147868616 38.674366354042874 -19.315549369152496 -1.401672022897479 0.7558973804321318 -0.1544138300240394
575 204 1396.0 1406 122.32629102800021 7.6899999999999995 0.01747014176449185 0.10811471722206484 False True -0.057933796147868616 38.674366354042874 -19.315549369152496 -1.401672022897479 0.7558973804321318 -0.1544138300240394
575 205 1400.0 1410 123.06217622300022 7.6899999999999995 0.01747014176449185 0.10811471722206484 False True -0.057933796147868616 38.674366354042874 -19.315549369152496 -1.401672022897479 0.7558973804321318 -0.1544138300240394
575 206 1404.0 1414 123.82018443500021 7.6899999999999995 0.01747014176449185 0.3769142805815105 True False -0.057933796147868616 38.674366354042874 -19.315549369152496 -1.401672022897479 0.7558973804321318 -0.1544138300240394
575 207 1404.0 1414 124.26425053400021 7.6899999999999995 0.01747014176449185 0.3769142805815105 False True -0.057933796147868616 38.674366354042874 -19.315549369152496 -1.401672022897479 0.7558973804321318 -0.1544138300240394
575 208 1416.0 1426 124.98012917100021 7.6899999999999995 0.01747014176449185 0.8413695708310237 True False -0.057933796147868616 38.674366354042874 -19.315549369152496 -1.401672022897479 0.7558973804321318 -0.1544138300240394
575 209 1416.0 1426 125.4189689540002 7.6899999999999995 0.01747014176449185 0.017527830164006424 True False -0.057933796147868616 38.674366354042874 -19.315549369152496 -1.401672022897479 0.7558973804321318 -0.1544138300240394
575 210 1416.0 1426 125.84486026800022 7.6899999999999995 0.01747014176449185 0.017527830164006424 False True -0.057933796147868616 38.674366354042874 -19.315549369152496 -1.401672022897479 0.7558973804321318 -0.1544138300240394
575 211 1428.0 1438 126.54623337700022 7.6899999999999995 0.01747014176449185 0.9214118395360205 True False -0.057933796147868616 38.674366354042874 -19.315549369152496 -1.401672022897479 0.7558973804321318 -0.1544138300240394
575 212 1428.0 1438 127.01947258900023 7.6899999999999995 0.01747014176449185 0.9214118395360205 False True -0.057933796147868616 38.674366354042874 -19.315549369152496 -1.401672022897479 0.7558973804321318 -0.1544138300240394
575 213 1440.0 1450 127.77845380200023 7.6899999999999995 0.01747014176449185 0.9092698580628253 True False -0.057933796147868616 38.674366354042874 -19.315549369152496 -1.401672022897479 0.7558973804321318 -0.1544138300240394
575 214 1440.0 1450 128.21555017800023 7.6899999999999995 0.01747014176449185 0.9092698580628253 False True -0.057933796147868616 38.674366354042874 -19.315549369152496 -1.401672022897479 0.7558973804321318 -0.1544138300240394
575 215 1452.0 1462 128.95527409300024 7.6899999999999995 0.01747014176449185 0.06755507426742409 True False -0.057933796147868616 38.674366354042874 -19.315549369152496 -1.401672022897479 0.7558973804321318 -0.1544138300240394
575 216 1452.0 1462 129.41516640800023 7.6899999999999995 0.01747014176449185 0.06755507426742409 False True -0.057933796147868616 38.674366354042874 -19.315549369152496 -1.401672022897479 0.7558973804321318 -0.1544138300240394
575 217 1464.0 1474 130.13478560300024 7.6899999999999995 0.01747014176449185 0.012045906782693752 True False -0.057933796147868616 38.674366354042874 -19.315549369152496 -1.401672022897479 0.7558973804321318 -0.1544138300240394
575 218 1464.0 1475 130.56901014200025 7.6899999999999995 0.01747014176449185 0.012045906782693752 False True -0.057933796147868616 38.674366354042874 -19.315549369152496 -1.401672022897479 0.7558973804321318 -0.1544138300240394
575 219 1476.0 1487 131.29601916900026 7.6899999999999995 0.01747014176449185 0.0882386999026543 True False -0.057933796147868616 38.674366354042874 -19.315549369152496 -1.401672022897479 0.7558973804321318 -0.1544138300240394
575 220 1476.0 1487 131.75245569700027 7.6899999999999995 0.01747014176449185 0.0882386999026543 False True -0.057933796147868616 38.674366354042874 -19.315549369152496 -1.401672022897479 0.7558973804321318 -0.1544138300240394
575 221 1488.0 1499 132.4941439970003 7.6899999999999995 0.01747014176449185 0.013760192817775008 False True -0.057933796147868616 38.674366354042874 -19.315549369152496 -1.401672022897479 0.7558973804321318 -0.1544138300240394
575 222 1492.0 1503 133.2361693170003 7.6899999999999995 0.01747014176449185 0.013760192817775008 False True -0.057933796147868616 38.674366354042874 -19.315549369152496 -1.401672022897479 0.7558973804321318 -0.1544138300240394
575 223 1496.0 1507 133.9689514510003 7.6899999999999995 0.01747014176449185 0.013760192817775008 False True -0.057933796147868616 38.674366354042874 -19.315549369152496 -1.401672022897479 0.7558973804321318 -0.1544138300240394
575 224 1500.0 1511 134.7104605190003 7.6899999999999995 0.01747014176449185 0.11088175128640414 True False -0.057933796147868616 38.674366354042874 -19.315549369152496 -1.401672022897479 0.7558973804321318 -0.1544138300240394
575 225 1500.0 1511 135.15037201400028 7.6899999999999995 0.01747014176449185 0.11088175128640414 False True -0.057933796147868616 38.674366354042874 -19.315549369152496 -1.401672022897479 0.7558973804321318 -0.1544138300240394
575 226 1512.0 1523 135.8550820690003 7.6899999999999995 0.01747014176449185 0.11088175128640414 False True -0.057933796147868616 38.674366354042874 -19.315549369152496 -1.401672022897479 0.7558973804321318 -0.1544138300240394
575 227 1516.0 1527 136.5778261040003 7.6899999999999995 0.01747014176449185 0.10811471722206484 False True -0.057933796147868616 38.674366354042874 -19.315549369152496 -1.401672022897479 0.7558973804321318 -0.1544138300240394
575 228 1520.0 1531 137.29302011900032 7.6899999999999995 0.01747014176449185 0.013760192817775008 False True -0.057933796147868616 38.674366354042874 -19.315549369152496 -1.401672022897479 0.7558973804321318 -0.1544138300240394
575 229 1524.0 1535 138.02826756100032 7.6899999999999995 0.01747014176449185 0.1298005909396405 True False -0.057933796147868616 38.674366354042874 -19.315549369152496 -1.401672022897479 0.7558973804321318 -0.1544138300240394
575 230 1524.0 1535 138.4891919010003 7.6899999999999995 0.01747014176449185 0.1298005909396405 False True -0.057933796147868616 38.674366354042874 -19.315549369152496 -1.401672022897479 0.7558973804321318 -0.1544138300240394
575 231 1536.0 1547 139.21490103000033 7.6899999999999995 0.01747014176449185 0.1271254300271197 True False -0.057933796147868616 38.674366354042874 -19.315549369152496 -1.401672022897479 0.7558973804321318 -0.1544138300240394
575 232 1536.0 1547 139.64992274100035 7.6899999999999995 0.01747014176449185 0.1271254300271197 False True -0.057933796147868616 38.674366354042874 -19.315549369152496 -1.401672022897479 0.7558973804321318 -0.1544138300240394
575 233 1548.0 1559 140.38892462500036 7.6899999999999995 0.01747014176449185 0.07964064806259422 True False -0.057933796147868616 38.674366354042874 -19.315549369152496 -1.401672022897479 0.7558973804321318 -0.1544138300240394
575 234 1548.0 1559 140.83581445700034 7.6899999999999995 0.01747014176449185 0.07964064806259422 False True -0.057933796147868616 38.674366354042874 -19.315549369152496 -1.401672022897479 0.7558973804321318 -0.1544138300240394
575 235 1560.0 1571 141.56807255400034 7.6899999999999995 0.01747014176449185 0.07550074132054842 False True -0.057933796147868616 38.674366354042874 -19.315549369152496 -1.401672022897479 0.7558973804321318 -0.1544138300240394
575 236 1564.0 1575 142.29491344800033 7.6899999999999995 0.01747014176449185 0.03420132787543475 True False -0.057933796147868616 38.674366354042874 -19.315549369152496 -1.401672022897479 0.7558973804321318 -0.1544138300240394
575 237 1564.0 1575 142.73380626400032 7.6899999999999995 0.01747014176449185 0.03420132787543475 False True -0.057933796147868616 38.674366354042874 -19.315549369152496 -1.401672022897479 0.7558973804321318 -0.1544138300240394
575 238 1576.0 1587 143.44949681500034 7.6899999999999995 0.01747014176449185 0.0838867799446518 False True -0.057933796147868616 38.674366354042874 -19.315549369152496 -1.401672022897479 0.7558973804321318 -0.1544138300240394
575 239 1580.0 1591 144.17046417200035 7.6899999999999995 0.01747014176449185 0.028859614654907686 True False -0.057933796147868616 38.674366354042874 -19.315549369152496 -1.401672022897479 0.7558973804321318 -0.1544138300240394
575 240 1580.0 1591 144.62474560800032 7.6899999999999995 0.01747014176449185 0.028859614654907686 False True -0.057933796147868616 38.674366354042874 -19.315549369152496 -1.401672022897479 0.7558973804321318 -0.1544138300240394
575 241 1592.0 1603 145.33171940800034 7.6899999999999995 0.01747014176449185 0.015587565665815527 False True -0.057933796147868616 38.674366354042874 -19.315549369152496 -1.401672022897479 0.7558973804321318 -0.1544138300240394
575 242 1596.0 1607 146.06916503600033 7.6899999999999995 0.01747014176449185 0.015587565665815527 False True -0.057933796147868616 38.674366354042874 -19.315549369152496 -1.401672022897479 0.7558973804321318 -0.1544138300240394
575 243 1600.0 1611 146.78647914500033 7.6899999999999995 0.01747014176449185 0.015587565665815527 False True -0.057933796147868616 38.674366354042874 -19.315549369152496 -1.401672022897479 0.7558973804321318 -0.1544138300240394
575 244 1604.0 1615 147.51177725700035 7.6899999999999995 0.01747014176449185 0.015587565665815527 False True -0.057933796147868616 38.674366354042874 -19.315549369152496 -1.401672022897479 0.7558973804321318 -0.1544138300240394
575 245 1608.0 1619 148.23051405700033 7.6899999999999995 0.01747014176449185 0.015587565665815527 False True -0.057933796147868616 38.674366354042874 -19.315549369152496 -1.401672022897479 0.7558973804321318 -0.1544138300240394
575 246 1612.0 1623 148.96540069300033 7.6899999999999995 0.01747014176449185 0.015587565665815527 False True -0.057933796147868616 38.674366354042874 -19.315549369152496 -1.401672022897479 0.7558973804321318 -0.1544138300240394
575 247 1616.0 1627 149.68481192600035 7.6899999999999995 0.01747014176449185 0.015587565665815527 False True -0.057933796147868616 38.674366354042874 -19.315549369152496 -1.401672022897479 0.7558973804321318 -0.1544138300240394
575 248 1620.0 1631 150.41093106200034 7.6899999999999995 0.01747014176449185 0.12637326867302578 True False -0.057933796147868616 38.674366354042874 -19.315549369152496 -1.401672022897479 0.7558973804321318 -0.1544138300240394
575 249 1620.0 1631 150.86258064000035 7.6899999999999995 0.01747014176449185 0.12637326867302578 False True -0.057933796147868616 38.674366354042874 -19.315549369152496 -1.401672022897479 0.7558973804321318 -0.1544138300240394
575 250 1632.0 1643 151.57783548300034 7.6899999999999995 0.01747014176449185 0.12637326867302578 False True -0.057933796147868616 38.674366354042874 -19.315549369152496 -1.401672022897479 0.7558973804321318 -0.1544138300240394
575 251 1636.0 1647 152.29846617200033 7.6899999999999995 0.01747014176449185 0.12637326867302578 False True -0.057933796147868616 38.674366354042874 -19.315549369152496 -1.401672022897479 0.7558973804321318 -0.1544138300240394
575 252 1640.0 1651 153.01590828300033 7.6899999999999995 0.01747014176449185 0.001157648719770189 True False -0.057933796147868616 38.674366354042874 -19.315549369152496 -1.401672022897479 0.7558973804321318 -0.1544138300240394
575 253 1640.0 1651 153.44260234300035 7.6899999999999995 0.01747014176449185 0.001157648719770189 False True -0.057933796147868616 38.674366354042874 -19.315549369152496 -1.401672022897479 0.7558973804321318 -0.1544138300240394
575 254 1652.0 1663 154.18044147600034 7.91 0.001157648719770189 0.01747014176449185 False True -0.057933796147868616 38.674366354042874 -19.315549369152496 -1.401672022897479 0.7558973804321318 -0.1544138300240394
575 255 1656.0 1667 154.89936666600033 7.91 0.001157648719770189 0.01747014176449185 False True -0.057933796147868616 38.674366354042874 -19.315549369152496 -1.401672022897479 0.7558973804321318 -0.1544138300240394
575 256 1660.0 1671 155.63597590300031 7.91 0.001157648719770189 0.01747014176449185 False True -0.057933796147868616 38.674366354042874 -19.315549369152496 -1.401672022897479 0.7558973804321318 -0.1544138300240394
575 257 1664.0 1675 156.3566629690003 7.91 0.001157648719770189 0.01747014176449185 False True -0.057933796147868616 38.674366354042874 -19.315549369152496 -1.401672022897479 0.7558973804321318 -0.1544138300240394
575 258 1668.0 1679 157.0837646820003 7.91 0.001157648719770189 0.01747014176449185 False True -0.057933796147868616 38.674366354042874 -19.315549369152496 -1.401672022897479 0.7558973804321318 -0.1544138300240394
575 259 1672.0 1683 157.8006661040003 7.91 0.001157648719770189 0.01747014176449185 False True -0.057933796147868616 38.674366354042874 -19.315549369152496 -1.401672022897479 0.7558973804321318 -0.1544138300240394
575 260 1676.0 1687 158.5366102840003 7.91 0.001157648719770189 0.01747014176449185 False True -0.057933796147868616 38.674366354042874 -19.315549369152496 -1.401672022897479 0.7558973804321318 -0.1544138300240394
575 261 1680.0 1691 159.25501542100028 7.91 0.001157648719770189 0.01747014176449185 False True -0.057933796147868616 38.674366354042874 -19.315549369152496 -1.401672022897479 0.7558973804321318 -0.1544138300240394
575 262 1684.0 1695 159.98316166800026 7.91 0.001157648719770189 0.09187163618602662 True False -0.057933796147868616 38.674366354042874 -19.315549369152496 -1.401672022897479 0.7558973804321318 -0.1544138300240394
575 263 1684.0 1696 160.42313022100026 7.91 0.001157648719770189 0.09187163618602662 False True -0.057933796147868616 38.674366354042874 -19.315549369152496 -1.401672022897479 0.7558973804321318 -0.1544138300240394
575 264 1696.0 1708 161.13500649000025 7.91 0.001157648719770189 0.01747014176449185 False True -0.057933796147868616 38.674366354042874 -19.315549369152496 -1.401672022897479 0.7558973804321318 -0.1544138300240394
575 265 1700.0 1712 161.85775624400026 7.91 0.001157648719770189 0.01747014176449185 False True -0.057933796147868616 38.674366354042874 -19.315549369152496 -1.401672022897479 0.7558973804321318 -0.1544138300240394
575 266 1704.0 1716 162.55997536300026 7.91 0.001157648719770189 0.01747014176449185 False True -0.057933796147868616 38.674366354042874 -19.315549369152496 -1.401672022897479 0.7558973804321318 -0.1544138300240394
575 267 1708.0 1720 163.28132169000025 7.6899999999999995 0.01747014176449185 0.001157648719770189 False True -0.057933796147868616 38.674366354042874 -19.315549369152496 -1.401672022897479 0.7558973804321318 -0.1544138300240394
575 268 1712.0 1724 163.99477984800026 7.91 0.001157648719770189 0.01747014176449185 False True -0.057933796147868616 38.674366354042874 -19.315549369152496 -1.401672022897479 0.7558973804321318 -0.1544138300240394
575 269 1716.0 1728 164.71727185300026 7.6899999999999995 0.01747014176449185 0.001157648719770189 False True -0.057933796147868616 38.674366354042874 -19.315549369152496 -1.401672022897479 0.7558973804321318 -0.1544138300240394
575 270 1720.0 1732 165.42017046000024 7.6899999999999995 0.01747014176449185 0.001157648719770189 False True -0.057933796147868616 38.674366354042874 -19.315549369152496 -1.401672022897479 0.7558973804321318 -0.1544138300240394
575 271 1724.0 1736 166.14208682300026 7.6899999999999995 0.01747014176449185 0.1455120086464827 True False -0.057933796147868616 38.674366354042874 -19.315549369152496 -1.401672022897479 0.7558973804321318 -0.1544138300240394
575 272 1724.0 1736 166.59791609700025 7.6899999999999995 0.01747014176449185 0.1455120086464827 False True -0.057933796147868616 38.674366354042874 -19.315549369152496 -1.401672022897479 0.7558973804321318 -0.1544138300240394
575 273 1736.0 1748 167.31759707000026 7.6899999999999995 0.01747014176449185 0.1455120086464827 False True -0.057933796147868616 38.674366354042874 -19.315549369152496 -1.401672022897479 0.7558973804321318 -0.1544138300240394
575 274 1740.0 1752 168.05567415000027 7.6899999999999995 0.01747014176449185 0.05289428950594871 True False -0.057933796147868616 38.674366354042874 -19.315549369152496 -1.401672022897479 0.7558973804321318 -0.1544138300240394
575 275 1740.0 1752 168.4963707100003 7.6899999999999995 0.01747014176449185 0.05289428950594871 False True -0.057933796147868616 38.674366354042874 -19.315549369152496 -1.401672022897479 0.7558973804321318 -0.1544138300240394
575 276 1752.0 1764 169.1996464030003 7.6899999999999995 0.01747014176449185 0.001157648719770189 False True -0.057933796147868616 38.674366354042874 -19.315549369152496 -1.401672022897479 0.7558973804321318 -0.1544138300240394
575 277 1756.0 1768 169.9219948620003 7.6899999999999995 0.01747014176449185 0.11674802035049217 True False -0.057933796147868616 38.674366354042874 -19.315549369152496 -1.401672022897479 0.7558973804321318 -0.1544138300240394
575 278 1756.0 1768 170.3765148960003 7.6899999999999995 0.01747014176449185 0.11674802035049217 False True -0.057933796147868616 38.674366354042874 -19.315549369152496 -1.401672022897479 0.7558973804321318 -0.1544138300240394
575 279 1768.0 1780 171.09470265000027 7.6899999999999995 0.01747014176449185 0.06001173431730196 True False -0.057933796147868616 38.674366354042874 -19.315549369152496 -1.401672022897479 0.7558973804321318 -0.1544138300240394
575 280 1768.0 1780 171.51363549300027 7.6899999999999995 0.01747014176449185 0.06001173431730196 False True -0.057933796147868616 38.674366354042874 -19.315549369152496 -1.401672022897479 0.7558973804321318 -0.1544138300240394
575 281 1780.0 1792 172.23537564300025 7.6899999999999995 0.01747014176449185 0.0011374023404992848 True False -0.057933796147868616 38.674366354042874 -19.315549369152496 -1.401672022897479 0.7558973804321318 -0.1544138300240394
575 282 1780.0 1792 172.69236930000025 7.6899999999999995 0.01747014176449185 0.0011374023404992848 False True -0.057933796147868616 38.674366354042874 -19.315549369152496 -1.401672022897479 0.7558973804321318 -0.1544138300240394
575 283 1792.0 1804 173.41321688400026 7.6899999999999995 0.01747014176449185 0.0011374023404992848 False True -0.057933796147868616 38.674366354042874 -19.315549369152496 -1.401672022897479 0.7558973804321318 -0.1544138300240394
575 284 1796.0 1808 174.14170546500026 7.82 0.0011374023404992848 0.01747014176449185 False True -0.057933796147868616 38.674366354042874 -19.315549369152496 -1.401672022897479 0.7558973804321318 -0.1544138300240394
575 285 1800.0 1812 174.87579979100028 7.82 0.0011374023404992848 0.01747014176449185 False True -0.057933796147868616 38.674366354042874 -19.315549369152496 -1.401672022897479 0.7558973804321318 -0.1544138300240394
575 286 1804.0 1816 175.61777154400028 7.6899999999999995 0.01747014176449185 0.0011374023404992848 False True -0.057933796147868616 38.674366354042874 -19.315549369152496 -1.401672022897479 0.7558973804321318 -0.1544138300240394
575 287 1808.0 1820 176.3389091150003 7.82 0.0011374023404992848 0.01747014176449185 False True -0.057933796147868616 38.674366354042874 -19.315549369152496 -1.401672022897479 0.7558973804321318 -0.1544138300240394
575 288 1812.0 1824 177.0780334030003 7.82 0.0011374023404992848 0.01747014176449185 False True -0.057933796147868616 38.674366354042874 -19.315549369152496 -1.401672022897479 0.7558973804321318 -0.1544138300240394
575 289 1816.0 1828 177.7994602800003 7.6899999999999995 0.01747014176449185 0.0011374023404992848 False True -0.057933796147868616 38.674366354042874 -19.315549369152496 -1.401672022897479 0.7558973804321318 -0.1544138300240394
575 290 1820.0 1832 178.5433569980003 7.6899999999999995 0.01747014176449185 0.0011374023404992848 False True -0.057933796147868616 38.674366354042874 -19.315549369152496 -1.401672022897479 0.7558973804321318 -0.1544138300240394
575 291 1824.0 1836 179.2607117500003 7.6899999999999995 0.01747014176449185 0.0011374023404992848 False True -0.057933796147868616 38.674366354042874 -19.315549369152496 -1.401672022897479 0.7558973804321318 -0.1544138300240394
575 292 1828.0 1840 180.0006058470003 7.6899999999999995 0.01747014176449185 0.21040890949472846 True False -0.057933796147868616 38.674366354042874 -19.315549369152496 -1.401672022897479 0.7558973804321318 -0.1544138300240394
575 293 1828.0 1840 180.4542248820003 7.6899999999999995 0.01747014176449185 0.21040890949472846 False True -0.057933796147868616 38.674366354042874 -19.315549369152496 -1.401672022897479 0.7558973804321318 -0.1544138300240394
575 294 1840.0 1852 181.1603156880003 7.6899999999999995 0.01747014176449185 0.23782459185876006 True False -0.057933796147868616 38.674366354042874 -19.315549369152496 -1.401672022897479 0.7558973804321318 -0.1544138300240394
575 295 1840.0 1852 181.59825728900032 7.6899999999999995 0.01747014176449185 0.23782459185876006 False True -0.057933796147868616 38.674366354042874 -19.315549369152496 -1.401672022897479 0.7558973804321318 -0.1544138300240394
575 296 1852.0 1864 182.3355217310003 7.6899999999999995 0.01747014176449185 0.0017328290351446198 False True -0.057933796147868616 38.674366354042874 -19.315549369152496 -1.401672022897479 0.7558973804321318 -0.1544138300240394
575 297 1856.0 1868 183.0540636420003 7.6899999999999995 0.01747014176449185 0.458751332958966 True False -0.057933796147868616 38.674366354042874 -19.315549369152496 -1.401672022897479 0.7558973804321318 -0.1544138300240394
575 298 1856.0 1868 183.4753772530003 7.6899999999999995 0.01747014176449185 0.458751332958966 False True -0.057933796147868616 38.674366354042874 -19.315549369152496 -1.401672022897479 0.7558973804321318 -0.1544138300240394
575 299 1868.0 1880 184.21020901600028 7.6899999999999995 0.01747014176449185 0.07691595922114113 True False -0.057933796147868616 38.674366354042874 -19.315549369152496 -1.401672022897479 0.7558973804321318 -0.1544138300240394
575 300 1868.0 1880 184.65907704000026 7.6899999999999995 0.01747014176449185 0.07691595922114113 False True -0.057933796147868616 38.674366354042874 -19.315549369152496 -1.401672022897479 0.7558973804321318 -0.1544138300240394
575 301 1880.0 1892 185.39324708300026 7.6899999999999995 0.01747014176449185 0.07691595922114113 False True -0.057933796147868616 38.674366354042874 -19.315549369152496 -1.401672022897479 0.7558973804321318 -0.1544138300240394
575 302 1884.0 1896 186.13722114100025 7.6899999999999995 0.01747014176449185 0.07691595922114113 False True -0.057933796147868616 38.674366354042874 -19.315549369152496 -1.401672022897479 0.7558973804321318 -0.1544138300240394
575 303 1888.0 1900 186.87073732800027 1.6300000000000001 0.07691595922114113 0.001157648719770189 False True -0.057933796147868616 38.674366354042874 -19.315549369152496 -1.401672022897479 0.7558973804321318 -0.1544138300240394
575 304 1892.0 1904 187.6129569320003 7.6899999999999995 0.01747014176449185 0.07691595922114113 False True -0.057933796147868616 38.674366354042874 -19.315549369152496 -1.401672022897479 0.7558973804321318 -0.1544138300240394
575 305 1896.0 1908 188.3376690560003 7.6899999999999995 0.01747014176449185 0.07691595922114113 False True -0.057933796147868616 38.674366354042874 -19.315549369152496 -1.401672022897479 0.7558973804321318 -0.1544138300240394
575 306 1900.0 1912 189.08875205100028 7.6899999999999995 0.01747014176449185 0.07691595922114113 False True -0.057933796147868616 38.674366354042874 -19.315549369152496 -1.401672022897479 0.7558973804321318 -0.1544138300240394
575 307 1904.0 1916 189.81414865200028 7.6899999999999995 0.01747014176449185 0.07691595922114113 False True -0.057933796147868616 38.674366354042874 -19.315549369152496 -1.401672022897479 0.7558973804321318 -0.1544138300240394
575 308 1908.0 1920 190.55616444600028 7.6899999999999995 0.01747014176449185 0.07691595922114113 False True -0.057933796147868616 38.674366354042874 -19.315549369152496 -1.401672022897479 0.7558973804321318 -0.1544138300240394
575 309 1912.0 1924 191.2917171190003 7.6899999999999995 0.01747014176449185 0.015587565665815527 False True -0.057933796147868616 38.674366354042874 -19.315549369152496 -1.401672022897479 0.7558973804321318 -0.1544138300240394
575 310 1916.0 1928 192.0334274590003 8.03 0.015587565665815527 0.01747014176449185 False True -0.057933796147868616 38.674366354042874 -19.315549369152496 -1.401672022897479 0.7558973804321318 -0.1544138300240394
575 311 1920.0 1932 192.7552517250003 8.03 0.015587565665815527 0.01747014176449185 False True -0.057933796147868616 38.674366354042874 -19.315549369152496 -1.401672022897479 0.7558973804321318 -0.1544138300240394
575 312 1924.0 1936 193.5017313410003 8.03 0.015587565665815527 0.01747014176449185 False True -0.057933796147868616 38.674366354042874 -19.315549369152496 -1.401672022897479 0.7558973804321318 -0.1544138300240394
575 313 1928.0 1940 194.24332556200025 8.03 0.015587565665815527 0.01747014176449185 False True -0.057933796147868616 38.674366354042874 -19.315549369152496 -1.401672022897479 0.7558973804321318 -0.1544138300240394
575 314 1932.0 1944 194.98114098700026 8.03 0.015587565665815527 0.01747014176449185 False True -0.057933796147868616 38.674366354042874 -19.315549369152496 -1.401672022897479 0.7558973804321318 -0.1544138300240394
575 315 1936.0 1948 195.70018792000027 8.03 0.015587565665815527 0.01747014176449185 False True -0.057933796147868616 38.674366354042874 -19.315549369152496 -1.401672022897479 0.7558973804321318 -0.1544138300240394
575 316 1940.0 1952 196.43623004400033 8.03 0.015587565665815527 0.01747014176449185 False True -0.057933796147868616 38.674366354042874 -19.315549369152496 -1.401672022897479 0.7558973804321318 -0.1544138300240394
575 317 1944.0 1956 197.15648298700032 8.03 0.015587565665815527 0.01747014176449185 False True -0.057933796147868616 38.674366354042874 -19.315549369152496 -1.401672022897479 0.7558973804321318 -0.1544138300240394
575 318 1948.0 1960 197.88193984600034 8.03 0.015587565665815527 0.01747014176449185 False True -0.057933796147868616 38.674366354042874 -19.315549369152496 -1.401672022897479 0.7558973804321318 -0.1544138300240394
575 319 1952.0 1964 198.60013589700029 7.6899999999999995 0.01747014176449185 0.021687972993983635 True False -0.057933796147868616 38.674366354042874 -19.315549369152496 -1.401672022897479 0.7558973804321318 -0.1544138300240394
575 320 1952.0 1965 199.02304142000028 7.6899999999999995 0.01747014176449185 0.021687972993983635 False True -0.057933796147868616 38.674366354042874 -19.315549369152496 -1.401672022897479 0.7558973804321318 -0.1544138300240394
575 321 1964.0 1977 199.7565010400003 7.6899999999999995 0.01747014176449185 0.0003507975876636426 True False -0.057933796147868616 38.674366354042874 -19.315549369152496 -1.401672022897479 0.7558973804321318 -0.1544138300240394
575 322 1964.0 1977 200.2006136340003 7.6899999999999995 0.01747014176449185 0.0003507975876636426 False True -0.057933796147868616 38.674366354042874 -19.315549369152496 -1.401672022897479 0.7558973804321318 -0.1544138300240394
575 323 1976.0 1989 200.9189977640003 7.6899999999999995 0.01747014176449185 0.14951501091940794 False True -0.057933796147868616 38.674366354042874 -19.315549369152496 -1.401672022897479 0.7558973804321318 -0.1544138300240394
575 324 1980.0 1993 201.65758164400032 7.6899999999999995 0.01747014176449185 0.015587565665815527 False True -0.057933796147868616 38.674366354042874 -19.315549369152496 -1.401672022897479 0.7558973804321318 -0.1544138300240394
575 325 1984.0 1997 202.37728524400032 7.6899999999999995 0.01747014176449185 0.015587565665815527 False True -0.057933796147868616 38.674366354042874 -19.315549369152496 -1.401672022897479 0.7558973804321318 -0.1544138300240394
