253 0 200.0 201 0.6752687350000031 8.22 0.07704836411654134 0.14767833421744384 False True -0.12304223588426248 62.51261486361645 -31.242506618045404 -1.5407560182334203 52.69099263828782 -26.3422868467467
253 1 212.0 213 1.3947352520000038 8.22 0.07704836411654134 0.1083280146543118 True False -0.12304223588426248 62.51261486361645 -31.242506618045404 -1.5407560182334203 52.69099263828782 -26.3422868467467
253 2 212.0 213 1.8403090510000055 8.22 0.07704836411654134 0.1083280146543118 False True -0.12304223588426248 62.51261486361645 -31.242506618045404 -1.5407560182334203 52.69099263828782 -26.3422868467467
253 3 224.0 225 2.5394241260000143 8.22 0.07704836411654134 0.031172865409687084 True False -0.12304223588426248 62.51261486361645 -31.242506618045404 -1.5407560182334203 52.69099263828782 -26.3422868467467
253 4 224.0 225 2.9541744410000064 8.22 0.07704836411654134 0.031172865409687084 False True -0.12304223588426248 62.51261486361645 -31.242506618045404 -1.5407560182334203 52.69099263828782 -26.3422868467467
253 5 236.0 237 3.6407006639999935 8.09 0.031172865409687084 0.011260530348020006 True False -0.12304223588426248 62.51261486361645 -31.242506618045404 -1.5407560182334203 52.69099263828782 -26.3422868467467
253 6 236.0 237 4.082248096000001 8.09 0.031172865409687084 0.011260530348020006 False True -0.12304223588426248 62.51261486361645 -31.242506618045404 -1.5407560182334203 52.69099263828782 -26.3422868467467
253 7 248.0 249 4.778664396000011 8.09 0.031172865409687084 0.018896573997949116 True False -0.12304223588426248 62.51261486361645 -31.242506618045404 -1.5407560182334203 52.69099263828782 -26.3422868467467
253 8 248.0 249 5.180718452000008 8.09 0.031172865409687084 0.018896573997949116 False True -0.12304223588426248 62.51261486361645 -31.242506618045404 -1.5407560182334203 52.69099263828782 -26.3422868467467
253 9 260.0 261 5.861595324000007 8.09 0.031172865409687084 0.0012480492161368718 True False -0.12304223588426248 62.51261486361645 -31.242506618045404 -1.5407560182334203 52.69099263828782 -26.3422868467467
253 10 260.0 261 6.302265720000008 8.09 0.031172865409687084 0.0012480492161368718 False True -0.12304223588426248 62.51261486361645 -31.242506618045404 -1.5407560182334203 52.69099263828782 -26.3422868467467
253 11 272.0 273 6.998843692000008 7.91 0.0012480492161368718 0.001226221802218358 True False -0.12304223588426248 62.51261486361645 -31.242506618045404 -1.5407560182334203 52.69099263828782 -26.3422868467467
253 12 272.0 273 7.414868763000001 7.91 0.0012480492161368718 0.001226221802218358 False True -0.12304223588426248 62.51261486361645 -31.242506618045404 -1.5407560182334203 52.69099263828782 -26.3422868467467
253 13 284.0 285 8.116230310999995 8.04 0.018896573997949116 0.005581073132634433 True False -0.12304223588426248 62.51261486361645 -31.242506618045404 -1.5407560182334203 52.69099263828782 -26.3422868467467
253 14 284.0 285 8.559235174000008 8.04 0.018896573997949116 0.005581073132634433 False True -0.12304223588426248 62.51261486361645 -31.242506618045404 -1.5407560182334203 52.69099263828782 -26.3422868467467
253 15 296.0 297 9.256134304000014 7.91 0.0012480492161368718 0.04315869436792606 True False -0.12304223588426248 62.51261486361645 -31.242506618045404 -1.5407560182334203 52.69099263828782 -26.3422868467467
253 16 296.0 298 9.671499532000013 7.91 0.0012480492161368718 0.04315869436792606 False True -0.12304223588426248 62.51261486361645 -31.242506618045404 -1.5407560182334203 52.69099263828782 -26.3422868467467
253 17 308.0 310 10.353355145000023 8.09 0.031172865409687084 0.012986568603283405 True False -0.12304223588426248 62.51261486361645 -31.242506618045404 -1.5407560182334203 52.69099263828782 -26.3422868467467
253 18 308.0 310 10.793895583000022 8.09 0.031172865409687084 0.012986568603283405 False True -0.12304223588426248 62.51261486361645 -31.242506618045404 -1.5407560182334203 52.69099263828782 -26.3422868467467
253 19 320.0 322 11.491285248000025 8.01 0.012986568603283405 0.02589986929615017 True False -0.12304223588426248 62.51261486361645 -31.242506618045404 -1.5407560182334203 52.69099263828782 -26.3422868467467
253 20 320.0 322 11.89854880400003 8.01 0.012986568603283405 0.02589986929615017 False True -0.12304223588426248 62.51261486361645 -31.242506618045404 -1.5407560182334203 52.69099263828782 -26.3422868467467
253 21 332.0 334 12.595058214000034 8.01 0.012986568603283405 0.09050442319191702 True False -0.12304223588426248 62.51261486361645 -31.242506618045404 -1.5407560182334203 52.69099263828782 -26.3422868467467
253 22 332.0 334 13.037190934000037 8.01 0.012986568603283405 0.09050442319191702 False True -0.12304223588426248 62.51261486361645 -31.242506618045404 -1.5407560182334203 52.69099263828782 -26.3422868467467
253 23 344.0 346 13.754418952000037 8.01 0.012986568603283405 0.009656794033591987 True False -0.12304223588426248 62.51261486361645 -31.242506618045404 -1.5407560182334203 52.69099263828782 -26.3422868467467
253 24 344.0 346 14.158902558000037 8.01 0.012986568603283405 0.009656794033591987 False True -0.12304223588426248 62.51261486361645 -31.242506618045404 -1.5407560182334203 52.69099263828782 -26.3422868467467
253 25 356.0 358 14.876802018000035 8.01 0.012986568603283405 0.14240393328026463 True False -0.12304223588426248 62.51261486361645 -31.242506618045404 -1.5407560182334203 52.69099263828782 -26.3422868467467
253 26 356.0 358 15.33109220300004 8.01 0.012986568603283405 0.14240393328026463 False True -0.12304223588426248 62.51261486361645 -31.242506618045404 -1.5407560182334203 52.69099263828782 -26.3422868467467
253 27 368.0 370 16.031446880000047 8.01 0.012986568603283405 0.10988393007265476 True False -0.12304223588426248 62.51261486361645 -31.242506618045404 -1.5407560182334203 52.69099263828782 -26.3422868467467
253 28 368.0 370 16.438761591000045 8.01 0.012986568603283405 0.10988393007265476 False True -0.12304223588426248 62.51261486361645 -31.242506618045404 -1.5407560182334203 52.69099263828782 -26.3422868467467
253 29 380.0 382 17.13428922600005 8.01 0.012986568603283405 0.21208983850517824 True False -0.12304223588426248 62.51261486361645 -31.242506618045404 -1.5407560182334203 52.69099263828782 -26.3422868467467
253 30 380.0 382 17.577094797000058 8.01 0.012986568603283405 0.21208983850517824 False True -0.12304223588426248 62.51261486361645 -31.242506618045404 -1.5407560182334203 52.69099263828782 -26.3422868467467
253 31 392.0 394 18.311723078000057 8.01 0.012986568603283405 0.08202848700480023 True False -0.12304223588426248 62.51261486361645 -31.242506618045404 -1.5407560182334203 52.69099263828782 -26.3422868467467
253 32 392.0 394 18.739320308000046 8.01 0.012986568603283405 0.08202848700480023 False True -0.12304223588426248 62.51261486361645 -31.242506618045404 -1.5407560182334203 52.69099263828782 -26.3422868467467
253 33 404.0 406 19.435310822000048 8.0 0.011260530348020006 0.014834722802203328 True False -0.12304223588426248 62.51261486361645 -31.242506618045404 -1.5407560182334203 52.69099263828782 -26.3422868467467
253 34 404.0 406 19.856897647000054 8.0 0.011260530348020006 0.014834722802203328 False True -0.12304223588426248 62.51261486361645 -31.242506618045404 -1.5407560182334203 52.69099263828782 -26.3422868467467
253 35 416.0 418 20.576402384000062 8.01 0.012986568603283405 0.12028148725995966 True False -0.12304223588426248 62.51261486361645 -31.242506618045404 -1.5407560182334203 52.69099263828782 -26.3422868467467
253 36 416.0 419 21.015684978000067 8.01 0.012986568603283405 0.12028148725995966 False True -0.12304223588426248 62.51261486361645 -31.242506618045404 -1.5407560182334203 52.69099263828782 -26.3422868467467
253 37 428.0 431 21.712767109000055 8.01 0.012986568603283405 0.0018681452171784676 True False -0.12304223588426248 62.51261486361645 -31.242506618045404 -1.5407560182334203 52.69099263828782 -26.3422868467467
253 38 428.0 431 22.134154028000054 8.01 0.012986568603283405 0.0018681452171784676 False True -0.12304223588426248 62.51261486361645 -31.242506618045404 -1.5407560182334203 52.69099263828782 -26.3422868467467
253 39 440.0 443 22.851071080000054 8.01 0.012986568603283405 0.0007513768885858161 True False -0.12304223588426248 62.51261486361645 -31.242506618045404 -1.5407560182334203 52.69099263828782 -26.3422868467467
253 40 440.0 443 23.312342091000062 8.01 0.012986568603283405 0.0007513768885858161 False True -0.12304223588426248 62.51261486361645 -31.242506618045404 -1.5407560182334203 52.69099263828782 -26.3422868467467
253 41 452.0 455 23.996099253000054 7.91 0.0012480492161368718 0.016804794734766357 True False -0.12304223588426248 62.51261486361645 -31.242506618045404 -1.5407560182334203 52.69099263828782 -26.3422868467467
253 42 452.0 455 24.41600261800005 7.91 0.0012480492161368718 0.016804794734766357 False True -0.12304223588426248 62.51261486361645 -31.242506618045404 -1.5407560182334203 52.69099263828782 -26.3422868467467
253 43 464.0 467 25.115569639000043 8.03 0.016804794734766357 0.3115306257315397 True False -0.12304223588426248 62.51261486361645 -31.242506618045404 -1.5407560182334203 52.69099263828782 -26.3422868467467
253 44 464.0 467 25.55476779100003 8.03 0.016804794734766357 0.3115306257315397 False True -0.12304223588426248 62.51261486361645 -31.242506618045404 -1.5407560182334203 52.69099263828782 -26.3422868467467
253 45 476.0 479 26.25025350800003 8.03 0.016804794734766357 0.26386806641821525 True False -0.12304223588426248 62.51261486361645 -31.242506618045404 -1.5407560182334203 52.69099263828782 -26.3422868467467
253 46 476.0 479 26.670430931000027 8.03 0.016804794734766357 0.26386806641821525 False True -0.12304223588426248 62.51261486361645 -31.242506618045404 -1.5407560182334203 52.69099263828782 -26.3422868467467
253 47 488.0 491 27.396573936000024 7.2 0.26386806641821525 0.2487572183082697 True False -0.12304223588426248 62.51261486361645 -31.242506618045404 -1.5407560182334203 52.69099263828782 -26.3422868467467
253 48 488.0 491 27.833574830000032 7.2 0.26386806641821525 0.2487572183082697 False True -0.12304223588426248 62.51261486361645 -31.242506618045404 -1.5407560182334203 52.69099263828782 -26.3422868467467
253 49 500.0 503 28.529408807000024 8.03 0.016804794734766357 0.40751434074604387 True False -0.12304223588426248 62.51261486361645 -31.242506618045404 -1.5407560182334203 52.69099263828782 -26.3422868467467
253 50 500.0 503 28.95608477400002 8.03 0.016804794734766357 0.40751434074604387 False True -0.12304223588426248 62.51261486361645 -31.242506618045404 -1.5407560182334203 52.69099263828782 -26.3422868467467
253 51 512.0 515 29.671616373000006 8.03 0.016804794734766357 0.09512923770891926 True False -0.12304223588426248 62.51261486361645 -31.242506618045404 -1.5407560182334203 52.69099263828782 -26.3422868467467
253 52 512.0 515 30.110478166000007 8.03 0.016804794734766357 0.09512923770891926 False True -0.12304223588426248 62.51261486361645 -31.242506618045404 -1.5407560182334203 52.69099263828782 -26.3422868467467
253 53 524.0 527 30.80533183900002 8.09 0.031172865409687084 0.021109838016754055 True False -0.12304223588426248 62.51261486361645 -31.242506618045404 -1.5407560182334203 52.69099263828782 -26.3422868467467
253 54 524.0 527 31.227117394000018 8.09 0.031172865409687084 0.021109838016754055 False True -0.12304223588426248 62.51261486361645 -31.242506618045404 -1.5407560182334203 52.69099263828782 -26.3422868467467
253 55 536.0 539 31.92687832900002 8.03 0.016804794734766357 0.05704729206183351 True False -0.12304223588426248 62.51261486361645 -31.242506618045404 -1.5407560182334203 52.69099263828782 -26.3422868467467
253 56 536.0 540 32.36477611400002 8.03 0.016804794734766357 0.05704729206183351 False True -0.12304223588426248 62.51261486361645 -31.242506618045404 -1.5407560182334203 52.69099263828782 -26.3422868467467
253 57 548.0 552 33.06257742600003 8.03 0.016804794734766357 0.16626565135432006 True False -0.12304223588426248 62.51261486361645 -31.242506618045404 -1.5407560182334203 52.69099263828782 -26.3422868467467
253 58 548.0 552 33.484769248000035 8.03 0.016804794734766357 0.16626565135432006 False True -0.12304223588426248 62.51261486361645 -31.242506618045404 -1.5407560182334203 52.69099263828782 -26.3422868467467
253 59 560.0 564 34.171547259000036 8.01 0.012986568603283405 0.15411975842083395 True False -0.12304223588426248 62.51261486361645 -31.242506618045404 -1.5407560182334203 52.69099263828782 -26.3422868467467
253 60 560.0 564 34.58571463300002 8.01 0.012986568603283405 0.15411975842083395 False True -0.12304223588426248 62.51261486361645 -31.242506618045404 -1.5407560182334203 52.69099263828782 -26.3422868467467
253 61 572.0 576 35.32039180200002 8.03 0.016804794734766357 0.28726823651830397 True False -0.12304223588426248 62.51261486361645 -31.242506618045404 -1.5407560182334203 52.69099263828782 -26.3422868467467
253 62 572.0 576 35.76178702100002 8.03 0.016804794734766357 0.28726823651830397 False True -0.12304223588426248 62.51261486361645 -31.242506618045404 -1.5407560182334203 52.69099263828782 -26.3422868467467
253 63 584.0 588 36.46312844000002 8.03 0.016804794734766357 0.17883664632723256 True False -0.12304223588426248 62.51261486361645 -31.242506618045404 -1.5407560182334203 52.69099263828782 -26.3422868467467
253 64 584.0 588 36.879164785000015 8.03 0.016804794734766357 0.17883664632723256 False True -0.12304223588426248 62.51261486361645 -31.242506618045404 -1.5407560182334203 52.69099263828782 -26.3422868467467
253 65 596.0 600 37.56310243200002 7.2 0.26386806641821525 0.014834722802203328 False True -0.12304223588426248 62.51261486361645 -31.242506618045404 -1.5407560182334203 52.69099263828782 -26.3422868467467
253 66 600.0 604 38.259049389000026 7.2 0.26386806641821525 0.014834722802203328 False True -0.12304223588426248 62.51261486361645 -31.242506618045404 -1.5407560182334203 52.69099263828782 -26.3422868467467
253 67 604.0 608 38.964629087000034 8.02 0.014834722802203328 0.16049681414436426 True False -0.12304223588426248 62.51261486361645 -31.242506618045404 -1.5407560182334203 52.69099263828782 -26.3422868467467
253 68 604.0 608 39.424615198000026 8.02 0.014834722802203328 0.16049681414436426 False True -0.12304223588426248 62.51261486361645 -31.242506618045404 -1.5407560182334203 52.69099263828782 -26.3422868467467
253 69 616.0 620 40.12642250700003 8.02 0.014834722802203328 0.1426762313128895 True False -0.12304223588426248 62.51261486361645 -31.242506618045404 -1.5407560182334203 52.69099263828782 -26.3422868467467
253 70 616.0 620 40.56290164000002 8.02 0.014834722802203328 0.1426762313128895 False True -0.12304223588426248 62.51261486361645 -31.242506618045404 -1.5407560182334203 52.69099263828782 -26.3422868467467
253 71 628.0 632 41.283477619000024 8.04 0.018896573997949116 0.14850720059937814 True False -0.12304223588426248 62.51261486361645 -31.242506618045404 -1.5407560182334203 52.69099263828782 -26.3422868467467
253 72 628.0 632 41.76216115700002 8.04 0.018896573997949116 0.14850720059937814 False True -0.12304223588426248 62.51261486361645 -31.242506618045404 -1.5407560182334203 52.69099263828782 -26.3422868467467
253 73 640.0 644 42.462440461000014 8.09 0.031172865409687084 0.014834722802203328 False True -0.12304223588426248 62.51261486361645 -31.242506618045404 -1.5407560182334203 52.69099263828782 -26.3422868467467
253 74 644.0 648 43.160325860000015 8.09 0.031172865409687084 0.014834722802203328 False True -0.12304223588426248 62.51261486361645 -31.242506618045404 -1.5407560182334203 52.69099263828782 -26.3422868467467
253 75 648.0 652 43.90950449500002 8.02 0.014834722802203328 0.20920423894667434 True False -0.12304223588426248 62.51261486361645 -31.242506618045404 -1.5407560182334203 52.69099263828782 -26.3422868467467
253 76 648.0 652 44.31339271700003 8.02 0.014834722802203328 0.20920423894667434 False True -0.12304223588426248 62.51261486361645 -31.242506618045404 -1.5407560182334203 52.69099263828782 -26.3422868467467
253 77 660.0 664 44.984706663000026 8.09 0.031172865409687084 0.1784234251095177 True False -0.12304223588426248 62.51261486361645 -31.242506618045404 -1.5407560182334203 52.69099263828782 -26.3422868467467
253 78 660.0 664 45.39170531200003 8.09 0.031172865409687084 0.1784234251095177 False True -0.12304223588426248 62.51261486361645 -31.242506618045404 -1.5407560182334203 52.69099263828782 -26.3422868467467
253 79 672.0 676 46.06450610300003 1.98 0.1784234251095177 0.2627762765083892 True False -0.12304223588426248 62.51261486361645 -31.242506618045404 -1.5407560182334203 52.69099263828782 -26.3422868467467
253 80 672.0 677 46.470644740000026 1.98 0.1784234251095177 0.2627762765083892 False True -0.12304223588426248 62.51261486361645 -31.242506618045404 -1.5407560182334203 52.69099263828782 -26.3422868467467
253 81 684.0 689 47.15240361400002 1.98 0.1784234251095177 0.18823549055650174 True False -0.12304223588426248 62.51261486361645 -31.242506618045404 -1.5407560182334203 52.69099263828782 -26.3422868467467
253 82 684.0 689 47.62705278200002 1.98 0.1784234251095177 0.18823549055650174 False True -0.12304223588426248 62.51261486361645 -31.242506618045404 -1.5407560182334203 52.69099263828782 -26.3422868467467
253 83 696.0 701 48.34814925400002 1.98 0.1784234251095177 0.16906499290784932 True False -0.12304223588426248 62.51261486361645 -31.242506618045404 -1.5407560182334203 52.69099263828782 -26.3422868467467
253 84 696.0 701 48.807329352000025 1.98 0.1784234251095177 0.16906499290784932 False True -0.12304223588426248 62.51261486361645 -31.242506618045404 -1.5407560182334203 52.69099263828782 -26.3422868467467
253 85 708.0 713 49.50463472800003 1.98 0.1784234251095177 0.028414894276676227 True False -0.12304223588426248 62.51261486361645 -31.242506618045404 -1.5407560182334203 52.69099263828782 -26.3422868467467
253 86 708.0 713 49.92514272300002 1.98 0.1784234251095177 0.028414894276676227 False True -0.12304223588426248 62.51261486361645 -31.242506618045404 -1.5407560182334203 52.69099263828782 -26.3422868467467
253 87 720.0 725 50.61281084300002 1.98 0.1784234251095177 0.01883438072587549 True False -0.12304223588426248 62.51261486361645 -31.242506618045404 -1.5407560182334203 52.69099263828782 -26.3422868467467
253 88 720.0 725 51.08359079000002 1.98 0.1784234251095177 0.01883438072587549 False True -0.12304223588426248 62.51261486361645 -31.242506618045404 -1.5407560182334203 52.69099263828782 -26.3422868467467
253 89 732.0 737 51.768781941000015 1.98 0.1784234251095177 0.039932037601783515 True False -0.12304223588426248 62.51261486361645 -31.242506618045404 -1.5407560182334203 52.69099263828782 -26.3422868467467
253 90 732.0 737 52.19256726400002 1.98 0.1784234251095177 0.039932037601783515 False True -0.12304223588426248 62.51261486361645 -31.242506618045404 -1.5407560182334203 52.69099263828782 -26.3422868467467
253 91 744.0 749 52.89028699300002 8.09 0.031172865409687084 0.031113254679899692 True False -0.12304223588426248 62.51261486361645 -31.242506618045404 -1.5407560182334203 52.69099263828782 -26.3422868467467
253 92 744.0 749 53.349018929000025 8.09 0.031172865409687084 0.031113254679899692 False True -0.12304223588426248 62.51261486361645 -31.242506618045404 -1.5407560182334203 52.69099263828782 -26.3422868467467
253 93 756.0 761 54.06831958200003 1.98 0.1784234251095177 0.031172865409687084 False True -0.12304223588426248 62.51261486361645 -31.242506618045404 -1.5407560182334203 52.69099263828782 -26.3422868467467
253 94 760.0 765 54.76423040800003 7.65 0.028414894276676227 0.016804794734766357 False True -0.12304223588426248 62.51261486361645 -31.242506618045404 -1.5407560182334203 52.69099263828782 -26.3422868467467
253 95 764.0 769 55.462860950000035 8.39 0.16626565135432006 0.018896573997949116 False True -0.12304223588426248 62.51261486361645 -31.242506618045404 -1.5407560182334203 52.69099263828782 -26.3422868467467
253 96 768.0 773 56.146567664000045 8.04 0.018896573997949116 0.23193688519037803 True False -0.12304223588426248 62.51261486361645 -31.242506618045404 -1.5407560182334203 52.69099263828782 -26.3422868467467
253 97 768.0 773 56.57123448300004 8.04 0.018896573997949116 0.23193688519037803 False True -0.12304223588426248 62.51261486361645 -31.242506618045404 -1.5407560182334203 52.69099263828782 -26.3422868467467
253 98 780.0 785 57.27111915900002 8.29 0.10988393007265476 0.016804794734766357 False True -0.12304223588426248 62.51261486361645 -31.242506618045404 -1.5407560182334203 52.69099263828782 -26.3422868467467
253 99 784.0 789 58.00312487900004 8.03 0.016804794734766357 0.31753193649141376 True False -0.12304223588426248 62.51261486361645 -31.242506618045404 -1.5407560182334203 52.69099263828782 -26.3422868467467
253 100 784.0 789 58.462544131000044 8.03 0.016804794734766357 0.31753193649141376 False True -0.12304223588426248 62.51261486361645 -31.242506618045404 -1.5407560182334203 52.69099263828782 -26.3422868467467
253 101 796.0 801 59.14742841800003 8.04 0.018896573997949116 0.30323342740725223 True False -0.12304223588426248 62.51261486361645 -31.242506618045404 -1.5407560182334203 52.69099263828782 -26.3422868467467
253 102 796.0 801 59.578239499000034 8.04 0.018896573997949116 0.30323342740725223 False True -0.12304223588426248 62.51261486361645 -31.242506618045404 -1.5407560182334203 52.69099263828782 -26.3422868467467
253 103 808.0 813 60.288434429000034 8.04 0.018896573997949116 0.355001218949498 True False -0.12304223588426248 62.51261486361645 -31.242506618045404 -1.5407560182334203 52.69099263828782 -26.3422868467467
253 104 808.0 814 60.733652619000026 8.04 0.018896573997949116 0.355001218949498 False True -0.12304223588426248 62.51261486361645 -31.242506618045404 -1.5407560182334203 52.69099263828782 -26.3422868467467
253 105 820.0 826 61.41111713700002 8.04 0.018896573997949116 0.1792915481051294 True False -0.12304223588426248 62.51261486361645 -31.242506618045404 -1.5407560182334203 52.69099263828782 -26.3422868467467
253 106 820.0 826 61.83183076900002 8.04 0.018896573997949116 0.1792915481051294 False True -0.12304223588426248 62.51261486361645 -31.242506618045404 -1.5407560182334203 52.69099263828782 -26.3422868467467
253 107 832.0 838 62.52453410800001 7.38 0.1426762313128895 0.014834722802203328 False True -0.12304223588426248 62.51261486361645 -31.242506618045404 -1.5407560182334203 52.69099263828782 -26.3422868467467
253 108 836.0 842 63.231311731000034 8.02 0.014834722802203328 0.31841424134209007 True False -0.12304223588426248 62.51261486361645 -31.242506618045404 -1.5407560182334203 52.69099263828782 -26.3422868467467
253 109 836.0 842 63.68939819900004 8.02 0.014834722802203328 0.31841424134209007 False True -0.12304223588426248 62.51261486361645 -31.242506618045404 -1.5407560182334203 52.69099263828782 -26.3422868467467
253 110 848.0 854 64.37219026100004 8.02 0.014834722802203328 0.08358985147466079 True False -0.12304223588426248 62.51261486361645 -31.242506618045404 -1.5407560182334203 52.69099263828782 -26.3422868467467
253 111 848.0 854 64.78813621500004 8.02 0.014834722802203328 0.08358985147466079 False True -0.12304223588426248 62.51261486361645 -31.242506618045404 -1.5407560182334203 52.69099263828782 -26.3422868467467
253 112 860.0 866 65.48389287900002 1.6400000000000001 0.08358985147466079 0.014834722802203328 False True -0.12304223588426248 62.51261486361645 -31.242506618045404 -1.5407560182334203 52.69099263828782 -26.3422868467467
253 113 864.0 870 66.16560837600002 1.6400000000000001 0.08358985147466079 0.014834722802203328 False True -0.12304223588426248 62.51261486361645 -31.242506618045404 -1.5407560182334203 52.69099263828782 -26.3422868467467
253 114 868.0 874 66.84836056400002 8.02 0.014834722802203328 0.08438071837528544 True False -0.12304223588426248 62.51261486361645 -31.242506618045404 -1.5407560182334203 52.69099263828782 -26.3422868467467
253 115 868.0 874 67.28837657100001 8.02 0.014834722802203328 0.08438071837528544 False True -0.12304223588426248 62.51261486361645 -31.242506618045404 -1.5407560182334203 52.69099263828782 -26.3422868467467
253 116 880.0 886 67.96757409600002 8.02 0.014834722802203328 0.053368239680061796 True False -0.12304223588426248 62.51261486361645 -31.242506618045404 -1.5407560182334203 52.69099263828782 -26.3422868467467
253 117 880.0 886 68.38400440900003 8.02 0.014834722802203328 0.053368239680061796 False True -0.12304223588426248 62.51261486361645 -31.242506618045404 -1.5407560182334203 52.69099263828782 -26.3422868467467
253 118 892.0 898 69.10302789600001 8.02 0.014834722802203328 0.049830354051595034 True False -0.12304223588426248 62.51261486361645 -31.242506618045404 -1.5407560182334203 52.69099263828782 -26.3422868467467
253 119 892.0 898 69.52802230300003 8.02 0.014834722802203328 0.049830354051595034 False True -0.12304223588426248 62.51261486361645 -31.242506618045404 -1.5407560182334203 52.69099263828782 -26.3422868467467
253 120 904.0 910 70.21223251300003 8.02 0.014834722802203328 0.060799656368299704 True False -0.12304223588426248 62.51261486361645 -31.242506618045404 -1.5407560182334203 52.69099263828782 -26.3422868467467
253 121 904.0 910 70.64418029600003 8.02 0.014834722802203328 0.060799656368299704 False True -0.12304223588426248 62.51261486361645 -31.242506618045404 -1.5407560182334203 52.69099263828782 -26.3422868467467
253 122 916.0 922 71.34290171700002 8.02 0.014834722802203328 0.00037819128275218695 True False -0.12304223588426248 62.51261486361645 -31.242506618045404 -1.5407560182334203 52.69099263828782 -26.3422868467467
253 123 916.0 922 71.79028993000003 8.02 0.014834722802203328 0.00037819128275218695 False True -0.12304223588426248 62.51261486361645 -31.242506618045404 -1.5407560182334203 52.69099263828782 -26.3422868467467
253 124 928.0 934 72.48263483200003 8.02 0.014834722802203328 0.09513367939615616 True False -0.12304223588426248 62.51261486361645 -31.242506618045404 -1.5407560182334203 52.69099263828782 -26.3422868467467
253 125 928.0 934 72.89111547200002 8.02 0.014834722802203328 0.09513367939615616 False True -0.12304223588426248 62.51261486361645 -31.242506618045404 -1.5407560182334203 52.69099263828782 -26.3422868467467
253 126 940.0 946 73.58868637300003 8.02 0.014834722802203328 0.1171768068426088 True False -0.12304223588426248 62.51261486361645 -31.242506618045404 -1.5407560182334203 52.69099263828782 -26.3422868467467
253 127 940.0 947 74.02501725500002 8.02 0.014834722802203328 0.1171768068426088 False True -0.12304223588426248 62.51261486361645 -31.242506618045404 -1.5407560182334203 52.69099263828782 -26.3422868467467
253 128 952.0 959 74.72358822000001 2.21 0.31753193649141376 0.10163197894229728 True False -0.12304223588426248 62.51261486361645 -31.242506618045404 -1.5407560182334203 52.69099263828782 -26.3422868467467
253 129 952.0 959 75.14766962200002 2.21 0.31753193649141376 0.10163197894229728 False True -0.12304223588426248 62.51261486361645 -31.242506618045404 -1.5407560182334203 52.69099263828782 -26.3422868467467
253 130 964.0 971 75.84460408100003 8.39 0.16626565135432006 0.15267591727005694 True False -0.12304223588426248 62.51261486361645 -31.242506618045404 -1.5407560182334203 52.69099263828782 -26.3422868467467
253 131 964.0 971 76.30386945700002 8.39 0.16626565135432006 0.15267591727005694 False True -0.12304223588426248 62.51261486361645 -31.242506618045404 -1.5407560182334203 52.69099263828782 -26.3422868467467
253 132 976.0 983 77.02371818400002 8.39 0.16626565135432006 0.4615400831686931 True False -0.12304223588426248 62.51261486361645 -31.242506618045404 -1.5407560182334203 52.69099263828782 -26.3422868467467
253 133 976.0 983 77.489967874 8.39 0.16626565135432006 0.4615400831686931 False True -0.12304223588426248 62.51261486361645 -31.242506618045404 -1.5407560182334203 52.69099263828782 -26.3422868467467
253 134 988.0 995 78.202234473 8.39 0.16626565135432006 0.012986568603283405 False True -0.12304223588426248 62.51261486361645 -31.242506618045404 -1.5407560182334203 52.69099263828782 -26.3422868467467
253 135 992.0 999 78.90446205200001 8.39 0.16626565135432006 0.008175533425751069 True False -0.12304223588426248 62.51261486361645 -31.242506618045404 -1.5407560182334203 52.69099263828782 -26.3422868467467
253 136 992.0 999 79.36589579700004 8.39 0.16626565135432006 0.008175533425751069 False True -0.12304223588426248 62.51261486361645 -31.242506618045404 -1.5407560182334203 52.69099263828782 -26.3422868467467
253 137 1004.0 1011 80.08703125300005 8.03 0.016804794734766357 0.0034782943363656517 True False -0.12304223588426248 62.51261486361645 -31.242506618045404 -1.5407560182334203 52.69099263828782 -26.3422868467467
253 138 1004.0 1011 80.56228014700005 8.03 0.016804794734766357 0.0034782943363656517 False True -0.12304223588426248 62.51261486361645 -31.242506618045404 -1.5407560182334203 52.69099263828782 -26.3422868467467
253 139 1016.0 1023 81.26313081700005 7.57 0.053368239680061796 0.012986568603283405 False True -0.12304223588426248 62.51261486361645 -31.242506618045404 -1.5407560182334203 52.69099263828782 -26.3422868467467
253 140 1020.0 1027 81.96186018600002 7.57 0.053368239680061796 0.014834722802203328 False True -0.12304223588426248 62.51261486361645 -31.242506618045404 -1.5407560182334203 52.69099263828782 -26.3422868467467
253 141 1024.0 1031 82.68499185600001 7.57 0.053368239680061796 0.014834722802203328 False True -0.12304223588426248 62.51261486361645 -31.242506618045404 -1.5407560182334203 52.69099263828782 -26.3422868467467
253 142 1028.0 1035 83.378008045 8.02 0.014834722802203328 0.08237816446878948 True False -0.12304223588426248 62.51261486361645 -31.242506618045404 -1.5407560182334203 52.69099263828782 -26.3422868467467
253 143 1028.0 1035 83.78279859100002 8.02 0.014834722802203328 0.08237816446878948 False True -0.12304223588426248 62.51261486361645 -31.242506618045404 -1.5407560182334203 52.69099263828782 -26.3422868467467
253 144 1040.0 1047 84.46316281500003 1.62 0.08237816446878948 0.02847613075327903 True False -0.12304223588426248 62.51261486361645 -31.242506618045404 -1.5407560182334203 52.69099263828782 -26.3422868467467
253 145 1040.0 1047 84.90100222100003 1.62 0.08237816446878948 0.02847613075327903 False True -0.12304223588426248 62.51261486361645 -31.242506618045404 -1.5407560182334203 52.69099263828782 -26.3422868467467
253 146 1052.0 1059 85.58323545100001 7.57 0.053368239680061796 0.009656794033591987 False True -0.12304223588426248 62.51261486361645 -31.242506618045404 -1.5407560182334203 52.69099263828782 -26.3422868467467
253 147 1056.0 1063 86.26109310200002 1.6400000000000001 0.08358985147466079 0.0012480492161368718 False True -0.12304223588426248 62.51261486361645 -31.242506618045404 -1.5407560182334203 52.69099263828782 -26.3422868467467
253 148 1060.0 1067 86.94486754100004 7.91 0.0012480492161368718 0.3451844794687069 True False -0.12304223588426248 62.51261486361645 -31.242506618045404 -1.5407560182334203 52.69099263828782 -26.3422868467467
253 149 1060.0 1067 87.35996070700003 7.91 0.0012480492161368718 0.3451844794687069 False True -0.12304223588426248 62.51261486361645 -31.242506618045404 -1.5407560182334203 52.69099263828782 -26.3422868467467
253 150 1072.0 1079 88.02339552800004 7.91 0.0012480492161368718 0.09047137692078823 True False -0.12304223588426248 62.51261486361645 -31.242506618045404 -1.5407560182334203 52.69099263828782 -26.3422868467467
253 151 1072.0 1079 88.43884917000003 7.91 0.0012480492161368718 0.09047137692078823 False True -0.12304223588426248 62.51261486361645 -31.242506618045404 -1.5407560182334203 52.69099263828782 -26.3422868467467
253 152 1084.0 1091 89.12029203700004 7.91 0.0012480492161368718 0.2553379406851985 True False -0.12304223588426248 62.51261486361645 -31.242506618045404 -1.5407560182334203 52.69099263828782 -26.3422868467467
253 153 1084.0 1092 89.53856071100006 7.91 0.0012480492161368718 0.2553379406851985 False True -0.12304223588426248 62.51261486361645 -31.242506618045404 -1.5407560182334203 52.69099263828782 -26.3422868467467
253 154 1096.0 1104 90.21244039100006 7.91 0.0012480492161368718 0.00960387538290105 True False -0.12304223588426248 62.51261486361645 -31.242506618045404 -1.5407560182334203 52.69099263828782 -26.3422868467467
253 155 1096.0 1104 90.63012583100004 7.91 0.0012480492161368718 0.00960387538290105 False True -0.12304223588426248 62.51261486361645 -31.242506618045404 -1.5407560182334203 52.69099263828782 -26.3422868467467
253 156 1108.0 1116 91.31095601000004 7.91 0.0012480492161368718 0.0819574906662834 True False -0.12304223588426248 62.51261486361645 -31.242506618045404 -1.5407560182334203 52.69099263828782 -26.3422868467467
253 157 1108.0 1116 91.71410893200004 7.91 0.0012480492161368718 0.0819574906662834 False True -0.12304223588426248 62.51261486361645 -31.242506618045404 -1.5407560182334203 52.69099263828782 -26.3422868467467
253 158 1120.0 1128 92.38712977700004 7.91 0.0012480492161368718 0.29149742589804883 True False -0.12304223588426248 62.51261486361645 -31.242506618045404 -1.5407560182334203 52.69099263828782 -26.3422868467467
253 159 1120.0 1128 92.81587567400004 7.91 0.0012480492161368718 0.29149742589804883 False True -0.12304223588426248 62.51261486361645 -31.242506618045404 -1.5407560182334203 52.69099263828782 -26.3422868467467
253 160 1132.0 1140 93.53018897100006 7.91 0.0012480492161368718 0.44936386957632024 True False -0.12304223588426248 62.51261486361645 -31.242506618045404 -1.5407560182334203 52.69099263828782 -26.3422868467467
253 161 1132.0 1140 93.93502104000004 7.91 0.0012480492161368718 0.44936386957632024 False True -0.12304223588426248 62.51261486361645 -31.242506618045404 -1.5407560182334203 52.69099263828782 -26.3422868467467
253 162 1144.0 1152 94.59402634300005 7.91 0.0012480492161368718 0.21622361209821037 True False -0.12304223588426248 62.51261486361645 -31.242506618045404 -1.5407560182334203 52.69099263828782 -26.3422868467467
253 163 1144.0 1152 95.04874727700007 7.91 0.0012480492161368718 0.21622361209821037 False True -0.12304223588426248 62.51261486361645 -31.242506618045404 -1.5407560182334203 52.69099263828782 -26.3422868467467
253 164 1156.0 1164 95.72970380900006 7.91 0.0012480492161368718 0.5545153093230678 True False -0.12304223588426248 62.51261486361645 -31.242506618045404 -1.5407560182334203 52.69099263828782 -26.3422868467467
253 165 1156.0 1164 96.13428561200004 7.91 0.0012480492161368718 0.5545153093230678 False True -0.12304223588426248 62.51261486361645 -31.242506618045404 -1.5407560182334203 52.69099263828782 -26.3422868467467
253 166 1168.0 1176 96.83042137000004 7.91 0.0012480492161368718 0.12586484379552412 True False -0.12304223588426248 62.51261486361645 -31.242506618045404 -1.5407560182334203 52.69099263828782 -26.3422868467467
253 167 1168.0 1176 97.27515951500004 7.91 0.0012480492161368718 0.12586484379552412 False True -0.12304223588426248 62.51261486361645 -31.242506618045404 -1.5407560182334203 52.69099263828782 -26.3422868467467
253 168 1180.0 1188 97.97653208300005 7.91 0.0012480492161368718 0.6215813577584243 True False -0.12304223588426248 62.51261486361645 -31.242506618045404 -1.5407560182334203 52.69099263828782 -26.3422868467467
253 169 1180.0 1188 98.39166763900005 7.91 0.0012480492161368718 0.6215813577584243 False True -0.12304223588426248 62.51261486361645 -31.242506618045404 -1.5407560182334203 52.69099263828782 -26.3422868467467
253 170 1192.0 1200 99.09246399900005 7.91 0.0012480492161368718 0.12657728022685794 True False -0.12304223588426248 62.51261486361645 -31.242506618045404 -1.5407560182334203 52.69099263828782 -26.3422868467467
253 171 1192.0 1200 99.53370965300005 7.91 0.0012480492161368718 0.12657728022685794 False True -0.12304223588426248 62.51261486361645 -31.242506618045404 -1.5407560182334203 52.69099263828782 -26.3422868467467
253 172 1204.0 1212 100.26641654600004 1.31 0.12657728022685794 0.12332393814927872 True False -0.12304223588426248 62.51261486361645 -31.242506618045404 -1.5407560182334203 52.69099263828782 -26.3422868467467
253 173 1204.0 1213 100.70621388100002 1.31 0.12657728022685794 0.12332393814927872 False True -0.12304223588426248 62.51261486361645 -31.242506618045404 -1.5407560182334203 52.69099263828782 -26.3422868467467
253 174 1216.0 1225 101.393088086 7.91 0.0012480492161368718 0.11151102478870131 True False -0.12304223588426248 62.51261486361645 -31.242506618045404 -1.5407560182334203 52.69099263828782 -26.3422868467467
253 175 1216.0 1225 101.82490085100002 7.91 0.0012480492161368718 0.11151102478870131 False True -0.12304223588426248 62.51261486361645 -31.242506618045404 -1.5407560182334203 52.69099263828782 -26.3422868467467
253 176 1228.0 1237 102.50830939900001 1.31 0.12657728022685794 0.018896573997949116 False True -0.12304223588426248 62.51261486361645 -31.242506618045404 -1.5407560182334203 52.69099263828782 -26.3422868467467
253 177 1232.0 1241 103.207531966 8.04 0.018896573997949116 0.12995006017467545 True False -0.12304223588426248 62.51261486361645 -31.242506618045404 -1.5407560182334203 52.69099263828782 -26.3422868467467
253 178 1232.0 1241 103.613052342 8.04 0.018896573997949116 0.12995006017467545 False True -0.12304223588426248 62.51261486361645 -31.242506618045404 -1.5407560182334203 52.69099263828782 -26.3422868467467
253 179 1244.0 1253 104.285561787 1.31 0.12657728022685794 0.012986568603283405 False True -0.12304223588426248 62.51261486361645 -31.242506618045404 -1.5407560182334203 52.69099263828782 -26.3422868467467
253 180 1248.0 1257 104.953066498 1.98 0.1784234251095177 0.025837588367096643 True False -0.12304223588426248 62.51261486361645 -31.242506618045404 -1.5407560182334203 52.69099263828782 -26.3422868467467
253 181 1248.0 1257 105.40935683100003 1.98 0.1784234251095177 0.025837588367096643 False True -0.12304223588426248 62.51261486361645 -31.242506618045404 -1.5407560182334203 52.69099263828782 -26.3422868467467
253 182 1260.0 1269 106.10466123100002 1.98 0.1784234251095177 0.08292230706514947 True False -0.12304223588426248 62.51261486361645 -31.242506618045404 -1.5407560182334203 52.69099263828782 -26.3422868467467
253 183 1260.0 1269 106.512132877 1.98 0.1784234251095177 0.08292230706514947 False True -0.12304223588426248 62.51261486361645 -31.242506618045404 -1.5407560182334203 52.69099263828782 -26.3422868467467
253 184 1272.0 1281 107.18513979400001 7.9 0.0007513768885858161 0.014834722802203328 False True -0.12304223588426248 62.51261486361645 -31.242506618045404 -1.5407560182334203 52.69099263828782 -26.3422868467467
253 185 1276.0 1285 107.84898502400003 7.9 0.0007513768885858161 0.023444352066471785 True False -0.12304223588426248 62.51261486361645 -31.242506618045404 -1.5407560182334203 52.69099263828782 -26.3422868467467
253 186 1276.0 1285 108.26829853200002 7.9 0.0007513768885858161 0.023444352066471785 False True -0.12304223588426248 62.51261486361645 -31.242506618045404 -1.5407560182334203 52.69099263828782 -26.3422868467467
253 187 1288.0 1297 108.94581278300001 7.9 0.0007513768885858161 0.03398979018864127 True False -0.12304223588426248 62.51261486361645 -31.242506618045404 -1.5407560182334203 52.69099263828782 -26.3422868467467
253 188 1288.0 1297 109.34974073200001 7.9 0.0007513768885858161 0.03398979018864127 False True -0.12304223588426248 62.51261486361645 -31.242506618045404 -1.5407560182334203 52.69099263828782 -26.3422868467467
253 189 1300.0 1309 110.00849741500002 8.1 0.03398979018864127 0.04641147478723107 True False -0.12304223588426248 62.51261486361645 -31.242506618045404 -1.5407560182334203 52.69099263828782 -26.3422868467467
253 190 1300.0 1309 110.43019698500001 8.1 0.03398979018864127 0.04641147478723107 False True -0.12304223588426248 62.51261486361645 -31.242506618045404 -1.5407560182334203 52.69099263828782 -26.3422868467467
253 191 1312.0 1321 111.10565246600001 8.09 0.031172865409687084 0.014834722802203328 False True -0.12304223588426248 62.51261486361645 -31.242506618045404 -1.5407560182334203 52.69099263828782 -26.3422868467467
253 192 1316.0 1325 111.77252717100001 8.09 0.031172865409687084 0.006816910041438247 True False -0.12304223588426248 62.51261486361645 -31.242506618045404 -1.5407560182334203 52.69099263828782 -26.3422868467467
253 193 1316.0 1325 112.189659046 8.09 0.031172865409687084 0.006816910041438247 False True -0.12304223588426248 62.51261486361645 -31.242506618045404 -1.5407560182334203 52.69099263828782 -26.3422868467467
253 194 1328.0 1337 112.851773049 7.97 0.006816910041438247 0.19182760752942413 True False -0.12304223588426248 62.51261486361645 -31.242506618045404 -1.5407560182334203 52.69099263828782 -26.3422868467467
253 195 1328.0 1337 113.27158229699998 7.97 0.006816910041438247 0.19182760752942413 False True -0.12304223588426248 62.51261486361645 -31.242506618045404 -1.5407560182334203 52.69099263828782 -26.3422868467467
253 196 1340.0 1349 113.94903979899999 7.97 0.006816910041438247 0.3577735993709505 True False -0.12304223588426248 62.51261486361645 -31.242506618045404 -1.5407560182334203 52.69099263828782 -26.3422868467467
253 197 1340.0 1350 114.36467539099999 7.97 0.006816910041438247 0.3577735993709505 False True -0.12304223588426248 62.51261486361645 -31.242506618045404 -1.5407560182334203 52.69099263828782 -26.3422868467467
253 198 1352.0 1362 115.02891504599998 7.97 0.006816910041438247 0.24570818824925764 True False -0.12304223588426248 62.51261486361645 -31.242506618045404 -1.5407560182334203 52.69099263828782 -26.3422868467467
253 199 1352.0 1362 115.449732136 7.97 0.006816910041438247 0.24570818824925764 False True -0.12304223588426248 62.51261486361645 -31.242506618045404 -1.5407560182334203 52.69099263828782 -26.3422868467467
253 200 1364.0 1374 116.124960966 1.6400000000000001 0.08358985147466079 0.014834722802203328 False True -0.12304223588426248 62.51261486361645 -31.242506618045404 -1.5407560182334203 52.69099263828782 -26.3422868467467
253 201 1368.0 1378 116.791705156 8.02 0.014834722802203328 0.19849716365317932 True False -0.12304223588426248 62.51261486361645 -31.242506618045404 -1.5407560182334203 52.69099263828782 -26.3422868467467
253 202 1368.0 1378 117.209680773 8.02 0.014834722802203328 0.19849716365317932 False True -0.12304223588426248 62.51261486361645 -31.242506618045404 -1.5407560182334203 52.69099263828782 -26.3422868467467
253 203 1380.0 1390 117.87210015 8.02 0.014834722802203328 0.03687210093770941 True False -0.12304223588426248 62.51261486361645 -31.242506618045404 -1.5407560182334203 52.69099263828782 -26.3422868467467
253 204 1380.0 1390 118.302438575 8.02 0.014834722802203328 0.03687210093770941 False True -0.12304223588426248 62.51261486361645 -31.242506618045404 -1.5407560182334203 52.69099263828782 -26.3422868467467
253 205 1392.0 1402 118.971936002 8.02 0.014834722802203328 0.03692660999315729 True False -0.12304223588426248 62.51261486361645 -31.242506618045404 -1.5407560182334203 52.69099263828782 -26.3422868467467
253 206 1392.0 1402 119.387407379 8.02 0.014834722802203328 0.03692660999315729 False True -0.12304223588426248 62.51261486361645 -31.242506618045404 -1.5407560182334203 52.69099263828782 -26.3422868467467
253 207 1404.0 1414 120.05170284399998 8.11 0.03692660999315729 0.014834722802203328 False True -0.12304223588426248 62.51261486361645 -31.242506618045404 -1.5407560182334203 52.69099263828782 -26.3422868467467
253 208 1408.0 1418 120.72447364699997 8.11 0.03692660999315729 0.014834722802203328 False True -0.12304223588426248 62.51261486361645 -31.242506618045404 -1.5407560182334203 52.69099263828782 -26.3422868467467
253 209 1412.0 1422 121.38781996099996 8.11 0.03692660999315729 0.014834722802203328 False True -0.12304223588426248 62.51261486361645 -31.242506618045404 -1.5407560182334203 52.69099263828782 -26.3422868467467
253 210 1416.0 1426 122.04809342799996 8.11 0.03692660999315729 0.0026115894998851447 True False -0.12304223588426248 62.51261486361645 -31.242506618045404 -1.5407560182334203 52.69099263828782 -26.3422868467467
253 211 1416.0 1426 122.46906718599996 8.11 0.03692660999315729 0.0026115894998851447 False True -0.12304223588426248 62.51261486361645 -31.242506618045404 -1.5407560182334203 52.69099263828782 -26.3422868467467
253 212 1428.0 1438 123.14645157499996 8.11 0.03692660999315729 0.27828416472962675 True False -0.12304223588426248 62.51261486361645 -31.242506618045404 -1.5407560182334203 52.69099263828782 -26.3422868467467
253 213 1428.0 1438 123.56397680699996 8.11 0.03692660999315729 0.27828416472962675 False True -0.12304223588426248 62.51261486361645 -31.242506618045404 -1.5407560182334203 52.69099263828782 -26.3422868467467
253 214 1440.0 1450 124.22953519599994 8.11 0.03692660999315729 0.6348609460075803 True False -0.12304223588426248 62.51261486361645 -31.242506618045404 -1.5407560182334203 52.69099263828782 -26.3422868467467
253 215 1440.0 1450 124.65025517399997 8.11 0.03692660999315729 0.6348609460075803 False True -0.12304223588426248 62.51261486361645 -31.242506618045404 -1.5407560182334203 52.69099263828782 -26.3422868467467
253 216 1452.0 1462 125.32638118199998 8.11 0.03692660999315729 0.0026115894998851447 False True -0.12304223588426248 62.51261486361645 -31.242506618045404 -1.5407560182334203 52.69099263828782 -26.3422868467467
253 217 1456.0 1466 125.98837736799996 8.11 0.03692660999315729 0.018896573997949116 False True -0.12304223588426248 62.51261486361645 -31.242506618045404 -1.5407560182334203 52.69099263828782 -26.3422868467467
253 218 1460.0 1470 126.64826408699997 8.11 0.03692660999315729 0.1367088009402148 True False -0.12304223588426248 62.51261486361645 -31.242506618045404 -1.5407560182334203 52.69099263828782 -26.3422868467467
253 219 1460.0 1470 127.04898787099995 8.11 0.03692660999315729 0.1367088009402148 False True -0.12304223588426248 62.51261486361645 -31.242506618045404 -1.5407560182334203 52.69099263828782 -26.3422868467467
253 220 1472.0 1482 127.71737009999995 8.11 0.03692660999315729 0.0018681452171784676 False True -0.12304223588426248 62.51261486361645 -31.242506618045404 -1.5407560182334203 52.69099263828782 -26.3422868467467
253 221 1476.0 1486 128.36317921399996 8.11 0.03692660999315729 0.3783844466534297 True False -0.12304223588426248 62.51261486361645 -31.242506618045404 -1.5407560182334203 52.69099263828782 -26.3422868467467
253 222 1476.0 1486 128.77985131799997 8.11 0.03692660999315729 0.3783844466534297 False True -0.12304223588426248 62.51261486361645 -31.242506618045404 -1.5407560182334203 52.69099263828782 -26.3422868467467
253 223 1488.0 1498 129.44085907999997 8.67 0.3783844466534297 0.03692660999315729 False True -0.12304223588426248 62.51261486361645 -31.242506618045404 -1.5407560182334203 52.69099263828782 -26.3422868467467
253 224 1492.0 1502 130.10280928899996 8.67 0.3783844466534297 0.36081338308121336 True False -0.12304223588426248 62.51261486361645 -31.242506618045404 -1.5407560182334203 52.69099263828782 -26.3422868467467
253 225 1492.0 1503 130.51777590899997 8.67 0.3783844466534297 0.36081338308121336 False True -0.12304223588426248 62.51261486361645 -31.242506618045404 -1.5407560182334203 52.69099263828782 -26.3422868467467
253 226 1504.0 1515 131.17523929999996 8.11 0.03692660999315729 0.016804794734766357 False True -0.12304223588426248 62.51261486361645 -31.242506618045404 -1.5407560182334203 52.69099263828782 -26.3422868467467
253 227 1508.0 1519 131.83337926499996 8.67 0.3783844466534297 0.016804794734766357 False True -0.12304223588426248 62.51261486361645 -31.242506618045404 -1.5407560182334203 52.69099263828782 -26.3422868467467
253 228 1512.0 1523 132.50141186199997 8.03 0.016804794734766357 0.03398979018864127 False True -0.12304223588426248 62.51261486361645 -31.242506618045404 -1.5407560182334203 52.69099263828782 -26.3422868467467
253 229 1516.0 1527 133.15985419199998 8.03 0.016804794734766357 0.22683968813548216 True False -0.12304223588426248 62.51261486361645 -31.242506618045404 -1.5407560182334203 52.69099263828782 -26.3422868467467
253 230 1516.0 1527 133.57642570999997 8.03 0.016804794734766357 0.22683968813548216 False True -0.12304223588426248 62.51261486361645 -31.242506618045404 -1.5407560182334203 52.69099263828782 -26.3422868467467
253 231 1528.0 1539 134.23945852099996 8.03 0.016804794734766357 0.21973638844870408 True False -0.12304223588426248 62.51261486361645 -31.242506618045404 -1.5407560182334203 52.69099263828782 -26.3422868467467
253 232 1528.0 1539 134.64189009299997 8.03 0.016804794734766357 0.21973638844870408 False True -0.12304223588426248 62.51261486361645 -31.242506618045404 -1.5407560182334203 52.69099263828782 -26.3422868467467
253 233 1540.0 1551 135.30147609499997 8.03 0.016804794734766357 0.18950657253094336 True False -0.12304223588426248 62.51261486361645 -31.242506618045404 -1.5407560182334203 52.69099263828782 -26.3422868467467
253 234 1540.0 1551 135.71507306699996 8.03 0.016804794734766357 0.18950657253094336 False True -0.12304223588426248 62.51261486361645 -31.242506618045404 -1.5407560182334203 52.69099263828782 -26.3422868467467
253 235 1552.0 1563 136.37700877799995 8.03 0.016804794734766357 0.47395707833041784 True False -0.12304223588426248 62.51261486361645 -31.242506618045404 -1.5407560182334203 52.69099263828782 -26.3422868467467
253 236 1552.0 1563 136.79370072799995 8.03 0.016804794734766357 0.47395707833041784 False True -0.12304223588426248 62.51261486361645 -31.242506618045404 -1.5407560182334203 52.69099263828782 -26.3422868467467
253 237 1564.0 1575 137.44119576499995 8.03 0.016804794734766357 0.12045777011460951 True False -0.12304223588426248 62.51261486361645 -31.242506618045404 -1.5407560182334203 52.69099263828782 -26.3422868467467
253 238 1564.0 1575 137.85980293299997 8.03 0.016804794734766357 0.12045777011460951 False True -0.12304223588426248 62.51261486361645 -31.242506618045404 -1.5407560182334203 52.69099263828782 -26.3422868467467
253 239 1576.0 1587 138.532723146 8.03 0.016804794734766357 0.08633204070387353 True False -0.12304223588426248 62.51261486361645 -31.242506618045404 -1.5407560182334203 52.69099263828782 -26.3422868467467
253 240 1576.0 1587 138.93513977299997 8.03 0.016804794734766357 0.08633204070387353 False True -0.12304223588426248 62.51261486361645 -31.242506618045404 -1.5407560182334203 52.69099263828782 -26.3422868467467
253 241 1588.0 1599 139.59321863599996 8.03 0.016804794734766357 0.40537392974814623 True False -0.12304223588426248 62.51261486361645 -31.242506618045404 -1.5407560182334203 52.69099263828782 -26.3422868467467
253 242 1588.0 1599 140.00078110099994 8.03 0.016804794734766357 0.40537392974814623 False True -0.12304223588426248 62.51261486361645 -31.242506618045404 -1.5407560182334203 52.69099263828782 -26.3422868467467
253 243 1600.0 1611 140.67537893699995 8.03 0.016804794734766357 0.3962942594986358 True False -0.12304223588426248 62.51261486361645 -31.242506618045404 -1.5407560182334203 52.69099263828782 -26.3422868467467
253 244 1600.0 1611 141.08003766999994 8.03 0.016804794734766357 0.3962942594986358 False True -0.12304223588426248 62.51261486361645 -31.242506618045404 -1.5407560182334203 52.69099263828782 -26.3422868467467
253 245 1612.0 1623 141.74015345099994 8.03 0.016804794734766357 0.2501216691673341 True False -0.12304223588426248 62.51261486361645 -31.242506618045404 -1.5407560182334203 52.69099263828782 -26.3422868467467
253 246 1612.0 1623 142.15879980299994 8.03 0.016804794734766357 0.2501216691673341 False True -0.12304223588426248 62.51261486361645 -31.242506618045404 -1.5407560182334203 52.69099263828782 -26.3422868467467
253 247 1624.0 1635 142.83256798699992 8.03 0.016804794734766357 0.24395316144332652 True False -0.12304223588426248 62.51261486361645 -31.242506618045404 -1.5407560182334203 52.69099263828782 -26.3422868467467
253 248 1624.0 1636 143.23584990299992 8.03 0.016804794734766357 0.24395316144332652 False True -0.12304223588426248 62.51261486361645 -31.242506618045404 -1.5407560182334203 52.69099263828782 -26.3422868467467
253 249 1636.0 1648 143.89570404599993 8.03 0.016804794734766357 0.2758500198347213 True False -0.12304223588426248 62.51261486361645 -31.242506618045404 -1.5407560182334203 52.69099263828782 -26.3422868467467
253 250 1636.0 1648 144.31550185499995 8.03 0.016804794734766357 0.2758500198347213 False True -0.12304223588426248 62.51261486361645 -31.242506618045404 -1.5407560182334203 52.69099263828782 -26.3422868467467
253 251 1648.0 1660 144.97794361899994 8.03 0.016804794734766357 0.3897793097152303 True False -0.12304223588426248 62.51261486361645 -31.242506618045404 -1.5407560182334203 52.69099263828782 -26.3422868467467
253 252 1648.0 1660 145.39192591399996 8.03 0.016804794734766357 0.3897793097152303 False True -0.12304223588426248 62.51261486361645 -31.242506618045404 -1.5407560182334203 52.69099263828782 -26.3422868467467
253 253 1660.0 1672 146.05346352999996 2.11 0.2501216691673341 0.016804794734766357 False True -0.12304223588426248 62.51261486361645 -31.242506618045404 -1.5407560182334203 52.69099263828782 -26.3422868467467
253 254 1664.0 1676 146.71387660999994 8.03 0.016804794734766357 0.7284258101928215 True False -0.12304223588426248 62.51261486361645 -31.242506618045404 -1.5407560182334203 52.69099263828782 -26.3422868467467
253 255 1664.0 1676 147.13254288499994 8.03 0.016804794734766357 0.7284258101928215 False True -0.12304223588426248 62.51261486361645 -31.242506618045404 -1.5407560182334203 52.69099263828782 -26.3422868467467
253 256 1676.0 1688 147.79739524499993 8.03 0.016804794734766357 0.012928732136252993 True False -0.12304223588426248 62.51261486361645 -31.242506618045404 -1.5407560182334203 52.69099263828782 -26.3422868467467
253 257 1676.0 1688 148.21122450799993 8.03 0.016804794734766357 0.012928732136252993 False True -0.12304223588426248 62.51261486361645 -31.242506618045404 -1.5407560182334203 52.69099263828782 -26.3422868467467
253 258 1688.0 1700 148.85952419399993 7.72 0.012928732136252993 0.016804794734766357 False True -0.12304223588426248 62.51261486361645 -31.242506618045404 -1.5407560182334203 52.69099263828782 -26.3422868467467
253 259 1692.0 1704 149.5177603559999 7.72 0.012928732136252993 0.016804794734766357 False True -0.12304223588426248 62.51261486361645 -31.242506618045404 -1.5407560182334203 52.69099263828782 -26.3422868467467
253 260 1696.0 1708 150.17089141699992 8.03 0.016804794734766357 0.014775004471112105 True False -0.12304223588426248 62.51261486361645 -31.242506618045404 -1.5407560182334203 52.69099263828782 -26.3422868467467
253 261 1696.0 1708 150.58989314499993 8.03 0.016804794734766357 0.014775004471112105 False True -0.12304223588426248 62.51261486361645 -31.242506618045404 -1.5407560182334203 52.69099263828782 -26.3422868467467
253 262 1708.0 1720 151.26512423899993 8.03 0.016804794734766357 0.17249832811202287 True False -0.12304223588426248 62.51261486361645 -31.242506618045404 -1.5407560182334203 52.69099263828782 -26.3422868467467
253 263 1708.0 1720 151.6712429259999 8.03 0.016804794734766357 0.17249832811202287 False True -0.12304223588426248 62.51261486361645 -31.242506618045404 -1.5407560182334203 52.69099263828782 -26.3422868467467
253 264 1720.0 1732 152.3427091069999 8.03 0.016804794734766357 0.17249832811202287 False True -0.12304223588426248 62.51261486361645 -31.242506618045404 -1.5407560182334203 52.69099263828782 -26.3422868467467
253 265 1724.0 1736 153.0049312239999 8.03 0.016804794734766357 0.011260530348020006 False True -0.12304223588426248 62.51261486361645 -31.242506618045404 -1.5407560182334203 52.69099263828782 -26.3422868467467
253 266 1728.0 1740 153.66721728299993 8.0 0.011260530348020006 0.016804794734766357 False True -0.12304223588426248 62.51261486361645 -31.242506618045404 -1.5407560182334203 52.69099263828782 -26.3422868467467
253 267 1732.0 1744 154.3277391869999 7.35 0.16049681414436426 0.014834722802203328 False True -0.12304223588426248 62.51261486361645 -31.242506618045404 -1.5407560182334203 52.69099263828782 -26.3422868467467
253 268 1736.0 1748 154.9912251519999 1.98 0.1784234251095177 0.014834722802203328 False True -0.12304223588426248 62.51261486361645 -31.242506618045404 -1.5407560182334203 52.69099263828782 -26.3422868467467
253 269 1740.0 1752 155.66264627599992 8.02 0.014834722802203328 0.011260530348020006 False True -0.12304223588426248 62.51261486361645 -31.242506618045404 -1.5407560182334203 52.69099263828782 -26.3422868467467
253 270 1744.0 1756 156.3244641059999 8.0 0.011260530348020006 0.014834722802203328 False True -0.12304223588426248 62.51261486361645 -31.242506618045404 -1.5407560182334203 52.69099263828782 -26.3422868467467
253 271 1748.0 1760 156.98527955899993 8.0 0.011260530348020006 0.014834722802203328 False True -0.12304223588426248 62.51261486361645 -31.242506618045404 -1.5407560182334203 52.69099263828782 -26.3422868467467
253 272 1752.0 1764 157.64573129099995 8.0 0.011260530348020006 0.014834722802203328 False True -0.12304223588426248 62.51261486361645 -31.242506618045404 -1.5407560182334203 52.69099263828782 -26.3422868467467
253 273 1756.0 1768 158.30601596999995 8.0 0.011260530348020006 0.014834722802203328 False True -0.12304223588426248 62.51261486361645 -31.242506618045404 -1.5407560182334203 52.69099263828782 -26.3422868467467
253 274 1760.0 1772 158.98200390999995 8.0 0.011260530348020006 0.014834722802203328 False True -0.12304223588426248 62.51261486361645 -31.242506618045404 -1.5407560182334203 52.69099263828782 -26.3422868467467
253 275 1764.0 1776 159.64765464799996 8.0 0.011260530348020006 0.014834722802203328 False True -0.12304223588426248 62.51261486361645 -31.242506618045404 -1.5407560182334203 52.69099263828782 -26.3422868467467
253 276 1768.0 1780 160.32162466099996 8.0 0.011260530348020006 0.014834722802203328 False True -0.12304223588426248 62.51261486361645 -31.242506618045404 -1.5407560182334203 52.69099263828782 -26.3422868467467
253 277 1772.0 1784 160.98879728399996 8.0 0.011260530348020006 0.7494764391857709 True False -0.12304223588426248 62.51261486361645 -31.242506618045404 -1.5407560182334203 52.69099263828782 -26.3422868467467
253 278 1772.0 1784 161.42035251299995 8.0 0.011260530348020006 0.7494764391857709 False True -0.12304223588426248 62.51261486361645 -31.242506618045404 -1.5407560182334203 52.69099263828782 -26.3422868467467
253 279 1784.0 1796 162.10046220799995 8.0 0.011260530348020006 0.4198700167299579 True False -0.12304223588426248 62.51261486361645 -31.242506618045404 -1.5407560182334203 52.69099263828782 -26.3422868467467
253 280 1784.0 1796 162.50623196399997 8.0 0.011260530348020006 0.4198700167299579 False True -0.12304223588426248 62.51261486361645 -31.242506618045404 -1.5407560182334203 52.69099263828782 -26.3422868467467
253 281 1796.0 1808 163.18136507699995 8.0 0.011260530348020006 0.5322496344455153 True False -0.12304223588426248 62.51261486361645 -31.242506618045404 -1.5407560182334203 52.69099263828782 -26.3422868467467
253 282 1796.0 1808 163.60256491999994 8.0 0.011260530348020006 0.5322496344455153 False True -0.12304223588426248 62.51261486361645 -31.242506618045404 -1.5407560182334203 52.69099263828782 -26.3422868467467
253 283 1808.0 1820 164.28027987699994 8.0 0.011260530348020006 0.2332664231690479 True False -0.12304223588426248 62.51261486361645 -31.242506618045404 -1.5407560182334203 52.69099263828782 -26.3422868467467
253 284 1808.0 1821 164.68943534799993 8.0 0.011260530348020006 0.2332664231690479 False True -0.12304223588426248 62.51261486361645 -31.242506618045404 -1.5407560182334203 52.69099263828782 -26.3422868467467
253 285 1820.0 1833 165.36421986899995 8.0 0.011260530348020006 0.005538011197887325 True False -0.12304223588426248 62.51261486361645 -31.242506618045404 -1.5407560182334203 52.69099263828782 -26.3422868467467
253 286 1820.0 1833 165.78689470399993 8.0 0.011260530348020006 0.005538011197887325 False True -0.12304223588426248 62.51261486361645 -31.242506618045404 -1.5407560182334203 52.69099263828782 -26.3422868467467
253 287 1832.0 1845 166.46663553599993 8.0 0.011260530348020006 0.08148675562001724 True False -0.12304223588426248 62.51261486361645 -31.242506618045404 -1.5407560182334203 52.69099263828782 -26.3422868467467
253 288 1832.0 1845 166.8833862129999 8.0 0.011260530348020006 0.08148675562001724 False True -0.12304223588426248 62.51261486361645 -31.242506618045404 -1.5407560182334203 52.69099263828782 -26.3422868467467
253 289 1844.0 1857 167.5473675659999 8.0 0.011260530348020006 0.3273169913778247 True False -0.12304223588426248 62.51261486361645 -31.242506618045404 -1.5407560182334203 52.69099263828782 -26.3422868467467
253 290 1844.0 1857 167.9813698799999 8.0 0.011260530348020006 0.3273169913778247 False True -0.12304223588426248 62.51261486361645 -31.242506618045404 -1.5407560182334203 52.69099263828782 -26.3422868467467
253 291 1856.0 1869 168.6609024259999 8.0 0.011260530348020006 0.3322272756986826 True False -0.12304223588426248 62.51261486361645 -31.242506618045404 -1.5407560182334203 52.69099263828782 -26.3422868467467
253 292 1856.0 1869 169.0805318939999 8.0 0.011260530348020006 0.3322272756986826 False True -0.12304223588426248 62.51261486361645 -31.242506618045404 -1.5407560182334203 52.69099263828782 -26.3422868467467
253 293 1868.0 1881 169.7607305969999 8.0 0.011260530348020006 0.009656794033591987 False True -0.12304223588426248 62.51261486361645 -31.242506618045404 -1.5407560182334203 52.69099263828782 -26.3422868467467
253 294 1872.0 1885 170.4421554089999 8.0 0.011260530348020006 0.014834722802203328 False True -0.12304223588426248 62.51261486361645 -31.242506618045404 -1.5407560182334203 52.69099263828782 -26.3422868467467
253 295 1876.0 1889 171.1222600229999 8.0 0.011260530348020006 2.4706745245776085e-06 True False -0.12304223588426248 62.51261486361645 -31.242506618045404 -1.5407560182334203 52.69099263828782 -26.3422868467467
253 296 1876.0 1889 171.5461086039999 8.0 0.011260530348020006 2.4706745245776085e-06 False True -0.12304223588426248 62.51261486361645 -31.242506618045404 -1.5407560182334203 52.69099263828782 -26.3422868467467
253 297 1888.0 1901 172.24063581999988 7.87 2.4706745245776085e-06 0.011260530348020006 False True -0.12304223588426248 62.51261486361645 -31.242506618045404 -1.5407560182334203 52.69099263828782 -26.3422868467467
253 298 1892.0 1905 172.92365103599988 8.0 0.011260530348020006 2.4706745245776085e-06 False True -0.12304223588426248 62.51261486361645 -31.242506618045404 -1.5407560182334203 52.69099263828782 -26.3422868467467
253 299 1896.0 1909 173.60836915799987 8.0 0.011260530348020006 0.014834722802203328 False True -0.12304223588426248 62.51261486361645 -31.242506618045404 -1.5407560182334203 52.69099263828782 -26.3422868467467
253 300 1900.0 1913 174.30198939499985 8.0 0.011260530348020006 0.014834722802203328 False True -0.12304223588426248 62.51261486361645 -31.242506618045404 -1.5407560182334203 52.69099263828782 -26.3422868467467
253 301 1904.0 1917 174.98637200799985 8.0 0.011260530348020006 0.014834722802203328 False True -0.12304223588426248 62.51261486361645 -31.242506618045404 -1.5407560182334203 52.69099263828782 -26.3422868467467
253 302 1908.0 1921 175.67981975099985 8.0 0.011260530348020006 0.014834722802203328 False True -0.12304223588426248 62.51261486361645 -31.242506618045404 -1.5407560182334203 52.69099263828782 -26.3422868467467
253 303 1912.0 1925 176.36282414899986 8.0 0.011260530348020006 0.004468159671437646 True False -0.12304223588426248 62.51261486361645 -31.242506618045404 -1.5407560182334203 52.69099263828782 -26.3422868467467
253 304 1912.0 1925 176.78297557099987 8.0 0.011260530348020006 0.004468159671437646 False True -0.12304223588426248 62.51261486361645 -31.242506618045404 -1.5407560182334203 52.69099263828782 -26.3422868467467
253 305 1924.0 1937 177.46185080799987 8.0 0.011260530348020006 0.2340447328285635 True False -0.12304223588426248 62.51261486361645 -31.242506618045404 -1.5407560182334203 52.69099263828782 -26.3422868467467
253 306 1924.0 1937 177.88525600499986 8.0 0.011260530348020006 0.2340447328285635 False True -0.12304223588426248 62.51261486361645 -31.242506618045404 -1.5407560182334203 52.69099263828782 -26.3422868467467
253 307 1936.0 1949 178.57854176599986 8.0 0.011260530348020006 0.03998301773550701 True False -0.12304223588426248 62.51261486361645 -31.242506618045404 -1.5407560182334203 52.69099263828782 -26.3422868467467
253 308 1936.0 1949 179.00299518399984 8.0 0.011260530348020006 0.03998301773550701 False True -0.12304223588426248 62.51261486361645 -31.242506618045404 -1.5407560182334203 52.69099263828782 -26.3422868467467
253 309 1948.0 1961 179.68156807499983 8.0 0.011260530348020006 0.41453555004907344 True False -0.12304223588426248 62.51261486361645 -31.242506618045404 -1.5407560182334203 52.69099263828782 -26.3422868467467
253 310 1948.0 1961 180.10706028899983 8.0 0.011260530348020006 0.41453555004907344 False True -0.12304223588426248 62.51261486361645 -31.242506618045404 -1.5407560182334203 52.69099263828782 -26.3422868467467
253 311 1960.0 1973 180.80291048899983 8.0 0.011260530348020006 0.014834722802203328 False True -0.12304223588426248 62.51261486361645 -31.242506618045404 -1.5407560182334203 52.69099263828782 -26.3422868467467
253 312 1964.0 1977 181.48650496399983 8.0 0.011260530348020006 0.014834722802203328 False True -0.12304223588426248 62.51261486361645 -31.242506618045404 -1.5407560182334203 52.69099263828782 -26.3422868467467
253 313 1968.0 1981 182.17847532399983 8.0 0.011260530348020006 0.014834722802203328 False True -0.12304223588426248 62.51261486361645 -31.242506618045404 -1.5407560182334203 52.69099263828782 -26.3422868467467
253 314 1972.0 1985 182.84504463999983 8.0 0.011260530348020006 0.014834722802203328 False True -0.12304223588426248 62.51261486361645 -31.242506618045404 -1.5407560182334203 52.69099263828782 -26.3422868467467
253 315 1976.0 1989 183.52472968899983 8.0 0.011260530348020006 0.03692660999315729 False True -0.12304223588426248 62.51261486361645 -31.242506618045404 -1.5407560182334203 52.69099263828782 -26.3422868467467
253 316 1980.0 1993 184.19800476399985 8.0 0.011260530348020006 0.03692660999315729 False True -0.12304223588426248 62.51261486361645 -31.242506618045404 -1.5407560182334203 52.69099263828782 -26.3422868467467
253 317 1984.0 1997 184.88763952099987 8.0 0.011260530348020006 0.03692660999315729 False True -0.12304223588426248 62.51261486361645 -31.242506618045404 -1.5407560182334203 52.69099263828782 -26.3422868467467
