516 0 200.0 201 0.5998490059999995 8.19 0.05845705240359947 1.0716174042581956 False True -0.057562434972917305 19.123528169510095 -9.527953022707116 -1.3014340309216852 0.9571126995721534 -0.18888974420468183
516 1 212.0 213 1.2169187890000046 8.19 0.05845705240359947 0.02112611788777496 False True -0.057562434972917305 19.123528169510095 -9.527953022707116 -1.3014340309216852 0.9571126995721534 -0.18888974420468183
516 2 224.0 225 1.8334910899999954 8.19 0.05845705240359947 0.09142393988198218 True False -0.057562434972917305 19.123528169510095 -9.527953022707116 -1.3014340309216852 0.9571126995721534 -0.18888974420468183
516 3 224.0 225 2.2267939040000044 8.19 0.05845705240359947 0.09142393988198218 False True -0.057562434972917305 19.123528169510095 -9.527953022707116 -1.3014340309216852 0.9571126995721534 -0.18888974420468183
516 4 236.0 237 2.853692269000007 8.19 0.05845705240359947 0.08021182960353386 True False -0.057562434972917305 19.123528169510095 -9.527953022707116 -1.3014340309216852 0.9571126995721534 -0.18888974420468183
516 5 236.0 237 3.2177237550000086 8.19 0.05845705240359947 0.08021182960353386 False True -0.057562434972917305 19.123528169510095 -9.527953022707116 -1.3014340309216852 0.9571126995721534 -0.18888974420468183
516 6 248.0 249 3.837036387000012 1.72 0.08435470184860316 0.045056231810635734 True False -0.057562434972917305 19.123528169510095 -9.527953022707116 -1.3014340309216852 0.9571126995721534 -0.18888974420468183
516 7 248.0 249 4.232524819000005 1.72 0.08435470184860316 0.07354479656511839 True False -0.057562434972917305 19.123528169510095 -9.527953022707116 -1.3014340309216852 0.9571126995721534 -0.18888974420468183
516 8 248.0 249 4.611185662000011 1.72 0.08435470184860316 0.033315298060142155 True False -0.057562434972917305 19.123528169510095 -9.527953022707116 -1.3014340309216852 0.9571126995721534 -0.18888974420468183
516 9 248.0 249 4.998333107000008 1.72 0.08435470184860316 0.033315298060142155 False True -0.057562434972917305 19.123528169510095 -9.527953022707116 -1.3014340309216852 0.9571126995721534 -0.18888974420468183
516 10 260.0 261 5.657118062999999 7.62 0.033315298060142155 0.02811196885778443 True False -0.057562434972917305 19.123528169510095 -9.527953022707116 -1.3014340309216852 0.9571126995721534 -0.18888974420468183
516 11 260.0 261 6.177052227000004 7.62 0.033315298060142155 0.02811196885778443 False True -0.057562434972917305 19.123528169510095 -9.527953022707116 -1.3014340309216852 0.9571126995721534 -0.18888974420468183
516 12 272.0 273 7.1168127710000135 7.64 0.02811196885778443 0.04502355589869546 True False -0.057562434972917305 19.123528169510095 -9.527953022707116 -1.3014340309216852 0.9571126995721534 -0.18888974420468183
516 13 272.0 273 7.713897547000002 7.64 0.02811196885778443 0.04502355589869546 False True -0.057562434972917305 19.123528169510095 -9.527953022707116 -1.3014340309216852 0.9571126995721534 -0.18888974420468183
516 14 284.0 285 8.685282564000005 7.64 0.02811196885778443 0.06580497233590714 True False -0.057562434972917305 19.123528169510095 -9.527953022707116 -1.3014340309216852 0.9571126995721534 -0.18888974420468183
516 15 284.0 286 9.24023372900001 7.64 0.02811196885778443 0.06580497233590714 False True -0.057562434972917305 19.123528169510095 -9.527953022707116 -1.3014340309216852 0.9571126995721534 -0.18888974420468183
516 16 296.0 298 10.190860769000011 7.64 0.02811196885778443 0.054934723608129656 True False -0.057562434972917305 19.123528169510095 -9.527953022707116 -1.3014340309216852 0.9571126995721534 -0.18888974420468183
516 17 296.0 298 10.77677858700001 7.64 0.02811196885778443 0.054934723608129656 False True -0.057562434972917305 19.123528169510095 -9.527953022707116 -1.3014340309216852 0.9571126995721534 -0.18888974420468183
516 18 308.0 310 11.73459784900001 7.64 0.02811196885778443 0.09484392216398933 True False -0.057562434972917305 19.123528169510095 -9.527953022707116 -1.3014340309216852 0.9571126995721534 -0.18888974420468183
516 19 308.0 310 12.291850050000008 7.64 0.02811196885778443 0.09484392216398933 False True -0.057562434972917305 19.123528169510095 -9.527953022707116 -1.3014340309216852 0.9571126995721534 -0.18888974420468183
516 20 320.0 322 13.213525753000013 7.64 0.02811196885778443 0.03895321329161728 True False -0.057562434972917305 19.123528169510095 -9.527953022707116 -1.3014340309216852 0.9571126995721534 -0.18888974420468183
516 21 320.0 322 13.776215637000007 7.64 0.02811196885778443 0.03895321329161728 False True -0.057562434972917305 19.123528169510095 -9.527953022707116 -1.3014340309216852 0.9571126995721534 -0.18888974420468183
516 22 332.0 334 14.637151507000013 7.6 0.03895321329161728 0.10531386506569343 True False -0.057562434972917305 19.123528169510095 -9.527953022707116 -1.3014340309216852 0.9571126995721534 -0.18888974420468183
516 23 332.0 334 15.137662501000023 7.6 0.03895321329161728 0.10531386506569343 False True -0.057562434972917305 19.123528169510095 -9.527953022707116 -1.3014340309216852 0.9571126995721534 -0.18888974420468183
516 24 344.0 346 15.969615095000023 7.6 0.03895321329161728 0.025673901082396644 True False -0.057562434972917305 19.123528169510095 -9.527953022707116 -1.3014340309216852 0.9571126995721534 -0.18888974420468183
516 25 344.0 346 16.535593465000034 7.6 0.03895321329161728 0.025673901082396644 False True -0.057562434972917305 19.123528169510095 -9.527953022707116 -1.3014340309216852 0.9571126995721534 -0.18888974420468183
516 26 356.0 358 17.49182475100004 7.64 0.02811196885778443 0.013349759446216455 True False -0.057562434972917305 19.123528169510095 -9.527953022707116 -1.3014340309216852 0.9571126995721534 -0.18888974420468183
516 27 356.0 358 18.050919992000033 7.64 0.02811196885778443 0.013349759446216455 False True -0.057562434972917305 19.123528169510095 -9.527953022707116 -1.3014340309216852 0.9571126995721534 -0.18888974420468183
516 28 368.0 370 18.99605948800003 7.71 0.013349759446216455 0.008677454302219832 True False -0.057562434972917305 19.123528169510095 -9.527953022707116 -1.3014340309216852 0.9571126995721534 -0.18888974420468183
516 29 368.0 370 19.593078954000035 7.71 0.013349759446216455 0.008677454302219832 False True -0.057562434972917305 19.123528169510095 -9.527953022707116 -1.3014340309216852 0.9571126995721534 -0.18888974420468183
516 30 380.0 382 20.571754413000036 7.71 0.013349759446216455 0.015128471548444792 True False -0.057562434972917305 19.123528169510095 -9.527953022707116 -1.3014340309216852 0.9571126995721534 -0.18888974420468183
516 31 380.0 382 21.133137310000038 7.71 0.013349759446216455 0.015128471548444792 False True -0.057562434972917305 19.123528169510095 -9.527953022707116 -1.3014340309216852 0.9571126995721534 -0.18888974420468183
516 32 392.0 394 22.073704727000035 7.71 0.013349759446216455 0.017017555053908427 True False -0.057562434972917305 19.123528169510095 -9.527953022707116 -1.3014340309216852 0.9571126995721534 -0.18888974420468183
516 33 392.0 394 22.680550480000022 7.71 0.013349759446216455 0.017017555053908427 False True -0.057562434972917305 19.123528169510095 -9.527953022707116 -1.3014340309216852 0.9571126995721534 -0.18888974420468183
516 34 404.0 406 23.634737417000025 7.6899999999999995 0.017017555053908427 0.17379929217546045 True False -0.057562434972917305 19.123528169510095 -9.527953022707116 -1.3014340309216852 0.9571126995721534 -0.18888974420468183
516 35 404.0 407 24.208445549000018 7.6899999999999995 0.017017555053908427 0.17379929217546045 False True -0.057562434972917305 19.123528169510095 -9.527953022707116 -1.3014340309216852 0.9571126995721534 -0.18888974420468183
516 36 416.0 419 25.157314270000015 7.71 0.013349759446216455 0.030659182070768197 True False -0.057562434972917305 19.123528169510095 -9.527953022707116 -1.3014340309216852 0.9571126995721534 -0.18888974420468183
516 37 416.0 419 25.757319115000016 7.71 0.013349759446216455 0.030659182070768197 False True -0.057562434972917305 19.123528169510095 -9.527953022707116 -1.3014340309216852 0.9571126995721534 -0.18888974420468183
516 38 428.0 431 26.729497083000012 7.71 0.013349759446216455 0.1408489693352604 True False -0.057562434972917305 19.123528169510095 -9.527953022707116 -1.3014340309216852 0.9571126995721534 -0.18888974420468183
516 39 428.0 431 27.291887102000004 7.71 0.013349759446216455 0.1408489693352604 False True -0.057562434972917305 19.123528169510095 -9.527953022707116 -1.3014340309216852 0.9571126995721534 -0.18888974420468183
516 40 440.0 443 28.236493574000008 7.71 0.013349759446216455 0.16121212074345945 True False -0.057562434972917305 19.123528169510095 -9.527953022707116 -1.3014340309216852 0.9571126995721534 -0.18888974420468183
516 41 440.0 443 28.848000821 7.71 0.013349759446216455 0.16121212074345945 False True -0.057562434972917305 19.123528169510095 -9.527953022707116 -1.3014340309216852 0.9571126995721534 -0.18888974420468183
516 42 452.0 455 29.82225484899999 7.71 0.013349759446216455 0.17934948112585908 True False -0.057562434972917305 19.123528169510095 -9.527953022707116 -1.3014340309216852 0.9571126995721534 -0.18888974420468183
516 43 452.0 455 30.399285356999997 7.71 0.013349759446216455 0.17934948112585908 False True -0.057562434972917305 19.123528169510095 -9.527953022707116 -1.3014340309216852 0.9571126995721534 -0.18888974420468183
516 44 464.0 467 31.359113194000003 7.71 0.013349759446216455 0.15275643337427688 True False -0.057562434972917305 19.123528169510095 -9.527953022707116 -1.3014340309216852 0.9571126995721534 -0.18888974420468183
516 45 464.0 467 31.961894852 7.71 0.013349759446216455 0.15275643337427688 False True -0.057562434972917305 19.123528169510095 -9.527953022707116 -1.3014340309216852 0.9571126995721534 -0.18888974420468183
516 46 476.0 479 32.92574273800001 7.71 0.013349759446216455 0.12643793806154205 True False -0.057562434972917305 19.123528169510095 -9.527953022707116 -1.3014340309216852 0.9571126995721534 -0.18888974420468183
516 47 476.0 479 33.49890835700002 7.71 0.013349759446216455 0.12643793806154205 False True -0.057562434972917305 19.123528169510095 -9.527953022707116 -1.3014340309216852 0.9571126995721534 -0.18888974420468183
516 48 488.0 491 34.458589746000015 7.71 0.013349759446216455 0.1334328013961298 True False -0.057562434972917305 19.123528169510095 -9.527953022707116 -1.3014340309216852 0.9571126995721534 -0.18888974420468183
516 49 488.0 491 35.060928584000024 7.71 0.013349759446216455 0.1334328013961298 False True -0.057562434972917305 19.123528169510095 -9.527953022707116 -1.3014340309216852 0.9571126995721534 -0.18888974420468183
516 50 500.0 503 36.023272714000015 7.71 0.013349759446216455 0.1655938907962077 True False -0.057562434972917305 19.123528169510095 -9.527953022707116 -1.3014340309216852 0.9571126995721534 -0.18888974420468183
516 51 500.0 503 36.599334962000015 7.71 0.013349759446216455 0.1655938907962077 False True -0.057562434972917305 19.123528169510095 -9.527953022707116 -1.3014340309216852 0.9571126995721534 -0.18888974420468183
516 52 512.0 515 37.561473767000024 7.71 0.013349759446216455 0.11674186237381759 True False -0.057562434972917305 19.123528169510095 -9.527953022707116 -1.3014340309216852 0.9571126995721534 -0.18888974420468183
516 53 512.0 515 38.165383064000025 7.71 0.013349759446216455 0.11674186237381759 False True -0.057562434972917305 19.123528169510095 -9.527953022707116 -1.3014340309216852 0.9571126995721534 -0.18888974420468183
516 54 524.0 527 39.140148203000024 7.71 0.013349759446216455 0.19909642952488232 True False -0.057562434972917305 19.123528169510095 -9.527953022707116 -1.3014340309216852 0.9571126995721534 -0.18888974420468183
516 55 524.0 528 39.70698796000002 7.71 0.013349759446216455 0.19909642952488232 False True -0.057562434972917305 19.123528169510095 -9.527953022707116 -1.3014340309216852 0.9571126995721534 -0.18888974420468183
516 56 536.0 540 40.69762950500002 7.71 0.013349759446216455 0.13708840944607972 True False -0.057562434972917305 19.123528169510095 -9.527953022707116 -1.3014340309216852 0.9571126995721534 -0.18888974420468183
516 57 536.0 540 41.317656046000025 7.71 0.013349759446216455 0.13708840944607972 False True -0.057562434972917305 19.123528169510095 -9.527953022707116 -1.3014340309216852 0.9571126995721534 -0.18888974420468183
516 58 548.0 552 42.297449058000026 7.71 0.013349759446216455 0.087669129312232 True False -0.057562434972917305 19.123528169510095 -9.527953022707116 -1.3014340309216852 0.9571126995721534 -0.18888974420468183
516 59 548.0 552 42.86589220000002 7.71 0.013349759446216455 0.087669129312232 False True -0.057562434972917305 19.123528169510095 -9.527953022707116 -1.3014340309216852 0.9571126995721534 -0.18888974420468183
516 60 560.0 564 43.839850415000015 7.71 0.013349759446216455 0.08595677501521395 True False -0.057562434972917305 19.123528169510095 -9.527953022707116 -1.3014340309216852 0.9571126995721534 -0.18888974420468183
516 61 560.0 564 44.458999030000015 7.71 0.013349759446216455 0.08595677501521395 False True -0.057562434972917305 19.123528169510095 -9.527953022707116 -1.3014340309216852 0.9571126995721534 -0.18888974420468183
516 62 572.0 576 45.425840867000005 7.71 0.013349759446216455 0.087669129312232 False True -0.057562434972917305 19.123528169510095 -9.527953022707116 -1.3014340309216852 0.9571126995721534 -0.18888974420468183
516 63 576.0 580 46.400395476 7.71 0.013349759446216455 0.045056231810635734 False True -0.057562434972917305 19.123528169510095 -9.527953022707116 -1.3014340309216852 0.9571126995721534 -0.18888974420468183
516 64 588.0 592 47.376571556 8.15 0.045056231810635734 0.036126125697385235 True False -0.057562434972917305 19.123528169510095 -9.527953022707116 -1.3014340309216852 0.9571126995721534 -0.18888974420468183
516 65 588.0 592 47.940627869 8.15 0.045056231810635734 0.04824702655946279 True False -0.057562434972917305 19.123528169510095 -9.527953022707116 -1.3014340309216852 0.9571126995721534 -0.18888974420468183
516 66 588.0 592 48.524644945999995 8.15 0.045056231810635734 0.04824702655946279 False True -0.057562434972917305 19.123528169510095 -9.527953022707116 -1.3014340309216852 0.9571126995721534 -0.18888974420468183
516 67 600.0 604 49.496668236999994 8.15 0.045056231810635734 0.036126125697385235 False True -0.057562434972917305 19.123528169510095 -9.527953022707116 -1.3014340309216852 0.9571126995721534 -0.18888974420468183
516 68 612.0 616 50.40515752 8.15 0.045056231810635734 0.019073514327745577 True False -0.057562434972917305 19.123528169510095 -9.527953022707116 -1.3014340309216852 0.9571126995721534 -0.18888974420468183
516 69 612.0 616 50.93957550500001 8.15 0.045056231810635734 0.04197227152804941 True False -0.057562434972917305 19.123528169510095 -9.527953022707116 -1.3014340309216852 0.9571126995721534 -0.18888974420468183
516 70 612.0 616 51.45971224300001 8.15 0.045056231810635734 0.04197227152804941 False True -0.057562434972917305 19.123528169510095 -9.527953022707116 -1.3014340309216852 0.9571126995721534 -0.18888974420468183
516 71 624.0 628 52.304150182000015 8.15 0.045056231810635734 0.019073514327745577 False True -0.057562434972917305 19.123528169510095 -9.527953022707116 -1.3014340309216852 0.9571126995721534 -0.18888974420468183
516 72 636.0 640 53.135643176000016 7.71 0.013349759446216455 0.02572923048913758 True False -0.057562434972917305 19.123528169510095 -9.527953022707116 -1.3014340309216852 0.9571126995721534 -0.18888974420468183
516 73 636.0 640 53.601275980000025 7.71 0.013349759446216455 0.01173384192367499 True False -0.057562434972917305 19.123528169510095 -9.527953022707116 -1.3014340309216852 0.9571126995721534 -0.18888974420468183
516 74 636.0 640 54.079835010000025 7.71 0.013349759446216455 0.01173384192367499 False True -0.057562434972917305 19.123528169510095 -9.527953022707116 -1.3014340309216852 0.9571126995721534 -0.18888974420468183
516 75 648.0 652 54.85975346800004 7.71 0.013349759446216455 0.01518374953393769 True False -0.057562434972917305 19.123528169510095 -9.527953022707116 -1.3014340309216852 0.9571126995721534 -0.18888974420468183
516 76 648.0 653 55.338498743000045 7.71 0.013349759446216455 0.0040371464453769065 True False -0.057562434972917305 19.123528169510095 -9.527953022707116 -1.3014340309216852 0.9571126995721534 -0.18888974420468183
516 77 648.0 653 55.82163406400005 7.71 0.013349759446216455 0.01518374953393769 False True -0.057562434972917305 19.123528169510095 -9.527953022707116 -1.3014340309216852 0.9571126995721534 -0.18888974420468183
516 78 660.0 665 56.57648240300004 8.14 0.04197227152804941 0.019073514327745577 False True -0.057562434972917305 19.123528169510095 -9.527953022707116 -1.3014340309216852 0.9571126995721534 -0.18888974420468183
516 79 664.0 669 57.314685157000056 8.14 0.04197227152804941 0.0040371464453769065 False True -0.057562434972917305 19.123528169510095 -9.527953022707116 -1.3014340309216852 0.9571126995721534 -0.18888974420468183
516 80 676.0 681 58.03813944100007 8.14 0.04197227152804941 0.0006788966281315936 True False -0.057562434972917305 19.123528169510095 -9.527953022707116 -1.3014340309216852 0.9571126995721534 -0.18888974420468183
516 81 676.0 681 58.45856424700007 8.14 0.04197227152804941 0.007386894859603633 True False -0.057562434972917305 19.123528169510095 -9.527953022707116 -1.3014340309216852 0.9571126995721534 -0.18888974420468183
516 82 676.0 681 58.88238474000006 8.14 0.04197227152804941 0.0006788966281315936 False True -0.057562434972917305 19.123528169510095 -9.527953022707116 -1.3014340309216852 0.9571126995721534 -0.18888974420468183
516 83 688.0 693 59.58201810700008 8.14 0.04197227152804941 0.0016879378485937728 True False -0.057562434972917305 19.123528169510095 -9.527953022707116 -1.3014340309216852 0.9571126995721534 -0.18888974420468183
516 84 688.0 693 60.01559193900006 8.14 0.04197227152804941 0.0 True False -0.057562434972917305 19.123528169510095 -9.527953022707116 -1.3014340309216852 0.9571126995721534 -0.18888974420468183
516 85 688.0 693 60.43958775900008 8.14 0.04197227152804941 0.0016879378485937728 False True -0.057562434972917305 19.123528169510095 -9.527953022707116 -1.3014340309216852 0.9571126995721534 -0.18888974420468183
516 86 700.0 705 61.164634784000086 7.9 0.0006788966281315936 0.0031427667426027835 True False -0.057562434972917305 19.123528169510095 -9.527953022707116 -1.3014340309216852 0.9571126995721534 -0.18888974420468183
516 87 700.0 705 61.561808981000084 7.9 0.0006788966281315936 0.0031427667426027835 False True -0.057562434972917305 19.123528169510095 -9.527953022707116 -1.3014340309216852 0.9571126995721534 -0.18888974420468183
516 88 712.0 717 62.22005444700007 7.94 0.0031427667426027835 0.0 False True -0.057562434972917305 19.123528169510095 -9.527953022707116 -1.3014340309216852 0.9571126995721534 -0.18888974420468183
516 89 724.0 729 62.86211520700006 7.94 0.0031427667426027835 0.007386894859603633 False True -0.057562434972917305 19.123528169510095 -9.527953022707116 -1.3014340309216852 0.9571126995721534 -0.18888974420468183
516 90 736.0 741 63.50132515800006 7.94 0.0031427667426027835 0.0016640589508264071 True False -0.057562434972917305 19.123528169510095 -9.527953022707116 -1.3014340309216852 0.9571126995721534 -0.18888974420468183
516 91 736.0 741 63.901624624000064 7.94 0.0031427667426027835 0.0016640589508264071 False True -0.057562434972917305 19.123528169510095 -9.527953022707116 -1.3014340309216852 0.9571126995721534 -0.18888974420468183
516 92 748.0 753 64.53866051400006 7.94 0.0031427667426027835 0.02572923048913758 False True -0.057562434972917305 19.123528169510095 -9.527953022707116 -1.3014340309216852 0.9571126995721534 -0.18888974420468183
516 93 760.0 765 65.16619437300007 7.94 0.0031427667426027835 0.00034170972058038967 True False -0.057562434972917305 19.123528169510095 -9.527953022707116 -1.3014340309216852 0.9571126995721534 -0.18888974420468183
516 94 760.0 765 65.55979382200006 7.94 0.0031427667426027835 0.00034170972058038967 False True -0.057562434972917305 19.123528169510095 -9.527953022707116 -1.3014340309216852 0.9571126995721534 -0.18888974420468183
516 95 772.0 777 66.18122346300008 7.94 0.0031427667426027835 0.001127658326265953 True False -0.057562434972917305 19.123528169510095 -9.527953022707116 -1.3014340309216852 0.9571126995721534 -0.18888974420468183
516 96 772.0 777 66.55829924300009 7.94 0.0031427667426027835 0.001127658326265953 False True -0.057562434972917305 19.123528169510095 -9.527953022707116 -1.3014340309216852 0.9571126995721534 -0.18888974420468183
516 97 784.0 789 67.17983924800008 7.94 0.0031427667426027835 0.002359667075830483 True False -0.057562434972917305 19.123528169510095 -9.527953022707116 -1.3014340309216852 0.9571126995721534 -0.18888974420468183
516 98 784.0 790 67.56282483600008 7.94 0.0031427667426027835 0.002359667075830483 False True -0.057562434972917305 19.123528169510095 -9.527953022707116 -1.3014340309216852 0.9571126995721534 -0.18888974420468183
516 99 796.0 802 68.18539697800007 7.93 0.002359667075830483 0.05154432457685802 True False -0.057562434972917305 19.123528169510095 -9.527953022707116 -1.3014340309216852 0.9571126995721534 -0.18888974420468183
516 100 796.0 802 68.56515615000005 7.93 0.002359667075830483 0.05154432457685802 False True -0.057562434972917305 19.123528169510095 -9.527953022707116 -1.3014340309216852 0.9571126995721534 -0.18888974420468183
516 101 808.0 814 69.20088558000005 7.93 0.002359667075830483 0.3041609700464662 True False -0.057562434972917305 19.123528169510095 -9.527953022707116 -1.3014340309216852 0.9571126995721534 -0.18888974420468183
516 102 808.0 814 69.58701142800005 7.93 0.002359667075830483 0.3041609700464662 False True -0.057562434972917305 19.123528169510095 -9.527953022707116 -1.3014340309216852 0.9571126995721534 -0.18888974420468183
516 103 820.0 826 70.22309275800005 8.14 0.04197227152804941 0.021182833553230623 True False -0.057562434972917305 19.123528169510095 -9.527953022707116 -1.3014340309216852 0.9571126995721534 -0.18888974420468183
516 104 820.0 826 70.60256989000005 8.14 0.04197227152804941 0.021182833553230623 False True -0.057562434972917305 19.123528169510095 -9.527953022707116 -1.3014340309216852 0.9571126995721534 -0.18888974420468183
516 105 832.0 838 71.22726625800006 7.71 0.013349759446216455 0.0003306095382043855 True False -0.057562434972917305 19.123528169510095 -9.527953022707116 -1.3014340309216852 0.9571126995721534 -0.18888974420468183
516 106 832.0 838 71.61930687500005 7.71 0.013349759446216455 0.0003306095382043855 False True -0.057562434972917305 19.123528169510095 -9.527953022707116 -1.3014340309216852 0.9571126995721534 -0.18888974420468183
516 107 844.0 850 72.24031140000007 7.71 0.013349759446216455 0.12988252213079854 True False -0.057562434972917305 19.123528169510095 -9.527953022707116 -1.3014340309216852 0.9571126995721534 -0.18888974420468183
516 108 844.0 850 72.62253819900006 7.71 0.013349759446216455 0.12988252213079854 False True -0.057562434972917305 19.123528169510095 -9.527953022707116 -1.3014340309216852 0.9571126995721534 -0.18888974420468183
516 109 856.0 862 73.24695092600005 7.95 0.0040371464453769065 0.019016833121057945 True False -0.057562434972917305 19.123528169510095 -9.527953022707116 -1.3014340309216852 0.9571126995721534 -0.18888974420468183
516 110 856.0 862 73.64110613700005 7.95 0.0040371464453769065 0.019016833121057945 False True -0.057562434972917305 19.123528169510095 -9.527953022707116 -1.3014340309216852 0.9571126995721534 -0.18888974420468183
516 111 868.0 874 74.26645766400004 7.94 0.0031427667426027835 0.05494778401369912 True False -0.057562434972917305 19.123528169510095 -9.527953022707116 -1.3014340309216852 0.9571126995721534 -0.18888974420468183
516 112 868.0 874 74.67732040200003 7.94 0.0031427667426027835 0.05494778401369912 False True -0.057562434972917305 19.123528169510095 -9.527953022707116 -1.3014340309216852 0.9571126995721534 -0.18888974420468183
516 113 880.0 886 75.30113009100005 7.9 0.0006788966281315936 0.015128471548444792 False True -0.057562434972917305 19.123528169510095 -9.527953022707116 -1.3014340309216852 0.9571126995721534 -0.18888974420468183
516 114 884.0 890 75.93773920600005 7.7 0.015128471548444792 0.144714093622046 True False -0.057562434972917305 19.123528169510095 -9.527953022707116 -1.3014340309216852 0.9571126995721534 -0.18888974420468183
516 115 884.0 890 76.30300883000005 7.7 0.015128471548444792 0.144714093622046 False True -0.057562434972917305 19.123528169510095 -9.527953022707116 -1.3014340309216852 0.9571126995721534 -0.18888974420468183
516 116 896.0 902 76.92553068700006 7.9 0.0006788966281315936 0.144714093622046 False True -0.057562434972917305 19.123528169510095 -9.527953022707116 -1.3014340309216852 0.9571126995721534 -0.18888974420468183
516 117 900.0 906 77.55802085300006 8.14 0.04197227152804941 0.0360800632733044 True False -0.057562434972917305 19.123528169510095 -9.527953022707116 -1.3014340309216852 0.9571126995721534 -0.18888974420468183
516 118 900.0 906 77.93906734100004 8.14 0.04197227152804941 0.0360800632733044 False True -0.057562434972917305 19.123528169510095 -9.527953022707116 -1.3014340309216852 0.9571126995721534 -0.18888974420468183
516 119 912.0 918 78.56446225400005 8.14 0.04197227152804941 0.04824702655946279 False True -0.057562434972917305 19.123528169510095 -9.527953022707116 -1.3014340309216852 0.9571126995721534 -0.18888974420468183
516 120 916.0 922 79.20282603500006 7.93 0.002359667075830483 0.03899546622480466 True False -0.057562434972917305 19.123528169510095 -9.527953022707116 -1.3014340309216852 0.9571126995721534 -0.18888974420468183
516 121 916.0 923 79.58144044500007 7.93 0.002359667075830483 0.03899546622480466 False True -0.057562434972917305 19.123528169510095 -9.527953022707116 -1.3014340309216852 0.9571126995721534 -0.18888974420468183
516 122 928.0 935 80.20478208300007 8.14 0.04197227152804941 0.030711024388040357 True False -0.057562434972917305 19.123528169510095 -9.527953022707116 -1.3014340309216852 0.9571126995721534 -0.18888974420468183
516 123 928.0 935 80.60176386600007 8.14 0.04197227152804941 0.030711024388040357 False True -0.057562434972917305 19.123528169510095 -9.527953022707116 -1.3014340309216852 0.9571126995721534 -0.18888974420468183
516 124 940.0 947 81.23736885000007 7.6899999999999995 0.017017555053908427 0.01707374896051464 True False -0.057562434972917305 19.123528169510095 -9.527953022707116 -1.3014340309216852 0.9571126995721534 -0.18888974420468183
516 125 940.0 947 81.60447434500007 7.6899999999999995 0.017017555053908427 0.01707374896051464 False True -0.057562434972917305 19.123528169510095 -9.527953022707116 -1.3014340309216852 0.9571126995721534 -0.18888974420468183
516 126 952.0 959 82.23810491900007 7.71 0.013349759446216455 0.18902371708430868 True False -0.057562434972917305 19.123528169510095 -9.527953022707116 -1.3014340309216852 0.9571126995721534 -0.18888974420468183
516 127 952.0 959 82.62540090900005 7.71 0.013349759446216455 0.18902371708430868 False True -0.057562434972917305 19.123528169510095 -9.527953022707116 -1.3014340309216852 0.9571126995721534 -0.18888974420468183
516 128 964.0 971 83.26389682900005 7.71 0.013349759446216455 0.004001706731795713 True False -0.057562434972917305 19.123528169510095 -9.527953022707116 -1.3014340309216852 0.9571126995721534 -0.18888974420468183
516 129 964.0 971 83.64159915700004 7.71 0.013349759446216455 0.004001706731795713 False True -0.057562434972917305 19.123528169510095 -9.527953022707116 -1.3014340309216852 0.9571126995721534 -0.18888974420468183
516 130 976.0 983 84.26471330000005 7.63 0.030659182070768197 0.0360800632733044 False True -0.057562434972917305 19.123528169510095 -9.527953022707116 -1.3014340309216852 0.9571126995721534 -0.18888974420468183
516 131 980.0 987 84.89920374400005 7.63 0.030659182070768197 0.09561754073512349 True False -0.057562434972917305 19.123528169510095 -9.527953022707116 -1.3014340309216852 0.9571126995721534 -0.18888974420468183
516 132 980.0 987 85.28096417900004 7.63 0.030659182070768197 0.09561754073512349 False True -0.057562434972917305 19.123528169510095 -9.527953022707116 -1.3014340309216852 0.9571126995721534 -0.18888974420468183
516 133 992.0 999 85.91632607600003 7.63 0.030659182070768197 0.36820418095167506 True False -0.057562434972917305 19.123528169510095 -9.527953022707116 -1.3014340309216852 0.9571126995721534 -0.18888974420468183
516 134 992.0 999 86.30143918700001 7.63 0.030659182070768197 0.36820418095167506 False True -0.057562434972917305 19.123528169510095 -9.527953022707116 -1.3014340309216852 0.9571126995721534 -0.18888974420468183
516 135 1004.0 1011 86.93616188 7.63 0.030659182070768197 0.1341817126288481 True False -0.057562434972917305 19.123528169510095 -9.527953022707116 -1.3014340309216852 0.9571126995721534 -0.18888974420468183
516 136 1004.0 1011 87.318188974 7.63 0.030659182070768197 0.1341817126288481 False True -0.057562434972917305 19.123528169510095 -9.527953022707116 -1.3014340309216852 0.9571126995721534 -0.18888974420468183
516 137 1016.0 1023 87.94476111299998 7.63 0.030659182070768197 0.1237441011239321 True False -0.057562434972917305 19.123528169510095 -9.527953022707116 -1.3014340309216852 0.9571126995721534 -0.18888974420468183
516 138 1016.0 1023 88.34032361799997 7.63 0.030659182070768197 0.1237441011239321 False True -0.057562434972917305 19.123528169510095 -9.527953022707116 -1.3014340309216852 0.9571126995721534 -0.18888974420468183
516 139 1028.0 1035 88.97527598999999 7.39 0.1237441011239321 0.11867486802033723 True False -0.057562434972917305 19.123528169510095 -9.527953022707116 -1.3014340309216852 0.9571126995721534 -0.18888974420468183
516 140 1028.0 1035 89.35635473399996 7.39 0.1237441011239321 0.11867486802033723 False True -0.057562434972917305 19.123528169510095 -9.527953022707116 -1.3014340309216852 0.9571126995721534 -0.18888974420468183
516 141 1040.0 1047 89.99484743999996 7.63 0.030659182070768197 0.14501476902430352 True False -0.057562434972917305 19.123528169510095 -9.527953022707116 -1.3014340309216852 0.9571126995721534 -0.18888974420468183
516 142 1040.0 1048 90.39200838699996 7.63 0.030659182070768197 0.14501476902430352 False True -0.057562434972917305 19.123528169510095 -9.527953022707116 -1.3014340309216852 0.9571126995721534 -0.18888974420468183
516 143 1052.0 1060 91.01875209599997 7.63 0.030659182070768197 0.12891321761992303 True False -0.057562434972917305 19.123528169510095 -9.527953022707116 -1.3014340309216852 0.9571126995721534 -0.18888974420468183
516 144 1052.0 1060 91.41466243699996 7.63 0.030659182070768197 0.12891321761992303 False True -0.057562434972917305 19.123528169510095 -9.527953022707116 -1.3014340309216852 0.9571126995721534 -0.18888974420468183
516 145 1064.0 1072 92.05481068099995 7.63 0.030659182070768197 0.07357999262275211 True False -0.057562434972917305 19.123528169510095 -9.527953022707116 -1.3014340309216852 0.9571126995721534 -0.18888974420468183
516 146 1064.0 1072 92.45379220599996 7.63 0.030659182070768197 0.07357999262275211 False True -0.057562434972917305 19.123528169510095 -9.527953022707116 -1.3014340309216852 0.9571126995721534 -0.18888974420468183
516 147 1076.0 1084 93.09327295299995 7.5 0.07357999262275211 0.07762484481057055 True False -0.057562434972917305 19.123528169510095 -9.527953022707116 -1.3014340309216852 0.9571126995721534 -0.18888974420468183
516 148 1076.0 1084 93.49015444899995 7.5 0.07357999262275211 0.07762484481057055 False True -0.057562434972917305 19.123528169510095 -9.527953022707116 -1.3014340309216852 0.9571126995721534 -0.18888974420468183
516 149 1088.0 1096 94.11709033799993 7.5 0.07357999262275211 0.07378311805611544 True False -0.057562434972917305 19.123528169510095 -9.527953022707116 -1.3014340309216852 0.9571126995721534 -0.18888974420468183
516 150 1088.0 1096 94.51516688099993 7.5 0.07357999262275211 0.07378311805611544 False True -0.057562434972917305 19.123528169510095 -9.527953022707116 -1.3014340309216852 0.9571126995721534 -0.18888974420468183
516 151 1100.0 1108 95.15285911899993 7.63 0.030659182070768197 0.07443169857778184 True False -0.057562434972917305 19.123528169510095 -9.527953022707116 -1.3014340309216852 0.9571126995721534 -0.18888974420468183
516 152 1100.0 1108 95.53668605999992 7.63 0.030659182070768197 0.07443169857778184 False True -0.057562434972917305 19.123528169510095 -9.527953022707116 -1.3014340309216852 0.9571126995721534 -0.18888974420468183
516 153 1112.0 1120 96.17244449399992 1.6 0.07378311805611544 0.07552650231094582 True False -0.057562434972917305 19.123528169510095 -9.527953022707116 -1.3014340309216852 0.9571126995721534 -0.18888974420468183
516 154 1112.0 1120 96.55297899799992 1.6 0.07378311805611544 0.07552650231094582 False True -0.057562434972917305 19.123528169510095 -9.527953022707116 -1.3014340309216852 0.9571126995721534 -0.18888974420468183
516 155 1124.0 1132 97.21390509699991 1.6 0.07378311805611544 0.0738258489852433 True False -0.057562434972917305 19.123528169510095 -9.527953022707116 -1.3014340309216852 0.9571126995721534 -0.18888974420468183
516 156 1124.0 1132 97.61400781299993 1.6 0.07378311805611544 0.0738258489852433 False True -0.057562434972917305 19.123528169510095 -9.527953022707116 -1.3014340309216852 0.9571126995721534 -0.18888974420468183
516 157 1136.0 1144 98.25805962099993 1.6 0.07378311805611544 0.07405160433958641 True False -0.057562434972917305 19.123528169510095 -9.527953022707116 -1.3014340309216852 0.9571126995721534 -0.18888974420468183
516 158 1136.0 1144 98.63778342099992 1.6 0.07378311805611544 0.07405160433958641 False True -0.057562434972917305 19.123528169510095 -9.527953022707116 -1.3014340309216852 0.9571126995721534 -0.18888974420468183
516 159 1148.0 1156 99.27633140699992 1.6 0.07378311805611544 0.07492335140807696 True False -0.057562434972917305 19.123528169510095 -9.527953022707116 -1.3014340309216852 0.9571126995721534 -0.18888974420468183
516 160 1148.0 1156 99.69022393699991 1.6 0.07378311805611544 0.07492335140807696 False True -0.057562434972917305 19.123528169510095 -9.527953022707116 -1.3014340309216852 0.9571126995721534 -0.18888974420468183
516 161 1160.0 1168 100.33463705899992 1.6 0.07378311805611544 0.0762410796160124 True False -0.057562434972917305 19.123528169510095 -9.527953022707116 -1.3014340309216852 0.9571126995721534 -0.18888974420468183
516 162 1160.0 1169 100.7169941929999 1.6 0.07378311805611544 0.0762410796160124 False True -0.057562434972917305 19.123528169510095 -9.527953022707116 -1.3014340309216852 0.9571126995721534 -0.18888974420468183
516 163 1172.0 1181 101.35797895799992 7.63 0.030659182070768197 0.07362627792815665 True False -0.057562434972917305 19.123528169510095 -9.527953022707116 -1.3014340309216852 0.9571126995721534 -0.18888974420468183
516 164 1172.0 1181 101.77301049799992 7.63 0.030659182070768197 0.07362627792815665 False True -0.057562434972917305 19.123528169510095 -9.527953022707116 -1.3014340309216852 0.9571126995721534 -0.18888974420468183
516 165 1184.0 1193 102.41731384799992 1.62 0.07443169857778184 0.1237441011239321 False True -0.057562434972917305 19.123528169510095 -9.527953022707116 -1.3014340309216852 0.9571126995721534 -0.18888974420468183
516 166 1188.0 1197 103.07113092899992 1.62 0.07443169857778184 0.07819883436685601 True False -0.057562434972917305 19.123528169510095 -9.527953022707116 -1.3014340309216852 0.9571126995721534 -0.18888974420468183
516 167 1188.0 1197 103.46942271399992 1.62 0.07443169857778184 0.07819883436685601 False True -0.057562434972917305 19.123528169510095 -9.527953022707116 -1.3014340309216852 0.9571126995721534 -0.18888974420468183
516 168 1200.0 1209 104.11021936399992 1.62 0.07443169857778184 0.30932454259043973 True False -0.057562434972917305 19.123528169510095 -9.527953022707116 -1.3014340309216852 0.9571126995721534 -0.18888974420468183
516 169 1200.0 1209 104.49712465899991 1.62 0.07443169857778184 0.30932454259043973 False True -0.057562434972917305 19.123528169510095 -9.527953022707116 -1.3014340309216852 0.9571126995721534 -0.18888974420468183
516 170 1212.0 1221 105.12926493399992 1.62 0.07443169857778184 0.33754859693018 True False -0.057562434972917305 19.123528169510095 -9.527953022707116 -1.3014340309216852 0.9571126995721534 -0.18888974420468183
516 171 1212.0 1221 105.51032698199991 1.62 0.07443169857778184 0.33754859693018 False True -0.057562434972917305 19.123528169510095 -9.527953022707116 -1.3014340309216852 0.9571126995721534 -0.18888974420468183
516 172 1224.0 1233 106.1691111299999 1.62 0.07443169857778184 0.26966723788963864 True False -0.057562434972917305 19.123528169510095 -9.527953022707116 -1.3014340309216852 0.9571126995721534 -0.18888974420468183
516 173 1224.0 1233 106.5950476289999 1.62 0.07443169857778184 0.26966723788963864 False True -0.057562434972917305 19.123528169510095 -9.527953022707116 -1.3014340309216852 0.9571126995721534 -0.18888974420468183
516 174 1236.0 1245 107.25384405599989 1.62 0.07443169857778184 0.2450755139665536 True False -0.057562434972917305 19.123528169510095 -9.527953022707116 -1.3014340309216852 0.9571126995721534 -0.18888974420468183
516 175 1236.0 1245 107.6338445279999 1.62 0.07443169857778184 0.2450755139665536 False True -0.057562434972917305 19.123528169510095 -9.527953022707116 -1.3014340309216852 0.9571126995721534 -0.18888974420468183
516 176 1248.0 1257 108.2534910719999 1.62 0.07443169857778184 0.28252209473972384 True False -0.057562434972917305 19.123528169510095 -9.527953022707116 -1.3014340309216852 0.9571126995721534 -0.18888974420468183
516 177 1248.0 1257 108.6743393389999 1.62 0.07443169857778184 0.28252209473972384 False True -0.057562434972917305 19.123528169510095 -9.527953022707116 -1.3014340309216852 0.9571126995721534 -0.18888974420468183
516 178 1260.0 1269 109.33990415099989 1.62 0.07443169857778184 0.20572558081915723 True False -0.057562434972917305 19.123528169510095 -9.527953022707116 -1.3014340309216852 0.9571126995721534 -0.18888974420468183
516 179 1260.0 1269 109.73606550099989 1.62 0.07443169857778184 0.20572558081915723 False True -0.057562434972917305 19.123528169510095 -9.527953022707116 -1.3014340309216852 0.9571126995721534 -0.18888974420468183
516 180 1272.0 1281 110.41302064299988 1.62 0.07443169857778184 0.17122615168823993 True False -0.057562434972917305 19.123528169510095 -9.527953022707116 -1.3014340309216852 0.9571126995721534 -0.18888974420468183
516 181 1272.0 1281 110.82064846299987 1.62 0.07443169857778184 0.17122615168823993 False True -0.057562434972917305 19.123528169510095 -9.527953022707116 -1.3014340309216852 0.9571126995721534 -0.18888974420468183
516 182 1284.0 1293 111.47554015899986 1.62 0.07443169857778184 0.1417423310885391 True False -0.057562434972917305 19.123528169510095 -9.527953022707116 -1.3014340309216852 0.9571126995721534 -0.18888974420468183
516 183 1284.0 1294 111.85767219799986 1.62 0.07443169857778184 0.1417423310885391 False True -0.057562434972917305 19.123528169510095 -9.527953022707116 -1.3014340309216852 0.9571126995721534 -0.18888974420468183
516 184 1296.0 1306 112.49203674199985 1.62 0.07443169857778184 0.12056970807200736 True False -0.057562434972917305 19.123528169510095 -9.527953022707116 -1.3014340309216852 0.9571126995721534 -0.18888974420468183
516 185 1296.0 1306 112.91236185899986 1.62 0.07443169857778184 0.12056970807200736 False True -0.057562434972917305 19.123528169510095 -9.527953022707116 -1.3014340309216852 0.9571126995721534 -0.18888974420468183
516 186 1308.0 1318 113.58677260699987 1.62 0.07443169857778184 0.15375451262593215 True False -0.057562434972917305 19.123528169510095 -9.527953022707116 -1.3014340309216852 0.9571126995721534 -0.18888974420468183
516 187 1308.0 1318 113.99578856099986 1.62 0.07443169857778184 0.15375451262593215 False True -0.057562434972917305 19.123528169510095 -9.527953022707116 -1.3014340309216852 0.9571126995721534 -0.18888974420468183
516 188 1320.0 1330 114.63427251899985 1.6 0.07378311805611544 0.2633786353526128 True False -0.057562434972917305 19.123528169510095 -9.527953022707116 -1.3014340309216852 0.9571126995721534 -0.18888974420468183
516 189 1320.0 1330 115.02019508799985 1.6 0.07378311805611544 0.2633786353526128 False True -0.057562434972917305 19.123528169510095 -9.527953022707116 -1.3014340309216852 0.9571126995721534 -0.18888974420468183
516 190 1332.0 1342 115.67368208999984 8.17 0.05154432457685802 0.18540653787823005 True False -0.057562434972917305 19.123528169510095 -9.527953022707116 -1.3014340309216852 0.9571126995721534 -0.18888974420468183
516 191 1332.0 1342 116.08013096099985 8.17 0.05154432457685802 0.18540653787823005 False True -0.057562434972917305 19.123528169510095 -9.527953022707116 -1.3014340309216852 0.9571126995721534 -0.18888974420468183
516 192 1344.0 1354 116.75597001699985 7.63 0.030659182070768197 0.22200637661440678 True False -0.057562434972917305 19.123528169510095 -9.527953022707116 -1.3014340309216852 0.9571126995721534 -0.18888974420468183
516 193 1344.0 1354 117.17970414199986 7.63 0.030659182070768197 0.22200637661440678 False True -0.057562434972917305 19.123528169510095 -9.527953022707116 -1.3014340309216852 0.9571126995721534 -0.18888974420468183
516 194 1356.0 1366 117.85062159699989 8.17 0.05154432457685802 0.26966723788963864 False True -0.057562434972917305 19.123528169510095 -9.527953022707116 -1.3014340309216852 0.9571126995721534 -0.18888974420468183
516 195 1360.0 1370 118.51418909699989 8.17 0.05154432457685802 0.32326159339901084 True False -0.057562434972917305 19.123528169510095 -9.527953022707116 -1.3014340309216852 0.9571126995721534 -0.18888974420468183
516 196 1360.0 1370 118.93516377099989 8.17 0.05154432457685802 0.32326159339901084 False True -0.057562434972917305 19.123528169510095 -9.527953022707116 -1.3014340309216852 0.9571126995721534 -0.18888974420468183
516 197 1372.0 1382 119.59287760799991 7.71 0.013349759446216455 0.16228379344500332 True False -0.057562434972917305 19.123528169510095 -9.527953022707116 -1.3014340309216852 0.9571126995721534 -0.18888974420468183
516 198 1372.0 1382 119.99759748899989 7.71 0.013349759446216455 0.16228379344500332 False True -0.057562434972917305 19.123528169510095 -9.527953022707116 -1.3014340309216852 0.9571126995721534 -0.18888974420468183
516 199 1384.0 1394 120.65121516099988 7.71 0.013349759446216455 0.3521799287427873 True False -0.057562434972917305 19.123528169510095 -9.527953022707116 -1.3014340309216852 0.9571126995721534 -0.18888974420468183
516 200 1384.0 1394 121.03902515899988 7.71 0.013349759446216455 0.3521799287427873 False True -0.057562434972917305 19.123528169510095 -9.527953022707116 -1.3014340309216852 0.9571126995721534 -0.18888974420468183
516 201 1396.0 1406 121.68999396999986 7.71 0.013349759446216455 0.2957429289511659 True False -0.057562434972917305 19.123528169510095 -9.527953022707116 -1.3014340309216852 0.9571126995721534 -0.18888974420468183
516 202 1396.0 1406 122.09280186099987 7.71 0.013349759446216455 0.2957429289511659 False True -0.057562434972917305 19.123528169510095 -9.527953022707116 -1.3014340309216852 0.9571126995721534 -0.18888974420468183
516 203 1408.0 1418 122.73787022399988 7.71 0.013349759446216455 0.14564163038895364 True False -0.057562434972917305 19.123528169510095 -9.527953022707116 -1.3014340309216852 0.9571126995721534 -0.18888974420468183
516 204 1408.0 1419 123.1377052779999 7.71 0.013349759446216455 0.14564163038895364 False True -0.057562434972917305 19.123528169510095 -9.527953022707116 -1.3014340309216852 0.9571126995721534 -0.18888974420468183
516 205 1420.0 1431 123.77754884999989 7.71 0.013349759446216455 0.08177407193296941 True False -0.057562434972917305 19.123528169510095 -9.527953022707116 -1.3014340309216852 0.9571126995721534 -0.18888974420468183
516 206 1420.0 1431 124.19106590999986 7.71 0.013349759446216455 0.08177407193296941 False True -0.057562434972917305 19.123528169510095 -9.527953022707116 -1.3014340309216852 0.9571126995721534 -0.18888974420468183
516 207 1432.0 1443 124.83401728499989 7.71 0.013349759446216455 0.27408667028128975 True False -0.057562434972917305 19.123528169510095 -9.527953022707116 -1.3014340309216852 0.9571126995721534 -0.18888974420468183
516 208 1432.0 1443 125.22996413699987 7.71 0.013349759446216455 0.27408667028128975 False True -0.057562434972917305 19.123528169510095 -9.527953022707116 -1.3014340309216852 0.9571126995721534 -0.18888974420468183
516 209 1444.0 1455 125.85826783799986 7.71 0.013349759446216455 0.149645820603914 True False -0.057562434972917305 19.123528169510095 -9.527953022707116 -1.3014340309216852 0.9571126995721534 -0.18888974420468183
516 210 1444.0 1455 126.27061710899987 7.71 0.013349759446216455 0.149645820603914 False True -0.057562434972917305 19.123528169510095 -9.527953022707116 -1.3014340309216852 0.9571126995721534 -0.18888974420468183
516 211 1456.0 1467 126.91379819399985 7.71 0.013349759446216455 0.45526597916128864 True False -0.057562434972917305 19.123528169510095 -9.527953022707116 -1.3014340309216852 0.9571126995721534 -0.18888974420468183
516 212 1456.0 1467 127.31103246599984 7.71 0.013349759446216455 0.45526597916128864 False True -0.057562434972917305 19.123528169510095 -9.527953022707116 -1.3014340309216852 0.9571126995721534 -0.18888974420468183
516 213 1468.0 1479 127.95248853299985 7.71 0.013349759446216455 0.4983623459782806 True False -0.057562434972917305 19.123528169510095 -9.527953022707116 -1.3014340309216852 0.9571126995721534 -0.18888974420468183
516 214 1468.0 1479 128.35537603099988 7.71 0.013349759446216455 0.4983623459782806 False True -0.057562434972917305 19.123528169510095 -9.527953022707116 -1.3014340309216852 0.9571126995721534 -0.18888974420468183
516 215 1480.0 1491 128.99770092699987 7.71 0.013349759446216455 0.43029514503222677 True False -0.057562434972917305 19.123528169510095 -9.527953022707116 -1.3014340309216852 0.9571126995721534 -0.18888974420468183
516 216 1480.0 1491 129.39325151499986 7.71 0.013349759446216455 0.43029514503222677 False True -0.057562434972917305 19.123528169510095 -9.527953022707116 -1.3014340309216852 0.9571126995721534 -0.18888974420468183
516 217 1492.0 1503 130.03032041799986 7.71 0.013349759446216455 0.04193447285684911 True False -0.057562434972917305 19.123528169510095 -9.527953022707116 -1.3014340309216852 0.9571126995721534 -0.18888974420468183
516 218 1492.0 1503 130.43165280799985 7.71 0.013349759446216455 0.04193447285684911 False True -0.057562434972917305 19.123528169510095 -9.527953022707116 -1.3014340309216852 0.9571126995721534 -0.18888974420468183
516 219 1504.0 1515 131.07574505999983 7.59 0.04193447285684911 0.011681584550515841 True False -0.057562434972917305 19.123528169510095 -9.527953022707116 -1.3014340309216852 0.9571126995721534 -0.18888974420468183
516 220 1504.0 1515 131.47247031399982 7.59 0.04193447285684911 0.011681584550515841 False True -0.057562434972917305 19.123528169510095 -9.527953022707116 -1.3014340309216852 0.9571126995721534 -0.18888974420468183
516 221 1516.0 1527 132.1142887799998 7.59 0.04193447285684911 0.20495799343981605 True False -0.057562434972917305 19.123528169510095 -9.527953022707116 -1.3014340309216852 0.9571126995721534 -0.18888974420468183
516 222 1516.0 1527 132.5365462369998 7.59 0.04193447285684911 0.20495799343981605 False True -0.057562434972917305 19.123528169510095 -9.527953022707116 -1.3014340309216852 0.9571126995721534 -0.18888974420468183
516 223 1528.0 1539 133.1920296879998 7.59 0.04193447285684911 0.08987137624102857 True False -0.057562434972917305 19.123528169510095 -9.527953022707116 -1.3014340309216852 0.9571126995721534 -0.18888974420468183
516 224 1528.0 1540 133.5893863199998 7.59 0.04193447285684911 0.08987137624102857 False True -0.057562434972917305 19.123528169510095 -9.527953022707116 -1.3014340309216852 0.9571126995721534 -0.18888974420468183
516 225 1540.0 1552 134.2175759529998 7.59 0.04193447285684911 0.09389514709747131 True False -0.057562434972917305 19.123528169510095 -9.527953022707116 -1.3014340309216852 0.9571126995721534 -0.18888974420468183
516 226 1540.0 1552 134.6308562149998 7.59 0.04193447285684911 0.09389514709747131 False True -0.057562434972917305 19.123528169510095 -9.527953022707116 -1.3014340309216852 0.9571126995721534 -0.18888974420468183
516 227 1552.0 1564 135.27551216999979 7.72 0.011681584550515841 0.0862886056494803 True False -0.057562434972917305 19.123528169510095 -9.527953022707116 -1.3014340309216852 0.9571126995721534 -0.18888974420468183
516 228 1552.0 1564 135.6749296899998 7.72 0.011681584550515841 0.0862886056494803 False True -0.057562434972917305 19.123528169510095 -9.527953022707116 -1.3014340309216852 0.9571126995721534 -0.18888974420468183
516 229 1564.0 1576 136.3292798339998 7.71 0.013349759446216455 0.08802477787011914 True False -0.057562434972917305 19.123528169510095 -9.527953022707116 -1.3014340309216852 0.9571126995721534 -0.18888974420468183
516 230 1564.0 1576 136.7323487569998 7.71 0.013349759446216455 0.08802477787011914 False True -0.057562434972917305 19.123528169510095 -9.527953022707116 -1.3014340309216852 0.9571126995721534 -0.18888974420468183
516 231 1576.0 1588 137.3767875549998 1.4100000000000001 0.08987137624102857 0.08314817773436006 True False -0.057562434972917305 19.123528169510095 -9.527953022707116 -1.3014340309216852 0.9571126995721534 -0.18888974420468183
516 232 1576.0 1588 137.77270635099978 1.4100000000000001 0.08987137624102857 0.08314817773436006 False True -0.057562434972917305 19.123528169510095 -9.527953022707116 -1.3014340309216852 0.9571126995721534 -0.18888974420468183
516 233 1588.0 1600 138.4129385229998 7.71 0.013349759446216455 0.10075430836185684 True False -0.057562434972917305 19.123528169510095 -9.527953022707116 -1.3014340309216852 0.9571126995721534 -0.18888974420468183
516 234 1588.0 1600 138.8172977429998 7.71 0.013349759446216455 0.10075430836185684 False True -0.057562434972917305 19.123528169510095 -9.527953022707116 -1.3014340309216852 0.9571126995721534 -0.18888974420468183
516 235 1600.0 1612 139.4737958469998 7.59 0.04193447285684911 0.08466302186291795 True False -0.057562434972917305 19.123528169510095 -9.527953022707116 -1.3014340309216852 0.9571126995721534 -0.18888974420468183
516 236 1600.0 1612 139.8726393079998 7.59 0.04193447285684911 0.08466302186291795 False True -0.057562434972917305 19.123528169510095 -9.527953022707116 -1.3014340309216852 0.9571126995721534 -0.18888974420468183
516 237 1612.0 1624 140.51460187499978 7.59 0.04193447285684911 0.4550326121223772 True False -0.057562434972917305 19.123528169510095 -9.527953022707116 -1.3014340309216852 0.9571126995721534 -0.18888974420468183
516 238 1612.0 1624 140.92849226299978 7.59 0.04193447285684911 0.4550326121223772 False True -0.057562434972917305 19.123528169510095 -9.527953022707116 -1.3014340309216852 0.9571126995721534 -0.18888974420468183
516 239 1624.0 1636 141.57326528599978 7.59 0.04193447285684911 0.5485861770146652 True False -0.057562434972917305 19.123528169510095 -9.527953022707116 -1.3014340309216852 0.9571126995721534 -0.18888974420468183
516 240 1624.0 1636 141.9679028849998 7.59 0.04193447285684911 0.5485861770146652 False True -0.057562434972917305 19.123528169510095 -9.527953022707116 -1.3014340309216852 0.9571126995721534 -0.18888974420468183
516 241 1636.0 1648 142.5959791539998 7.59 0.04193447285684911 0.07354479656511839 False True -0.057562434972917305 19.123528169510095 -9.527953022707116 -1.3014340309216852 0.9571126995721534 -0.18888974420468183
516 242 1648.0 1660 143.2345850719998 7.59 0.04193447285684911 0.10867874347470491 True False -0.057562434972917305 19.123528169510095 -9.527953022707116 -1.3014340309216852 0.9571126995721534 -0.18888974420468183
516 243 1648.0 1660 143.6357519179998 7.59 0.04193447285684911 0.07358111099083682 True False -0.057562434972917305 19.123528169510095 -9.527953022707116 -1.3014340309216852 0.9571126995721534 -0.18888974420468183
516 244 1648.0 1661 144.03327655499982 7.59 0.04193447285684911 0.07358111099083682 False True -0.057562434972917305 19.123528169510095 -9.527953022707116 -1.3014340309216852 0.9571126995721534 -0.18888974420468183
516 245 1660.0 1673 144.6763061589998 7.59 0.04193447285684911 0.15693282182921806 True False -0.057562434972917305 19.123528169510095 -9.527953022707116 -1.3014340309216852 0.9571126995721534 -0.18888974420468183
516 246 1660.0 1673 145.0895696319998 7.59 0.04193447285684911 0.15693282182921806 False True -0.057562434972917305 19.123528169510095 -9.527953022707116 -1.3014340309216852 0.9571126995721534 -0.18888974420468183
516 247 1672.0 1685 146.0135677009998 7.71 0.013349759446216455 0.07552650231094582 False True -0.057562434972917305 19.123528169510095 -9.527953022707116 -1.3014340309216852 0.9571126995721534 -0.18888974420468183
516 248 1676.0 1689 147.0326593379998 7.71 0.013349759446216455 0.00011614341140329637 True False -0.057562434972917305 19.123528169510095 -9.527953022707116 -1.3014340309216852 0.9571126995721534 -0.18888974420468183
516 249 1676.0 1689 147.6542771189998 7.71 0.013349759446216455 0.00011614341140329637 False True -0.057562434972917305 19.123528169510095 -9.527953022707116 -1.3014340309216852 0.9571126995721534 -0.18888974420468183
516 250 1688.0 1701 148.6651240549998 7.88 0.00011614341140329637 2.232345217728633e-06 True False -0.057562434972917305 19.123528169510095 -9.527953022707116 -1.3014340309216852 0.9571126995721534 -0.18888974420468183
516 251 1688.0 1701 149.3003107479998 7.88 0.00011614341140329637 2.232345217728633e-06 False True -0.057562434972917305 19.123528169510095 -9.527953022707116 -1.3014340309216852 0.9571126995721534 -0.18888974420468183
516 252 1700.0 1713 150.33850187899978 7.88 0.00011614341140329637 0.30695121453561297 True False -0.057562434972917305 19.123528169510095 -9.527953022707116 -1.3014340309216852 0.9571126995721534 -0.18888974420468183
516 253 1700.0 1713 150.96359503899978 7.88 0.00011614341140329637 0.30695121453561297 False True -0.057562434972917305 19.123528169510095 -9.527953022707116 -1.3014340309216852 0.9571126995721534 -0.18888974420468183
516 254 1712.0 1725 151.97955133099978 7.88 0.00011614341140329637 2.232345217728633e-06 False True -0.057562434972917305 19.123528169510095 -9.527953022707116 -1.3014340309216852 0.9571126995721534 -0.18888974420468183
516 255 1716.0 1729 152.98534328699978 7.87 2.232345217728633e-06 0.3717527264909529 True False -0.057562434972917305 19.123528169510095 -9.527953022707116 -1.3014340309216852 0.9571126995721534 -0.18888974420468183
516 256 1716.0 1729 153.6248855569998 7.87 2.232345217728633e-06 0.3717527264909529 False True -0.057562434972917305 19.123528169510095 -9.527953022707116 -1.3014340309216852 0.9571126995721534 -0.18888974420468183
516 257 1728.0 1741 154.61935295999982 7.87 2.232345217728633e-06 0.267659035311389 True False -0.057562434972917305 19.123528169510095 -9.527953022707116 -1.3014340309216852 0.9571126995721534 -0.18888974420468183
516 258 1728.0 1741 155.1835836789998 7.87 2.232345217728633e-06 0.267659035311389 False True -0.057562434972917305 19.123528169510095 -9.527953022707116 -1.3014340309216852 0.9571126995721534 -0.18888974420468183
516 259 1740.0 1753 156.0837413719998 7.87 2.232345217728633e-06 0.45980262023092144 True False -0.057562434972917305 19.123528169510095 -9.527953022707116 -1.3014340309216852 0.9571126995721534 -0.18888974420468183
516 260 1740.0 1753 156.6430732569998 7.87 2.232345217728633e-06 0.45980262023092144 False True -0.057562434972917305 19.123528169510095 -9.527953022707116 -1.3014340309216852 0.9571126995721534 -0.18888974420468183
516 261 1752.0 1765 157.5185677919998 7.87 2.232345217728633e-06 0.556566315504646 True False -0.057562434972917305 19.123528169510095 -9.527953022707116 -1.3014340309216852 0.9571126995721534 -0.18888974420468183
516 262 1752.0 1765 158.1181932929998 7.87 2.232345217728633e-06 0.556566315504646 False True -0.057562434972917305 19.123528169510095 -9.527953022707116 -1.3014340309216852 0.9571126995721534 -0.18888974420468183
516 263 1764.0 1777 159.1226511399998 7.87 2.232345217728633e-06 0.41072260150051704 True False -0.057562434972917305 19.123528169510095 -9.527953022707116 -1.3014340309216852 0.9571126995721534 -0.18888974420468183
516 264 1764.0 1777 159.7780654839998 7.87 2.232345217728633e-06 0.41072260150051704 False True -0.057562434972917305 19.123528169510095 -9.527953022707116 -1.3014340309216852 0.9571126995721534 -0.18888974420468183
516 265 1776.0 1789 160.8046306179998 7.87 2.232345217728633e-06 0.0482201655633897 True False -0.057562434972917305 19.123528169510095 -9.527953022707116 -1.3014340309216852 0.9571126995721534 -0.18888974420468183
516 266 1776.0 1790 161.4251342179998 7.87 2.232345217728633e-06 0.0482201655633897 False True -0.057562434972917305 19.123528169510095 -9.527953022707116 -1.3014340309216852 0.9571126995721534 -0.18888974420468183
516 267 1788.0 1802 162.4459514729998 7.57 0.0482201655633897 2.232345217728633e-06 False True -0.057562434972917305 19.123528169510095 -9.527953022707116 -1.3014340309216852 0.9571126995721534 -0.18888974420468183
516 268 1792.0 1806 163.4620056929998 7.87 2.232345217728633e-06 0.062071766698151315 True False -0.057562434972917305 19.123528169510095 -9.527953022707116 -1.3014340309216852 0.9571126995721534 -0.18888974420468183
516 269 1792.0 1806 164.1013193639998 7.87 2.232345217728633e-06 0.062071766698151315 False True -0.057562434972917305 19.123528169510095 -9.527953022707116 -1.3014340309216852 0.9571126995721534 -0.18888974420468183
516 270 1804.0 1818 165.1419498799998 7.87 2.232345217728633e-06 0.2095634982750847 True False -0.057562434972917305 19.123528169510095 -9.527953022707116 -1.3014340309216852 0.9571126995721534 -0.18888974420468183
516 271 1804.0 1818 165.76482504299977 7.87 2.232345217728633e-06 0.2095634982750847 False True -0.057562434972917305 19.123528169510095 -9.527953022707116 -1.3014340309216852 0.9571126995721534 -0.18888974420468183
516 272 1816.0 1830 166.78435432599977 7.87 2.232345217728633e-06 0.07503053855051209 True False -0.057562434972917305 19.123528169510095 -9.527953022707116 -1.3014340309216852 0.9571126995721534 -0.18888974420468183
516 273 1816.0 1830 167.43559483599975 7.87 2.232345217728633e-06 0.07503053855051209 False True -0.057562434972917305 19.123528169510095 -9.527953022707116 -1.3014340309216852 0.9571126995721534 -0.18888974420468183
516 274 1828.0 1842 168.45686687999975 7.87 2.232345217728633e-06 0.19536597865312585 True False -0.057562434972917305 19.123528169510095 -9.527953022707116 -1.3014340309216852 0.9571126995721534 -0.18888974420468183
516 275 1828.0 1842 169.09657375399973 7.87 2.232345217728633e-06 0.19536597865312585 False True -0.057562434972917305 19.123528169510095 -9.527953022707116 -1.3014340309216852 0.9571126995721534 -0.18888974420468183
516 276 1840.0 1854 170.11588435999974 7.87 2.232345217728633e-06 0.6183500948859224 True False -0.057562434972917305 19.123528169510095 -9.527953022707116 -1.3014340309216852 0.9571126995721534 -0.18888974420468183
516 277 1840.0 1854 170.75852091099972 7.87 2.232345217728633e-06 0.6183500948859224 False True -0.057562434972917305 19.123528169510095 -9.527953022707116 -1.3014340309216852 0.9571126995721534 -0.18888974420468183
516 278 1852.0 1866 171.7978548229997 7.87 2.232345217728633e-06 0.09182822743474149 True False -0.057562434972917305 19.123528169510095 -9.527953022707116 -1.3014340309216852 0.9571126995721534 -0.18888974420468183
516 279 1852.0 1866 172.42321652099972 7.87 2.232345217728633e-06 0.09182822743474149 False True -0.057562434972917305 19.123528169510095 -9.527953022707116 -1.3014340309216852 0.9571126995721534 -0.18888974420468183
516 280 1864.0 1878 173.4422470909997 7.87 2.232345217728633e-06 0.013403717152703519 True False -0.057562434972917305 19.123528169510095 -9.527953022707116 -1.3014340309216852 0.9571126995721534 -0.18888974420468183
516 281 1864.0 1878 174.07942443699972 7.87 2.232345217728633e-06 0.013403717152703519 False True -0.057562434972917305 19.123528169510095 -9.527953022707116 -1.3014340309216852 0.9571126995721534 -0.18888974420468183
516 282 1876.0 1890 175.14445665199972 7.87 2.232345217728633e-06 0.0770670005092179 True False -0.057562434972917305 19.123528169510095 -9.527953022707116 -1.3014340309216852 0.9571126995721534 -0.18888974420468183
516 283 1876.0 1890 175.77871611299972 7.87 2.232345217728633e-06 0.0770670005092179 False True -0.057562434972917305 19.123528169510095 -9.527953022707116 -1.3014340309216852 0.9571126995721534 -0.18888974420468183
516 284 1888.0 1902 176.78127694499972 7.87 2.232345217728633e-06 0.1486833844073241 True False -0.057562434972917305 19.123528169510095 -9.527953022707116 -1.3014340309216852 0.9571126995721534 -0.18888974420468183
516 285 1888.0 1902 177.4188954969997 7.87 2.232345217728633e-06 0.1486833844073241 False True -0.057562434972917305 19.123528169510095 -9.527953022707116 -1.3014340309216852 0.9571126995721534 -0.18888974420468183
516 286 1900.0 1914 178.4414210429997 7.87 2.232345217728633e-06 0.023401483598064005 True False -0.057562434972917305 19.123528169510095 -9.527953022707116 -1.3014340309216852 0.9571126995721534 -0.18888974420468183
516 287 1900.0 1915 179.0756889179997 7.87 2.232345217728633e-06 0.023401483598064005 False True -0.057562434972917305 19.123528169510095 -9.527953022707116 -1.3014340309216852 0.9571126995721534 -0.18888974420468183
516 288 1912.0 1927 180.07899299799973 8.07 0.023401483598064005 0.00011614341140329637 False True -0.057562434972917305 19.123528169510095 -9.527953022707116 -1.3014340309216852 0.9571126995721534 -0.18888974420468183
516 289 1916.0 1931 181.09644089199972 8.07 0.023401483598064005 0.1334328013961298 False True -0.057562434972917305 19.123528169510095 -9.527953022707116 -1.3014340309216852 0.9571126995721534 -0.18888974420468183
516 290 1920.0 1935 182.11445161799972 8.07 0.023401483598064005 0.00011614341140329637 False True -0.057562434972917305 19.123528169510095 -9.527953022707116 -1.3014340309216852 0.9571126995721534 -0.18888974420468183
516 291 1924.0 1939 183.1373141659997 7.87 2.232345217728633e-06 0.023401483598064005 False True -0.057562434972917305 19.123528169510095 -9.527953022707116 -1.3014340309216852 0.9571126995721534 -0.18888974420468183
516 292 1928.0 1943 184.15971574199972 8.07 0.023401483598064005 0.15693282182921806 False True -0.057562434972917305 19.123528169510095 -9.527953022707116 -1.3014340309216852 0.9571126995721534 -0.18888974420468183
516 293 1932.0 1947 185.18181510099976 8.07 0.023401483598064005 0.15693282182921806 False True -0.057562434972917305 19.123528169510095 -9.527953022707116 -1.3014340309216852 0.9571126995721534 -0.18888974420468183
516 294 1936.0 1951 186.20206997399976 7.87 2.232345217728633e-06 0.1334328013961298 False True -0.057562434972917305 19.123528169510095 -9.527953022707116 -1.3014340309216852 0.9571126995721534 -0.18888974420468183
516 295 1940.0 1955 187.23690366499977 7.87 2.232345217728633e-06 0.04824702655946279 False True -0.057562434972917305 19.123528169510095 -9.527953022707116 -1.3014340309216852 0.9571126995721534 -0.18888974420468183
516 296 1944.0 1959 188.25593555099977 7.87 2.232345217728633e-06 0.13794830132002603 True False -0.057562434972917305 19.123528169510095 -9.527953022707116 -1.3014340309216852 0.9571126995721534 -0.18888974420468183
516 297 1944.0 1959 188.8958420909998 7.87 2.232345217728633e-06 0.13794830132002603 False True -0.057562434972917305 19.123528169510095 -9.527953022707116 -1.3014340309216852 0.9571126995721534 -0.18888974420468183
516 298 1956.0 1971 189.9402973559998 7.87 2.232345217728633e-06 0.6479420767605539 True False -0.057562434972917305 19.123528169510095 -9.527953022707116 -1.3014340309216852 0.9571126995721534 -0.18888974420468183
516 299 1956.0 1971 190.5750832549998 7.87 2.232345217728633e-06 0.6479420767605539 False True -0.057562434972917305 19.123528169510095 -9.527953022707116 -1.3014340309216852 0.9571126995721534 -0.18888974420468183
516 300 1968.0 1983 191.59763405499984 7.87 2.232345217728633e-06 0.3355499563569341 True False -0.057562434972917305 19.123528169510095 -9.527953022707116 -1.3014340309216852 0.9571126995721534 -0.18888974420468183
516 301 1968.0 1983 192.24190546599982 7.87 2.232345217728633e-06 0.3355499563569341 False True -0.057562434972917305 19.123528169510095 -9.527953022707116 -1.3014340309216852 0.9571126995721534 -0.18888974420468183
516 302 1980.0 1995 193.2781376069998 7.87 2.232345217728633e-06 0.41062363335732405 True False -0.057562434972917305 19.123528169510095 -9.527953022707116 -1.3014340309216852 0.9571126995721534 -0.18888974420468183
516 303 1980.0 1995 193.9210023459998 7.87 2.232345217728633e-06 0.41062363335732405 False True -0.057562434972917305 19.123528169510095 -9.527953022707116 -1.3014340309216852 0.9571126995721534 -0.18888974420468183
