594 0 200.0 201 0.6192107539999938 1.6300000000000001 0.08256117106929557 0.10536496285197992 True False -0.08055477327281264 93.67488027415813 -46.82642243346641 -1.3969404191476094 15.912477415873528 -7.94115716724856
594 1 200.0 201 1.054572922999995 1.6300000000000001 0.08256117106929557 0.10536496285197992 False True -0.08055477327281264 93.67488027415813 -46.82642243346641 -1.3969404191476094 15.912477415873528 -7.94115716724856
594 2 212.0 213 1.6810821959999913 1.6300000000000001 0.08256117106929557 0.08336779422490029 True False -0.08055477327281264 93.67488027415813 -46.82642243346641 -1.3969404191476094 15.912477415873528 -7.94115716724856
594 3 212.0 213 2.0605705199999846 1.6300000000000001 0.08256117106929557 0.08336779422490029 False True -0.08055477327281264 93.67488027415813 -46.82642243346641 -1.3969404191476094 15.912477415873528 -7.94115716724856
594 4 224.0 225 2.696299677999974 1.52 0.08336779422490029 0.08108210027732964 True False -0.08055477327281264 93.67488027415813 -46.82642243346641 -1.3969404191476094 15.912477415873528 -7.94115716724856
594 5 224.0 225 3.0957064969999806 1.52 0.08336779422490029 0.08108210027732964 False True -0.08055477327281264 93.67488027415813 -46.82642243346641 -1.3969404191476094 15.912477415873528 -7.94115716724856
594 6 236.0 237 3.73602825899998 1.58 0.08108210027732964 0.10838522951698022 True False -0.08055477327281264 93.67488027415813 -46.82642243346641 -1.3969404191476094 15.912477415873528 -7.94115716724856
594 7 236.0 237 4.11419514699999 1.58 0.08108210027732964 0.10838522951698022 False True -0.08055477327281264 93.67488027415813 -46.82642243346641 -1.3969404191476094 15.912477415873528 -7.94115716724856
594 8 248.0 249 4.7392830469999865 1.58 0.08108210027732964 0.08135178729804628 True False -0.08055477327281264 93.67488027415813 -46.82642243346641 -1.3969404191476094 15.912477415873528 -7.94115716724856
594 9 248.0 249 5.140723465999983 1.58 0.08108210027732964 0.08135178729804628 False True -0.08055477327281264 93.67488027415813 -46.82642243346641 -1.3969404191476094 15.912477415873528 -7.94115716724856
594 10 260.0 261 5.780931164999984 1.58 0.08108210027732964 0.17407077503762586 True False -0.08055477327281264 93.67488027415813 -46.82642243346641 -1.3969404191476094 15.912477415873528 -7.94115716724856
594 11 260.0 261 6.161224776999987 1.58 0.08108210027732964 0.17407077503762586 False True -0.08055477327281264 93.67488027415813 -46.82642243346641 -1.3969404191476094 15.912477415873528 -7.94115716724856
594 12 272.0 273 6.798209816999986 1.58 0.08108210027732964 0.14016859996334108 True False -0.08055477327281264 93.67488027415813 -46.82642243346641 -1.3969404191476094 15.912477415873528 -7.94115716724856
594 13 272.0 273 7.199325072999983 1.58 0.08108210027732964 0.14016859996334108 False True -0.08055477327281264 93.67488027415813 -46.82642243346641 -1.3969404191476094 15.912477415873528 -7.94115716724856
594 14 284.0 285 7.839020904999984 1.58 0.08108210027732964 0.09007736387463779 True False -0.08055477327281264 93.67488027415813 -46.82642243346641 -1.3969404191476094 15.912477415873528 -7.94115716724856
594 15 284.0 286 8.235056637999975 1.58 0.08108210027732964 0.09007736387463779 False True -0.08055477327281264 93.67488027415813 -46.82642243346641 -1.3969404191476094 15.912477415873528 -7.94115716724856
594 16 296.0 298 8.860227390999981 1.58 0.08108210027732964 0.22093492883235416 True False -0.08055477327281264 93.67488027415813 -46.82642243346641 -1.3969404191476094 15.912477415873528 -7.94115716724856
594 17 296.0 298 9.260649559999976 1.58 0.08108210027732964 0.22093492883235416 False True -0.08055477327281264 93.67488027415813 -46.82642243346641 -1.3969404191476094 15.912477415873528 -7.94115716724856
594 18 308.0 310 9.901420450999979 1.58 0.08108210027732964 0.08211375353275228 True False -0.08055477327281264 93.67488027415813 -46.82642243346641 -1.3969404191476094 15.912477415873528 -7.94115716724856
594 19 308.0 310 10.281735718999983 1.58 0.08108210027732964 0.08211375353275228 False True -0.08055477327281264 93.67488027415813 -46.82642243346641 -1.3969404191476094 15.912477415873528 -7.94115716724856
594 20 320.0 322 10.917861479999985 1.58 0.08108210027732964 0.08211375353275228 False True -0.08055477327281264 93.67488027415813 -46.82642243346641 -1.3969404191476094 15.912477415873528 -7.94115716724856
594 21 324.0 326 11.55449696399998 1.58 0.08108210027732964 0.18868125004277317 True False -0.08055477327281264 93.67488027415813 -46.82642243346641 -1.3969404191476094 15.912477415873528 -7.94115716724856
594 22 324.0 326 11.937521842999985 1.58 0.08108210027732964 0.18868125004277317 False True -0.08055477327281264 93.67488027415813 -46.82642243346641 -1.3969404191476094 15.912477415873528 -7.94115716724856
594 23 336.0 338 12.578740438999986 1.56 0.08135178729804628 0.0813047003020247 True False -0.08055477327281264 93.67488027415813 -46.82642243346641 -1.3969404191476094 15.912477415873528 -7.94115716724856
594 24 336.0 338 12.974547458999993 1.56 0.08135178729804628 0.0813047003020247 False True -0.08055477327281264 93.67488027415813 -46.82642243346641 -1.3969404191476094 15.912477415873528 -7.94115716724856
594 25 348.0 350 13.618338542999993 1.56 0.08135178729804628 0.29715759560631116 True False -0.08055477327281264 93.67488027415813 -46.82642243346641 -1.3969404191476094 15.912477415873528 -7.94115716724856
594 26 348.0 350 14.011753766999988 1.56 0.08135178729804628 0.29715759560631116 False True -0.08055477327281264 93.67488027415813 -46.82642243346641 -1.3969404191476094 15.912477415873528 -7.94115716724856
594 27 360.0 362 14.653191128999978 1.56 0.08135178729804628 0.01881427728780555 True False -0.08055477327281264 93.67488027415813 -46.82642243346641 -1.3969404191476094 15.912477415873528 -7.94115716724856
594 28 360.0 362 15.051832536999981 1.56 0.08135178729804628 0.01881427728780555 False True -0.08055477327281264 93.67488027415813 -46.82642243346641 -1.3969404191476094 15.912477415873528 -7.94115716724856
594 29 372.0 374 15.68041526799999 1.56 0.08135178729804628 0.06441626826613182 True False -0.08055477327281264 93.67488027415813 -46.82642243346641 -1.3969404191476094 15.912477415873528 -7.94115716724856
594 30 372.0 374 16.07478908099999 1.56 0.08135178729804628 0.06441626826613182 False True -0.08055477327281264 93.67488027415813 -46.82642243346641 -1.3969404191476094 15.912477415873528 -7.94115716724856
594 31 384.0 386 16.713534772999992 1.56 0.08135178729804628 0.0003643124623745881 True False -0.08055477327281264 93.67488027415813 -46.82642243346641 -1.3969404191476094 15.912477415873528 -7.94115716724856
594 32 384.0 386 17.100617907 1.56 0.08135178729804628 0.0003643124623745881 False True -0.08055477327281264 93.67488027415813 -46.82642243346641 -1.3969404191476094 15.912477415873528 -7.94115716724856
594 33 396.0 398 17.736393471 7.84 0.0003643124623745881 0.016670694837517274 True False -0.08055477327281264 93.67488027415813 -46.82642243346641 -1.3969404191476094 15.912477415873528 -7.94115716724856
594 34 396.0 398 18.120904537 7.84 0.0003643124623745881 0.016670694837517274 False True -0.08055477327281264 93.67488027415813 -46.82642243346641 -1.3969404191476094 15.912477415873528 -7.94115716724856
594 35 408.0 410 18.773698198000005 7.84 0.0003643124623745881 0.001242613821096667 True False -0.08055477327281264 93.67488027415813 -46.82642243346641 -1.3969404191476094 15.912477415873528 -7.94115716724856
594 36 408.0 411 19.173992634 7.84 0.0003643124623745881 0.001242613821096667 False True -0.08055477327281264 93.67488027415813 -46.82642243346641 -1.3969404191476094 15.912477415873528 -7.94115716724856
594 37 420.0 423 19.812313079000006 7.84 0.0003643124623745881 0.0034281456734038002 True False -0.08055477327281264 93.67488027415813 -46.82642243346641 -1.3969404191476094 15.912477415873528 -7.94115716724856
594 38 420.0 423 20.215370319 7.84 0.0003643124623745881 0.0034281456734038002 False True -0.08055477327281264 93.67488027415813 -46.82642243346641 -1.3969404191476094 15.912477415873528 -7.94115716724856
594 39 432.0 435 20.859545002999994 7.79 0.0034281456734038002 0.0012208814680265709 True False -0.08055477327281264 93.67488027415813 -46.82642243346641 -1.3969404191476094 15.912477415873528 -7.94115716724856
594 40 432.0 435 21.255773716999997 7.79 0.0034281456734038002 0.0012208814680265709 False True -0.08055477327281264 93.67488027415813 -46.82642243346641 -1.3969404191476094 15.912477415873528 -7.94115716724856
594 41 444.0 447 21.892317707000004 7.79 0.0034281456734038002 0.0012208814680265709 False True -0.08055477327281264 93.67488027415813 -46.82642243346641 -1.3969404191476094 15.912477415873528 -7.94115716724856
594 42 448.0 451 22.520177744999998 7.79 0.0034281456734038002 0.0012208814680265709 False True -0.08055477327281264 93.67488027415813 -46.82642243346641 -1.3969404191476094 15.912477415873528 -7.94115716724856
594 43 452.0 455 23.156975674999998 7.79 0.0034281456734038002 0.00012061709768486721 True False -0.08055477327281264 93.67488027415813 -46.82642243346641 -1.3969404191476094 15.912477415873528 -7.94115716724856
594 44 452.0 455 23.553952936 7.79 0.0034281456734038002 0.00012061709768486721 False True -0.08055477327281264 93.67488027415813 -46.82642243346641 -1.3969404191476094 15.912477415873528 -7.94115716724856
594 45 464.0 467 24.195130493000008 7.84 0.0003643124623745881 0.005513892534770201 True False -0.08055477327281264 93.67488027415813 -46.82642243346641 -1.3969404191476094 15.912477415873528 -7.94115716724856
594 46 464.0 467 24.596119067000018 7.84 0.0003643124623745881 0.005513892534770201 False True -0.08055477327281264 93.67488027415813 -46.82642243346641 -1.3969404191476094 15.912477415873528 -7.94115716724856
594 47 476.0 479 25.23550707600002 7.84 0.0003643124623745881 0.0018336960790806378 True False -0.08055477327281264 93.67488027415813 -46.82642243346641 -1.3969404191476094 15.912477415873528 -7.94115716724856
594 48 476.0 479 25.63157749200002 7.84 0.0003643124623745881 0.0018336960790806378 False True -0.08055477327281264 93.67488027415813 -46.82642243346641 -1.3969404191476094 15.912477415873528 -7.94115716724856
594 49 488.0 491 26.27325445700002 7.84 0.0003643124623745881 0.006740782665978481 True False -0.08055477327281264 93.67488027415813 -46.82642243346641 -1.3969404191476094 15.912477415873528 -7.94115716724856
594 50 488.0 491 26.67267065500002 7.84 0.0003643124623745881 0.006740782665978481 False True -0.08055477327281264 93.67488027415813 -46.82642243346641 -1.3969404191476094 15.912477415873528 -7.94115716724856
594 51 500.0 503 27.311075567000017 7.84 0.0003643124623745881 0.07251324822142706 True False -0.08055477327281264 93.67488027415813 -46.82642243346641 -1.3969404191476094 15.912477415873528 -7.94115716724856
594 52 500.0 503 27.69361635800003 7.84 0.0003643124623745881 0.07251324822142706 False True -0.08055477327281264 93.67488027415813 -46.82642243346641 -1.3969404191476094 15.912477415873528 -7.94115716724856
594 53 512.0 515 28.337177462000028 7.84 0.0003643124623745881 0.09959793769759469 True False -0.08055477327281264 93.67488027415813 -46.82642243346641 -1.3969404191476094 15.912477415873528 -7.94115716724856
594 54 512.0 515 28.750878150000034 7.84 0.0003643124623745881 0.09959793769759469 False True -0.08055477327281264 93.67488027415813 -46.82642243346641 -1.3969404191476094 15.912477415873528 -7.94115716724856
594 55 524.0 527 29.392408759000034 7.84 0.0003643124623745881 0.05313581497956852 True False -0.08055477327281264 93.67488027415813 -46.82642243346641 -1.3969404191476094 15.912477415873528 -7.94115716724856
594 56 524.0 527 29.789533977000033 7.84 0.0003643124623745881 0.05313581497956852 False True -0.08055477327281264 93.67488027415813 -46.82642243346641 -1.3969404191476094 15.912477415873528 -7.94115716724856
594 57 536.0 539 30.43162969900004 7.52 0.07251324822142706 0.004409647831334478 True False -0.08055477327281264 93.67488027415813 -46.82642243346641 -1.3969404191476094 15.912477415873528 -7.94115716724856
594 58 536.0 540 30.831429368000045 7.52 0.07251324822142706 0.004409647831334478 False True -0.08055477327281264 93.67488027415813 -46.82642243346641 -1.3969404191476094 15.912477415873528 -7.94115716724856
594 59 548.0 552 31.47097760700005 7.84 0.0003643124623745881 0.005556766929936722 True False -0.08055477327281264 93.67488027415813 -46.82642243346641 -1.3969404191476094 15.912477415873528 -7.94115716724856
594 60 548.0 552 31.85557330000006 7.84 0.0003643124623745881 0.005556766929936722 False True -0.08055477327281264 93.67488027415813 -46.82642243346641 -1.3969404191476094 15.912477415873528 -7.94115716724856
594 61 560.0 564 32.51072761400006 7.77 0.005513892534770201 0.0003643124623745881 False True -0.08055477327281264 93.67488027415813 -46.82642243346641 -1.3969404191476094 15.912477415873528 -7.94115716724856
594 62 564.0 568 33.15358785600007 7.79 0.0034281456734038002 0.0003643124623745881 False True -0.08055477327281264 93.67488027415813 -46.82642243346641 -1.3969404191476094 15.912477415873528 -7.94115716724856
594 63 568.0 572 33.79660498500007 7.79 0.0034281456734038002 0.0007310750398698097 True False -0.08055477327281264 93.67488027415813 -46.82642243346641 -1.3969404191476094 15.912477415873528 -7.94115716724856
594 64 568.0 572 34.19726562100007 7.79 0.0034281456734038002 0.0007310750398698097 False True -0.08055477327281264 93.67488027415813 -46.82642243346641 -1.3969404191476094 15.912477415873528 -7.94115716724856
594 65 580.0 584 34.83758131700007 7.79 0.0034281456734038002 0.1597978324245013 True False -0.08055477327281264 93.67488027415813 -46.82642243346641 -1.3969404191476094 15.912477415873528 -7.94115716724856
594 66 580.0 584 35.232170221000075 7.79 0.0034281456734038002 0.1597978324245013 False True -0.08055477327281264 93.67488027415813 -46.82642243346641 -1.3969404191476094 15.912477415873528 -7.94115716724856
594 67 592.0 596 35.87516145100007 7.79 0.0034281456734038002 0.07673912383678407 True False -0.08055477327281264 93.67488027415813 -46.82642243346641 -1.3969404191476094 15.912477415873528 -7.94115716724856
594 68 592.0 596 36.27360986100007 7.79 0.0034281456734038002 0.07673912383678407 False True -0.08055477327281264 93.67488027415813 -46.82642243346641 -1.3969404191476094 15.912477415873528 -7.94115716724856
594 69 604.0 608 36.91014598500006 7.79 0.0034281456734038002 0.0003643124623745881 False True -0.08055477327281264 93.67488027415813 -46.82642243346641 -1.3969404191476094 15.912477415873528 -7.94115716724856
594 70 608.0 612 37.53816099700005 7.84 0.0003643124623745881 0.0018600092341446697 True False -0.08055477327281264 93.67488027415813 -46.82642243346641 -1.3969404191476094 15.912477415873528 -7.94115716724856
594 71 608.0 612 37.95043025100006 7.84 0.0003643124623745881 0.0018600092341446697 False True -0.08055477327281264 93.67488027415813 -46.82642243346641 -1.3969404191476094 15.912477415873528 -7.94115716724856
594 72 620.0 624 38.577893511000056 7.84 0.0003643124623745881 0.0026002157331849293 True False -0.08055477327281264 93.67488027415813 -46.82642243346641 -1.3969404191476094 15.912477415873528 -7.94115716724856
594 73 620.0 624 38.97063520700006 7.84 0.0003643124623745881 0.0026002157331849293 False True -0.08055477327281264 93.67488027415813 -46.82642243346641 -1.3969404191476094 15.912477415873528 -7.94115716724856
594 74 632.0 636 39.60853695000006 7.84 0.0003643124623745881 0.0026002157331849293 False True -0.08055477327281264 93.67488027415813 -46.82642243346641 -1.3969404191476094 15.912477415873528 -7.94115716724856
594 75 636.0 640 40.24916469500006 7.84 0.0003643124623745881 0.0026002157331849293 False True -0.08055477327281264 93.67488027415813 -46.82642243346641 -1.3969404191476094 15.912477415873528 -7.94115716724856
594 76 640.0 644 40.903684387000055 7.84 0.0003643124623745881 0.0026002157331849293 False True -0.08055477327281264 93.67488027415813 -46.82642243346641 -1.3969404191476094 15.912477415873528 -7.94115716724856
594 77 644.0 648 41.54351317900006 7.84 0.0003643124623745881 0.001242613821096667 False True -0.08055477327281264 93.67488027415813 -46.82642243346641 -1.3969404191476094 15.912477415873528 -7.94115716724856
594 78 648.0 652 42.183636123000056 7.84 0.0003643124623745881 0.0018600092341446697 False True -0.08055477327281264 93.67488027415813 -46.82642243346641 -1.3969404191476094 15.912477415873528 -7.94115716724856
594 79 652.0 656 42.82321669200006 7.92 0.0018600092341446697 0.0007481045575264806 True False -0.08055477327281264 93.67488027415813 -46.82642243346641 -1.3969404191476094 15.912477415873528 -7.94115716724856
594 80 652.0 656 43.206622586000066 7.92 0.0018600092341446697 0.0007481045575264806 False True -0.08055477327281264 93.67488027415813 -46.82642243346641 -1.3969404191476094 15.912477415873528 -7.94115716724856
594 81 664.0 668 43.847071815000064 7.9 0.0007481045575264806 0.0018600092341446697 False True -0.08055477327281264 93.67488027415813 -46.82642243346641 -1.3969404191476094 15.912477415873528 -7.94115716724856
594 82 668.0 672 44.48805044300006 7.82 0.0012208814680265709 0.0018600092341446697 False True -0.08055477327281264 93.67488027415813 -46.82642243346641 -1.3969404191476094 15.912477415873528 -7.94115716724856
594 83 672.0 676 45.128828051000056 7.82 0.0012208814680265709 0.0018600092341446697 False True -0.08055477327281264 93.67488027415813 -46.82642243346641 -1.3969404191476094 15.912477415873528 -7.94115716724856
594 84 676.0 680 45.78361820000006 7.82 0.0012208814680265709 0.0007481045575264806 False True -0.08055477327281264 93.67488027415813 -46.82642243346641 -1.3969404191476094 15.912477415873528 -7.94115716724856
594 85 680.0 684 46.481478883000065 7.82 0.0012208814680265709 0.0007481045575264806 False True -0.08055477327281264 93.67488027415813 -46.82642243346641 -1.3969404191476094 15.912477415873528 -7.94115716724856
594 86 684.0 688 47.13460364700006 7.82 0.0012208814680265709 0.0007481045575264806 False True -0.08055477327281264 93.67488027415813 -46.82642243346641 -1.3969404191476094 15.912477415873528 -7.94115716724856
594 87 688.0 692 47.775350603000064 7.82 0.0012208814680265709 0.0018600092341446697 False True -0.08055477327281264 93.67488027415813 -46.82642243346641 -1.3969404191476094 15.912477415873528 -7.94115716724856
594 88 692.0 696 48.41714366100007 7.82 0.0012208814680265709 0.0003643124623745881 False True -0.08055477327281264 93.67488027415813 -46.82642243346641 -1.3969404191476094 15.912477415873528 -7.94115716724856
594 89 696.0 700 49.05797519300006 7.82 0.0012208814680265709 0.001242613821096667 False True -0.08055477327281264 93.67488027415813 -46.82642243346641 -1.3969404191476094 15.912477415873528 -7.94115716724856
594 90 700.0 704 49.70096077700006 7.82 0.0012208814680265709 0.001242613821096667 False True -0.08055477327281264 93.67488027415813 -46.82642243346641 -1.3969404191476094 15.912477415873528 -7.94115716724856
594 91 704.0 708 50.35403818300006 7.84 0.0003643124623745881 0.02829114420863207 True False -0.08055477327281264 93.67488027415813 -46.82642243346641 -1.3969404191476094 15.912477415873528 -7.94115716724856
594 92 704.0 708 50.741794094000056 7.84 0.0003643124623745881 0.02829114420863207 False True -0.08055477327281264 93.67488027415813 -46.82642243346641 -1.3969404191476094 15.912477415873528 -7.94115716724856
594 93 716.0 720 51.37879279700006 7.65 0.02829114420863207 0.033784633605117874 True False -0.08055477327281264 93.67488027415813 -46.82642243346641 -1.3969404191476094 15.912477415873528 -7.94115716724856
594 94 716.0 720 51.775896116000055 7.65 0.02829114420863207 0.033784633605117874 False True -0.08055477327281264 93.67488027415813 -46.82642243346641 -1.3969404191476094 15.912477415873528 -7.94115716724856
594 95 728.0 732 52.41807093500006 7.65 0.02829114420863207 0.023279751908891037 True False -0.08055477327281264 93.67488027415813 -46.82642243346641 -1.3969404191476094 15.912477415873528 -7.94115716724856
594 96 728.0 733 52.81971714700006 7.65 0.02829114420863207 0.023279751908891037 False True -0.08055477327281264 93.67488027415813 -46.82642243346641 -1.3969404191476094 15.912477415873528 -7.94115716724856
594 97 740.0 745 53.477047831000064 7.65 0.02829114420863207 0.036711518781198695 True False -0.08055477327281264 93.67488027415813 -46.82642243346641 -1.3969404191476094 15.912477415873528 -7.94115716724856
594 98 740.0 745 53.876505311000074 7.65 0.02829114420863207 0.036711518781198695 False True -0.08055477327281264 93.67488027415813 -46.82642243346641 -1.3969404191476094 15.912477415873528 -7.94115716724856
594 99 752.0 757 54.522686132000075 7.65 0.02829114420863207 0.01121148946885247 True False -0.08055477327281264 93.67488027415813 -46.82642243346641 -1.3969404191476094 15.912477415873528 -7.94115716724856
594 100 752.0 757 54.934757641000076 7.65 0.02829114420863207 0.01121148946885247 False True -0.08055477327281264 93.67488027415813 -46.82642243346641 -1.3969404191476094 15.912477415873528 -7.94115716724856
594 101 764.0 769 55.59411394600008 7.65 0.02829114420863207 0.0003765442170788613 True False -0.08055477327281264 93.67488027415813 -46.82642243346641 -1.3969404191476094 15.912477415873528 -7.94115716724856
594 102 764.0 769 55.99288441900008 7.65 0.02829114420863207 0.0003765442170788613 False True -0.08055477327281264 93.67488027415813 -46.82642243346641 -1.3969404191476094 15.912477415873528 -7.94115716724856
594 103 776.0 781 56.642465660000084 7.89 0.0003765442170788613 0.02829114420863207 False True -0.08055477327281264 93.67488027415813 -46.82642243346641 -1.3969404191476094 15.912477415873528 -7.94115716724856
594 104 780.0 785 57.30230405100009 7.89 0.0003765442170788613 0.00012798327727242336 True False -0.08055477327281264 93.67488027415813 -46.82642243346641 -1.3969404191476094 15.912477415873528 -7.94115716724856
594 105 780.0 785 57.69867270400009 7.89 0.0003765442170788613 0.00012798327727242336 False True -0.08055477327281264 93.67488027415813 -46.82642243346641 -1.3969404191476094 15.912477415873528 -7.94115716724856
594 106 792.0 797 58.355690830000086 7.88 0.00012798327727242336 0.0003765442170788613 False True -0.08055477327281264 93.67488027415813 -46.82642243346641 -1.3969404191476094 15.912477415873528 -7.94115716724856
594 107 796.0 801 59.01253611100009 7.88 0.00012798327727242336 0.0003765442170788613 False True -0.08055477327281264 93.67488027415813 -46.82642243346641 -1.3969404191476094 15.912477415873528 -7.94115716724856
594 108 800.0 805 59.661705940000076 7.88 0.00012798327727242336 0.0003765442170788613 False True -0.08055477327281264 93.67488027415813 -46.82642243346641 -1.3969404191476094 15.912477415873528 -7.94115716724856
594 109 804.0 809 60.31691023700009 7.88 0.00012798327727242336 0.0003765442170788613 False True -0.08055477327281264 93.67488027415813 -46.82642243346641 -1.3969404191476094 15.912477415873528 -7.94115716724856
594 110 808.0 813 60.972426872000085 7.88 0.00012798327727242336 0.0003765442170788613 False True -0.08055477327281264 93.67488027415813 -46.82642243346641 -1.3969404191476094 15.912477415873528 -7.94115716724856
594 111 812.0 817 61.62652781200009 7.88 0.00012798327727242336 0.0003765442170788613 False True -0.08055477327281264 93.67488027415813 -46.82642243346641 -1.3969404191476094 15.912477415873528 -7.94115716724856
594 112 816.0 821 62.275155916000074 7.88 0.00012798327727242336 0.0003765442170788613 False True -0.08055477327281264 93.67488027415813 -46.82642243346641 -1.3969404191476094 15.912477415873528 -7.94115716724856
594 113 820.0 825 62.921219275000055 7.88 0.00012798327727242336 0.03384176082039183 True False -0.08055477327281264 93.67488027415813 -46.82642243346641 -1.3969404191476094 15.912477415873528 -7.94115716724856
594 114 820.0 825 63.319323980000064 7.88 0.00012798327727242336 0.03384176082039183 False True -0.08055477327281264 93.67488027415813 -46.82642243346641 -1.3969404191476094 15.912477415873528 -7.94115716724856
594 115 832.0 837 63.973707749000056 7.88 0.00012798327727242336 0.0003765442170788613 False True -0.08055477327281264 93.67488027415813 -46.82642243346641 -1.3969404191476094 15.912477415873528 -7.94115716724856
594 116 836.0 841 64.64232176900006 7.88 0.00012798327727242336 0.0003765442170788613 False True -0.08055477327281264 93.67488027415813 -46.82642243346641 -1.3969404191476094 15.912477415873528 -7.94115716724856
594 117 840.0 845 65.29871080700008 7.88 0.00012798327727242336 0.0003765442170788613 False True -0.08055477327281264 93.67488027415813 -46.82642243346641 -1.3969404191476094 15.912477415873528 -7.94115716724856
594 118 844.0 849 65.95424475500008 7.88 0.00012798327727242336 0.0003765442170788613 False True -0.08055477327281264 93.67488027415813 -46.82642243346641 -1.3969404191476094 15.912477415873528 -7.94115716724856
594 119 848.0 853 66.60307422100007 7.88 0.00012798327727242336 0.0003765442170788613 False True -0.08055477327281264 93.67488027415813 -46.82642243346641 -1.3969404191476094 15.912477415873528 -7.94115716724856
594 120 852.0 857 67.25999599800005 7.88 0.00012798327727242336 0.11452599186399011 True False -0.08055477327281264 93.67488027415813 -46.82642243346641 -1.3969404191476094 15.912477415873528 -7.94115716724856
594 121 852.0 857 67.65443032300004 7.88 0.00012798327727242336 0.11452599186399011 False True -0.08055477327281264 93.67488027415813 -46.82642243346641 -1.3969404191476094 15.912477415873528 -7.94115716724856
594 122 864.0 869 68.29974585500005 7.88 0.00012798327727242336 0.1197576478225175 True False -0.08055477327281264 93.67488027415813 -46.82642243346641 -1.3969404191476094 15.912477415873528 -7.94115716724856
594 123 864.0 869 68.71562148500004 7.88 0.00012798327727242336 0.1197576478225175 False True -0.08055477327281264 93.67488027415813 -46.82642243346641 -1.3969404191476094 15.912477415873528 -7.94115716724856
594 124 876.0 881 69.36265045900004 7.88 0.00012798327727242336 0.10439631717026077 True False -0.08055477327281264 93.67488027415813 -46.82642243346641 -1.3969404191476094 15.912477415873528 -7.94115716724856
594 125 876.0 881 69.75866878200003 7.88 0.00012798327727242336 0.10439631717026077 False True -0.08055477327281264 93.67488027415813 -46.82642243346641 -1.3969404191476094 15.912477415873528 -7.94115716724856
594 126 888.0 893 70.41377175800002 8.3 0.11452599186399011 0.00012798327727242336 False True -0.08055477327281264 93.67488027415813 -46.82642243346641 -1.3969404191476094 15.912477415873528 -7.94115716724856
594 127 892.0 897 71.05679145600004 7.89 0.0003765442170788613 0.09949933814312857 True False -0.08055477327281264 93.67488027415813 -46.82642243346641 -1.3969404191476094 15.912477415873528 -7.94115716724856
594 128 892.0 897 71.44199436800002 7.89 0.0003765442170788613 0.09949933814312857 False True -0.08055477327281264 93.67488027415813 -46.82642243346641 -1.3969404191476094 15.912477415873528 -7.94115716724856
594 129 904.0 909 72.10612839100003 8.27 0.09949933814312857 0.00012798327727242336 False True -0.08055477327281264 93.67488027415813 -46.82642243346641 -1.3969404191476094 15.912477415873528 -7.94115716724856
594 130 908.0 913 72.76181633200002 7.89 0.0003765442170788613 0.10439631717026077 False True -0.08055477327281264 93.67488027415813 -46.82642243346641 -1.3969404191476094 15.912477415873528 -7.94115716724856
594 131 912.0 917 73.41688889400004 7.65 0.02829114420863207 0.10439631717026077 False True -0.08055477327281264 93.67488027415813 -46.82642243346641 -1.3969404191476094 15.912477415873528 -7.94115716724856
594 132 916.0 921 74.07312703900004 8.28 0.10439631717026077 0.001242613821096667 False True -0.08055477327281264 93.67488027415813 -46.82642243346641 -1.3969404191476094 15.912477415873528 -7.94115716724856
594 133 920.0 925 74.71968146100005 7.79 0.0034281456734038002 0.00012798327727242336 False True -0.08055477327281264 93.67488027415813 -46.82642243346641 -1.3969404191476094 15.912477415873528 -7.94115716724856
594 134 924.0 929 75.37325680400005 7.82 0.0012208814680265709 0.0007481045575264806 False True -0.08055477327281264 93.67488027415813 -46.82642243346641 -1.3969404191476094 15.912477415873528 -7.94115716724856
594 135 928.0 933 75.99936548100004 7.82 0.0012208814680265709 0.0007481045575264806 False True -0.08055477327281264 93.67488027415813 -46.82642243346641 -1.3969404191476094 15.912477415873528 -7.94115716724856
594 136 932.0 937 76.63679486400005 7.82 0.0012208814680265709 0.0007481045575264806 False True -0.08055477327281264 93.67488027415813 -46.82642243346641 -1.3969404191476094 15.912477415873528 -7.94115716724856
594 137 936.0 941 77.27126668600005 7.82 0.0012208814680265709 0.0007481045575264806 False True -0.08055477327281264 93.67488027415813 -46.82642243346641 -1.3969404191476094 15.912477415873528 -7.94115716724856
594 138 940.0 945 77.90833118200004 7.82 0.0012208814680265709 0.0007481045575264806 False True -0.08055477327281264 93.67488027415813 -46.82642243346641 -1.3969404191476094 15.912477415873528 -7.94115716724856
594 139 944.0 949 78.54765587500006 7.82 0.0012208814680265709 0.0007481045575264806 False True -0.08055477327281264 93.67488027415813 -46.82642243346641 -1.3969404191476094 15.912477415873528 -7.94115716724856
594 140 948.0 953 79.18043312200007 7.82 0.0012208814680265709 0.09471493915391353 True False -0.08055477327281264 93.67488027415813 -46.82642243346641 -1.3969404191476094 15.912477415873528 -7.94115716724856
594 141 948.0 954 79.56427471600006 7.82 0.0012208814680265709 0.09471493915391353 False True -0.08055477327281264 93.67488027415813 -46.82642243346641 -1.3969404191476094 15.912477415873528 -7.94115716724856
594 142 960.0 966 80.22071870800008 8.26 0.09471493915391353 0.0012208814680265709 False True -0.08055477327281264 93.67488027415813 -46.82642243346641 -1.3969404191476094 15.912477415873528 -7.94115716724856
594 143 964.0 970 80.84492682100009 7.82 0.0012208814680265709 0.09004361200970534 True False -0.08055477327281264 93.67488027415813 -46.82642243346641 -1.3969404191476094 15.912477415873528 -7.94115716724856
594 144 964.0 970 81.2280584160001 7.82 0.0012208814680265709 0.09004361200970534 False True -0.08055477327281264 93.67488027415813 -46.82642243346641 -1.3969404191476094 15.912477415873528 -7.94115716724856
594 145 976.0 982 81.86632927200009 7.82 0.0012208814680265709 0.07251324822142706 False True -0.08055477327281264 93.67488027415813 -46.82642243346641 -1.3969404191476094 15.912477415873528 -7.94115716724856
594 146 980.0 986 82.50634301500008 7.82 0.0012208814680265709 0.09949933814312857 False True -0.08055477327281264 93.67488027415813 -46.82642243346641 -1.3969404191476094 15.912477415873528 -7.94115716724856
594 147 984.0 990 83.1436993340001 7.82 0.0012208814680265709 0.09949933814312857 False True -0.08055477327281264 93.67488027415813 -46.82642243346641 -1.3969404191476094 15.912477415873528 -7.94115716724856
594 148 988.0 994 83.78359524600012 7.82 0.0012208814680265709 0.009562049422876376 True False -0.08055477327281264 93.67488027415813 -46.82642243346641 -1.3969404191476094 15.912477415873528 -7.94115716724856
594 149 988.0 994 84.16459542100012 7.82 0.0012208814680265709 0.009562049422876376 False True -0.08055477327281264 93.67488027415813 -46.82642243346641 -1.3969404191476094 15.912477415873528 -7.94115716724856
594 150 1000.0 1006 84.79968678300011 7.82 0.0012208814680265709 0.009562049422876376 False True -0.08055477327281264 93.67488027415813 -46.82642243346641 -1.3969404191476094 15.912477415873528 -7.94115716724856
594 151 1004.0 1010 85.4393912110001 7.82 0.0012208814680265709 0.030977752948088806 True False -0.08055477327281264 93.67488027415813 -46.82642243346641 -1.3969404191476094 15.912477415873528 -7.94115716724856
594 152 1004.0 1010 85.82434614400012 7.82 0.0012208814680265709 0.030977752948088806 False True -0.08055477327281264 93.67488027415813 -46.82642243346641 -1.3969404191476094 15.912477415873528 -7.94115716724856
594 153 1016.0 1022 86.46188074800011 7.82 0.0012208814680265709 0.011156170529226572 True False -0.08055477327281264 93.67488027415813 -46.82642243346641 -1.3969404191476094 15.912477415873528 -7.94115716724856
594 154 1016.0 1022 86.84675848600011 7.82 0.0012208814680265709 0.011156170529226572 False True -0.08055477327281264 93.67488027415813 -46.82642243346641 -1.3969404191476094 15.912477415873528 -7.94115716724856
594 155 1028.0 1034 87.48285906000012 7.82 0.0012208814680265709 0.012872426050226158 True False -0.08055477327281264 93.67488027415813 -46.82642243346641 -1.3969404191476094 15.912477415873528 -7.94115716724856
594 156 1028.0 1034 87.86659139600013 7.82 0.0012208814680265709 0.012872426050226158 False True -0.08055477327281264 93.67488027415813 -46.82642243346641 -1.3969404191476094 15.912477415873528 -7.94115716724856
594 157 1040.0 1046 88.50563990200013 7.82 0.0012208814680265709 0.009562049422876376 False True -0.08055477327281264 93.67488027415813 -46.82642243346641 -1.3969404191476094 15.912477415873528 -7.94115716724856
594 158 1044.0 1050 89.14536508300014 7.82 0.0012208814680265709 0.09471493915391353 False True -0.08055477327281264 93.67488027415813 -46.82642243346641 -1.3969404191476094 15.912477415873528 -7.94115716724856
594 159 1048.0 1054 89.78362866000015 7.82 0.0012208814680265709 0.0018600092341446697 False True -0.08055477327281264 93.67488027415813 -46.82642243346641 -1.3969404191476094 15.912477415873528 -7.94115716724856
594 160 1052.0 1058 90.42446224200015 7.82 0.0012208814680265709 0.012872426050226158 False True -0.08055477327281264 93.67488027415813 -46.82642243346641 -1.3969404191476094 15.912477415873528 -7.94115716724856
594 161 1056.0 1062 91.06304675600015 7.82 0.0012208814680265709 0.005513892534770201 False True -0.08055477327281264 93.67488027415813 -46.82642243346641 -1.3969404191476094 15.912477415873528 -7.94115716724856
594 162 1060.0 1066 91.70359255900016 7.82 0.0012208814680265709 0.0007481045575264806 False True -0.08055477327281264 93.67488027415813 -46.82642243346641 -1.3969404191476094 15.912477415873528 -7.94115716724856
594 163 1064.0 1070 92.34203676100014 7.82 0.0012208814680265709 0.012872426050226158 False True -0.08055477327281264 93.67488027415813 -46.82642243346641 -1.3969404191476094 15.912477415873528 -7.94115716724856
594 164 1068.0 1074 92.98157337700013 7.84 0.0003643124623745881 0.012872426050226158 False True -0.08055477327281264 93.67488027415813 -46.82642243346641 -1.3969404191476094 15.912477415873528 -7.94115716724856
594 165 1072.0 1078 93.61987462300013 7.79 0.0034281456734038002 0.0003765442170788613 False True -0.08055477327281264 93.67488027415813 -46.82642243346641 -1.3969404191476094 15.912477415873528 -7.94115716724856
594 166 1076.0 1082 94.26138539400014 7.79 0.0034281456734038002 0.011156170529226572 False True -0.08055477327281264 93.67488027415813 -46.82642243346641 -1.3969404191476094 15.912477415873528 -7.94115716724856
594 167 1080.0 1086 94.89978042600012 7.79 0.0034281456734038002 0.00012798327727242336 False True -0.08055477327281264 93.67488027415813 -46.82642243346641 -1.3969404191476094 15.912477415873528 -7.94115716724856
594 168 1084.0 1090 95.54149127900013 7.88 0.00012798327727242336 0.07251324822142706 False True -0.08055477327281264 93.67488027415813 -46.82642243346641 -1.3969404191476094 15.912477415873528 -7.94115716724856
594 169 1088.0 1094 96.17965487800012 7.82 0.0012208814680265709 0.10439631717026077 False True -0.08055477327281264 93.67488027415813 -46.82642243346641 -1.3969404191476094 15.912477415873528 -7.94115716724856
594 170 1092.0 1098 96.82039917000012 7.89 0.0003765442170788613 0.003463145972391052 True False -0.08055477327281264 93.67488027415813 -46.82642243346641 -1.3969404191476094 15.912477415873528 -7.94115716724856
594 171 1092.0 1098 97.20166336800011 7.89 0.0003765442170788613 0.003463145972391052 False True -0.08055477327281264 93.67488027415813 -46.82642243346641 -1.3969404191476094 15.912477415873528 -7.94115716724856
594 172 1104.0 1110 97.83814779700012 7.84 0.0003643124623745881 0.0018600092341446697 False True -0.08055477327281264 93.67488027415813 -46.82642243346641 -1.3969404191476094 15.912477415873528 -7.94115716724856
594 173 1108.0 1114 98.4766094200001 7.84 0.0003643124623745881 0.0018600092341446697 False True -0.08055477327281264 93.67488027415813 -46.82642243346641 -1.3969404191476094 15.912477415873528 -7.94115716724856
594 174 1112.0 1118 99.10244483700009 7.84 0.0003643124623745881 0.025787072445437823 True False -0.08055477327281264 93.67488027415813 -46.82642243346641 -1.3969404191476094 15.912477415873528 -7.94115716724856
594 175 1112.0 1118 99.51668729200009 7.84 0.0003643124623745881 0.025787072445437823 False True -0.08055477327281264 93.67488027415813 -46.82642243346641 -1.3969404191476094 15.912477415873528 -7.94115716724856
594 176 1124.0 1130 100.17158413000007 8.07 0.025787072445437823 0.00012798327727242336 False True -0.08055477327281264 93.67488027415813 -46.82642243346641 -1.3969404191476094 15.912477415873528 -7.94115716724856
594 177 1128.0 1134 100.79959229400006 8.07 0.025787072445437823 0.00012798327727242336 False True -0.08055477327281264 93.67488027415813 -46.82642243346641 -1.3969404191476094 15.912477415873528 -7.94115716724856
594 178 1132.0 1138 101.44118590600007 8.07 0.025787072445437823 0.028352113993475526 True False -0.08055477327281264 93.67488027415813 -46.82642243346641 -1.3969404191476094 15.912477415873528 -7.94115716724856
594 179 1132.0 1138 101.83206026000008 8.07 0.025787072445437823 0.028352113993475526 False True -0.08055477327281264 93.67488027415813 -46.82642243346641 -1.3969404191476094 15.912477415873528 -7.94115716724856
594 180 1144.0 1150 102.4569070850001 8.07 0.025787072445437823 0.023342249270127458 True False -0.08055477327281264 93.67488027415813 -46.82642243346641 -1.3969404191476094 15.912477415873528 -7.94115716724856
594 181 1144.0 1150 102.85906285900009 8.07 0.025787072445437823 0.023342249270127458 False True -0.08055477327281264 93.67488027415813 -46.82642243346641 -1.3969404191476094 15.912477415873528 -7.94115716724856
594 182 1156.0 1162 103.51366400600011 8.07 0.025787072445437823 0.08417922467791936 True False -0.08055477327281264 93.67488027415813 -46.82642243346641 -1.3969404191476094 15.912477415873528 -7.94115716724856
594 183 1156.0 1163 103.89703461000013 8.07 0.025787072445437823 0.08417922467791936 False True -0.08055477327281264 93.67488027415813 -46.82642243346641 -1.3969404191476094 15.912477415873528 -7.94115716724856
594 184 1168.0 1175 104.53600651000013 8.07 0.025787072445437823 0.08417922467791936 False True -0.08055477327281264 93.67488027415813 -46.82642243346641 -1.3969404191476094 15.912477415873528 -7.94115716724856
594 185 1172.0 1179 105.17631553100014 7.65 0.02829114420863207 0.025787072445437823 False True -0.08055477327281264 93.67488027415813 -46.82642243346641 -1.3969404191476094 15.912477415873528 -7.94115716724856
594 186 1176.0 1183 105.81518707100014 7.79 0.0034281456734038002 0.00012798327727242336 False True -0.08055477327281264 93.67488027415813 -46.82642243346641 -1.3969404191476094 15.912477415873528 -7.94115716724856
594 187 1180.0 1187 106.45531631200012 7.79 0.0034281456734038002 0.00012798327727242336 False True -0.08055477327281264 93.67488027415813 -46.82642243346641 -1.3969404191476094 15.912477415873528 -7.94115716724856
594 188 1184.0 1191 107.09246571000011 7.79 0.0034281456734038002 0.028352113993475526 False True -0.08055477327281264 93.67488027415813 -46.82642243346641 -1.3969404191476094 15.912477415873528 -7.94115716724856
594 189 1188.0 1195 107.72001658500011 7.79 0.0034281456734038002 0.028352113993475526 False True -0.08055477327281264 93.67488027415813 -46.82642243346641 -1.3969404191476094 15.912477415873528 -7.94115716724856
594 190 1192.0 1199 108.3589317740001 7.84 0.0003643124623745881 0.00012798327727242336 False True -0.08055477327281264 93.67488027415813 -46.82642243346641 -1.3969404191476094 15.912477415873528 -7.94115716724856
594 191 1196.0 1203 108.99676478100008 7.84 0.0003643124623745881 0.001242613821096667 False True -0.08055477327281264 93.67488027415813 -46.82642243346641 -1.3969404191476094 15.912477415873528 -7.94115716724856
594 192 1200.0 1207 109.6345390300001 7.79 0.0034281456734038002 0.001242613821096667 False True -0.08055477327281264 93.67488027415813 -46.82642243346641 -1.3969404191476094 15.912477415873528 -7.94115716724856
594 193 1204.0 1211 110.27616070000008 7.91 0.001242613821096667 0.028352113993475526 False True -0.08055477327281264 93.67488027415813 -46.82642243346641 -1.3969404191476094 15.912477415873528 -7.94115716724856
594 194 1208.0 1215 110.9176362070001 7.91 0.001242613821096667 0.10118936021610707 True False -0.08055477327281264 93.67488027415813 -46.82642243346641 -1.3969404191476094 15.912477415873528 -7.94115716724856
594 195 1208.0 1215 111.3319509000001 7.91 0.001242613821096667 0.10118936021610707 False True -0.08055477327281264 93.67488027415813 -46.82642243346641 -1.3969404191476094 15.912477415873528 -7.94115716724856
594 196 1220.0 1227 111.9795678290001 7.91 0.001242613821096667 0.08492334757135683 True False -0.08055477327281264 93.67488027415813 -46.82642243346641 -1.3969404191476094 15.912477415873528 -7.94115716724856
594 197 1220.0 1227 112.37273441200009 7.91 0.001242613821096667 0.08492334757135683 False True -0.08055477327281264 93.67488027415813 -46.82642243346641 -1.3969404191476094 15.912477415873528 -7.94115716724856
594 198 1232.0 1239 113.0146076320001 1.6600000000000001 0.08492334757135683 0.001242613821096667 False True -0.08055477327281264 93.67488027415813 -46.82642243346641 -1.3969404191476094 15.912477415873528 -7.94115716724856
594 199 1236.0 1243 113.65771051100009 1.6600000000000001 0.08492334757135683 0.001242613821096667 False True -0.08055477327281264 93.67488027415813 -46.82642243346641 -1.3969404191476094 15.912477415873528 -7.94115716724856
594 200 1240.0 1247 114.29530431300009 7.91 0.001242613821096667 0.08492334757135683 False True -0.08055477327281264 93.67488027415813 -46.82642243346641 -1.3969404191476094 15.912477415873528 -7.94115716724856
594 201 1244.0 1251 114.93245109100008 7.91 0.001242613821096667 0.08595605493361273 True False -0.08055477327281264 93.67488027415813 -46.82642243346641 -1.3969404191476094 15.912477415873528 -7.94115716724856
594 202 1244.0 1251 115.31693462500007 7.91 0.001242613821096667 0.08595605493361273 False True -0.08055477327281264 93.67488027415813 -46.82642243346641 -1.3969404191476094 15.912477415873528 -7.94115716724856
594 203 1256.0 1263 115.96336334800009 7.91 0.001242613821096667 0.08401323083375593 True False -0.08055477327281264 93.67488027415813 -46.82642243346641 -1.3969404191476094 15.912477415873528 -7.94115716724856
594 204 1256.0 1263 116.36205509500007 7.91 0.001242613821096667 0.08401323083375593 False True -0.08055477327281264 93.67488027415813 -46.82642243346641 -1.3969404191476094 15.912477415873528 -7.94115716724856
594 205 1268.0 1275 116.99901382600007 7.91 0.001242613821096667 0.04297073338828196 True False -0.08055477327281264 93.67488027415813 -46.82642243346641 -1.3969404191476094 15.912477415873528 -7.94115716724856
594 206 1268.0 1275 117.38560125800007 7.91 0.001242613821096667 0.04297073338828196 False True -0.08055477327281264 93.67488027415813 -46.82642243346641 -1.3969404191476094 15.912477415873528 -7.94115716724856
594 207 1280.0 1287 118.02448613800004 7.91 0.001242613821096667 0.0018600092341446697 False True -0.08055477327281264 93.67488027415813 -46.82642243346641 -1.3969404191476094 15.912477415873528 -7.94115716724856
594 208 1284.0 1291 118.67659809800003 7.91 0.001242613821096667 0.0018600092341446697 False True -0.08055477327281264 93.67488027415813 -46.82642243346641 -1.3969404191476094 15.912477415873528 -7.94115716724856
594 209 1288.0 1295 119.31615444600004 7.91 0.001242613821096667 0.0018600092341446697 False True -0.08055477327281264 93.67488027415813 -46.82642243346641 -1.3969404191476094 15.912477415873528 -7.94115716724856
594 210 1292.0 1299 119.95803165300003 7.92 0.0018600092341446697 0.001242613821096667 False True -0.08055477327281264 93.67488027415813 -46.82642243346641 -1.3969404191476094 15.912477415873528 -7.94115716724856
594 211 1296.0 1303 120.59838779900005 7.92 0.0018600092341446697 0.001242613821096667 False True -0.08055477327281264 93.67488027415813 -46.82642243346641 -1.3969404191476094 15.912477415873528 -7.94115716724856
594 212 1300.0 1307 121.23751926500003 7.92 0.0018600092341446697 0.001242613821096667 False True -0.08055477327281264 93.67488027415813 -46.82642243346641 -1.3969404191476094 15.912477415873528 -7.94115716724856
594 213 1304.0 1311 121.87865883400002 7.92 0.0018600092341446697 0.012872426050226158 False True -0.08055477327281264 93.67488027415813 -46.82642243346641 -1.3969404191476094 15.912477415873528 -7.94115716724856
594 214 1308.0 1315 122.520499745 7.92 0.0018600092341446697 0.001242613821096667 False True -0.08055477327281264 93.67488027415813 -46.82642243346641 -1.3969404191476094 15.912477415873528 -7.94115716724856
594 215 1312.0 1319 123.162655158 7.79 0.0034281456734038002 0.0018600092341446697 False True -0.08055477327281264 93.67488027415813 -46.82642243346641 -1.3969404191476094 15.912477415873528 -7.94115716724856
594 216 1316.0 1323 123.814991373 7.79 0.0034281456734038002 0.0026002157331849293 False True -0.08055477327281264 93.67488027415813 -46.82642243346641 -1.3969404191476094 15.912477415873528 -7.94115716724856
594 217 1320.0 1327 124.45538194 7.79 0.0034281456734038002 0.08115540378062171 True False -0.08055477327281264 93.67488027415813 -46.82642243346641 -1.3969404191476094 15.912477415873528 -7.94115716724856
594 218 1320.0 1327 124.84366766900001 7.79 0.0034281456734038002 0.08115540378062171 False True -0.08055477327281264 93.67488027415813 -46.82642243346641 -1.3969404191476094 15.912477415873528 -7.94115716724856
594 219 1332.0 1339 125.48212326900003 1.57 0.08115540378062171 0.0034281456734038002 False True -0.08055477327281264 93.67488027415813 -46.82642243346641 -1.3969404191476094 15.912477415873528 -7.94115716724856
594 220 1336.0 1343 126.12127037400003 1.57 0.08115540378062171 0.0034281456734038002 False True -0.08055477327281264 93.67488027415813 -46.82642243346641 -1.3969404191476094 15.912477415873528 -7.94115716724856
594 221 1340.0 1347 126.75929123100002 7.79 0.0034281456734038002 0.08115540378062171 False True -0.08055477327281264 93.67488027415813 -46.82642243346641 -1.3969404191476094 15.912477415873528 -7.94115716724856
594 222 1344.0 1351 127.39523095300001 1.57 0.08115540378062171 0.0034281456734038002 False True -0.08055477327281264 93.67488027415813 -46.82642243346641 -1.3969404191476094 15.912477415873528 -7.94115716724856
594 223 1348.0 1355 128.02302872900003 1.57 0.08115540378062171 0.0034281456734038002 False True -0.08055477327281264 93.67488027415813 -46.82642243346641 -1.3969404191476094 15.912477415873528 -7.94115716724856
594 224 1352.0 1359 128.65931609300003 1.57 0.08115540378062171 0.001242613821096667 False True -0.08055477327281264 93.67488027415813 -46.82642243346641 -1.3969404191476094 15.912477415873528 -7.94115716724856
594 225 1356.0 1363 129.29708756000002 7.84 0.0003643124623745881 0.08115540378062171 False True -0.08055477327281264 93.67488027415813 -46.82642243346641 -1.3969404191476094 15.912477415873528 -7.94115716724856
594 226 1360.0 1367 129.92347007 7.82 0.0012208814680265709 0.08115540378062171 False True -0.08055477327281264 93.67488027415813 -46.82642243346641 -1.3969404191476094 15.912477415873528 -7.94115716724856
594 227 1364.0 1371 130.56090335000002 8.07 0.025787072445437823 0.0003765442170788613 False True -0.08055477327281264 93.67488027415813 -46.82642243346641 -1.3969404191476094 15.912477415873528 -7.94115716724856
594 228 1368.0 1375 131.200363057 1.6600000000000001 0.08492334757135683 0.00012798327727242336 False True -0.08055477327281264 93.67488027415813 -46.82642243346641 -1.3969404191476094 15.912477415873528 -7.94115716724856
594 229 1372.0 1379 131.83846341600002 7.88 0.00012798327727242336 0.17407077503762586 False True -0.08055477327281264 93.67488027415813 -46.82642243346641 -1.3969404191476094 15.912477415873528 -7.94115716724856
594 230 1376.0 1383 132.48197847200004 7.88 0.00012798327727242336 0.20290774435719097 True False -0.08055477327281264 93.67488027415813 -46.82642243346641 -1.3969404191476094 15.912477415873528 -7.94115716724856
594 231 1376.0 1383 132.89727827800004 7.88 0.00012798327727242336 0.20290774435719097 False True -0.08055477327281264 93.67488027415813 -46.82642243346641 -1.3969404191476094 15.912477415873528 -7.94115716724856
594 232 1388.0 1395 133.54155108300003 7.88 0.00012798327727242336 0.47189294182080066 True False -0.08055477327281264 93.67488027415813 -46.82642243346641 -1.3969404191476094 15.912477415873528 -7.94115716724856
594 233 1388.0 1395 133.93586995600003 7.88 0.00012798327727242336 0.47189294182080066 False True -0.08055477327281264 93.67488027415813 -46.82642243346641 -1.3969404191476094 15.912477415873528 -7.94115716724856
594 234 1400.0 1407 134.577585773 7.88 0.00012798327727242336 0.232569420540787 True False -0.08055477327281264 93.67488027415813 -46.82642243346641 -1.3969404191476094 15.912477415873528 -7.94115716724856
594 235 1400.0 1407 134.97950068900002 7.88 0.00012798327727242336 0.232569420540787 False True -0.08055477327281264 93.67488027415813 -46.82642243346641 -1.3969404191476094 15.912477415873528 -7.94115716724856
594 236 1412.0 1419 135.63522261300002 7.88 0.00012798327727242336 0.11468058799192309 True False -0.08055477327281264 93.67488027415813 -46.82642243346641 -1.3969404191476094 15.912477415873528 -7.94115716724856
594 237 1412.0 1420 136.01559334100003 7.88 0.00012798327727242336 0.11468058799192309 False True -0.08055477327281264 93.67488027415813 -46.82642243346641 -1.3969404191476094 15.912477415873528 -7.94115716724856
594 238 1424.0 1432 136.65272917500002 7.88 0.00012798327727242336 0.00678722162967557 True False -0.08055477327281264 93.67488027415813 -46.82642243346641 -1.3969404191476094 15.912477415873528 -7.94115716724856
594 239 1424.0 1432 137.055941947 7.88 0.00012798327727242336 0.00678722162967557 False True -0.08055477327281264 93.67488027415813 -46.82642243346641 -1.3969404191476094 15.912477415873528 -7.94115716724856
594 240 1436.0 1444 137.713880621 7.88 0.00012798327727242336 0.46515644143421003 True False -0.08055477327281264 93.67488027415813 -46.82642243346641 -1.3969404191476094 15.912477415873528 -7.94115716724856
594 241 1436.0 1444 138.100168542 7.88 0.00012798327727242336 0.46515644143421003 False True -0.08055477327281264 93.67488027415813 -46.82642243346641 -1.3969404191476094 15.912477415873528 -7.94115716724856
594 242 1448.0 1456 138.75339841500002 7.88 0.00012798327727242336 2.4599144584814833e-06 True False -0.08055477327281264 93.67488027415813 -46.82642243346641 -1.3969404191476094 15.912477415873528 -7.94115716724856
594 243 1448.0 1456 139.15738239 7.88 0.00012798327727242336 2.4599144584814833e-06 False True -0.08055477327281264 93.67488027415813 -46.82642243346641 -1.3969404191476094 15.912477415873528 -7.94115716724856
594 244 1460.0 1468 139.81711101500002 7.87 2.4599144584814833e-06 0.00012798327727242336 False True -0.08055477327281264 93.67488027415813 -46.82642243346641 -1.3969404191476094 15.912477415873528 -7.94115716724856
594 245 1464.0 1472 140.473185628 7.87 2.4599144584814833e-06 0.5734989629172359 True False -0.08055477327281264 93.67488027415813 -46.82642243346641 -1.3969404191476094 15.912477415873528 -7.94115716724856
594 246 1464.0 1472 140.87418076100002 7.87 2.4599144584814833e-06 0.5734989629172359 False True -0.08055477327281264 93.67488027415813 -46.82642243346641 -1.3969404191476094 15.912477415873528 -7.94115716724856
594 247 1476.0 1484 141.51836087900003 7.87 2.4599144584814833e-06 0.00012798327727242336 False True -0.08055477327281264 93.67488027415813 -46.82642243346641 -1.3969404191476094 15.912477415873528 -7.94115716724856
594 248 1480.0 1488 142.19348190500003 7.87 2.4599144584814833e-06 0.00012798327727242336 False True -0.08055477327281264 93.67488027415813 -46.82642243346641 -1.3969404191476094 15.912477415873528 -7.94115716724856
594 249 1484.0 1492 142.833283007 7.87 2.4599144584814833e-06 0.11666648863840304 True False -0.08055477327281264 93.67488027415813 -46.82642243346641 -1.3969404191476094 15.912477415873528 -7.94115716724856
594 250 1484.0 1492 143.217422798 7.87 2.4599144584814833e-06 0.11666648863840304 False True -0.08055477327281264 93.67488027415813 -46.82642243346641 -1.3969404191476094 15.912477415873528 -7.94115716724856
594 251 1496.0 1504 143.839787801 7.87 2.4599144584814833e-06 0.00012798327727242336 False True -0.08055477327281264 93.67488027415813 -46.82642243346641 -1.3969404191476094 15.912477415873528 -7.94115716724856
594 252 1500.0 1508 144.547331732 7.87 2.4599144584814833e-06 0.00012798327727242336 False True -0.08055477327281264 93.67488027415813 -46.82642243346641 -1.3969404191476094 15.912477415873528 -7.94115716724856
594 253 1504.0 1512 145.197939604 7.87 2.4599144584814833e-06 0.00012798327727242336 False True -0.08055477327281264 93.67488027415813 -46.82642243346641 -1.3969404191476094 15.912477415873528 -7.94115716724856
594 254 1508.0 1516 145.826373273 7.87 2.4599144584814833e-06 0.00012798327727242336 False True -0.08055477327281264 93.67488027415813 -46.82642243346641 -1.3969404191476094 15.912477415873528 -7.94115716724856
594 255 1512.0 1520 146.466791037 7.87 2.4599144584814833e-06 0.00012798327727242336 False True -0.08055477327281264 93.67488027415813 -46.82642243346641 -1.3969404191476094 15.912477415873528 -7.94115716724856
594 256 1516.0 1524 147.10589909200002 7.87 2.4599144584814833e-06 0.00012798327727242336 False True -0.08055477327281264 93.67488027415813 -46.82642243346641 -1.3969404191476094 15.912477415873528 -7.94115716724856
594 257 1520.0 1528 147.746139676 7.87 2.4599144584814833e-06 0.00012798327727242336 False True -0.08055477327281264 93.67488027415813 -46.82642243346641 -1.3969404191476094 15.912477415873528 -7.94115716724856
594 258 1524.0 1532 148.36730163900003 7.87 2.4599144584814833e-06 0.00012798327727242336 False True -0.08055477327281264 93.67488027415813 -46.82642243346641 -1.3969404191476094 15.912477415873528 -7.94115716724856
594 259 1528.0 1536 149.04019140200003 7.87 2.4599144584814833e-06 0.00012798327727242336 False True -0.08055477327281264 93.67488027415813 -46.82642243346641 -1.3969404191476094 15.912477415873528 -7.94115716724856
594 260 1532.0 1540 149.68343224600002 7.87 2.4599144584814833e-06 0.00012798327727242336 False True -0.08055477327281264 93.67488027415813 -46.82642243346641 -1.3969404191476094 15.912477415873528 -7.94115716724856
594 261 1536.0 1544 150.32455434600004 7.87 2.4599144584814833e-06 0.00012798327727242336 False True -0.08055477327281264 93.67488027415813 -46.82642243346641 -1.3969404191476094 15.912477415873528 -7.94115716724856
594 262 1540.0 1548 150.96403004100006 7.87 2.4599144584814833e-06 0.00012798327727242336 False True -0.08055477327281264 93.67488027415813 -46.82642243346641 -1.3969404191476094 15.912477415873528 -7.94115716724856
594 263 1544.0 1552 151.60352504200006 7.87 2.4599144584814833e-06 0.00012798327727242336 False True -0.08055477327281264 93.67488027415813 -46.82642243346641 -1.3969404191476094 15.912477415873528 -7.94115716724856
594 264 1548.0 1556 152.24454096200006 7.87 2.4599144584814833e-06 0.00012798327727242336 False True -0.08055477327281264 93.67488027415813 -46.82642243346641 -1.3969404191476094 15.912477415873528 -7.94115716724856
594 265 1552.0 1560 152.88559813400008 7.88 0.00012798327727242336 2.4599144584814833e-06 False True -0.08055477327281264 93.67488027415813 -46.82642243346641 -1.3969404191476094 15.912477415873528 -7.94115716724856
594 266 1556.0 1564 153.53853752400008 7.88 0.00012798327727242336 2.4599144584814833e-06 False True -0.08055477327281264 93.67488027415813 -46.82642243346641 -1.3969404191476094 15.912477415873528 -7.94115716724856
594 267 1560.0 1568 154.21953070100008 7.88 0.00012798327727242336 0.11452599186399011 False True -0.08055477327281264 93.67488027415813 -46.82642243346641 -1.3969404191476094 15.912477415873528 -7.94115716724856
594 268 1564.0 1572 154.86388524300008 7.88 0.00012798327727242336 0.006740782665978481 False True -0.08055477327281264 93.67488027415813 -46.82642243346641 -1.3969404191476094 15.912477415873528 -7.94115716724856
594 269 1568.0 1576 155.51760593400007 7.88 0.00012798327727242336 0.0901102662255302 True False -0.08055477327281264 93.67488027415813 -46.82642243346641 -1.3969404191476094 15.912477415873528 -7.94115716724856
594 270 1568.0 1576 155.91858192400008 7.88 0.00012798327727242336 0.0901102662255302 False True -0.08055477327281264 93.67488027415813 -46.82642243346641 -1.3969404191476094 15.912477415873528 -7.94115716724856
594 271 1580.0 1588 156.55867220400006 7.88 0.00012798327727242336 0.08160055655461908 True False -0.08055477327281264 93.67488027415813 -46.82642243346641 -1.3969404191476094 15.912477415873528 -7.94115716724856
594 272 1580.0 1588 156.94548957400008 7.88 0.00012798327727242336 0.08160055655461908 False True -0.08055477327281264 93.67488027415813 -46.82642243346641 -1.3969404191476094 15.912477415873528 -7.94115716724856
594 273 1592.0 1600 157.5974409140001 1.61 0.08160055655461908 0.00012798327727242336 False True -0.08055477327281264 93.67488027415813 -46.82642243346641 -1.3969404191476094 15.912477415873528 -7.94115716724856
594 274 1596.0 1604 158.2415545800001 1.61 0.08160055655461908 0.00012798327727242336 False True -0.08055477327281264 93.67488027415813 -46.82642243346641 -1.3969404191476094 15.912477415873528 -7.94115716724856
594 275 1600.0 1608 158.8821440250001 1.61 0.08160055655461908 0.08201939827528887 True False -0.08055477327281264 93.67488027415813 -46.82642243346641 -1.3969404191476094 15.912477415873528 -7.94115716724856
594 276 1600.0 1608 159.28005649000008 1.61 0.08160055655461908 0.08201939827528887 False True -0.08055477327281264 93.67488027415813 -46.82642243346641 -1.3969404191476094 15.912477415873528 -7.94115716724856
594 277 1612.0 1620 159.91812005600008 1.61 0.08160055655461908 0.08201939827528887 False True -0.08055477327281264 93.67488027415813 -46.82642243346641 -1.3969404191476094 15.912477415873528 -7.94115716724856
594 278 1616.0 1624 160.55583845600006 1.61 0.08160055655461908 0.08201939827528887 False True -0.08055477327281264 93.67488027415813 -46.82642243346641 -1.3969404191476094 15.912477415873528 -7.94115716724856
594 279 1620.0 1628 161.19590087300006 1.61 0.08160055655461908 0.08201939827528887 False True -0.08055477327281264 93.67488027415813 -46.82642243346641 -1.3969404191476094 15.912477415873528 -7.94115716724856
594 280 1624.0 1632 161.83335951100005 1.61 0.08160055655461908 0.00012798327727242336 False True -0.08055477327281264 93.67488027415813 -46.82642243346641 -1.3969404191476094 15.912477415873528 -7.94115716724856
594 281 1628.0 1636 162.47213239500005 1.61 0.08160055655461908 0.00012798327727242336 False True -0.08055477327281264 93.67488027415813 -46.82642243346641 -1.3969404191476094 15.912477415873528 -7.94115716724856
594 282 1632.0 1640 163.11177497700007 1.61 0.08160055655461908 0.00012798327727242336 False True -0.08055477327281264 93.67488027415813 -46.82642243346641 -1.3969404191476094 15.912477415873528 -7.94115716724856
594 283 1636.0 1644 163.75027817300005 1.61 0.08160055655461908 0.00012798327727242336 False True -0.08055477327281264 93.67488027415813 -46.82642243346641 -1.3969404191476094 15.912477415873528 -7.94115716724856
594 284 1640.0 1648 164.37951982000007 1.61 0.08160055655461908 0.00012798327727242336 False True -0.08055477327281264 93.67488027415813 -46.82642243346641 -1.3969404191476094 15.912477415873528 -7.94115716724856
594 285 1644.0 1652 165.02993401300006 1.61 0.08160055655461908 0.00012798327727242336 False True -0.08055477327281264 93.67488027415813 -46.82642243346641 -1.3969404191476094 15.912477415873528 -7.94115716724856
594 286 1648.0 1656 165.65772231900007 1.61 0.08160055655461908 0.00012798327727242336 False True -0.08055477327281264 93.67488027415813 -46.82642243346641 -1.3969404191476094 15.912477415873528 -7.94115716724856
594 287 1652.0 1660 166.3169599610001 7.88 0.00012798327727242336 0.08211375353275228 False True -0.08055477327281264 93.67488027415813 -46.82642243346641 -1.3969404191476094 15.912477415873528 -7.94115716724856
594 288 1656.0 1664 166.9564242630001 7.88 0.00012798327727242336 0.03980888718561997 True False -0.08055477327281264 93.67488027415813 -46.82642243346641 -1.3969404191476094 15.912477415873528 -7.94115716724856
594 289 1656.0 1664 167.3534897490001 7.88 0.00012798327727242336 0.03980888718561997 False True -0.08055477327281264 93.67488027415813 -46.82642243346641 -1.3969404191476094 15.912477415873528 -7.94115716724856
594 290 1668.0 1676 167.9941063310001 7.88 0.00012798327727242336 0.12529740636147593 True False -0.08055477327281264 93.67488027415813 -46.82642243346641 -1.3969404191476094 15.912477415873528 -7.94115716724856
594 291 1668.0 1677 168.3934062320001 7.88 0.00012798327727242336 0.12529740636147593 False True -0.08055477327281264 93.67488027415813 -46.82642243346641 -1.3969404191476094 15.912477415873528 -7.94115716724856
594 292 1680.0 1689 169.0340403220001 7.88 0.00012798327727242336 0.08336779422490029 False True -0.08055477327281264 93.67488027415813 -46.82642243346641 -1.3969404191476094 15.912477415873528 -7.94115716724856
594 293 1684.0 1693 169.6749849150001 7.88 0.00012798327727242336 0.009562049422876376 False True -0.08055477327281264 93.67488027415813 -46.82642243346641 -1.3969404191476094 15.912477415873528 -7.94115716724856
594 294 1688.0 1697 170.3377819400001 7.88 0.00012798327727242336 0.08160055655461908 False True -0.08055477327281264 93.67488027415813 -46.82642243346641 -1.3969404191476094 15.912477415873528 -7.94115716724856
594 295 1692.0 1701 170.97820993900012 7.88 0.00012798327727242336 0.08160055655461908 False True -0.08055477327281264 93.67488027415813 -46.82642243346641 -1.3969404191476094 15.912477415873528 -7.94115716724856
594 296 1696.0 1705 171.6508767190001 7.88 0.00012798327727242336 0.08160055655461908 False True -0.08055477327281264 93.67488027415813 -46.82642243346641 -1.3969404191476094 15.912477415873528 -7.94115716724856
594 297 1700.0 1709 172.2908553680001 7.88 0.00012798327727242336 0.09949933814312857 False True -0.08055477327281264 93.67488027415813 -46.82642243346641 -1.3969404191476094 15.912477415873528 -7.94115716724856
594 298 1704.0 1713 172.9298547960001 7.88 0.00012798327727242336 0.06840365036751721 True False -0.08055477327281264 93.67488027415813 -46.82642243346641 -1.3969404191476094 15.912477415873528 -7.94115716724856
594 299 1704.0 1713 173.3561571540001 7.88 0.00012798327727242336 0.06840365036751721 False True -0.08055477327281264 93.67488027415813 -46.82642243346641 -1.3969404191476094 15.912477415873528 -7.94115716724856
594 300 1716.0 1725 174.00969579500008 7.88 0.00012798327727242336 0.06840365036751721 False True -0.08055477327281264 93.67488027415813 -46.82642243346641 -1.3969404191476094 15.912477415873528 -7.94115716724856
594 301 1720.0 1729 174.6744373550001 7.88 0.00012798327727242336 0.06840365036751721 False True -0.08055477327281264 93.67488027415813 -46.82642243346641 -1.3969404191476094 15.912477415873528 -7.94115716724856
594 302 1724.0 1733 175.3318851520001 7.88 0.00012798327727242336 0.0644107279588178 True False -0.08055477327281264 93.67488027415813 -46.82642243346641 -1.3969404191476094 15.912477415873528 -7.94115716724856
594 303 1724.0 1733 175.71381551900012 7.88 0.00012798327727242336 0.0644107279588178 False True -0.08055477327281264 93.67488027415813 -46.82642243346641 -1.3969404191476094 15.912477415873528 -7.94115716724856
594 304 1736.0 1745 176.39577602000014 7.88 0.00012798327727242336 0.06840365036751721 False True -0.08055477327281264 93.67488027415813 -46.82642243346641 -1.3969404191476094 15.912477415873528 -7.94115716724856
594 305 1740.0 1749 177.03528670600014 7.88 0.00012798327727242336 0.1095401934946539 True False -0.08055477327281264 93.67488027415813 -46.82642243346641 -1.3969404191476094 15.912477415873528 -7.94115716724856
594 306 1740.0 1749 177.43244595700014 7.88 0.00012798327727242336 0.1095401934946539 False True -0.08055477327281264 93.67488027415813 -46.82642243346641 -1.3969404191476094 15.912477415873528 -7.94115716724856
594 307 1752.0 1761 178.05593964300013 7.4399999999999995 0.1095401934946539 0.10451248022815933 True False -0.08055477327281264 93.67488027415813 -46.82642243346641 -1.3969404191476094 15.912477415873528 -7.94115716724856
594 308 1752.0 1761 178.43661562000014 7.4399999999999995 0.1095401934946539 0.10451248022815933 False True -0.08055477327281264 93.67488027415813 -46.82642243346641 -1.3969404191476094 15.912477415873528 -7.94115716724856
594 309 1764.0 1773 179.12359286800015 7.4399999999999995 0.1095401934946539 0.22585177571995285 True False -0.08055477327281264 93.67488027415813 -46.82642243346641 -1.3969404191476094 15.912477415873528 -7.94115716724856
594 310 1764.0 1773 179.54920713900015 7.4399999999999995 0.1095401934946539 0.22585177571995285 False True -0.08055477327281264 93.67488027415813 -46.82642243346641 -1.3969404191476094 15.912477415873528 -7.94115716724856
594 311 1776.0 1785 180.18924745400014 7.4399999999999995 0.1095401934946539 0.21180904357733768 True False -0.08055477327281264 93.67488027415813 -46.82642243346641 -1.3969404191476094 15.912477415873528 -7.94115716724856
594 312 1776.0 1785 180.56586154400011 7.4399999999999995 0.1095401934946539 0.21180904357733768 False True -0.08055477327281264 93.67488027415813 -46.82642243346641 -1.3969404191476094 15.912477415873528 -7.94115716724856
594 313 1788.0 1797 181.18991932900013 7.4399999999999995 0.1095401934946539 0.00012798327727242336 False True -0.08055477327281264 93.67488027415813 -46.82642243346641 -1.3969404191476094 15.912477415873528 -7.94115716724856
594 314 1792.0 1801 181.81111918200014 7.4399999999999995 0.1095401934946539 0.00012798327727242336 False True -0.08055477327281264 93.67488027415813 -46.82642243346641 -1.3969404191476094 15.912477415873528 -7.94115716724856
594 315 1796.0 1805 182.42383928100014 7.88 0.00012798327727242336 0.1095401934946539 False True -0.08055477327281264 93.67488027415813 -46.82642243346641 -1.3969404191476094 15.912477415873528 -7.94115716724856
594 316 1800.0 1809 183.04642941000014 7.88 0.00012798327727242336 0.2402997053124627 True False -0.08055477327281264 93.67488027415813 -46.82642243346641 -1.3969404191476094 15.912477415873528 -7.94115716724856
594 317 1800.0 1809 183.42900600200014 7.88 0.00012798327727242336 0.2402997053124627 False True -0.08055477327281264 93.67488027415813 -46.82642243346641 -1.3969404191476094 15.912477415873528 -7.94115716724856
594 318 1812.0 1821 184.10450744500014 7.88 0.00012798327727242336 0.08511350777471516 True False -0.08055477327281264 93.67488027415813 -46.82642243346641 -1.3969404191476094 15.912477415873528 -7.94115716724856
594 319 1812.0 1821 184.50465501300013 7.88 0.00012798327727242336 0.08511350777471516 False True -0.08055477327281264 93.67488027415813 -46.82642243346641 -1.3969404191476094 15.912477415873528 -7.94115716724856
594 320 1824.0 1833 185.1457098100001 7.88 0.00012798327727242336 2.4599144584814833e-06 False True -0.08055477327281264 93.67488027415813 -46.82642243346641 -1.3969404191476094 15.912477415873528 -7.94115716724856
594 321 1828.0 1837 185.7661135770001 7.87 2.4599144584814833e-06 0.00012798327727242336 False True -0.08055477327281264 93.67488027415813 -46.82642243346641 -1.3969404191476094 15.912477415873528 -7.94115716724856
594 322 1832.0 1841 186.4272240410001 7.88 0.00012798327727242336 0.1095401934946539 False True -0.08055477327281264 93.67488027415813 -46.82642243346641 -1.3969404191476094 15.912477415873528 -7.94115716724856
594 323 1836.0 1845 187.0680745110001 7.88 0.00012798327727242336 0.1095401934946539 False True -0.08055477327281264 93.67488027415813 -46.82642243346641 -1.3969404191476094 15.912477415873528 -7.94115716724856
594 324 1840.0 1849 187.7102388960001 7.87 2.4599144584814833e-06 0.1095401934946539 False True -0.08055477327281264 93.67488027415813 -46.82642243346641 -1.3969404191476094 15.912477415873528 -7.94115716724856
594 325 1844.0 1853 188.3491997470001 7.87 2.4599144584814833e-06 0.1095401934946539 False True -0.08055477327281264 93.67488027415813 -46.82642243346641 -1.3969404191476094 15.912477415873528 -7.94115716724856
594 326 1848.0 1857 189.00894882100013 7.87 2.4599144584814833e-06 0.08113187161254966 True False -0.08055477327281264 93.67488027415813 -46.82642243346641 -1.3969404191476094 15.912477415873528 -7.94115716724856
594 327 1848.0 1857 189.42521021000013 7.87 2.4599144584814833e-06 0.08113187161254966 False True -0.08055477327281264 93.67488027415813 -46.82642243346641 -1.3969404191476094 15.912477415873528 -7.94115716724856
594 328 1860.0 1869 190.06714913400012 7.87 2.4599144584814833e-06 0.08113187161254966 False True -0.08055477327281264 93.67488027415813 -46.82642243346641 -1.3969404191476094 15.912477415873528 -7.94115716724856
594 329 1864.0 1873 190.7301293130001 7.87 2.4599144584814833e-06 0.09471493915391353 False True -0.08055477327281264 93.67488027415813 -46.82642243346641 -1.3969404191476094 15.912477415873528 -7.94115716724856
594 330 1868.0 1877 191.38340730000007 7.87 2.4599144584814833e-06 0.033784633605117874 False True -0.08055477327281264 93.67488027415813 -46.82642243346641 -1.3969404191476094 15.912477415873528 -7.94115716724856
594 331 1872.0 1881 192.04739464600007 7.87 2.4599144584814833e-06 0.08135178729804628 False True -0.08055477327281264 93.67488027415813 -46.82642243346641 -1.3969404191476094 15.912477415873528 -7.94115716724856
594 332 1876.0 1885 192.6887281990001 7.88 0.00012798327727242336 0.006740782665978481 False True -0.08055477327281264 93.67488027415813 -46.82642243346641 -1.3969404191476094 15.912477415873528 -7.94115716724856
594 333 1880.0 1889 193.3295003750001 7.88 0.00012798327727242336 0.006740782665978481 False True -0.08055477327281264 93.67488027415813 -46.82642243346641 -1.3969404191476094 15.912477415873528 -7.94115716724856
594 334 1884.0 1893 194.0057621770001 7.76 0.006740782665978481 2.4599144584814833e-06 False True -0.08055477327281264 93.67488027415813 -46.82642243346641 -1.3969404191476094 15.912477415873528 -7.94115716724856
594 335 1888.0 1897 194.6476632050001 7.76 0.006740782665978481 2.4599144584814833e-06 False True -0.08055477327281264 93.67488027415813 -46.82642243346641 -1.3969404191476094 15.912477415873528 -7.94115716724856
594 336 1892.0 1901 195.28707767300008 7.87 2.4599144584814833e-06 0.006740782665978481 False True -0.08055477327281264 93.67488027415813 -46.82642243346641 -1.3969404191476094 15.912477415873528 -7.94115716724856
594 337 1896.0 1905 195.9614977790001 7.76 0.006740782665978481 2.4599144584814833e-06 False True -0.08055477327281264 93.67488027415813 -46.82642243346641 -1.3969404191476094 15.912477415873528 -7.94115716724856
594 338 1900.0 1909 196.60457298700007 7.76 0.006740782665978481 2.4599144584814833e-06 False True -0.08055477327281264 93.67488027415813 -46.82642243346641 -1.3969404191476094 15.912477415873528 -7.94115716724856
594 339 1904.0 1913 197.24571947500002 7.87 2.4599144584814833e-06 0.008090208841459192 True False -0.08055477327281264 93.67488027415813 -46.82642243346641 -1.3969404191476094 15.912477415873528 -7.94115716724856
594 340 1904.0 1914 197.64265475000005 7.87 2.4599144584814833e-06 0.008090208841459192 False True -0.08055477327281264 93.67488027415813 -46.82642243346641 -1.3969404191476094 15.912477415873528 -7.94115716724856
594 341 1916.0 1926 198.26946399100004 7.87 2.4599144584814833e-06 0.0007481045575264806 False True -0.08055477327281264 93.67488027415813 -46.82642243346641 -1.3969404191476094 15.912477415873528 -7.94115716724856
594 342 1920.0 1930 198.88475429700006 7.87 2.4599144584814833e-06 0.006740782665978481 False True -0.08055477327281264 93.67488027415813 -46.82642243346641 -1.3969404191476094 15.912477415873528 -7.94115716724856
594 343 1924.0 1934 199.50147748600008 7.87 2.4599144584814833e-06 0.16942852102872272 True False -0.08055477327281264 93.67488027415813 -46.82642243346641 -1.3969404191476094 15.912477415873528 -7.94115716724856
594 344 1924.0 1934 199.88392398400012 7.87 2.4599144584814833e-06 0.16942852102872272 False True -0.08055477327281264 93.67488027415813 -46.82642243346641 -1.3969404191476094 15.912477415873528 -7.94115716724856
594 345 1936.0 1946 200.52425841000016 7.87 2.4599144584814833e-06 0.04964934419437513 True False -0.08055477327281264 93.67488027415813 -46.82642243346641 -1.3969404191476094 15.912477415873528 -7.94115716724856
594 346 1936.0 1946 200.9046309410002 7.87 2.4599144584814833e-06 0.04964934419437513 False True -0.08055477327281264 93.67488027415813 -46.82642243346641 -1.3969404191476094 15.912477415873528 -7.94115716724856
594 347 1948.0 1958 201.52064068100023 7.87 2.4599144584814833e-06 0.04964934419437513 False True -0.08055477327281264 93.67488027415813 -46.82642243346641 -1.3969404191476094 15.912477415873528 -7.94115716724856
594 348 1952.0 1962 202.14064283200022 7.87 2.4599144584814833e-06 0.04964934419437513 False True -0.08055477327281264 93.67488027415813 -46.82642243346641 -1.3969404191476094 15.912477415873528 -7.94115716724856
594 349 1956.0 1966 202.7813270180002 7.87 2.4599144584814833e-06 0.04964934419437513 False True -0.08055477327281264 93.67488027415813 -46.82642243346641 -1.3969404191476094 15.912477415873528 -7.94115716724856
594 350 1960.0 1970 203.42506722000022 7.87 2.4599144584814833e-06 0.08492334757135683 False True -0.08055477327281264 93.67488027415813 -46.82642243346641 -1.3969404191476094 15.912477415873528 -7.94115716724856
594 351 1964.0 1974 204.04772108000023 7.84 0.0003643124623745881 0.08160055655461908 False True -0.08055477327281264 93.67488027415813 -46.82642243346641 -1.3969404191476094 15.912477415873528 -7.94115716724856
594 352 1968.0 1978 204.6673988150002 1.61 0.08160055655461908 0.08115540378062171 False True -0.08055477327281264 93.67488027415813 -46.82642243346641 -1.3969404191476094 15.912477415873528 -7.94115716724856
594 353 1972.0 1982 205.30881143300022 1.61 0.08160055655461908 0.02829114420863207 False True -0.08055477327281264 93.67488027415813 -46.82642243346641 -1.3969404191476094 15.912477415873528 -7.94115716724856
594 354 1976.0 1986 205.9450070580002 7.65 0.02829114420863207 2.4599144584814833e-06 False True -0.08055477327281264 93.67488027415813 -46.82642243346641 -1.3969404191476094 15.912477415873528 -7.94115716724856
594 355 1980.0 1990 206.5861009990002 7.87 2.4599144584814833e-06 0.016731607959139236 True False -0.08055477327281264 93.67488027415813 -46.82642243346641 -1.3969404191476094 15.912477415873528 -7.94115716724856
594 356 1980.0 1990 207.00775916700016 7.87 2.4599144584814833e-06 0.016731607959139236 False True -0.08055477327281264 93.67488027415813 -46.82642243346641 -1.3969404191476094 15.912477415873528 -7.94115716724856
