866 0 200.0 201 0.636868273999994 7.5 0.08123428602180204 0.41042498424786167 False True 0.021178298017477785 56.63743265369515 -28.30343732737547 -1.3843051749460147 80.96412580608097 -40.47801991840026
866 1 212.0 213 1.2931556059999991 7.5 0.08123428602180204 0.1658547770871894 False True 0.021178298017477785 56.63743265369515 -28.30343732737547 -1.3843051749460147 80.96412580608097 -40.47801991840026
866 2 224.0 225 1.93883847299999 7.5 0.08123428602180204 0.04629678314446345 True False 0.021178298017477785 56.63743265369515 -28.30343732737547 -1.3843051749460147 80.96412580608097 -40.47801991840026
866 3 224.0 225 2.350314324999985 7.5 0.08123428602180204 0.04629678314446345 False True 0.021178298017477785 56.63743265369515 -28.30343732737547 -1.3843051749460147 80.96412580608097 -40.47801991840026
866 4 236.0 237 2.9761428759999973 7.59 0.04629678314446345 0.06453260347779982 True False 0.021178298017477785 56.63743265369515 -28.30343732737547 -1.3843051749460147 80.96412580608097 -40.47801991840026
866 5 236.0 237 3.37003632199999 7.59 0.04629678314446345 0.020995093991178475 True False 0.021178298017477785 56.63743265369515 -28.30343732737547 -1.3843051749460147 80.96412580608097 -40.47801991840026
866 6 236.0 237 3.7565635019999775 7.59 0.04629678314446345 0.020995093991178475 False True 0.021178298017477785 56.63743265369515 -28.30343732737547 -1.3843051749460147 80.96412580608097 -40.47801991840026
866 7 248.0 249 4.396921424999974 7.68 0.020995093991178475 0.00810551682558656 True False 0.021178298017477785 56.63743265369515 -28.30343732737547 -1.3843051749460147 80.96412580608097 -40.47801991840026
866 8 248.0 249 4.798180524999978 7.68 0.020995093991178475 0.00810551682558656 False True 0.021178298017477785 56.63743265369515 -28.30343732737547 -1.3843051749460147 80.96412580608097 -40.47801991840026
866 9 260.0 261 5.430554377999968 7.68 0.020995093991178475 0.031036367868880557 True False 0.021178298017477785 56.63743265369515 -28.30343732737547 -1.3843051749460147 80.96412580608097 -40.47801991840026
866 10 260.0 261 5.810146968999959 7.68 0.020995093991178475 0.028344675630994298 True False 0.021178298017477785 56.63743265369515 -28.30343732737547 -1.3843051749460147 80.96412580608097 -40.47801991840026
866 11 260.0 261 6.178643878999964 7.68 0.020995093991178475 0.12016009589499237 True False 0.021178298017477785 56.63743265369515 -28.30343732737547 -1.3843051749460147 80.96412580608097 -40.47801991840026
866 12 260.0 261 6.570028161999971 7.68 0.020995093991178475 0.12016009589499237 False True 0.021178298017477785 56.63743265369515 -28.30343732737547 -1.3843051749460147 80.96412580608097 -40.47801991840026
866 13 272.0 273 7.21410261799997 7.68 0.020995093991178475 0.06064940877326948 True False 0.021178298017477785 56.63743265369515 -28.30343732737547 -1.3843051749460147 80.96412580608097 -40.47801991840026
866 14 272.0 274 7.597479790999969 7.68 0.020995093991178475 0.06853308114175306 True False 0.021178298017477785 56.63743265369515 -28.30343732737547 -1.3843051749460147 80.96412580608097 -40.47801991840026
866 15 272.0 274 7.998109158999981 7.68 0.020995093991178475 0.06453260347779982 False True 0.021178298017477785 56.63743265369515 -28.30343732737547 -1.3843051749460147 80.96412580608097 -40.47801991840026
866 16 284.0 286 8.634542940999978 7.68 0.020995093991178475 0.03384855959826724 True False 0.021178298017477785 56.63743265369515 -28.30343732737547 -1.3843051749460147 80.96412580608097 -40.47801991840026
866 17 284.0 286 9.001684900999976 7.68 0.020995093991178475 0.0367809829146725 True False 0.021178298017477785 56.63743265369515 -28.30343732737547 -1.3843051749460147 80.96412580608097 -40.47801991840026
866 18 284.0 286 9.380624188999988 7.68 0.020995093991178475 0.0018635286725659783 True False 0.021178298017477785 56.63743265369515 -28.30343732737547 -1.3843051749460147 80.96412580608097 -40.47801991840026
866 19 284.0 286 9.755687297999984 7.68 0.020995093991178475 0.0018635286725659783 False True 0.021178298017477785 56.63743265369515 -28.30343732737547 -1.3843051749460147 80.96412580608097 -40.47801991840026
866 20 296.0 298 10.372948528999984 7.68 0.020995093991178475 0.021057671564130017 True False 0.021178298017477785 56.63743265369515 -28.30343732737547 -1.3843051749460147 80.96412580608097 -40.47801991840026
866 21 296.0 298 10.759843433999976 7.68 0.020995093991178475 0.021057671564130017 False True 0.021178298017477785 56.63743265369515 -28.30343732737547 -1.3843051749460147 80.96412580608097 -40.47801991840026
866 22 308.0 310 11.414642334999982 8.05 0.021057671564130017 0.04633851389161467 True False 0.021178298017477785 56.63743265369515 -28.30343732737547 -1.3843051749460147 80.96412580608097 -40.47801991840026
866 23 308.0 310 11.811793044999988 8.05 0.021057671564130017 0.04305204096853603 True False 0.021178298017477785 56.63743265369515 -28.30343732737547 -1.3843051749460147 80.96412580608097 -40.47801991840026
866 24 308.0 310 12.231525569999988 8.05 0.021057671564130017 0.04974328878687648 True False 0.021178298017477785 56.63743265369515 -28.30343732737547 -1.3843051749460147 80.96412580608097 -40.47801991840026
866 25 308.0 310 12.625971325999984 8.05 0.021057671564130017 0.05326601179925867 True False 0.021178298017477785 56.63743265369515 -28.30343732737547 -1.3843051749460147 80.96412580608097 -40.47801991840026
866 26 308.0 310 13.074741937999974 8.05 0.021057671564130017 0.05326601179925867 False True 0.021178298017477785 56.63743265369515 -28.30343732737547 -1.3843051749460147 80.96412580608097 -40.47801991840026
866 27 320.0 322 13.700791872999972 8.05 0.021057671564130017 0.011232703420951435 True False 0.021178298017477785 56.63743265369515 -28.30343732737547 -1.3843051749460147 80.96412580608097 -40.47801991840026
866 28 320.0 323 14.07695966599998 8.05 0.021057671564130017 0.031095831289138197 True False 0.021178298017477785 56.63743265369515 -28.30343732737547 -1.3843051749460147 80.96412580608097 -40.47801991840026
866 29 320.0 323 14.45724913499997 8.05 0.021057671564130017 0.01295447630512108 True False 0.021178298017477785 56.63743265369515 -28.30343732737547 -1.3843051749460147 80.96412580608097 -40.47801991840026
866 30 320.0 323 14.831269383999967 8.05 0.021057671564130017 0.009632930246098513 True False 0.021178298017477785 56.63743265369515 -28.30343732737547 -1.3843051749460147 80.96412580608097 -40.47801991840026
866 31 320.0 323 15.19994806799997 8.05 0.021057671564130017 0.0339057949074757 True False 0.021178298017477785 56.63743265369515 -28.30343732737547 -1.3843051749460147 80.96412580608097 -40.47801991840026
866 32 320.0 323 15.578072945999963 8.05 0.021057671564130017 0.008155330116905581 True False 0.021178298017477785 56.63743265369515 -28.30343732737547 -1.3843051749460147 80.96412580608097 -40.47801991840026
866 33 320.0 323 15.96896913999997 8.05 0.021057671564130017 0.011232703420951435 False True 0.021178298017477785 56.63743265369515 -28.30343732737547 -1.3843051749460147 80.96412580608097 -40.47801991840026
866 34 332.0 335 16.607023860999973 8.05 0.021057671564130017 0.08119542862985696 True False 0.021178298017477785 56.63743265369515 -28.30343732737547 -1.3843051749460147 80.96412580608097 -40.47801991840026
866 35 332.0 335 17.007866421999978 8.05 0.021057671564130017 0.09021398909272348 True False 0.021178298017477785 56.63743265369515 -28.30343732737547 -1.3843051749460147 80.96412580608097 -40.47801991840026
866 36 332.0 335 17.41194730399998 8.05 0.021057671564130017 0.08564759024481264 True False 0.021178298017477785 56.63743265369515 -28.30343732737547 -1.3843051749460147 80.96412580608097 -40.47801991840026
866 37 332.0 335 17.810860531999978 8.05 0.021057671564130017 0.07263564004762679 True False 0.021178298017477785 56.63743265369515 -28.30343732737547 -1.3843051749460147 80.96412580608097 -40.47801991840026
866 38 332.0 335 18.21389331499998 8.05 0.021057671564130017 0.036835357267804986 True False 0.021178298017477785 56.63743265369515 -28.30343732737547 -1.3843051749460147 80.96412580608097 -40.47801991840026
866 39 332.0 336 18.611851210999973 8.05 0.021057671564130017 0.07685796285276777 True False 0.021178298017477785 56.63743265369515 -28.30343732737547 -1.3843051749460147 80.96412580608097 -40.47801991840026
866 40 332.0 336 19.023902419999985 8.05 0.021057671564130017 0.08564759024481264 False True 0.021178298017477785 56.63743265369515 -28.30343732737547 -1.3843051749460147 80.96412580608097 -40.47801991840026
866 41 344.0 348 19.648646741999997 8.05 0.021057671564130017 0.028405760780535614 True False 0.021178298017477785 56.63743265369515 -28.30343732737547 -1.3843051749460147 80.96412580608097 -40.47801991840026
866 42 344.0 348 20.028764773000006 8.05 0.021057671564130017 0.0339057949074757 False True 0.021178298017477785 56.63743265369515 -28.30343732737547 -1.3843051749460147 80.96412580608097 -40.47801991840026
866 43 356.0 360 20.68684690900001 8.05 0.021057671564130017 0.00012084532474958608 True False 0.021178298017477785 56.63743265369515 -28.30343732737547 -1.3843051749460147 80.96412580608097 -40.47801991840026
866 44 356.0 360 21.086851714000005 8.05 0.021057671564130017 0.0007324583521335044 True False 0.021178298017477785 56.63743265369515 -28.30343732737547 -1.3843051749460147 80.96412580608097 -40.47801991840026
866 45 356.0 360 21.47292945000001 8.05 0.021057671564130017 2.4645690146521647e-06 True False 0.021178298017477785 56.63743265369515 -28.30343732737547 -1.3843051749460147 80.96412580608097 -40.47801991840026
866 46 356.0 360 21.872731117000015 8.05 0.021057671564130017 0.00036500180049931646 True False 0.021178298017477785 56.63743265369515 -28.30343732737547 -1.3843051749460147 80.96412580608097 -40.47801991840026
866 47 356.0 360 22.27086171400002 8.05 0.021057671564130017 0.0 True False 0.021178298017477785 56.63743265369515 -28.30343732737547 -1.3843051749460147 80.96412580608097 -40.47801991840026
866 48 356.0 360 22.67153683800001 8.05 0.021057671564130017 0.00012084532474958608 False True 0.021178298017477785 56.63743265369515 -28.30343732737547 -1.3843051749460147 80.96412580608097 -40.47801991840026
866 49 368.0 372 23.309041039000007 8.05 0.021057671564130017 0.02577373873791418 True False 0.021178298017477785 56.63743265369515 -28.30343732737547 -1.3843051749460147 80.96412580608097 -40.47801991840026
866 50 368.0 372 23.672781356 8.05 0.021057671564130017 0.031036367868880557 False True 0.021178298017477785 56.63743265369515 -28.30343732737547 -1.3843051749460147 80.96412580608097 -40.47801991840026
866 51 380.0 384 24.310410613000002 8.05 0.021057671564130017 0.016702238489475565 True False 0.021178298017477785 56.63743265369515 -28.30343732737547 -1.3843051749460147 80.96412580608097 -40.47801991840026
866 52 380.0 384 24.72455983799999 8.05 0.021057671564130017 0.0018371657287550851 True False 0.021178298017477785 56.63743265369515 -28.30343732737547 -1.3843051749460147 80.96412580608097 -40.47801991840026
866 53 380.0 385 25.12922002399999 8.05 0.021057671564130017 0.005567281232055479 True False 0.021178298017477785 56.63743265369515 -28.30343732737547 -1.3843051749460147 80.96412580608097 -40.47801991840026
866 54 380.0 385 25.53206899499999 8.05 0.021057671564130017 0.0003772566996625934 True False 0.021178298017477785 56.63743265369515 -28.30343732737547 -1.3843051749460147 80.96412580608097 -40.47801991840026
866 55 380.0 385 25.945186548999985 8.05 0.021057671564130017 0.03988421204127051 True False 0.021178298017477785 56.63743265369515 -28.30343732737547 -1.3843051749460147 80.96412580608097 -40.47801991840026
866 56 380.0 385 26.371643396999985 8.05 0.021057671564130017 0.02332380096617669 True False 0.021178298017477785 56.63743265369515 -28.30343732737547 -1.3843051749460147 80.96412580608097 -40.47801991840026
866 57 380.0 385 26.80926289999998 8.05 0.021057671564130017 0.00012822544234077296 True False 0.021178298017477785 56.63743265369515 -28.30343732737547 -1.3843051749460147 80.96412580608097 -40.47801991840026
866 58 380.0 385 27.224959767999977 8.05 0.021057671564130017 0.025835865758864183 True False 0.021178298017477785 56.63743265369515 -28.30343732737547 -1.3843051749460147 80.96412580608097 -40.47801991840026
866 59 380.0 385 27.628494654999983 8.05 0.021057671564130017 0.0012231915733032321 True False 0.021178298017477785 56.63743265369515 -28.30343732737547 -1.3843051749460147 80.96412580608097 -40.47801991840026
866 60 380.0 385 28.03320660099999 8.05 0.021057671564130017 0.004457117993162725 True False 0.021178298017477785 56.63743265369515 -28.30343732737547 -1.3843051749460147 80.96412580608097 -40.47801991840026
866 61 380.0 385 28.445142721999986 8.05 0.021057671564130017 0.04305204096853603 False True 0.021178298017477785 56.63743265369515 -28.30343732737547 -1.3843051749460147 80.96412580608097 -40.47801991840026
866 62 392.0 397 29.08744991899998 7.68 0.020995093991178475 0.01676326686857941 True False 0.021178298017477785 56.63743265369515 -28.30343732737547 -1.3843051749460147 80.96412580608097 -40.47801991840026
866 63 392.0 397 29.466793168999985 7.68 0.020995093991178475 0.006800064151174342 True False 0.021178298017477785 56.63743265369515 -28.30343732737547 -1.3843051749460147 80.96412580608097 -40.47801991840026
866 64 392.0 398 29.843846307999996 7.68 0.020995093991178475 0.018849876944592368 True False 0.021178298017477785 56.63743265369515 -28.30343732737547 -1.3843051749460147 80.96412580608097 -40.47801991840026
866 65 392.0 398 30.224182026999998 7.68 0.020995093991178475 0.02338641658253267 True False 0.021178298017477785 56.63743265369515 -28.30343732737547 -1.3843051749460147 80.96412580608097 -40.47801991840026
866 66 392.0 398 30.591832798999988 7.68 0.020995093991178475 0.005567281232055479 False True 0.021178298017477785 56.63743265369515 -28.30343732737547 -1.3843051749460147 80.96412580608097 -40.47801991840026
866 67 404.0 410 31.271560263999987 8.05 0.021057671564130017 0.00012822544234077296 False True 0.021178298017477785 56.63743265369515 -28.30343732737547 -1.3843051749460147 80.96412580608097 -40.47801991840026
866 68 416.0 422 31.90768676799999 7.88 0.00012822544234077296 0.01676326686857941 False True 0.021178298017477785 56.63743265369515 -28.30343732737547 -1.3843051749460147 80.96412580608097 -40.47801991840026
866 69 428.0 434 32.56846266699999 7.88 0.00012822544234077296 0.014798063361063242 True False 0.021178298017477785 56.63743265369515 -28.30343732737547 -1.3843051749460147 80.96412580608097 -40.47801991840026
866 70 428.0 434 33.00104802199999 7.88 0.00012822544234077296 0.018849876944592368 False True 0.021178298017477785 56.63743265369515 -28.30343732737547 -1.3843051749460147 80.96412580608097 -40.47801991840026
866 71 440.0 446 33.62481646899998 7.88 0.00012822544234077296 0.1359050459345592 True False 0.021178298017477785 56.63743265369515 -28.30343732737547 -1.3843051749460147 80.96412580608097 -40.47801991840026
866 72 440.0 446 33.998742944999975 7.88 0.00012822544234077296 0.1359050459345592 False True 0.021178298017477785 56.63743265369515 -28.30343732737547 -1.3843051749460147 80.96412580608097 -40.47801991840026
866 73 452.0 458 34.59751237299997 7.88 0.00012822544234077296 0.15134928213859636 True False 0.021178298017477785 56.63743265369515 -28.30343732737547 -1.3843051749460147 80.96412580608097 -40.47801991840026
866 74 452.0 458 34.965227880999976 7.88 0.00012822544234077296 0.11341309668577958 True False 0.021178298017477785 56.63743265369515 -28.30343732737547 -1.3843051749460147 80.96412580608097 -40.47801991840026
866 75 452.0 458 35.341276275999974 7.88 0.00012822544234077296 0.11341309668577958 False True 0.021178298017477785 56.63743265369515 -28.30343732737547 -1.3843051749460147 80.96412580608097 -40.47801991840026
866 76 464.0 470 35.98288476699997 7.88 0.00012822544234077296 0.1597682420675326 True False 0.021178298017477785 56.63743265369515 -28.30343732737547 -1.3843051749460147 80.96412580608097 -40.47801991840026
866 77 464.0 470 36.39816176999997 7.88 0.00012822544234077296 0.15550104115284444 True False 0.021178298017477785 56.63743265369515 -28.30343732737547 -1.3843051749460147 80.96412580608097 -40.47801991840026
866 78 464.0 470 36.80040764199997 7.88 0.00012822544234077296 0.002574332757916263 True False 0.021178298017477785 56.63743265369515 -28.30343732737547 -1.3843051749460147 80.96412580608097 -40.47801991840026
866 79 464.0 470 37.21515738999997 7.88 0.00012822544234077296 0.1473133927707384 True False 0.021178298017477785 56.63743265369515 -28.30343732737547 -1.3843051749460147 80.96412580608097 -40.47801991840026
866 80 464.0 471 37.618171370999974 7.88 0.00012822544234077296 0.15550104115284444 False True 0.021178298017477785 56.63743265369515 -28.30343732737547 -1.3843051749460147 80.96412580608097 -40.47801991840026
866 81 476.0 483 38.24294502199997 8.03 0.01676326686857941 0.0007495200923929651 True False 0.021178298017477785 56.63743265369515 -28.30343732737547 -1.3843051749460147 80.96412580608097 -40.47801991840026
866 82 476.0 483 38.623760753999974 8.03 0.01676326686857941 0.0003772566996625934 False True 0.021178298017477785 56.63743265369515 -28.30343732737547 -1.3843051749460147 80.96412580608097 -40.47801991840026
866 83 488.0 495 39.304653742999974 7.88 0.00012822544234077296 0.0018371657287550851 False True 0.021178298017477785 56.63743265369515 -28.30343732737547 -1.3843051749460147 80.96412580608097 -40.47801991840026
866 84 500.0 507 39.94363140299997 7.81 0.0018371657287550851 0.014738492605405199 True False 0.021178298017477785 56.63743265369515 -28.30343732737547 -1.3843051749460147 80.96412580608097 -40.47801991840026
866 85 500.0 507 40.45891726899998 7.81 0.0018371657287550851 0.02577373873791418 False True 0.021178298017477785 56.63743265369515 -28.30343732737547 -1.3843051749460147 80.96412580608097 -40.47801991840026
866 86 512.0 519 41.31890566899999 7.81 0.0018371657287550851 0.018787837364005078 True False 0.021178298017477785 56.63743265369515 -28.30343732737547 -1.3843051749460147 80.96412580608097 -40.47801991840026
866 87 512.0 519 41.884461772999984 7.81 0.0018371657287550851 0.016702238489475565 False True 0.021178298017477785 56.63743265369515 -28.30343732737547 -1.3843051749460147 80.96412580608097 -40.47801991840026
866 88 524.0 531 42.76162559699998 8.05 0.021057671564130017 0.0007324583521335044 False True 0.021178298017477785 56.63743265369515 -28.30343732737547 -1.3843051749460147 80.96412580608097 -40.47801991840026
866 89 536.0 543 43.66234384099998 7.83 0.0007324583521335044 0.28862256022618876 True False 0.021178298017477785 56.63743265369515 -28.30343732737547 -1.3843051749460147 80.96412580608097 -40.47801991840026
866 90 536.0 543 44.23808027099999 7.83 0.0007324583521335044 0.2751683416058487 True False 0.021178298017477785 56.63743265369515 -28.30343732737547 -1.3843051749460147 80.96412580608097 -40.47801991840026
866 91 536.0 543 44.817741 7.83 0.0007324583521335044 0.28184419183965104 True False 0.021178298017477785 56.63743265369515 -28.30343732737547 -1.3843051749460147 80.96412580608097 -40.47801991840026
866 92 536.0 543 45.39563245599999 7.83 0.0007324583521335044 0.3024840795338905 True False 0.021178298017477785 56.63743265369515 -28.30343732737547 -1.3843051749460147 80.96412580608097 -40.47801991840026
866 93 536.0 543 45.977050541 7.83 0.0007324583521335044 0.2955027563305528 True False 0.021178298017477785 56.63743265369515 -28.30343732737547 -1.3843051749460147 80.96412580608097 -40.47801991840026
866 94 536.0 543 46.557074395 7.83 0.0007324583521335044 0.28862256022618876 False True 0.021178298017477785 56.63743265369515 -28.30343732737547 -1.3843051749460147 80.96412580608097 -40.47801991840026
866 95 548.0 555 47.434781629 7.83 0.0007324583521335044 0.2698709599547343 True False 0.021178298017477785 56.63743265369515 -28.30343732737547 -1.3843051749460147 80.96412580608097 -40.47801991840026
866 96 548.0 555 47.96228945600001 7.83 0.0007324583521335044 0.24726999806992508 True False 0.021178298017477785 56.63743265369515 -28.30343732737547 -1.3843051749460147 80.96412580608097 -40.47801991840026
866 97 548.0 556 48.48294408700001 7.83 0.0007324583521335044 0.2933305784562558 True False 0.021178298017477785 56.63743265369515 -28.30343732737547 -1.3843051749460147 80.96412580608097 -40.47801991840026
866 98 548.0 556 49.040243346 7.83 0.0007324583521335044 0.2775964712625396 True False 0.021178298017477785 56.63743265369515 -28.30343732737547 -1.3843051749460147 80.96412580608097 -40.47801991840026
866 99 548.0 556 49.598562460999986 7.83 0.0007324583521335044 0.2854166092439346 True False 0.021178298017477785 56.63743265369515 -28.30343732737547 -1.3843051749460147 80.96412580608097 -40.47801991840026
866 100 548.0 556 50.16104483299998 7.83 0.0007324583521335044 0.2622408612992576 True False 0.021178298017477785 56.63743265369515 -28.30343732737547 -1.3843051749460147 80.96412580608097 -40.47801991840026
866 101 548.0 556 50.716822651999976 7.83 0.0007324583521335044 0.25470695173230823 True False 0.021178298017477785 56.63743265369515 -28.30343732737547 -1.3843051749460147 80.96412580608097 -40.47801991840026
866 102 548.0 556 51.276426066999974 7.83 0.0007324583521335044 0.0821745922476002 True False 0.021178298017477785 56.63743265369515 -28.30343732737547 -1.3843051749460147 80.96412580608097 -40.47801991840026
866 103 548.0 556 51.83363588599998 7.83 0.0007324583521335044 0.0821745922476002 False True 0.021178298017477785 56.63743265369515 -28.30343732737547 -1.3843051749460147 80.96412580608097 -40.47801991840026
866 104 560.0 568 52.69822204399998 7.83 0.0007324583521335044 0.0034346322796933483 True False 0.021178298017477785 56.63743265369515 -28.30343732737547 -1.3843051749460147 80.96412580608097 -40.47801991840026
866 105 560.0 568 53.22031926699998 7.83 0.0007324583521335044 0.08995839604043683 True False 0.021178298017477785 56.63743265369515 -28.30343732737547 -1.3843051749460147 80.96412580608097 -40.47801991840026
866 106 560.0 568 53.74038119699999 7.83 0.0007324583521335044 0.025835865758864183 False True 0.021178298017477785 56.63743265369515 -28.30343732737547 -1.3843051749460147 80.96412580608097 -40.47801991840026
866 107 572.0 580 54.58043404099999 7.83 0.0007324583521335044 0.0034696988049093477 True False 0.021178298017477785 56.63743265369515 -28.30343732737547 -1.3843051749460147 80.96412580608097 -40.47801991840026
866 108 572.0 580 55.11538043799999 7.83 0.0007324583521335044 0.08727606568876756 True False 0.021178298017477785 56.63743265369515 -28.30343732737547 -1.3843051749460147 80.96412580608097 -40.47801991840026
866 109 572.0 581 55.64067713299998 7.83 0.0007324583521335044 0.09312985409479861 True False 0.021178298017477785 56.63743265369515 -28.30343732737547 -1.3843051749460147 80.96412580608097 -40.47801991840026
866 110 572.0 581 56.175752109999976 7.83 0.0007324583521335044 0.09148306508182859 True False 0.021178298017477785 56.63743265369515 -28.30343732737547 -1.3843051749460147 80.96412580608097 -40.47801991840026
866 111 572.0 581 56.69635513799997 7.83 0.0007324583521335044 0.08527455630282768 True False 0.021178298017477785 56.63743265369515 -28.30343732737547 -1.3843051749460147 80.96412580608097 -40.47801991840026
866 112 572.0 581 57.27679811199998 7.83 0.0007324583521335044 0.08527455630282768 False True 0.021178298017477785 56.63743265369515 -28.30343732737547 -1.3843051749460147 80.96412580608097 -40.47801991840026
866 113 584.0 593 58.18389985099998 8.05 0.021057671564130017 0.004417991598514309 True False 0.021178298017477785 56.63743265369515 -28.30343732737547 -1.3843051749460147 80.96412580608097 -40.47801991840026
866 114 584.0 593 58.74347459799998 8.05 0.021057671564130017 0.0034346322796933483 False True 0.021178298017477785 56.63743265369515 -28.30343732737547 -1.3843051749460147 80.96412580608097 -40.47801991840026
866 115 596.0 605 59.645409325999964 7.79 0.0034346322796933483 0.03983335788922099 True False 0.021178298017477785 56.63743265369515 -28.30343732737547 -1.3843051749460147 80.96412580608097 -40.47801991840026
866 116 596.0 605 60.189474728999954 7.79 0.0034346322796933483 0.0367809829146725 False True 0.021178298017477785 56.63743265369515 -28.30343732737547 -1.3843051749460147 80.96412580608097 -40.47801991840026
866 117 608.0 617 61.13030625299993 8.07 0.025835865758864183 0.002574332757916263 False True 0.021178298017477785 56.63743265369515 -28.30343732737547 -1.3843051749460147 80.96412580608097 -40.47801991840026
866 118 620.0 629 62.04603311099993 7.8 0.002574332757916263 0.1140011905810134 True False 0.021178298017477785 56.63743265369515 -28.30343732737547 -1.3843051749460147 80.96412580608097 -40.47801991840026
866 119 620.0 629 62.58404856499993 7.8 0.002574332757916263 0.1140011905810134 False True 0.021178298017477785 56.63743265369515 -28.30343732737547 -1.3843051749460147 80.96412580608097 -40.47801991840026
866 120 632.0 641 63.51145602299991 7.8 0.002574332757916263 0.0885560119821306 True False 0.021178298017477785 56.63743265369515 -28.30343732737547 -1.3843051749460147 80.96412580608097 -40.47801991840026
866 121 632.0 641 64.10563968299991 7.8 0.002574332757916263 0.08995839604043683 False True 0.021178298017477785 56.63743265369515 -28.30343732737547 -1.3843051749460147 80.96412580608097 -40.47801991840026
866 122 644.0 653 65.0083283509999 7.8 0.002574332757916263 0.09489858585468836 True False 0.021178298017477785 56.63743265369515 -28.30343732737547 -1.3843051749460147 80.96412580608097 -40.47801991840026
866 123 644.0 653 65.56323740499991 7.8 0.002574332757916263 0.08611869769727437 True False 0.021178298017477785 56.63743265369515 -28.30343732737547 -1.3843051749460147 80.96412580608097 -40.47801991840026
866 124 644.0 653 66.10801417399992 7.8 0.002574332757916263 0.09312985409479861 False True 0.021178298017477785 56.63743265369515 -28.30343732737547 -1.3843051749460147 80.96412580608097 -40.47801991840026
866 125 656.0 665 67.06245495499994 8.07 0.025835865758864183 0.0012231915733032321 False True 0.021178298017477785 56.63743265369515 -28.30343732737547 -1.3843051749460147 80.96412580608097 -40.47801991840026
866 126 668.0 677 67.96860654899993 1.7 0.08995839604043683 0.002574332757916263 False True 0.021178298017477785 56.63743265369515 -28.30343732737547 -1.3843051749460147 80.96412580608097 -40.47801991840026
866 127 672.0 681 68.90949352299992 8.07 0.025835865758864183 0.053236356538907945 True False 0.021178298017477785 56.63743265369515 -28.30343732737547 -1.3843051749460147 80.96412580608097 -40.47801991840026
866 128 672.0 682 69.48683731099993 8.07 0.025835865758864183 0.07265045501973724 True False 0.021178298017477785 56.63743265369515 -28.30343732737547 -1.3843051749460147 80.96412580608097 -40.47801991840026
866 129 672.0 682 70.06984550999994 8.07 0.025835865758864183 0.02332380096617669 False True 0.021178298017477785 56.63743265369515 -28.30343732737547 -1.3843051749460147 80.96412580608097 -40.47801991840026
866 130 684.0 694 70.98779107099995 7.79 0.0034346322796933483 0.0 False True 0.021178298017477785 56.63743265369515 -28.30343732737547 -1.3843051749460147 80.96412580608097 -40.47801991840026
866 131 696.0 706 71.94315522099996 7.86 0.0 0.14339378920709228 True False 0.021178298017477785 56.63743265369515 -28.30343732737547 -1.3843051749460147 80.96412580608097 -40.47801991840026
866 132 696.0 706 72.52502430299995 7.86 0.0 0.0568838720440269 True False 0.021178298017477785 56.63743265369515 -28.30343732737547 -1.3843051749460147 80.96412580608097 -40.47801991840026
866 133 696.0 706 73.10594571199994 7.86 0.0 0.0034696988049093477 False True 0.021178298017477785 56.63743265369515 -28.30343732737547 -1.3843051749460147 80.96412580608097 -40.47801991840026
866 134 708.0 718 74.02892120199994 7.94 0.0034696988049093477 0.23346636347029 True False 0.021178298017477785 56.63743265369515 -28.30343732737547 -1.3843051749460147 80.96412580608097 -40.47801991840026
866 135 708.0 718 74.58643314099993 7.94 0.0034696988049093477 0.23346636347029 False True 0.021178298017477785 56.63743265369515 -28.30343732737547 -1.3843051749460147 80.96412580608097 -40.47801991840026
866 136 720.0 730 75.54230086599992 7.94 0.0034696988049093477 0.2775964712625396 False True 0.021178298017477785 56.63743265369515 -28.30343732737547 -1.3843051749460147 80.96412580608097 -40.47801991840026
866 137 732.0 742 76.46006508199991 7.94 0.0034696988049093477 0.08508403628559659 True False 0.021178298017477785 56.63743265369515 -28.30343732737547 -1.3843051749460147 80.96412580608097 -40.47801991840026
866 138 732.0 742 77.00569739099993 7.94 0.0034696988049093477 0.16864720093161947 True False 0.021178298017477785 56.63743265369515 -28.30343732737547 -1.3843051749460147 80.96412580608097 -40.47801991840026
866 139 732.0 742 77.54373978599992 7.94 0.0034696988049093477 0.09497641543543188 True False 0.021178298017477785 56.63743265369515 -28.30343732737547 -1.3843051749460147 80.96412580608097 -40.47801991840026
866 140 732.0 742 78.09995053799992 7.94 0.0034696988049093477 0.08611869769727437 False True 0.021178298017477785 56.63743265369515 -28.30343732737547 -1.3843051749460147 80.96412580608097 -40.47801991840026
866 141 744.0 754 79.0450030369999 7.94 0.0034696988049093477 2.4645690146521647e-06 False True 0.021178298017477785 56.63743265369515 -28.30343732737547 -1.3843051749460147 80.96412580608097 -40.47801991840026
866 142 756.0 766 79.9692959699999 7.94 0.0034696988049093477 0.008155330116905581 False True 0.021178298017477785 56.63743265369515 -28.30343732737547 -1.3843051749460147 80.96412580608097 -40.47801991840026
866 143 768.0 778 80.9273999809999 7.94 0.0034696988049093477 0.16415044559136496 True False 0.021178298017477785 56.63743265369515 -28.30343732737547 -1.3843051749460147 80.96412580608097 -40.47801991840026
866 144 768.0 778 81.50851515899987 7.94 0.0034696988049093477 0.00036500180049931646 False True 0.021178298017477785 56.63743265369515 -28.30343732737547 -1.3843051749460147 80.96412580608097 -40.47801991840026
866 145 780.0 790 82.42883305599986 7.84 0.00036500180049931646 0.002605135762068157 True False 0.021178298017477785 56.63743265369515 -28.30343732737547 -1.3843051749460147 80.96412580608097 -40.47801991840026
866 146 780.0 790 82.98869313899985 7.84 0.00036500180049931646 0.0034696988049093477 False True 0.021178298017477785 56.63743265369515 -28.30343732737547 -1.3843051749460147 80.96412580608097 -40.47801991840026
866 147 784.0 794 83.94783578199986 7.84 0.00036500180049931646 0.001244965047501641 True False 0.021178298017477785 56.63743265369515 -28.30343732737547 -1.3843051749460147 80.96412580608097 -40.47801991840026
866 148 784.0 795 84.54013172699985 7.84 0.00036500180049931646 0.08150571804236892 True False 0.021178298017477785 56.63743265369515 -28.30343732737547 -1.3843051749460147 80.96412580608097 -40.47801991840026
866 149 784.0 795 85.13972602599986 7.84 0.00036500180049931646 0.16624245141090957 True False 0.021178298017477785 56.63743265369515 -28.30343732737547 -1.3843051749460147 80.96412580608097 -40.47801991840026
866 150 784.0 795 85.71955040299986 7.84 0.00036500180049931646 0.14339378920709228 False True 0.021178298017477785 56.63743265369515 -28.30343732737547 -1.3843051749460147 80.96412580608097 -40.47801991840026
866 151 796.0 807 86.63874741999985 7.84 0.00036500180049931646 0.0568838720440269 False True 0.021178298017477785 56.63743265369515 -28.30343732737547 -1.3843051749460147 80.96412580608097 -40.47801991840026
866 152 808.0 819 87.58094158999984 7.84 0.00036500180049931646 0.09028076942910936 True False 0.021178298017477785 56.63743265369515 -28.30343732737547 -1.3843051749460147 80.96412580608097 -40.47801991840026
866 153 808.0 819 88.16075138199983 7.84 0.00036500180049931646 0.004457117993162725 False True 0.021178298017477785 56.63743265369515 -28.30343732737547 -1.3843051749460147 80.96412580608097 -40.47801991840026
866 154 820.0 831 89.08665310599983 7.84 0.00036500180049931646 0.1890382654965628 True False 0.021178298017477785 56.63743265369515 -28.30343732737547 -1.3843051749460147 80.96412580608097 -40.47801991840026
866 155 820.0 831 89.64390626399984 7.84 0.00036500180049931646 0.1890382654965628 False True 0.021178298017477785 56.63743265369515 -28.30343732737547 -1.3843051749460147 80.96412580608097 -40.47801991840026
866 156 832.0 843 90.59008225999983 1.1600000000000001 0.1890382654965628 0.22135297346507302 True False 0.021178298017477785 56.63743265369515 -28.30343732737547 -1.3843051749460147 80.96412580608097 -40.47801991840026
866 157 832.0 843 91.19042993399984 1.1600000000000001 0.1890382654965628 0.22135297346507302 False True 0.021178298017477785 56.63743265369515 -28.30343732737547 -1.3843051749460147 80.96412580608097 -40.47801991840026
866 158 844.0 855 92.12287317399984 1.1600000000000001 0.1890382654965628 0.16521300097476063 True False 0.021178298017477785 56.63743265369515 -28.30343732737547 -1.3843051749460147 80.96412580608097 -40.47801991840026
866 159 844.0 855 92.64663832699986 1.1600000000000001 0.1890382654965628 0.1697491072041178 True False 0.021178298017477785 56.63743265369515 -28.30343732737547 -1.3843051749460147 80.96412580608097 -40.47801991840026
866 160 844.0 855 93.17768291099986 1.1600000000000001 0.1890382654965628 0.16079226754420023 True False 0.021178298017477785 56.63743265369515 -28.30343732737547 -1.3843051749460147 80.96412580608097 -40.47801991840026
866 161 844.0 855 93.69722476399986 1.1600000000000001 0.1890382654965628 0.1564873364975431 True False 0.021178298017477785 56.63743265369515 -28.30343732737547 -1.3843051749460147 80.96412580608097 -40.47801991840026
866 162 844.0 855 94.21535273599986 1.1600000000000001 0.1890382654965628 0.16521300097476063 False True 0.021178298017477785 56.63743265369515 -28.30343732737547 -1.3843051749460147 80.96412580608097 -40.47801991840026
866 163 856.0 867 95.05296546999986 1.1600000000000001 0.1890382654965628 0.17916566207072498 True False 0.021178298017477785 56.63743265369515 -28.30343732737547 -1.3843051749460147 80.96412580608097 -40.47801991840026
866 164 856.0 868 95.56172713299986 1.1600000000000001 0.1890382654965628 0.19936306840086107 True False 0.021178298017477785 56.63743265369515 -28.30343732737547 -1.3843051749460147 80.96412580608097 -40.47801991840026
866 165 856.0 868 96.05941955499986 1.1600000000000001 0.1890382654965628 0.1744001451087245 True False 0.021178298017477785 56.63743265369515 -28.30343732737547 -1.3843051749460147 80.96412580608097 -40.47801991840026
866 166 856.0 868 96.55704549099985 1.1600000000000001 0.1890382654965628 0.27056994284534785 True False 0.021178298017477785 56.63743265369515 -28.30343732737547 -1.3843051749460147 80.96412580608097 -40.47801991840026
866 167 856.0 868 97.03837835899984 1.1600000000000001 0.1890382654965628 0.27056994284534785 False True 0.021178298017477785 56.63743265369515 -28.30343732737547 -1.3843051749460147 80.96412580608097 -40.47801991840026
866 168 868.0 880 97.79900049799986 1.21 0.16521300097476063 0.18404519402319314 True False 0.021178298017477785 56.63743265369515 -28.30343732737547 -1.3843051749460147 80.96412580608097 -40.47801991840026
866 169 868.0 880 98.24125708699984 1.21 0.16521300097476063 0.17916566207072498 False True 0.021178298017477785 56.63743265369515 -28.30343732737547 -1.3843051749460147 80.96412580608097 -40.47801991840026
866 170 880.0 892 98.99473099599984 7.84 0.00036500180049931646 0.1442714795415927 True False 0.021178298017477785 56.63743265369515 -28.30343732737547 -1.3843051749460147 80.96412580608097 -40.47801991840026
866 171 880.0 892 99.45483562899986 7.84 0.00036500180049931646 0.14822654194762425 True False 0.021178298017477785 56.63743265369515 -28.30343732737547 -1.3843051749460147 80.96412580608097 -40.47801991840026
866 172 880.0 892 99.91422869999985 7.84 0.00036500180049931646 0.15229862583850834 True False 0.021178298017477785 56.63743265369515 -28.30343732737547 -1.3843051749460147 80.96412580608097 -40.47801991840026
866 173 880.0 892 100.36120791499985 7.84 0.00036500180049931646 0.2046937923129799 True False 0.021178298017477785 56.63743265369515 -28.30343732737547 -1.3843051749460147 80.96412580608097 -40.47801991840026
866 174 880.0 892 100.80031279499985 7.84 0.00036500180049931646 0.14822654194762425 False True 0.021178298017477785 56.63743265369515 -28.30343732737547 -1.3843051749460147 80.96412580608097 -40.47801991840026
866 175 892.0 904 101.49718342899985 1.1600000000000001 0.1890382654965628 0.004457117993162725 False True 0.021178298017477785 56.63743265369515 -28.30343732737547 -1.3843051749460147 80.96412580608097 -40.47801991840026
866 176 896.0 908 102.19708544899984 7.86 0.0 0.004457117993162725 False True 0.021178298017477785 56.63743265369515 -28.30343732737547 -1.3843051749460147 80.96412580608097 -40.47801991840026
866 177 900.0 912 102.87379806699983 7.95 0.004457117993162725 0.21013604080912512 True False 0.021178298017477785 56.63743265369515 -28.30343732737547 -1.3843051749460147 80.96412580608097 -40.47801991840026
866 178 900.0 912 103.27970314699982 7.95 0.004457117993162725 0.2046937923129799 False True 0.021178298017477785 56.63743265369515 -28.30343732737547 -1.3843051749460147 80.96412580608097 -40.47801991840026
866 179 912.0 924 103.97229657599985 7.95 0.004457117993162725 0.19936306840086107 False True 0.021178298017477785 56.63743265369515 -28.30343732737547 -1.3843051749460147 80.96412580608097 -40.47801991840026
866 180 924.0 936 104.63602552199984 1.1300000000000001 0.2046937923129799 0.004457117993162725 False True 0.021178298017477785 56.63743265369515 -28.30343732737547 -1.3843051749460147 80.96412580608097 -40.47801991840026
866 181 928.0 940 105.31263915099984 7.95 0.004457117993162725 0.07688432667550703 True False 0.021178298017477785 56.63743265369515 -28.30343732737547 -1.3843051749460147 80.96412580608097 -40.47801991840026
866 182 928.0 941 105.71848417099983 7.95 0.004457117993162725 0.002605135762068157 False True 0.021178298017477785 56.63743265369515 -28.30343732737547 -1.3843051749460147 80.96412580608097 -40.47801991840026
866 183 940.0 953 106.37820222599984 7.95 0.004457117993162725 0.002605135762068157 False True 0.021178298017477785 56.63743265369515 -28.30343732737547 -1.3843051749460147 80.96412580608097 -40.47801991840026
866 184 944.0 957 107.05331733699984 7.95 0.004457117993162725 0.002605135762068157 False True 0.021178298017477785 56.63743265369515 -28.30343732737547 -1.3843051749460147 80.96412580608097 -40.47801991840026
866 185 948.0 961 107.71365905799985 7.95 0.004457117993162725 0.07265045501973724 False True 0.021178298017477785 56.63743265369515 -28.30343732737547 -1.3843051749460147 80.96412580608097 -40.47801991840026
866 186 960.0 973 108.39220040199984 7.95 0.004457117993162725 0.21156572389550476 True False 0.021178298017477785 56.63743265369515 -28.30343732737547 -1.3843051749460147 80.96412580608097 -40.47801991840026
866 187 960.0 973 108.81097123499984 7.95 0.004457117993162725 0.3616594571937459 True False 0.021178298017477785 56.63743265369515 -28.30343732737547 -1.3843051749460147 80.96412580608097 -40.47801991840026
866 188 960.0 973 109.21466345999985 7.95 0.004457117993162725 0.3616594571937459 False True 0.021178298017477785 56.63743265369515 -28.30343732737547 -1.3843051749460147 80.96412580608097 -40.47801991840026
866 189 972.0 985 109.87432246899988 7.95 0.004457117993162725 0.07688432667550703 False True 0.021178298017477785 56.63743265369515 -28.30343732737547 -1.3843051749460147 80.96412580608097 -40.47801991840026
866 190 984.0 997 110.55140044899989 7.95 0.004457117993162725 0.028405760780535614 False True 0.021178298017477785 56.63743265369515 -28.30343732737547 -1.3843051749460147 80.96412580608097 -40.47801991840026
866 191 996.0 1009 111.19866427999986 7.52 0.07265045501973724 0.00036500180049931646 False True 0.021178298017477785 56.63743265369515 -28.30343732737547 -1.3843051749460147 80.96412580608097 -40.47801991840026
866 192 1000.0 1013 111.87238505099987 7.52 0.07265045501973724 0.00036500180049931646 False True 0.021178298017477785 56.63743265369515 -28.30343732737547 -1.3843051749460147 80.96412580608097 -40.47801991840026
866 193 1004.0 1017 112.51904382199984 7.52 0.07265045501973724 0.001244965047501641 False True 0.021178298017477785 56.63743265369515 -28.30343732737547 -1.3843051749460147 80.96412580608097 -40.47801991840026
866 194 1016.0 1029 113.19504568399987 7.52 0.07265045501973724 0.0012231915733032321 False True 0.021178298017477785 56.63743265369515 -28.30343732737547 -1.3843051749460147 80.96412580608097 -40.47801991840026
866 195 1020.0 1033 113.86123747899987 7.52 0.07265045501973724 0.0012231915733032321 False True 0.021178298017477785 56.63743265369515 -28.30343732737547 -1.3843051749460147 80.96412580608097 -40.47801991840026
866 196 1024.0 1037 114.57557594899987 7.52 0.07265045501973724 0.0012231915733032321 False True 0.021178298017477785 56.63743265369515 -28.30343732737547 -1.3843051749460147 80.96412580608097 -40.47801991840026
866 197 1028.0 1041 115.23308766099987 7.52 0.07265045501973724 0.0012231915733032321 False True 0.021178298017477785 56.63743265369515 -28.30343732737547 -1.3843051749460147 80.96412580608097 -40.47801991840026
866 198 1032.0 1045 115.89939460299988 7.52 0.07265045501973724 0.0012231915733032321 False True 0.021178298017477785 56.63743265369515 -28.30343732737547 -1.3843051749460147 80.96412580608097 -40.47801991840026
866 199 1036.0 1049 116.55781297199988 7.52 0.07265045501973724 0.0012231915733032321 False True 0.021178298017477785 56.63743265369515 -28.30343732737547 -1.3843051749460147 80.96412580608097 -40.47801991840026
866 200 1040.0 1053 117.23481438799988 7.82 0.0012231915733032321 0.0812355207301736 True False 0.021178298017477785 56.63743265369515 -28.30343732737547 -1.3843051749460147 80.96412580608097 -40.47801991840026
866 201 1040.0 1053 117.65228811199987 7.82 0.0012231915733032321 0.13079893967299644 True False 0.021178298017477785 56.63743265369515 -28.30343732737547 -1.3843051749460147 80.96412580608097 -40.47801991840026
866 202 1040.0 1053 118.05989688699987 7.82 0.0012231915733032321 0.09526493577800234 True False 0.021178298017477785 56.63743265369515 -28.30343732737547 -1.3843051749460147 80.96412580608097 -40.47801991840026
866 203 1040.0 1053 118.48057388299989 7.82 0.0012231915733032321 0.17884848435245188 True False 0.021178298017477785 56.63743265369515 -28.30343732737547 -1.3843051749460147 80.96412580608097 -40.47801991840026
866 204 1040.0 1053 118.8991306499999 7.82 0.0012231915733032321 0.08130896293555444 True False 0.021178298017477785 56.63743265369515 -28.30343732737547 -1.3843051749460147 80.96412580608097 -40.47801991840026
866 205 1040.0 1053 119.3199937789999 7.82 0.0012231915733032321 0.5745841157474582 True False 0.021178298017477785 56.63743265369515 -28.30343732737547 -1.3843051749460147 80.96412580608097 -40.47801991840026
866 206 1040.0 1053 119.73952963999989 7.82 0.0012231915733032321 0.5745841157474582 False True 0.021178298017477785 56.63743265369515 -28.30343732737547 -1.3843051749460147 80.96412580608097 -40.47801991840026
866 207 1052.0 1065 120.3995392519999 7.82 0.0012231915733032321 0.08182577890359351 True False 0.021178298017477785 56.63743265369515 -28.30343732737547 -1.3843051749460147 80.96412580608097 -40.47801991840026
866 208 1052.0 1065 120.8121834049999 7.82 0.0012231915733032321 0.17325804583923282 True False 0.021178298017477785 56.63743265369515 -28.30343732737547 -1.3843051749460147 80.96412580608097 -40.47801991840026
866 209 1052.0 1066 121.19771119099991 7.82 0.0012231915733032321 0.012896782763077345 True False 0.021178298017477785 56.63743265369515 -28.30343732737547 -1.3843051749460147 80.96412580608097 -40.47801991840026
866 210 1052.0 1066 121.5985492069999 7.82 0.0012231915733032321 0.16864720093161947 False True 0.021178298017477785 56.63743265369515 -28.30343732737547 -1.3843051749460147 80.96412580608097 -40.47801991840026
866 211 1064.0 1078 122.27869933799988 7.52 0.07265045501973724 0.0012231915733032321 False True 0.021178298017477785 56.63743265369515 -28.30343732737547 -1.3843051749460147 80.96412580608097 -40.47801991840026
866 212 1068.0 1082 122.9518126079999 7.82 0.0012231915733032321 0.15406591888102616 True False 0.021178298017477785 56.63743265369515 -28.30343732737547 -1.3843051749460147 80.96412580608097 -40.47801991840026
866 213 1068.0 1082 123.35138544299991 7.82 0.0012231915733032321 0.1724920848306772 True False 0.021178298017477785 56.63743265369515 -28.30343732737547 -1.3843051749460147 80.96412580608097 -40.47801991840026
866 214 1068.0 1082 123.75380051199991 7.82 0.0012231915733032321 0.37744938621884205 True False 0.021178298017477785 56.63743265369515 -28.30343732737547 -1.3843051749460147 80.96412580608097 -40.47801991840026
866 215 1068.0 1082 124.13905251099993 7.82 0.0012231915733032321 0.16010019577880757 True False 0.021178298017477785 56.63743265369515 -28.30343732737547 -1.3843051749460147 80.96412580608097 -40.47801991840026
866 216 1068.0 1082 124.53965541399995 7.82 0.0012231915733032321 0.06853308114175306 False True 0.021178298017477785 56.63743265369515 -28.30343732737547 -1.3843051749460147 80.96412580608097 -40.47801991840026
866 217 1080.0 1094 125.23124562199996 7.52 0.07265045501973724 0.0012231915733032321 False True 0.021178298017477785 56.63743265369515 -28.30343732737547 -1.3843051749460147 80.96412580608097 -40.47801991840026
866 218 1084.0 1098 125.89413554999996 7.52 0.07265045501973724 0.08150571804236892 False True 0.021178298017477785 56.63743265369515 -28.30343732737547 -1.3843051749460147 80.96412580608097 -40.47801991840026
866 219 1096.0 1110 126.57812034599996 7.52 0.07265045501973724 0.09978639311070837 True False 0.021178298017477785 56.63743265369515 -28.30343732737547 -1.3843051749460147 80.96412580608097 -40.47801991840026
866 220 1096.0 1110 126.99497435699996 7.52 0.07265045501973724 0.09179781910138494 True False 0.021178298017477785 56.63743265369515 -28.30343732737547 -1.3843051749460147 80.96412580608097 -40.47801991840026
866 221 1096.0 1110 127.41459068399996 7.52 0.07265045501973724 0.1979884450955885 True False 0.021178298017477785 56.63743265369515 -28.30343732737547 -1.3843051749460147 80.96412580608097 -40.47801991840026
866 222 1096.0 1110 127.83059493099998 7.52 0.07265045501973724 0.22554839476439942 True False 0.021178298017477785 56.63743265369515 -28.30343732737547 -1.3843051749460147 80.96412580608097 -40.47801991840026
866 223 1096.0 1110 128.25034449199998 7.52 0.07265045501973724 0.16624245141090957 False True 0.021178298017477785 56.63743265369515 -28.30343732737547 -1.3843051749460147 80.96412580608097 -40.47801991840026
866 224 1108.0 1122 128.917122155 7.53 0.06853308114175306 0.0012231915733032321 False True 0.021178298017477785 56.63743265369515 -28.30343732737547 -1.3843051749460147 80.96412580608097 -40.47801991840026
866 225 1112.0 1126 129.61108146499998 7.53 0.06853308114175306 0.09028076942910936 False True 0.021178298017477785 56.63743265369515 -28.30343732737547 -1.3843051749460147 80.96412580608097 -40.47801991840026
866 226 1124.0 1138 130.27357443999998 7.53 0.06853308114175306 0.08569991136136687 True False 0.021178298017477785 56.63743265369515 -28.30343732737547 -1.3843051749460147 80.96412580608097 -40.47801991840026
866 227 1124.0 1139 130.67383790699995 7.53 0.06853308114175306 0.09497641543543188 False True 0.021178298017477785 56.63743265369515 -28.30343732737547 -1.3843051749460147 80.96412580608097 -40.47801991840026
866 228 1136.0 1151 131.35434051499993 7.53 0.06853308114175306 0.1288861482687906 True False 0.021178298017477785 56.63743265369515 -28.30343732737547 -1.3843051749460147 80.96412580608097 -40.47801991840026
866 229 1136.0 1151 131.77488778699995 7.53 0.06853308114175306 0.21850673781374505 True False 0.021178298017477785 56.63743265369515 -28.30343732737547 -1.3843051749460147 80.96412580608097 -40.47801991840026
866 230 1136.0 1151 132.19439083299994 7.53 0.06853308114175306 0.2047260605285895 True False 0.021178298017477785 56.63743265369515 -28.30343732737547 -1.3843051749460147 80.96412580608097 -40.47801991840026
866 231 1136.0 1151 132.61784177199993 7.53 0.06853308114175306 0.09347024766289132 True False 0.021178298017477785 56.63743265369515 -28.30343732737547 -1.3843051749460147 80.96412580608097 -40.47801991840026
866 232 1136.0 1151 133.03631960499993 7.53 0.06853308114175306 0.13311219262147678 True False 0.021178298017477785 56.63743265369515 -28.30343732737547 -1.3843051749460147 80.96412580608097 -40.47801991840026
866 233 1136.0 1151 133.45800357899992 7.53 0.06853308114175306 0.09718171649144416 True False 0.021178298017477785 56.63743265369515 -28.30343732737547 -1.3843051749460147 80.96412580608097 -40.47801991840026
866 234 1136.0 1151 133.87428163199993 7.53 0.06853308114175306 0.011177279808941135 True False 0.021178298017477785 56.63743265369515 -28.30343732737547 -1.3843051749460147 80.96412580608097 -40.47801991840026
866 235 1136.0 1151 134.29520809099992 7.53 0.06853308114175306 0.11998424866903745 True False 0.021178298017477785 56.63743265369515 -28.30343732737547 -1.3843051749460147 80.96412580608097 -40.47801991840026
866 236 1136.0 1151 134.71403113899993 7.53 0.06853308114175306 0.10093448255275446 True False 0.021178298017477785 56.63743265369515 -28.30343732737547 -1.3843051749460147 80.96412580608097 -40.47801991840026
866 237 1136.0 1151 135.13363631899995 7.53 0.06853308114175306 0.005524325711596207 True False 0.021178298017477785 56.63743265369515 -28.30343732737547 -1.3843051749460147 80.96412580608097 -40.47801991840026
866 238 1136.0 1152 135.54915626499994 7.53 0.06853308114175306 0.06066382781143152 True False 0.021178298017477785 56.63743265369515 -28.30343732737547 -1.3843051749460147 80.96412580608097 -40.47801991840026
866 239 1136.0 1152 135.96862698499993 7.53 0.06853308114175306 0.21156572389550476 False True 0.021178298017477785 56.63743265369515 -28.30343732737547 -1.3843051749460147 80.96412580608097 -40.47801991840026
866 240 1148.0 1164 136.63284437399994 8.459999999999999 0.21156572389550476 0.23268997716300227 True False 0.021178298017477785 56.63743265369515 -28.30343732737547 -1.3843051749460147 80.96412580608097 -40.47801991840026
866 241 1148.0 1164 137.03243024999995 8.459999999999999 0.21156572389550476 0.19135356477304558 True False 0.021178298017477785 56.63743265369515 -28.30343732737547 -1.3843051749460147 80.96412580608097 -40.47801991840026
866 242 1148.0 1164 137.43486165799996 8.459999999999999 0.21156572389550476 0.22554839476439942 False True 0.021178298017477785 56.63743265369515 -28.30343732737547 -1.3843051749460147 80.96412580608097 -40.47801991840026
866 243 1160.0 1176 138.16856237699997 8.459999999999999 0.21156572389550476 0.1979884450955885 False True 0.021178298017477785 56.63743265369515 -28.30343732737547 -1.3843051749460147 80.96412580608097 -40.47801991840026
866 244 1172.0 1188 138.84575682699997 8.459999999999999 0.21156572389550476 0.06853308114175306 False True 0.021178298017477785 56.63743265369515 -28.30343732737547 -1.3843051749460147 80.96412580608097 -40.47801991840026
866 245 1176.0 1192 139.530607622 7.53 0.06853308114175306 0.13637096731108522 True False 0.021178298017477785 56.63743265369515 -28.30343732737547 -1.3843051749460147 80.96412580608097 -40.47801991840026
866 246 1176.0 1192 139.94835387999998 7.53 0.06853308114175306 0.35128686997878195 True False 0.021178298017477785 56.63743265369515 -28.30343732737547 -1.3843051749460147 80.96412580608097 -40.47801991840026
866 247 1176.0 1192 140.37057657699998 7.53 0.06853308114175306 0.12533651357812106 True False 0.021178298017477785 56.63743265369515 -28.30343732737547 -1.3843051749460147 80.96412580608097 -40.47801991840026
866 248 1176.0 1192 140.789442423 7.53 0.06853308114175306 0.4043721731318972 True False 0.021178298017477785 56.63743265369515 -28.30343732737547 -1.3843051749460147 80.96412580608097 -40.47801991840026
866 249 1176.0 1192 141.213243456 7.53 0.06853308114175306 0.09526493577800234 False True 0.021178298017477785 56.63743265369515 -28.30343732737547 -1.3843051749460147 80.96412580608097 -40.47801991840026
866 250 1188.0 1204 141.89053904899998 1.43 0.09526493577800234 0.06853308114175306 False True 0.021178298017477785 56.63743265369515 -28.30343732737547 -1.3843051749460147 80.96412580608097 -40.47801991840026
866 251 1192.0 1208 142.58576685499997 7.53 0.06853308114175306 0.09024780482164543 True False 0.021178298017477785 56.63743265369515 -28.30343732737547 -1.3843051749460147 80.96412580608097 -40.47801991840026
866 252 1192.0 1208 143.00526316199998 7.53 0.06853308114175306 0.10138082685811865 True False 0.021178298017477785 56.63743265369515 -28.30343732737547 -1.3843051749460147 80.96412580608097 -40.47801991840026
866 253 1192.0 1208 143.42594476699998 7.53 0.06853308114175306 0.09922041063754097 True False 0.021178298017477785 56.63743265369515 -28.30343732737547 -1.3843051749460147 80.96412580608097 -40.47801991840026
866 254 1192.0 1209 143.846955932 7.53 0.06853308114175306 0.09179781910138494 False True 0.021178298017477785 56.63743265369515 -28.30343732737547 -1.3843051749460147 80.96412580608097 -40.47801991840026
866 255 1204.0 1221 144.50959222299997 7.53 0.06853308114175306 0.08882034730926232 True False 0.021178298017477785 56.63743265369515 -28.30343732737547 -1.3843051749460147 80.96412580608097 -40.47801991840026
866 256 1204.0 1221 144.91290955999997 7.53 0.06853308114175306 0.09024780482164543 False True 0.021178298017477785 56.63743265369515 -28.30343732737547 -1.3843051749460147 80.96412580608097 -40.47801991840026
866 257 1216.0 1233 145.60640010799997 7.53 0.06853308114175306 0.09347024766289132 False True 0.021178298017477785 56.63743265369515 -28.30343732737547 -1.3843051749460147 80.96412580608097 -40.47801991840026
866 258 1228.0 1245 146.27171015899998 7.53 0.06853308114175306 0.09922041063754097 False True 0.021178298017477785 56.63743265369515 -28.30343732737547 -1.3843051749460147 80.96412580608097 -40.47801991840026
866 259 1240.0 1257 146.96571482299998 7.53 0.06853308114175306 0.10138082685811865 False True 0.021178298017477785 56.63743265369515 -28.30343732737547 -1.3843051749460147 80.96412580608097 -40.47801991840026
866 260 1252.0 1269 147.630414125 1.4100000000000001 0.09922041063754097 0.06853308114175306 False True 0.021178298017477785 56.63743265369515 -28.30343732737547 -1.3843051749460147 80.96412580608097 -40.47801991840026
866 261 1256.0 1273 148.31325821599998 1.45 0.09179781910138494 0.06853308114175306 False True 0.021178298017477785 56.63743265369515 -28.30343732737547 -1.3843051749460147 80.96412580608097 -40.47801991840026
866 262 1260.0 1277 148.986129076 1.4100000000000001 0.09922041063754097 0.06853308114175306 False True 0.021178298017477785 56.63743265369515 -28.30343732737547 -1.3843051749460147 80.96412580608097 -40.47801991840026
866 263 1264.0 1281 149.652466987 1.4100000000000001 0.09922041063754097 0.07265045501973724 False True 0.021178298017477785 56.63743265369515 -28.30343732737547 -1.3843051749460147 80.96412580608097 -40.47801991840026
866 264 1268.0 1285 150.37691212000001 1.4100000000000001 0.09922041063754097 0.06853308114175306 False True 0.021178298017477785 56.63743265369515 -28.30343732737547 -1.3843051749460147 80.96412580608097 -40.47801991840026
866 265 1272.0 1289 151.05495733100003 1.4100000000000001 0.09922041063754097 0.06853308114175306 False True 0.021178298017477785 56.63743265369515 -28.30343732737547 -1.3843051749460147 80.96412580608097 -40.47801991840026
866 266 1276.0 1293 151.713882266 1.4100000000000001 0.09922041063754097 0.06853308114175306 False True 0.021178298017477785 56.63743265369515 -28.30343732737547 -1.3843051749460147 80.96412580608097 -40.47801991840026
866 267 1280.0 1297 152.394209122 1.4100000000000001 0.09922041063754097 0.09718171649144416 False True 0.021178298017477785 56.63743265369515 -28.30343732737547 -1.3843051749460147 80.96412580608097 -40.47801991840026
866 268 1292.0 1309 153.06323654000002 1.4100000000000001 0.09922041063754097 0.06853308114175306 False True 0.021178298017477785 56.63743265369515 -28.30343732737547 -1.3843051749460147 80.96412580608097 -40.47801991840026
866 269 1296.0 1313 153.741753831 1.4100000000000001 0.09922041063754097 0.06853308114175306 False True 0.021178298017477785 56.63743265369515 -28.30343732737547 -1.3843051749460147 80.96412580608097 -40.47801991840026
866 270 1300.0 1317 154.403989579 7.53 0.06853308114175306 0.14205202588841034 True False 0.021178298017477785 56.63743265369515 -28.30343732737547 -1.3843051749460147 80.96412580608097 -40.47801991840026
866 271 1300.0 1317 154.78957211600002 7.53 0.06853308114175306 0.13079893967299644 False True 0.021178298017477785 56.63743265369515 -28.30343732737547 -1.3843051749460147 80.96412580608097 -40.47801991840026
866 272 1312.0 1329 155.464102335 7.53 0.06853308114175306 0.3686428780415334 True False 0.021178298017477785 56.63743265369515 -28.30343732737547 -1.3843051749460147 80.96412580608097 -40.47801991840026
866 273 1312.0 1329 155.88126571 7.53 0.06853308114175306 0.13671393949608307 True False 0.021178298017477785 56.63743265369515 -28.30343732737547 -1.3843051749460147 80.96412580608097 -40.47801991840026
866 274 1312.0 1329 156.288385334 7.53 0.06853308114175306 0.08751557679299855 True False 0.021178298017477785 56.63743265369515 -28.30343732737547 -1.3843051749460147 80.96412580608097 -40.47801991840026
866 275 1312.0 1329 156.705875133 7.53 0.06853308114175306 0.38634037454813847 True False 0.021178298017477785 56.63743265369515 -28.30343732737547 -1.3843051749460147 80.96412580608097 -40.47801991840026
866 276 1312.0 1329 157.109110379 7.53 0.06853308114175306 0.012896782763077345 False True 0.021178298017477785 56.63743265369515 -28.30343732737547 -1.3843051749460147 80.96412580608097 -40.47801991840026
866 277 1324.0 1341 157.765554992 7.53 0.06853308114175306 0.08882034730926232 False True 0.021178298017477785 56.63743265369515 -28.30343732737547 -1.3843051749460147 80.96412580608097 -40.47801991840026
866 278 1336.0 1353 158.44206003600002 1.45 0.09179781910138494 0.06853308114175306 False True 0.021178298017477785 56.63743265369515 -28.30343732737547 -1.3843051749460147 80.96412580608097 -40.47801991840026
866 279 1340.0 1357 159.089850718 1.4100000000000001 0.09922041063754097 0.06853308114175306 False True 0.021178298017477785 56.63743265369515 -28.30343732737547 -1.3843051749460147 80.96412580608097 -40.47801991840026
866 280 1344.0 1361 159.764389122 8.459999999999999 0.21156572389550476 0.06853308114175306 False True 0.021178298017477785 56.63743265369515 -28.30343732737547 -1.3843051749460147 80.96412580608097 -40.47801991840026
866 281 1348.0 1365 160.40977359200002 7.53 0.06853308114175306 0.004457117993162725 False True 0.021178298017477785 56.63743265369515 -28.30343732737547 -1.3843051749460147 80.96412580608097 -40.47801991840026
866 282 1352.0 1369 161.08193508600002 7.95 0.004457117993162725 0.07265045501973724 False True 0.021178298017477785 56.63743265369515 -28.30343732737547 -1.3843051749460147 80.96412580608097 -40.47801991840026
866 283 1356.0 1373 161.74146893800003 7.95 0.004457117993162725 0.16079226754420023 False True 0.021178298017477785 56.63743265369515 -28.30343732737547 -1.3843051749460147 80.96412580608097 -40.47801991840026
866 284 1368.0 1385 162.60790664800004 7.95 0.004457117993162725 0.07265045501973724 False True 0.021178298017477785 56.63743265369515 -28.30343732737547 -1.3843051749460147 80.96412580608097 -40.47801991840026
866 285 1372.0 1389 163.50615494900003 1.4100000000000001 0.09922041063754097 0.004457117993162725 False True 0.021178298017477785 56.63743265369515 -28.30343732737547 -1.3843051749460147 80.96412580608097 -40.47801991840026
866 286 1376.0 1393 164.44554485100002 7.52 0.07265045501973724 0.004457117993162725 False True 0.021178298017477785 56.63743265369515 -28.30343732737547 -1.3843051749460147 80.96412580608097 -40.47801991840026
866 287 1380.0 1397 165.36576877200002 7.95 0.004457117993162725 0.07265045501973724 False True 0.021178298017477785 56.63743265369515 -28.30343732737547 -1.3843051749460147 80.96412580608097 -40.47801991840026
866 288 1384.0 1401 166.30665316500003 7.95 0.004457117993162725 0.0430053925966423 True False 0.021178298017477785 56.63743265369515 -28.30343732737547 -1.3843051749460147 80.96412580608097 -40.47801991840026
866 289 1384.0 1401 166.88486380100002 7.95 0.004457117993162725 0.03384855959826724 False True 0.021178298017477785 56.63743265369515 -28.30343732737547 -1.3843051749460147 80.96412580608097 -40.47801991840026
866 290 1396.0 1413 167.80683297800005 7.95 0.004457117993162725 0.0018371657287550851 False True 0.021178298017477785 56.63743265369515 -28.30343732737547 -1.3843051749460147 80.96412580608097 -40.47801991840026
866 291 1400.0 1417 168.76765674200004 7.81 0.0018371657287550851 0.004457117993162725 False True 0.021178298017477785 56.63743265369515 -28.30343732737547 -1.3843051749460147 80.96412580608097 -40.47801991840026
866 292 1404.0 1421 169.70558578200004 7.81 0.0018371657287550851 0.004457117993162725 False True 0.021178298017477785 56.63743265369515 -28.30343732737547 -1.3843051749460147 80.96412580608097 -40.47801991840026
866 293 1408.0 1425 170.66150214400005 7.81 0.0018371657287550851 0.004457117993162725 False True 0.021178298017477785 56.63743265369515 -28.30343732737547 -1.3843051749460147 80.96412580608097 -40.47801991840026
866 294 1412.0 1429 171.56097842500006 7.81 0.0018371657287550851 0.3599217441098632 True False 0.021178298017477785 56.63743265369515 -28.30343732737547 -1.3843051749460147 80.96412580608097 -40.47801991840026
866 295 1412.0 1429 172.08214423200005 7.81 0.0018371657287550851 0.395314940486481 True False 0.021178298017477785 56.63743265369515 -28.30343732737547 -1.3843051749460147 80.96412580608097 -40.47801991840026
866 296 1412.0 1429 172.59981495800002 7.81 0.0018371657287550851 1.133247591317401 True False 0.021178298017477785 56.63743265369515 -28.30343732737547 -1.3843051749460147 80.96412580608097 -40.47801991840026
866 297 1412.0 1430 173.087831391 7.81 0.0018371657287550851 0.37744938621884205 False True 0.021178298017477785 56.63743265369515 -28.30343732737547 -1.3843051749460147 80.96412580608097 -40.47801991840026
866 298 1424.0 1442 173.924204656 7.81 0.0018371657287550851 0.413744984605501 True False 0.021178298017477785 56.63743265369515 -28.30343732737547 -1.3843051749460147 80.96412580608097 -40.47801991840026
866 299 1424.0 1442 174.449809013 7.81 0.0018371657287550851 0.4053432593277168 True False 0.021178298017477785 56.63743265369515 -28.30343732737547 -1.3843051749460147 80.96412580608097 -40.47801991840026
866 300 1424.0 1442 174.961169384 7.81 0.0018371657287550851 0.42223770317978987 True False 0.021178298017477785 56.63743265369515 -28.30343732737547 -1.3843051749460147 80.96412580608097 -40.47801991840026
866 301 1424.0 1442 175.460458739 7.81 0.0018371657287550851 0.42223770317978987 False True 0.021178298017477785 56.63743265369515 -28.30343732737547 -1.3843051749460147 80.96412580608097 -40.47801991840026
866 302 1436.0 1454 176.23754010599998 7.81 0.0018371657287550851 0.004457117993162725 False True 0.021178298017477785 56.63743265369515 -28.30343732737547 -1.3843051749460147 80.96412580608097 -40.47801991840026
866 303 1440.0 1458 177.02058708099997 7.81 0.0018371657287550851 0.004457117993162725 False True 0.021178298017477785 56.63743265369515 -28.30343732737547 -1.3843051749460147 80.96412580608097 -40.47801991840026
866 304 1444.0 1462 177.77381774499997 7.81 0.0018371657287550851 0.125553807661297 True False 0.021178298017477785 56.63743265369515 -28.30343732737547 -1.3843051749460147 80.96412580608097 -40.47801991840026
866 305 1444.0 1462 178.212178901 7.81 0.0018371657287550851 0.0988011077584016 True False 0.021178298017477785 56.63743265369515 -28.30343732737547 -1.3843051749460147 80.96412580608097 -40.47801991840026
866 306 1444.0 1462 178.65257203099998 7.81 0.0018371657287550851 0.0645381542682717 True False 0.021178298017477785 56.63743265369515 -28.30343732737547 -1.3843051749460147 80.96412580608097 -40.47801991840026
866 307 1444.0 1462 179.078704943 7.81 0.0018371657287550851 0.1323366802319718 True False 0.021178298017477785 56.63743265369515 -28.30343732737547 -1.3843051749460147 80.96412580608097 -40.47801991840026
866 308 1444.0 1462 179.51589898699999 7.81 0.0018371657287550851 0.08128538624081287 True False 0.021178298017477785 56.63743265369515 -28.30343732737547 -1.3843051749460147 80.96412580608097 -40.47801991840026
866 309 1444.0 1462 179.936501753 7.81 0.0018371657287550851 0.004417991598514309 False True 0.021178298017477785 56.63743265369515 -28.30343732737547 -1.3843051749460147 80.96412580608097 -40.47801991840026
866 310 1456.0 1474 180.655331002 7.81 0.0018371657287550851 0.08283572764449362 True False 0.021178298017477785 56.63743265369515 -28.30343732737547 -1.3843051749460147 80.96412580608097 -40.47801991840026
866 311 1456.0 1474 181.09953430599998 7.81 0.0018371657287550851 0.10318896943662285 True False 0.021178298017477785 56.63743265369515 -28.30343732737547 -1.3843051749460147 80.96412580608097 -40.47801991840026
866 312 1456.0 1475 181.53895732999996 7.81 0.0018371657287550851 0.1288861482687906 False True 0.021178298017477785 56.63743265369515 -28.30343732737547 -1.3843051749460147 80.96412580608097 -40.47801991840026
866 313 1468.0 1487 182.21817090599995 7.81 0.0018371657287550851 0.5224629587050189 True False 0.021178298017477785 56.63743265369515 -28.30343732737547 -1.3843051749460147 80.96412580608097 -40.47801991840026
866 314 1468.0 1487 182.63159701799995 7.81 0.0018371657287550851 0.4924318081911473 True False 0.021178298017477785 56.63743265369515 -28.30343732737547 -1.3843051749460147 80.96412580608097 -40.47801991840026
866 315 1468.0 1487 183.01987822699994 7.81 0.0018371657287550851 0.5123789251875699 True False 0.021178298017477785 56.63743265369515 -28.30343732737547 -1.3843051749460147 80.96412580608097 -40.47801991840026
866 316 1468.0 1487 183.43348830099993 7.81 0.0018371657287550851 0.5531449957948376 True False 0.021178298017477785 56.63743265369515 -28.30343732737547 -1.3843051749460147 80.96412580608097 -40.47801991840026
866 317 1468.0 1487 183.83366530499993 7.81 0.0018371657287550851 0.532619317775592 True False 0.021178298017477785 56.63743265369515 -28.30343732737547 -1.3843051749460147 80.96412580608097 -40.47801991840026
866 318 1468.0 1487 184.23796777599992 7.81 0.0018371657287550851 0.5428469999873644 True False 0.021178298017477785 56.63743265369515 -28.30343732737547 -1.3843051749460147 80.96412580608097 -40.47801991840026
866 319 1468.0 1487 184.63550781499993 7.81 0.0018371657287550851 0.532619317775592 False True 0.021178298017477785 56.63743265369515 -28.30343732737547 -1.3843051749460147 80.96412580608097 -40.47801991840026
866 320 1480.0 1499 185.31761286699992 7.81 0.0018371657287550851 0.05690631727764466 True False 0.021178298017477785 56.63743265369515 -28.30343732737547 -1.3843051749460147 80.96412580608097 -40.47801991840026
866 321 1480.0 1499 185.75475827999992 7.81 0.0018371657287550851 0.1096123858368473 True False 0.021178298017477785 56.63743265369515 -28.30343732737547 -1.3843051749460147 80.96412580608097 -40.47801991840026
866 322 1480.0 1499 186.17745518999993 7.81 0.0018371657287550851 0.12962892868838866 True False 0.021178298017477785 56.63743265369515 -28.30343732737547 -1.3843051749460147 80.96412580608097 -40.47801991840026
866 323 1480.0 1499 186.61306122399992 7.81 0.0018371657287550851 0.28655834168922806 True False 0.021178298017477785 56.63743265369515 -28.30343732737547 -1.3843051749460147 80.96412580608097 -40.47801991840026
866 324 1480.0 1500 187.03383692899996 7.81 0.0018371657287550851 0.06066382781143152 False True 0.021178298017477785 56.63743265369515 -28.30343732737547 -1.3843051749460147 80.96412580608097 -40.47801991840026
866 325 1492.0 1512 187.694961843 7.81 0.0018371657287550851 0.004457117993162725 False True 0.021178298017477785 56.63743265369515 -28.30343732737547 -1.3843051749460147 80.96412580608097 -40.47801991840026
866 326 1496.0 1516 188.377034718 7.81 0.0018371657287550851 0.0034696988049093477 False True 0.021178298017477785 56.63743265369515 -28.30343732737547 -1.3843051749460147 80.96412580608097 -40.47801991840026
866 327 1500.0 1520 189.050195681 7.81 0.0018371657287550851 0.004457117993162725 False True 0.021178298017477785 56.63743265369515 -28.30343732737547 -1.3843051749460147 80.96412580608097 -40.47801991840026
866 328 1504.0 1524 189.73375079099998 7.81 0.0018371657287550851 0.014798063361063242 False True 0.021178298017477785 56.63743265369515 -28.30343732737547 -1.3843051749460147 80.96412580608097 -40.47801991840026
866 329 1516.0 1536 190.39630271199997 7.81 0.0018371657287550851 0.09678907094141305 True False 0.021178298017477785 56.63743265369515 -28.30343732737547 -1.3843051749460147 80.96412580608097 -40.47801991840026
866 330 1516.0 1536 190.799480475 7.81 0.0018371657287550851 0.0988011077584016 False True 0.021178298017477785 56.63743265369515 -28.30343732737547 -1.3843051749460147 80.96412580608097 -40.47801991840026
866 331 1528.0 1548 191.494432648 1.75 0.0988011077584016 0.0018371657287550851 False True 0.021178298017477785 56.63743265369515 -28.30343732737547 -1.3843051749460147 80.96412580608097 -40.47801991840026
866 332 1532.0 1552 192.15767410899997 7.81 0.0018371657287550851 0.10093448255275446 False True 0.021178298017477785 56.63743265369515 -28.30343732737547 -1.3843051749460147 80.96412580608097 -40.47801991840026
866 333 1544.0 1564 192.852933076 7.81 0.0018371657287550851 0.09678907094141305 False True 0.021178298017477785 56.63743265369515 -28.30343732737547 -1.3843051749460147 80.96412580608097 -40.47801991840026
866 334 1556.0 1576 193.530541808 7.81 0.0018371657287550851 0.1055643304097929 True False 0.021178298017477785 56.63743265369515 -28.30343732737547 -1.3843051749460147 80.96412580608097 -40.47801991840026
866 335 1556.0 1576 193.919419828 7.81 0.0018371657287550851 0.0007324583521335044 False True 0.021178298017477785 56.63743265369515 -28.30343732737547 -1.3843051749460147 80.96412580608097 -40.47801991840026
866 336 1560.0 1580 194.61420340399997 7.81 0.0018371657287550851 0.005567281232055479 False True 0.021178298017477785 56.63743265369515 -28.30343732737547 -1.3843051749460147 80.96412580608097 -40.47801991840026
866 337 1564.0 1584 195.27824763899997 7.81 0.0018371657287550851 0.005567281232055479 False True 0.021178298017477785 56.63743265369515 -28.30343732737547 -1.3843051749460147 80.96412580608097 -40.47801991840026
866 338 1568.0 1588 195.97174207899997 7.96 0.005567281232055479 0.0018371657287550851 False True 0.021178298017477785 56.63743265369515 -28.30343732737547 -1.3843051749460147 80.96412580608097 -40.47801991840026
866 339 1572.0 1592 196.63551349999994 7.53 0.06853308114175306 0.005567281232055479 False True 0.021178298017477785 56.63743265369515 -28.30343732737547 -1.3843051749460147 80.96412580608097 -40.47801991840026
866 340 1576.0 1596 197.329306708 7.53 0.06853308114175306 0.0034696988049093477 False True 0.021178298017477785 56.63743265369515 -28.30343732737547 -1.3843051749460147 80.96412580608097 -40.47801991840026
866 341 1580.0 1600 197.99321535299998 1.1600000000000001 0.1890382654965628 0.004457117993162725 False True 0.021178298017477785 56.63743265369515 -28.30343732737547 -1.3843051749460147 80.96412580608097 -40.47801991840026
866 342 1584.0 1604 198.67712815699997 1.1600000000000001 0.1890382654965628 0.06853308114175306 False True 0.021178298017477785 56.63743265369515 -28.30343732737547 -1.3843051749460147 80.96412580608097 -40.47801991840026
866 343 1588.0 1608 199.35094131899996 1.4100000000000001 0.09922041063754097 0.0034696988049093477 False True 0.021178298017477785 56.63743265369515 -28.30343732737547 -1.3843051749460147 80.96412580608097 -40.47801991840026
866 344 1592.0 1612 200.03387522499997 1.4100000000000001 0.09922041063754097 0.0034696988049093477 False True 0.021178298017477785 56.63743265369515 -28.30343732737547 -1.3843051749460147 80.96412580608097 -40.47801991840026
866 345 1596.0 1616 200.70935550499996 1.4100000000000001 0.09922041063754097 0.0034696988049093477 False True 0.021178298017477785 56.63743265369515 -28.30343732737547 -1.3843051749460147 80.96412580608097 -40.47801991840026
866 346 1600.0 1620 201.39375003499998 1.4100000000000001 0.09922041063754097 0.0034696988049093477 False True 0.021178298017477785 56.63743265369515 -28.30343732737547 -1.3843051749460147 80.96412580608097 -40.47801991840026
866 347 1604.0 1624 202.05846496799995 1.4100000000000001 0.09922041063754097 0.0034696988049093477 False True 0.021178298017477785 56.63743265369515 -28.30343732737547 -1.3843051749460147 80.96412580608097 -40.47801991840026
866 348 1608.0 1628 202.75385054699996 1.4100000000000001 0.09922041063754097 0.06853308114175306 False True 0.021178298017477785 56.63743265369515 -28.30343732737547 -1.3843051749460147 80.96412580608097 -40.47801991840026
866 349 1612.0 1632 203.41752282899995 1.4100000000000001 0.09922041063754097 0.00036500180049931646 False True 0.021178298017477785 56.63743265369515 -28.30343732737547 -1.3843051749460147 80.96412580608097 -40.47801991840026
866 350 1616.0 1636 204.11212321699992 7.84 0.00036500180049931646 0.08569991136136687 False True 0.021178298017477785 56.63743265369515 -28.30343732737547 -1.3843051749460147 80.96412580608097 -40.47801991840026
866 351 1628.0 1648 204.7753959509999 7.49 0.08569991136136687 0.00036500180049931646 False True 0.021178298017477785 56.63743265369515 -28.30343732737547 -1.3843051749460147 80.96412580608097 -40.47801991840026
866 352 1632.0 1652 205.4688779519999 7.49 0.08569991136136687 0.00036500180049931646 False True 0.021178298017477785 56.63743265369515 -28.30343732737547 -1.3843051749460147 80.96412580608097 -40.47801991840026
866 353 1636.0 1656 206.13368000899993 7.49 0.08569991136136687 0.10318896943662285 False True 0.021178298017477785 56.63743265369515 -28.30343732737547 -1.3843051749460147 80.96412580608097 -40.47801991840026
866 354 1648.0 1668 206.82870452399993 7.49 0.08569991136136687 0.2373034854053087 True False 0.021178298017477785 56.63743265369515 -28.30343732737547 -1.3843051749460147 80.96412580608097 -40.47801991840026
866 355 1648.0 1668 207.25465692899996 7.49 0.08569991136136687 0.3491473565374913 True False 0.021178298017477785 56.63743265369515 -28.30343732737547 -1.3843051749460147 80.96412580608097 -40.47801991840026
866 356 1648.0 1668 207.67613354099996 7.49 0.08569991136136687 0.08338328494282181 True False 0.021178298017477785 56.63743265369515 -28.30343732737547 -1.3843051749460147 80.96412580608097 -40.47801991840026
866 357 1648.0 1668 208.11155025399995 7.49 0.08569991136136687 0.08145854195013218 True False 0.021178298017477785 56.63743265369515 -28.30343732737547 -1.3843051749460147 80.96412580608097 -40.47801991840026
866 358 1648.0 1668 208.53471122299993 7.49 0.08569991136136687 0.23300947951428405 True False 0.021178298017477785 56.63743265369515 -28.30343732737547 -1.3843051749460147 80.96412580608097 -40.47801991840026
866 359 1648.0 1668 208.97001157899996 7.49 0.08569991136136687 0.1262644835257656 True False 0.021178298017477785 56.63743265369515 -28.30343732737547 -1.3843051749460147 80.96412580608097 -40.47801991840026
866 360 1648.0 1668 209.39007844599996 7.49 0.08569991136136687 0.10471023475091598 True False 0.021178298017477785 56.63743265369515 -28.30343732737547 -1.3843051749460147 80.96412580608097 -40.47801991840026
866 361 1648.0 1668 209.816063918 7.49 0.08569991136136687 0.0885560119821306 False True 0.021178298017477785 56.63743265369515 -28.30343732737547 -1.3843051749460147 80.96412580608097 -40.47801991840026
866 362 1660.0 1680 210.492430007 7.49 0.08569991136136687 0.5119810223744482 True False 0.021178298017477785 56.63743265369515 -28.30343732737547 -1.3843051749460147 80.96412580608097 -40.47801991840026
866 363 1660.0 1681 210.89205550999998 7.49 0.08569991136136687 0.1985520028798902 True False 0.021178298017477785 56.63743265369515 -28.30343732737547 -1.3843051749460147 80.96412580608097 -40.47801991840026
866 364 1660.0 1681 211.33922739099995 7.49 0.08569991136136687 0.08226912604047747 True False 0.021178298017477785 56.63743265369515 -28.30343732737547 -1.3843051749460147 80.96412580608097 -40.47801991840026
866 365 1660.0 1681 211.76920762299994 7.49 0.08569991136136687 0.13311219262147678 False True 0.021178298017477785 56.63743265369515 -28.30343732737547 -1.3843051749460147 80.96412580608097 -40.47801991840026
866 366 1672.0 1693 212.46275012899997 7.49 0.08569991136136687 0.0007324583521335044 False True 0.021178298017477785 56.63743265369515 -28.30343732737547 -1.3843051749460147 80.96412580608097 -40.47801991840026
866 367 1676.0 1697 213.13885344199997 7.49 0.08569991136136687 0.00012084532474958608 False True 0.021178298017477785 56.63743265369515 -28.30343732737547 -1.3843051749460147 80.96412580608097 -40.47801991840026
866 368 1680.0 1701 213.834031714 7.49 0.08569991136136687 0.00012084532474958608 False True 0.021178298017477785 56.63743265369515 -28.30343732737547 -1.3843051749460147 80.96412580608097 -40.47801991840026
866 369 1684.0 1705 214.49947717500004 7.49 0.08569991136136687 0.3541239429488433 True False 0.021178298017477785 56.63743265369515 -28.30343732737547 -1.3843051749460147 80.96412580608097 -40.47801991840026
866 370 1684.0 1705 214.91625304400003 7.49 0.08569991136136687 0.08128538624081287 False True 0.021178298017477785 56.63743265369515 -28.30343732737547 -1.3843051749460147 80.96412580608097 -40.47801991840026
866 371 1696.0 1717 215.61872868700004 7.49 0.08569991136136687 0.14784153389664884 True False 0.021178298017477785 56.63743265369515 -28.30343732737547 -1.3843051749460147 80.96412580608097 -40.47801991840026
866 372 1696.0 1717 216.05570065500007 7.49 0.08569991136136687 0.049707213703393 True False 0.021178298017477785 56.63743265369515 -28.30343732737547 -1.3843051749460147 80.96412580608097 -40.47801991840026
866 373 1696.0 1717 216.49282892600007 7.49 0.08569991136136687 0.06852889583298237 True False 0.021178298017477785 56.63743265369515 -28.30343732737547 -1.3843051749460147 80.96412580608097 -40.47801991840026
866 374 1696.0 1717 216.91583001500004 7.49 0.08569991136136687 0.08352553958051934 True False 0.021178298017477785 56.63743265369515 -28.30343732737547 -1.3843051749460147 80.96412580608097 -40.47801991840026
866 375 1696.0 1717 217.35217111400004 7.49 0.08569991136136687 0.1147426935709523 True False 0.021178298017477785 56.63743265369515 -28.30343732737547 -1.3843051749460147 80.96412580608097 -40.47801991840026
866 376 1696.0 1717 217.77740487000005 7.49 0.08569991136136687 0.006800064151174342 False True 0.021178298017477785 56.63743265369515 -28.30343732737547 -1.3843051749460147 80.96412580608097 -40.47801991840026
866 377 1708.0 1729 218.4559388950001 7.49 0.08569991136136687 0.08283572764449362 False True 0.021178298017477785 56.63743265369515 -28.30343732737547 -1.3843051749460147 80.96412580608097 -40.47801991840026
866 378 1720.0 1741 219.1523949700001 1.53 0.08283572764449362 0.08569991136136687 False True 0.021178298017477785 56.63743265369515 -28.30343732737547 -1.3843051749460147 80.96412580608097 -40.47801991840026
866 379 1724.0 1745 219.81933424300013 7.49 0.08569991136136687 0.08226912604047747 False True 0.021178298017477785 56.63743265369515 -28.30343732737547 -1.3843051749460147 80.96412580608097 -40.47801991840026
866 380 1736.0 1757 220.51474122700012 7.49 0.08569991136136687 0.03983335788922099 False True 0.021178298017477785 56.63743265369515 -28.30343732737547 -1.3843051749460147 80.96412580608097 -40.47801991840026
866 381 1748.0 1769 221.19539297300008 7.49 0.08569991136136687 0.1597682420675326 False True 0.021178298017477785 56.63743265369515 -28.30343732737547 -1.3843051749460147 80.96412580608097 -40.47801991840026
866 382 1760.0 1781 221.89433433800008 7.49 0.08569991136136687 0.08352553958051934 False True 0.021178298017477785 56.63743265369515 -28.30343732737547 -1.3843051749460147 80.96412580608097 -40.47801991840026
866 383 1772.0 1793 222.57362155800007 7.49 0.08569991136136687 0.00012084532474958608 False True 0.021178298017477785 56.63743265369515 -28.30343732737547 -1.3843051749460147 80.96412580608097 -40.47801991840026
866 384 1776.0 1797 223.27341062500005 1.53 0.08283572764449362 0.08569991136136687 False True 0.021178298017477785 56.63743265369515 -28.30343732737547 -1.3843051749460147 80.96412580608097 -40.47801991840026
866 385 1780.0 1801 223.95407669900004 1.53 0.08283572764449362 0.00012084532474958608 False True 0.021178298017477785 56.63743265369515 -28.30343732737547 -1.3843051749460147 80.96412580608097 -40.47801991840026
866 386 1784.0 1805 224.654253444 8.459999999999999 0.21156572389550476 0.0018371657287550851 False True 0.021178298017477785 56.63743265369515 -28.30343732737547 -1.3843051749460147 80.96412580608097 -40.47801991840026
866 387 1788.0 1809 225.332585832 1.7 0.08995839604043683 0.07265045501973724 False True 0.021178298017477785 56.63743265369515 -28.30343732737547 -1.3843051749460147 80.96412580608097 -40.47801991840026
866 388 1792.0 1813 226.032833079 1.75 0.0988011077584016 0.0012231915733032321 False True 0.021178298017477785 56.63743265369515 -28.30343732737547 -1.3843051749460147 80.96412580608097 -40.47801991840026
866 389 1796.0 1817 226.71078167399997 7.68 0.020995093991178475 0.0012231915733032321 False True 0.021178298017477785 56.63743265369515 -28.30343732737547 -1.3843051749460147 80.96412580608097 -40.47801991840026
866 390 1800.0 1821 227.41041792199997 7.82 0.0012231915733032321 0.00036500180049931646 False True 0.021178298017477785 56.63743265369515 -28.30343732737547 -1.3843051749460147 80.96412580608097 -40.47801991840026
866 391 1804.0 1825 228.08841610399998 7.84 0.00036500180049931646 0.0012231915733032321 False True 0.021178298017477785 56.63743265369515 -28.30343732737547 -1.3843051749460147 80.96412580608097 -40.47801991840026
866 392 1808.0 1829 228.79127666 1.4100000000000001 0.09922041063754097 0.0012231915733032321 False True 0.021178298017477785 56.63743265369515 -28.30343732737547 -1.3843051749460147 80.96412580608097 -40.47801991840026
866 393 1812.0 1833 229.46864197899998 7.52 0.07265045501973724 0.004457117993162725 False True 0.021178298017477785 56.63743265369515 -28.30343732737547 -1.3843051749460147 80.96412580608097 -40.47801991840026
866 394 1816.0 1837 230.175096681 1.21 0.16521300097476063 0.0018371657287550851 False True 0.021178298017477785 56.63743265369515 -28.30343732737547 -1.3843051749460147 80.96412580608097 -40.47801991840026
866 395 1820.0 1841 230.85428130499997 7.81 0.0018371657287550851 0.005567281232055479 False True 0.021178298017477785 56.63743265369515 -28.30343732737547 -1.3843051749460147 80.96412580608097 -40.47801991840026
866 396 1824.0 1845 231.55539620699994 7.96 0.005567281232055479 0.0018371657287550851 False True 0.021178298017477785 56.63743265369515 -28.30343732737547 -1.3843051749460147 80.96412580608097 -40.47801991840026
866 397 1828.0 1849 232.23423167499993 7.96 0.005567281232055479 0.0018371657287550851 False True 0.021178298017477785 56.63743265369515 -28.30343732737547 -1.3843051749460147 80.96412580608097 -40.47801991840026
866 398 1832.0 1853 232.93385491099997 7.96 0.005567281232055479 0.0018371657287550851 False True 0.021178298017477785 56.63743265369515 -28.30343732737547 -1.3843051749460147 80.96412580608097 -40.47801991840026
866 399 1836.0 1857 233.612522431 7.96 0.005567281232055479 0.0018371657287550851 False True 0.021178298017477785 56.63743265369515 -28.30343732737547 -1.3843051749460147 80.96412580608097 -40.47801991840026
866 400 1840.0 1861 234.31281961000002 1.43 0.09526493577800234 0.004457117993162725 False True 0.021178298017477785 56.63743265369515 -28.30343732737547 -1.3843051749460147 80.96412580608097 -40.47801991840026
866 401 1844.0 1865 234.992526762 1.43 0.09526493577800234 0.06853308114175306 False True 0.021178298017477785 56.63743265369515 -28.30343732737547 -1.3843051749460147 80.96412580608097 -40.47801991840026
866 402 1848.0 1869 235.693281146 1.43 0.09526493577800234 0.06853308114175306 False True 0.021178298017477785 56.63743265369515 -28.30343732737547 -1.3843051749460147 80.96412580608097 -40.47801991840026
866 403 1852.0 1873 236.370600654 1.43 0.09526493577800234 0.00036500180049931646 False True 0.021178298017477785 56.63743265369515 -28.30343732737547 -1.3843051749460147 80.96412580608097 -40.47801991840026
866 404 1856.0 1877 237.06867654299998 1.43 0.09526493577800234 0.00036500180049931646 False True 0.021178298017477785 56.63743265369515 -28.30343732737547 -1.3843051749460147 80.96412580608097 -40.47801991840026
866 405 1860.0 1881 237.732824823 1.43 0.09526493577800234 0.004457117993162725 False True 0.021178298017477785 56.63743265369515 -28.30343732737547 -1.3843051749460147 80.96412580608097 -40.47801991840026
866 406 1864.0 1885 238.46907636699996 1.43 0.09526493577800234 0.0012231915733032321 False True 0.021178298017477785 56.63743265369515 -28.30343732737547 -1.3843051749460147 80.96412580608097 -40.47801991840026
866 407 1868.0 1889 239.14347468799997 1.43 0.09526493577800234 0.0012231915733032321 False True 0.021178298017477785 56.63743265369515 -28.30343732737547 -1.3843051749460147 80.96412580608097 -40.47801991840026
866 408 1872.0 1893 239.84479125399997 1.43 0.09526493577800234 0.07265045501973724 False True 0.021178298017477785 56.63743265369515 -28.30343732737547 -1.3843051749460147 80.96412580608097 -40.47801991840026
866 409 1876.0 1897 240.64548165899998 1.43 0.09526493577800234 0.08569991136136687 False True 0.021178298017477785 56.63743265369515 -28.30343732737547 -1.3843051749460147 80.96412580608097 -40.47801991840026
866 410 1880.0 1901 241.580631456 8.05 0.021057671564130017 0.00036500180049931646 False True 0.021178298017477785 56.63743265369515 -28.30343732737547 -1.3843051749460147 80.96412580608097 -40.47801991840026
866 411 1884.0 1905 242.505685679 7.4799999999999995 0.09028076942910936 0.0018371657287550851 False True 0.021178298017477785 56.63743265369515 -28.30343732737547 -1.3843051749460147 80.96412580608097 -40.47801991840026
866 412 1888.0 1909 243.46800221300003 7.81 0.0018371657287550851 0.10093448255275446 False True 0.021178298017477785 56.63743265369515 -28.30343732737547 -1.3843051749460147 80.96412580608097 -40.47801991840026
866 413 1892.0 1913 244.41919127100005 7.81 0.0018371657287550851 0.15134928213859636 False True 0.021178298017477785 56.63743265369515 -28.30343732737547 -1.3843051749460147 80.96412580608097 -40.47801991840026
866 414 1904.0 1925 245.38402287200006 7.81 0.0018371657287550851 0.08417219745987087 True False 0.021178298017477785 56.63743265369515 -28.30343732737547 -1.3843051749460147 80.96412580608097 -40.47801991840026
866 415 1904.0 1925 245.98471321900007 7.81 0.0018371657287550851 0.10459385189371664 True False 0.021178298017477785 56.63743265369515 -28.30343732737547 -1.3843051749460147 80.96412580608097 -40.47801991840026
866 416 1904.0 1926 246.58430864900004 7.81 0.0018371657287550851 0.2271265608838504 True False 0.021178298017477785 56.63743265369515 -28.30343732737547 -1.3843051749460147 80.96412580608097 -40.47801991840026
866 417 1904.0 1926 247.18688260600004 7.81 0.0018371657287550851 0.1537388989812822 True False 0.021178298017477785 56.63743265369515 -28.30343732737547 -1.3843051749460147 80.96412580608097 -40.47801991840026
866 418 1904.0 1926 247.78593726400004 7.81 0.0018371657287550851 0.05690631727764466 False True 0.021178298017477785 56.63743265369515 -28.30343732737547 -1.3843051749460147 80.96412580608097 -40.47801991840026
866 419 1916.0 1938 248.74161643000002 7.81 0.0018371657287550851 0.17798250665502233 True False 0.021178298017477785 56.63743265369515 -28.30343732737547 -1.3843051749460147 80.96412580608097 -40.47801991840026
866 420 1916.0 1938 249.30265354600004 7.81 0.0018371657287550851 0.142323651020447 True False 0.021178298017477785 56.63743265369515 -28.30343732737547 -1.3843051749460147 80.96412580608097 -40.47801991840026
866 421 1916.0 1938 249.83827127200004 7.81 0.0018371657287550851 0.02338641658253267 False True 0.021178298017477785 56.63743265369515 -28.30343732737547 -1.3843051749460147 80.96412580608097 -40.47801991840026
866 422 1928.0 1950 250.73903074200007 7.81 0.0018371657287550851 0.21568928214230224 True False 0.021178298017477785 56.63743265369515 -28.30343732737547 -1.3843051749460147 80.96412580608097 -40.47801991840026
866 423 1928.0 1950 251.28228415600006 7.81 0.0018371657287550851 0.1096123858368473 False True 0.021178298017477785 56.63743265369515 -28.30343732737547 -1.3843051749460147 80.96412580608097 -40.47801991840026
866 424 1940.0 1962 252.104532467 8.29 0.1096123858368473 0.0018371657287550851 False True 0.021178298017477785 56.63743265369515 -28.30343732737547 -1.3843051749460147 80.96412580608097 -40.47801991840026
866 425 1944.0 1966 252.94243073400003 8.29 0.1096123858368473 0.0018371657287550851 False True 0.021178298017477785 56.63743265369515 -28.30343732737547 -1.3843051749460147 80.96412580608097 -40.47801991840026
866 426 1948.0 1970 253.738243984 7.81 0.0018371657287550851 0.1147426935709523 False True 0.021178298017477785 56.63743265369515 -28.30343732737547 -1.3843051749460147 80.96412580608097 -40.47801991840026
866 427 1960.0 1982 254.54079002400005 7.81 0.0018371657287550851 0.10459385189371664 False True 0.021178298017477785 56.63743265369515 -28.30343732737547 -1.3843051749460147 80.96412580608097 -40.47801991840026
866 428 1972.0 1994 255.303150517 7.81 0.0018371657287550851 0.11998424866903745 False True 0.021178298017477785 56.63743265369515 -28.30343732737547 -1.3843051749460147 80.96412580608097 -40.47801991840026
