489 0 200.0 201 0.6660793909999967 1.87 0.11972712131736894 0.1525778329211595 True False 0.08111786510880023 30.907243878676613 -15.430135317696914 -1.3668047863849146 0.5900426628892118 -0.00011187772861170386
489 1 200.0 201 1.1072176609999929 1.87 0.11972712131736894 0.1525778329211595 False True 0.08111786510880023 30.907243878676613 -15.430135317696914 -1.3668047863849146 0.5900426628892118 -0.00011187772861170386
489 2 212.0 213 1.8024873610000043 1.87 0.11972712131736894 0.08585226715136761 False True 0.08111786510880023 30.907243878676613 -15.430135317696914 -1.3668047863849146 0.5900426628892118 -0.00011187772861170386
489 3 224.0 225 2.483191762000004 8.26 0.08585226715136761 2.171249078751247 False True 0.08111786510880023 30.907243878676613 -15.430135317696914 -1.3668047863849146 0.5900426628892118 -0.00011187772861170386
489 4 236.0 237 3.2052225970000165 8.26 0.08585226715136761 0.06571463083933354 True False 0.08111786510880023 30.907243878676613 -15.430135317696914 -1.3668047863849146 0.5900426628892118 -0.00011187772861170386
489 5 236.0 237 3.6416052470000295 8.26 0.08585226715136761 0.06571463083933354 False True 0.08111786510880023 30.907243878676613 -15.430135317696914 -1.3668047863849146 0.5900426628892118 -0.00011187772861170386
489 6 248.0 249 4.325883333000036 8.26 0.08585226715136761 0.10855167797310832 True False 0.08111786510880023 30.907243878676613 -15.430135317696914 -1.3668047863849146 0.5900426628892118 -0.00011187772861170386
489 7 248.0 249 4.760212056000043 8.26 0.08585226715136761 0.10855167797310832 False True 0.08111786510880023 30.907243878676613 -15.430135317696914 -1.3668047863849146 0.5900426628892118 -0.00011187772861170386
489 8 260.0 261 5.4675055440000335 8.31 0.10855167797310832 0.1337546115979537 True False 0.08111786510880023 30.907243878676613 -15.430135317696914 -1.3668047863849146 0.5900426628892118 -0.00011187772861170386
489 9 260.0 261 5.898761613000033 8.31 0.10855167797310832 0.1337546115979537 False True 0.08111786510880023 30.907243878676613 -15.430135317696914 -1.3668047863849146 0.5900426628892118 -0.00011187772861170386
489 10 272.0 273 6.580918550000035 8.31 0.10855167797310832 0.09916808698820517 True False 0.08111786510880023 30.907243878676613 -15.430135317696914 -1.3668047863849146 0.5900426628892118 -0.00011187772861170386
489 11 272.0 273 6.998413473000042 8.31 0.10855167797310832 0.09916808698820517 False True 0.08111786510880023 30.907243878676613 -15.430135317696914 -1.3668047863849146 0.5900426628892118 -0.00011187772861170386
489 12 284.0 285 7.717939836000042 8.31 0.10855167797310832 0.04500355276308672 True False 0.08111786510880023 30.907243878676613 -15.430135317696914 -1.3668047863849146 0.5900426628892118 -0.00011187772861170386
489 13 284.0 285 8.159260496000044 8.31 0.10855167797310832 0.04500355276308672 False True 0.08111786510880023 30.907243878676613 -15.430135317696914 -1.3668047863849146 0.5900426628892118 -0.00011187772861170386
489 14 296.0 297 8.845655408000042 8.15 0.04500355276308672 0.030675117534559666 True False 0.08111786510880023 30.907243878676613 -15.430135317696914 -1.3668047863849146 0.5900426628892118 -0.00011187772861170386
489 15 296.0 297 9.281174505000052 8.15 0.04500355276308672 0.030675117534559666 False True 0.08111786510880023 30.907243878676613 -15.430135317696914 -1.3668047863849146 0.5900426628892118 -0.00011187772861170386
489 16 308.0 309 9.999190503000051 8.15 0.04500355276308672 0.054883539916701925 True False 0.08111786510880023 30.907243878676613 -15.430135317696914 -1.3668047863849146 0.5900426628892118 -0.00011187772861170386
489 17 308.0 310 10.422584679000053 8.15 0.04500355276308672 0.054883539916701925 False True 0.08111786510880023 30.907243878676613 -15.430135317696914 -1.3668047863849146 0.5900426628892118 -0.00011187772861170386
489 18 320.0 322 11.106716271000053 8.18 0.054883539916701925 0.0734588091294287 True False 0.08111786510880023 30.907243878676613 -15.430135317696914 -1.3668047863849146 0.5900426628892118 -0.00011187772861170386
489 19 320.0 322 11.524320492000058 8.18 0.054883539916701925 0.0734588091294287 False True 0.08111786510880023 30.907243878676613 -15.430135317696914 -1.3668047863849146 0.5900426628892118 -0.00011187772861170386
489 20 332.0 334 12.256745429000063 8.23 0.0734588091294287 0.07748675129077023 True False 0.08111786510880023 30.907243878676613 -15.430135317696914 -1.3668047863849146 0.5900426628892118 -0.00011187772861170386
489 21 332.0 334 12.681784719000063 8.23 0.0734588091294287 0.07748675129077023 False True 0.08111786510880023 30.907243878676613 -15.430135317696914 -1.3668047863849146 0.5900426628892118 -0.00011187772861170386
489 22 344.0 346 13.385217857000058 8.23 0.0734588091294287 0.051484059751857165 True False 0.08111786510880023 30.907243878676613 -15.430135317696914 -1.3668047863849146 0.5900426628892118 -0.00011187772861170386
489 23 344.0 346 13.805393944000045 8.23 0.0734588091294287 0.051484059751857165 False True 0.08111786510880023 30.907243878676613 -15.430135317696914 -1.3668047863849146 0.5900426628892118 -0.00011187772861170386
489 24 356.0 358 14.496548348000047 8.23 0.0734588091294287 0.051484059751857165 False True 0.08111786510880023 30.907243878676613 -15.430135317696914 -1.3668047863849146 0.5900426628892118 -0.00011187772861170386
489 25 360.0 362 15.217711972000046 8.23 0.0734588091294287 0.09550574618923081 True False 0.08111786510880023 30.907243878676613 -15.430135317696914 -1.3668047863849146 0.5900426628892118 -0.00011187772861170386
489 26 360.0 362 15.641884163000043 8.23 0.0734588091294287 0.09550574618923081 False True 0.08111786510880023 30.907243878676613 -15.430135317696914 -1.3668047863849146 0.5900426628892118 -0.00011187772861170386
489 27 372.0 374 16.32257698400005 8.23 0.0734588091294287 0.028079100779726335 True False 0.08111786510880023 30.907243878676613 -15.430135317696914 -1.3668047863849146 0.5900426628892118 -0.00011187772861170386
489 28 372.0 374 16.75847451200005 8.23 0.0734588091294287 0.028079100779726335 False True 0.08111786510880023 30.907243878676613 -15.430135317696914 -1.3668047863849146 0.5900426628892118 -0.00011187772861170386
489 29 384.0 386 17.465875797000038 7.64 0.028079100779726335 0.01899459893466557 True False 0.08111786510880023 30.907243878676613 -15.430135317696914 -1.3668047863849146 0.5900426628892118 -0.00011187772861170386
489 30 384.0 386 17.902096954000044 7.64 0.028079100779726335 0.01899459893466557 False True 0.08111786510880023 30.907243878676613 -15.430135317696914 -1.3668047863849146 0.5900426628892118 -0.00011187772861170386
489 31 396.0 398 18.59704797600004 8.23 0.0734588091294287 0.03603787902281639 True False 0.08111786510880023 30.907243878676613 -15.430135317696914 -1.3668047863849146 0.5900426628892118 -0.00011187772861170386
489 32 396.0 398 19.01633555100004 8.23 0.0734588091294287 0.03603787902281639 False True 0.08111786510880023 30.907243878676613 -15.430135317696914 -1.3668047863849146 0.5900426628892118 -0.00011187772861170386
489 33 408.0 410 19.736879981000044 8.23 0.0734588091294287 0.023317915632063035 True False 0.08111786510880023 30.907243878676613 -15.430135317696914 -1.3668047863849146 0.5900426628892118 -0.00011187772861170386
489 34 408.0 410 20.17839518300005 8.23 0.0734588091294287 0.023317915632063035 False True 0.08111786510880023 30.907243878676613 -15.430135317696914 -1.3668047863849146 0.5900426628892118 -0.00011187772861170386
489 35 420.0 422 20.871799164000052 7.64 0.028079100779726335 0.010112264667192146 True False 0.08111786510880023 30.907243878676613 -15.430135317696914 -1.3668047863849146 0.5900426628892118 -0.00011187772861170386
489 36 420.0 422 21.282680240000047 7.64 0.028079100779726335 0.010112264667192146 False True 0.08111786510880023 30.907243878676613 -15.430135317696914 -1.3668047863849146 0.5900426628892118 -0.00011187772861170386
489 37 432.0 434 21.980399809000048 7.64 0.028079100779726335 0.01511078357410655 True False 0.08111786510880023 30.907243878676613 -15.430135317696914 -1.3668047863849146 0.5900426628892118 -0.00011187772861170386
489 38 432.0 435 22.42017253300004 7.64 0.028079100779726335 0.01511078357410655 False True 0.08111786510880023 30.907243878676613 -15.430135317696914 -1.3668047863849146 0.5900426628892118 -0.00011187772861170386
489 39 444.0 447 23.115567339000037 7.68 0.01899459893466557 0.004997946249743889 True False 0.08111786510880023 30.907243878676613 -15.430135317696914 -1.3668047863849146 0.5900426628892118 -0.00011187772861170386
489 40 444.0 447 23.523848442000045 7.68 0.01899459893466557 0.004997946249743889 False True 0.08111786510880023 30.907243878676613 -15.430135317696914 -1.3668047863849146 0.5900426628892118 -0.00011187772861170386
489 41 456.0 459 24.22348890900004 7.68 0.01899459893466557 0.011667926623004931 True False 0.08111786510880023 30.907243878676613 -15.430135317696914 -1.3668047863849146 0.5900426628892118 -0.00011187772861170386
489 42 456.0 459 24.661714013000037 7.68 0.01899459893466557 0.011667926623004931 False True 0.08111786510880023 30.907243878676613 -15.430135317696914 -1.3668047863849146 0.5900426628892118 -0.00011187772861170386
489 43 468.0 471 25.343913854000036 7.72 0.011667926623004931 0.00011600761832771177 True False 0.08111786510880023 30.907243878676613 -15.430135317696914 -1.3668047863849146 0.5900426628892118 -0.00011187772861170386
489 44 468.0 471 25.777688441000038 7.72 0.011667926623004931 0.00011600761832771177 False True 0.08111786510880023 30.907243878676613 -15.430135317696914 -1.3668047863849146 0.5900426628892118 -0.00011187772861170386
489 45 480.0 483 26.498197211000033 7.88 0.00011600761832771177 0.0011263398856374053 True False 0.08111786510880023 30.907243878676613 -15.430135317696914 -1.3668047863849146 0.5900426628892118 -0.00011187772861170386
489 46 480.0 483 26.94069396300003 7.88 0.00011600761832771177 0.0011263398856374053 False True 0.08111786510880023 30.907243878676613 -15.430135317696914 -1.3668047863849146 0.5900426628892118 -0.00011187772861170386
489 47 492.0 495 27.637564743000027 7.88 0.00011600761832771177 0.00010933070734107053 True False 0.08111786510880023 30.907243878676613 -15.430135317696914 -1.3668047863849146 0.5900426628892118 -0.00011187772861170386
489 48 492.0 495 28.067083229000033 7.88 0.00011600761832771177 0.00010933070734107053 False True 0.08111786510880023 30.907243878676613 -15.430135317696914 -1.3668047863849146 0.5900426628892118 -0.00011187772861170386
489 49 504.0 507 28.794228688000032 7.88 0.00011600761832771177 0.00034131019887395696 True False 0.08111786510880023 30.907243878676613 -15.430135317696914 -1.3668047863849146 0.5900426628892118 -0.00011187772861170386
489 50 504.0 507 29.238450509000046 7.88 0.00011600761832771177 0.00034131019887395696 False True 0.08111786510880023 30.907243878676613 -15.430135317696914 -1.3668047863849146 0.5900426628892118 -0.00011187772861170386
489 51 516.0 519 29.91966593800005 7.88 0.00011600761832771177 0.004032426276356732 True False 0.08111786510880023 30.907243878676613 -15.430135317696914 -1.3668047863849146 0.5900426628892118 -0.00011187772861170386
489 52 516.0 519 30.340062682000053 7.88 0.00011600761832771177 0.004032426276356732 False True 0.08111786510880023 30.907243878676613 -15.430135317696914 -1.3668047863849146 0.5900426628892118 -0.00011187772861170386
489 53 528.0 531 31.01902320400005 7.88 0.00011600761832771177 2.2297351943168932e-06 True False 0.08111786510880023 30.907243878676613 -15.430135317696914 -1.3668047863849146 0.5900426628892118 -0.00011187772861170386
489 54 528.0 531 31.436212213000047 7.88 0.00011600761832771177 2.2297351943168932e-06 False True 0.08111786510880023 30.907243878676613 -15.430135317696914 -1.3668047863849146 0.5900426628892118 -0.00011187772861170386
489 55 540.0 543 32.14915885500005 7.88 0.00011600761832771177 0.0016859643378359366 True False 0.08111786510880023 30.907243878676613 -15.430135317696914 -1.3668047863849146 0.5900426628892118 -0.00011187772861170386
489 56 540.0 543 32.59182584700005 7.88 0.00011600761832771177 0.0016859643378359366 False True 0.08111786510880023 30.907243878676613 -15.430135317696914 -1.3668047863849146 0.5900426628892118 -0.00011187772861170386
489 57 552.0 555 33.290124295000055 7.88 0.00011600761832771177 0.0011066410736203292 True False 0.08111786510880023 30.907243878676613 -15.430135317696914 -1.3668047863849146 0.5900426628892118 -0.00011187772861170386
489 58 552.0 556 33.695567579000056 7.88 0.00011600761832771177 0.0011066410736203292 False True 0.08111786510880023 30.907243878676613 -15.430135317696914 -1.3668047863849146 0.5900426628892118 -0.00011187772861170386
489 59 564.0 568 34.373311898000054 7.72 0.011667926623004931 0.0011263398856374053 False True 0.08111786510880023 30.907243878676613 -15.430135317696914 -1.3668047863849146 0.5900426628892118 -0.00011187772861170386
489 60 568.0 572 35.09383592800006 7.72 0.011667926623004931 0.0011263398856374053 False True 0.08111786510880023 30.907243878676613 -15.430135317696914 -1.3668047863849146 0.5900426628892118 -0.00011187772861170386
489 61 572.0 576 35.789771601000055 7.72 0.011667926623004931 0.01016240729966088 True False 0.08111786510880023 30.907243878676613 -15.430135317696914 -1.3668047863849146 0.5900426628892118 -0.00011187772861170386
489 62 572.0 576 36.226407930000065 7.72 0.011667926623004931 0.01016240729966088 False True 0.08111786510880023 30.907243878676613 -15.430135317696914 -1.3668047863849146 0.5900426628892118 -0.00011187772861170386
489 63 584.0 588 36.946975225000074 7.72 0.011667926623004931 0.04497091505531598 True False 0.08111786510880023 30.907243878676613 -15.430135317696914 -1.3668047863849146 0.5900426628892118 -0.00011187772861170386
489 64 584.0 588 37.38628383700008 7.72 0.011667926623004931 0.04497091505531598 False True 0.08111786510880023 30.907243878676613 -15.430135317696914 -1.3668047863849146 0.5900426628892118 -0.00011187772861170386
489 65 596.0 600 38.07501056700008 7.72 0.011667926623004931 0.041885443721459956 True False 0.08111786510880023 30.907243878676613 -15.430135317696914 -1.3668047863849146 0.5900426628892118 -0.00011187772861170386
489 66 596.0 600 38.49531496800009 7.72 0.011667926623004931 0.041885443721459956 False True 0.08111786510880023 30.907243878676613 -15.430135317696914 -1.3668047863849146 0.5900426628892118 -0.00011187772861170386
489 67 608.0 612 39.23126574200009 7.88 0.00011600761832771177 0.03062333583052095 True False 0.08111786510880023 30.907243878676613 -15.430135317696914 -1.3668047863849146 0.5900426628892118 -0.00011187772861170386
489 68 608.0 612 39.66711724700009 7.88 0.00011600761832771177 0.03062333583052095 False True 0.08111786510880023 30.907243878676613 -15.430135317696914 -1.3668047863849146 0.5900426628892118 -0.00011187772861170386
489 69 620.0 624 40.368142616000085 7.88 0.00011600761832771177 0.02564388355537458 True False 0.08111786510880023 30.907243878676613 -15.430135317696914 -1.3668047863849146 0.5900426628892118 -0.00011187772861170386
489 70 620.0 624 40.79250324400009 7.88 0.00011600761832771177 0.02564388355537458 False True 0.08111786510880023 30.907243878676613 -15.430135317696914 -1.3668047863849146 0.5900426628892118 -0.00011187772861170386
489 71 632.0 636 41.50538972700009 7.65 0.02564388355537458 0.006152127317735506 True False 0.08111786510880023 30.907243878676613 -15.430135317696914 -1.3668047863849146 0.5900426628892118 -0.00011187772861170386
489 72 632.0 636 41.93260367000009 7.65 0.02564388355537458 0.006152127317735506 False True 0.08111786510880023 30.907243878676613 -15.430135317696914 -1.3668047863849146 0.5900426628892118 -0.00011187772861170386
489 73 644.0 648 42.6318488150001 7.65 0.02564388355537458 0.11357306989173552 True False 0.08111786510880023 30.907243878676613 -15.430135317696914 -1.3668047863849146 0.5900426628892118 -0.00011187772861170386
489 74 644.0 648 43.053637563000095 7.65 0.02564388355537458 0.11357306989173552 False True 0.08111786510880023 30.907243878676613 -15.430135317696914 -1.3668047863849146 0.5900426628892118 -0.00011187772861170386
489 75 656.0 660 43.765087313000095 7.65 0.02564388355537458 0.09027835346063103 True False 0.08111786510880023 30.907243878676613 -15.430135317696914 -1.3668047863849146 0.5900426628892118 -0.00011187772861170386
489 76 656.0 660 44.1920217130001 7.65 0.02564388355537458 0.09027835346063103 False True 0.08111786510880023 30.907243878676613 -15.430135317696914 -1.3668047863849146 0.5900426628892118 -0.00011187772861170386
489 77 668.0 672 44.88756453600011 7.46 0.09027835346063103 0.08592668935924808 True False 0.08111786510880023 30.907243878676613 -15.430135317696914 -1.3668047863849146 0.5900426628892118 -0.00011187772861170386
489 78 668.0 672 45.31177775200011 7.46 0.09027835346063103 0.08592668935924808 False True 0.08111786510880023 30.907243878676613 -15.430135317696914 -1.3668047863849146 0.5900426628892118 -0.00011187772861170386
489 79 680.0 684 46.03268080500011 7.46 0.09027835346063103 0.09473303212093358 True False 0.08111786510880023 30.907243878676613 -15.430135317696914 -1.3668047863849146 0.5900426628892118 -0.00011187772861170386
489 80 680.0 685 46.486492892000115 7.46 0.09027835346063103 0.09473303212093358 False True 0.08111786510880023 30.907243878676613 -15.430135317696914 -1.3668047863849146 0.5900426628892118 -0.00011187772861170386
489 81 692.0 697 47.173229383000105 7.46 0.09027835346063103 0.08167846295613046 True False 0.08111786510880023 30.907243878676613 -15.430135317696914 -1.3668047863849146 0.5900426628892118 -0.00011187772861170386
489 82 692.0 697 47.6043817300001 7.46 0.09027835346063103 0.08167846295613046 False True 0.08111786510880023 30.907243878676613 -15.430135317696914 -1.3668047863849146 0.5900426628892118 -0.00011187772861170386
489 83 704.0 709 48.2868562390001 7.46 0.09027835346063103 0.16180709797131745 True False 0.08111786510880023 30.907243878676613 -15.430135317696914 -1.3668047863849146 0.5900426628892118 -0.00011187772861170386
489 84 704.0 709 48.6924498300001 7.46 0.09027835346063103 0.16180709797131745 False True 0.08111786510880023 30.907243878676613 -15.430135317696914 -1.3668047863849146 0.5900426628892118 -0.00011187772861170386
489 85 716.0 721 49.364117715000106 7.46 0.09027835346063103 0.23127251386800915 True False 0.08111786510880023 30.907243878676613 -15.430135317696914 -1.3668047863849146 0.5900426628892118 -0.00011187772861170386
489 86 716.0 721 49.783971397000116 7.46 0.09027835346063103 0.23127251386800915 False True 0.08111786510880023 30.907243878676613 -15.430135317696914 -1.3668047863849146 0.5900426628892118 -0.00011187772861170386
489 87 728.0 733 50.48398388600012 7.46 0.09027835346063103 0.13402482945118932 True False 0.08111786510880023 30.907243878676613 -15.430135317696914 -1.3668047863849146 0.5900426628892118 -0.00011187772861170386
489 88 728.0 733 50.92923738900012 7.46 0.09027835346063103 0.13402482945118932 False True 0.08111786510880023 30.907243878676613 -15.430135317696914 -1.3668047863849146 0.5900426628892118 -0.00011187772861170386
489 89 740.0 745 51.62863602500012 7.46 0.09027835346063103 0.08592668935924808 False True 0.08111786510880023 30.907243878676613 -15.430135317696914 -1.3668047863849146 0.5900426628892118 -0.00011187772861170386
489 90 744.0 749 52.323545454000126 7.46 0.09027835346063103 0.08592668935924808 False True 0.08111786510880023 30.907243878676613 -15.430135317696914 -1.3668047863849146 0.5900426628892118 -0.00011187772861170386
489 91 748.0 753 53.02379662000013 7.46 0.09027835346063103 0.04816378729355988 True False 0.08111786510880023 30.907243878676613 -15.430135317696914 -1.3668047863849146 0.5900426628892118 -0.00011187772861170386
489 92 748.0 753 53.44726439800013 7.46 0.09027835346063103 0.04816378729355988 False True 0.08111786510880023 30.907243878676613 -15.430135317696914 -1.3668047863849146 0.5900426628892118 -0.00011187772861170386
489 93 760.0 765 54.14861370600012 7.88 0.00011600761832771177 0.0011263398856374053 False True 0.08111786510880023 30.907243878676613 -15.430135317696914 -1.3668047863849146 0.5900426628892118 -0.00011187772861170386
489 94 764.0 769 54.85859269900013 7.91 0.0011263398856374053 0.08592668935924808 False True 0.08111786510880023 30.907243878676613 -15.430135317696914 -1.3668047863849146 0.5900426628892118 -0.00011187772861170386
489 95 768.0 773 55.56447805000012 7.91 0.0011263398856374053 0.08592668935924808 False True 0.08111786510880023 30.907243878676613 -15.430135317696914 -1.3668047863849146 0.5900426628892118 -0.00011187772861170386
489 96 772.0 777 56.26726996700012 7.91 0.0011263398856374053 0.008667308757210382 True False 0.08111786510880023 30.907243878676613 -15.430135317696914 -1.3668047863849146 0.5900426628892118 -0.00011187772861170386
489 97 772.0 777 56.68455563400012 7.91 0.0011263398856374053 0.008667308757210382 False True 0.08111786510880023 30.907243878676613 -15.430135317696914 -1.3668047863849146 0.5900426628892118 -0.00011187772861170386
489 98 784.0 789 57.37032375300011 7.91 0.0011263398856374053 0.021101417558341877 True False 0.08111786510880023 30.907243878676613 -15.430135317696914 -1.3668047863849146 0.5900426628892118 -0.00011187772861170386
489 99 784.0 789 57.82667408900009 7.91 0.0011263398856374053 0.021101417558341877 False True 0.08111786510880023 30.907243878676613 -15.430135317696914 -1.3668047863849146 0.5900426628892118 -0.00011187772861170386
489 100 796.0 801 58.5289323730001 7.91 0.0011263398856374053 0.0 True False 0.08111786510880023 30.907243878676613 -15.430135317696914 -1.3668047863849146 0.5900426628892118 -0.00011187772861170386
489 101 796.0 801 58.96367675100011 7.91 0.0011263398856374053 0.0 False True 0.08111786510880023 30.907243878676613 -15.430135317696914 -1.3668047863849146 0.5900426628892118 -0.00011187772861170386
489 102 808.0 813 59.707314361000115 7.91 0.0011263398856374053 0.0 False True 0.08111786510880023 30.907243878676613 -15.430135317696914 -1.3668047863849146 0.5900426628892118 -0.00011187772861170386
489 103 812.0 817 60.40988576000011 7.91 0.0011263398856374053 0.02564388355537458 False True 0.08111786510880023 30.907243878676613 -15.430135317696914 -1.3668047863849146 0.5900426628892118 -0.00011187772861170386
489 104 816.0 821 61.08481907000011 7.91 0.0011263398856374053 0.01699765839242949 True False 0.08111786510880023 30.907243878676613 -15.430135317696914 -1.3668047863849146 0.5900426628892118 -0.00011187772861170386
489 105 816.0 821 61.50462765900012 7.91 0.0011263398856374053 0.01699765839242949 False True 0.08111786510880023 30.907243878676613 -15.430135317696914 -1.3668047863849146 0.5900426628892118 -0.00011187772861170386
489 106 828.0 833 62.264688068000126 7.91 0.0011263398856374053 2.2297351943168932e-06 False True 0.08111786510880023 30.907243878676613 -15.430135317696914 -1.3668047863849146 0.5900426628892118 -0.00011187772861170386
489 107 832.0 837 62.98192489700013 7.91 0.0011263398856374053 0.0 False True 0.08111786510880023 30.907243878676613 -15.430135317696914 -1.3668047863849146 0.5900426628892118 -0.00011187772861170386
489 108 836.0 841 63.66287845300012 7.91 0.0011263398856374053 0.013334151114485769 True False 0.08111786510880023 30.907243878676613 -15.430135317696914 -1.3668047863849146 0.5900426628892118 -0.00011187772861170386
489 109 836.0 842 64.0684617350001 7.91 0.0011263398856374053 0.013334151114485769 False True 0.08111786510880023 30.907243878676613 -15.430135317696914 -1.3668047863849146 0.5900426628892118 -0.00011187772861170386
489 110 848.0 854 64.82576979000008 7.88 0.00011600761832771177 0.010112264667192146 False True 0.08111786510880023 30.907243878676613 -15.430135317696914 -1.3668047863849146 0.5900426628892118 -0.00011187772861170386
489 111 852.0 858 65.5435304300001 7.58 0.04497091505531598 0.010112264667192146 False True 0.08111786510880023 30.907243878676613 -15.430135317696914 -1.3668047863849146 0.5900426628892118 -0.00011187772861170386
489 112 856.0 862 66.27092738000012 7.7299999999999995 0.010112264667192146 0.002356908189676622 True False 0.08111786510880023 30.907243878676613 -15.430135317696914 -1.3668047863849146 0.5900426628892118 -0.00011187772861170386
489 113 856.0 862 66.72609898200012 7.7299999999999995 0.010112264667192146 0.002356908189676622 False True 0.08111786510880023 30.907243878676613 -15.430135317696914 -1.3668047863849146 0.5900426628892118 -0.00011187772861170386
489 114 868.0 874 67.44415281700013 7.7299999999999995 0.010112264667192146 0.058388705324418796 True False 0.08111786510880023 30.907243878676613 -15.430135317696914 -1.3668047863849146 0.5900426628892118 -0.00011187772861170386
489 115 868.0 874 67.86375568300015 7.7299999999999995 0.010112264667192146 0.058388705324418796 False True 0.08111786510880023 30.907243878676613 -15.430135317696914 -1.3668047863849146 0.5900426628892118 -0.00011187772861170386
489 116 880.0 886 68.62777668600016 8.19 0.058388705324418796 0.2611214685343301 True False 0.08111786510880023 30.907243878676613 -15.430135317696914 -1.3668047863849146 0.5900426628892118 -0.00011187772861170386
489 117 880.0 886 69.08260544900016 8.19 0.058388705324418796 0.2611214685343301 False True 0.08111786510880023 30.907243878676613 -15.430135317696914 -1.3668047863849146 0.5900426628892118 -0.00011187772861170386
489 118 892.0 898 69.80186768300014 8.19 0.058388705324418796 0.34319514495719283 True False 0.08111786510880023 30.907243878676613 -15.430135317696914 -1.3668047863849146 0.5900426628892118 -0.00011187772861170386
489 119 892.0 898 70.22051999900016 8.19 0.058388705324418796 0.34319514495719283 False True 0.08111786510880023 30.907243878676613 -15.430135317696914 -1.3668047863849146 0.5900426628892118 -0.00011187772861170386
489 120 904.0 910 70.94342347900015 8.19 0.058388705324418796 0.48186925622973553 True False 0.08111786510880023 30.907243878676613 -15.430135317696914 -1.3668047863849146 0.5900426628892118 -0.00011187772861170386
489 121 904.0 910 71.38749296400015 8.19 0.058388705324418796 0.48186925622973553 False True 0.08111786510880023 30.907243878676613 -15.430135317696914 -1.3668047863849146 0.5900426628892118 -0.00011187772861170386
489 122 916.0 922 72.10666926700013 8.19 0.058388705324418796 0.015165996929436001 True False 0.08111786510880023 30.907243878676613 -15.430135317696914 -1.3668047863849146 0.5900426628892118 -0.00011187772861170386
489 123 916.0 922 72.52657772000013 8.19 0.058388705324418796 0.015165996929436001 False True 0.08111786510880023 30.907243878676613 -15.430135317696914 -1.3668047863849146 0.5900426628892118 -0.00011187772861170386
489 124 928.0 934 73.26293545000014 8.03 0.015165996929436001 0.01705378659799149 True False 0.08111786510880023 30.907243878676613 -15.430135317696914 -1.3668047863849146 0.5900426628892118 -0.00011187772861170386
489 125 928.0 934 73.70732566800014 8.03 0.015165996929436001 0.01705378659799149 False True 0.08111786510880023 30.907243878676613 -15.430135317696914 -1.3668047863849146 0.5900426628892118 -0.00011187772861170386
489 126 940.0 946 74.42514943500014 8.03 0.015165996929436001 0.013388045734459127 True False 0.08111786510880023 30.907243878676613 -15.430135317696914 -1.3668047863849146 0.5900426628892118 -0.00011187772861170386
489 127 940.0 946 74.86793441700014 8.03 0.015165996929436001 0.013388045734459127 False True 0.08111786510880023 30.907243878676613 -15.430135317696914 -1.3668047863849146 0.5900426628892118 -0.00011187772861170386
489 128 952.0 958 75.62164559400016 8.03 0.015165996929436001 0.24415659442187795 True False 0.08111786510880023 30.907243878676613 -15.430135317696914 -1.3668047863849146 0.5900426628892118 -0.00011187772861170386
489 129 952.0 958 76.06665285500016 8.03 0.015165996929436001 0.24415659442187795 False True 0.08111786510880023 30.907243878676613 -15.430135317696914 -1.3668047863849146 0.5900426628892118 -0.00011187772861170386
489 130 964.0 970 76.78362472000016 8.03 0.015165996929436001 0.34148452549795694 True False 0.08111786510880023 30.907243878676613 -15.430135317696914 -1.3668047863849146 0.5900426628892118 -0.00011187772861170386
489 131 964.0 971 77.20552380000017 8.03 0.015165996929436001 0.34148452549795694 False True 0.08111786510880023 30.907243878676613 -15.430135317696914 -1.3668047863849146 0.5900426628892118 -0.00011187772861170386
489 132 976.0 983 77.94085036100016 8.03 0.015165996929436001 0.4339869086385039 True False 0.08111786510880023 30.907243878676613 -15.430135317696914 -1.3668047863849146 0.5900426628892118 -0.00011187772861170386
489 133 976.0 983 78.38601885700017 8.03 0.015165996929436001 0.29485468640495494 True False 0.08111786510880023 30.907243878676613 -15.430135317696914 -1.3668047863849146 0.5900426628892118 -0.00011187772861170386
489 134 976.0 983 78.82565260300017 8.03 0.015165996929436001 0.29485468640495494 False True 0.08111786510880023 30.907243878676613 -15.430135317696914 -1.3668047863849146 0.5900426628892118 -0.00011187772861170386
489 135 988.0 995 79.52545769000015 8.03 0.015165996929436001 0.013388045734459127 False True 0.08111786510880023 30.907243878676613 -15.430135317696914 -1.3668047863849146 0.5900426628892118 -0.00011187772861170386
489 136 992.0 999 80.24065743000016 8.03 0.015165996929436001 0.19140691036705076 True False 0.08111786510880023 30.907243878676613 -15.430135317696914 -1.3668047863849146 0.5900426628892118 -0.00011187772861170386
489 137 992.0 999 80.68559690900015 8.03 0.015165996929436001 0.19140691036705076 False True 0.08111786510880023 30.907243878676613 -15.430135317696914 -1.3668047863849146 0.5900426628892118 -0.00011187772861170386
489 138 1004.0 1011 81.40129054800015 8.03 0.015165996929436001 0.013388045734459127 False True 0.08111786510880023 30.907243878676613 -15.430135317696914 -1.3668047863849146 0.5900426628892118 -0.00011187772861170386
489 139 1008.0 1015 82.10953277400016 8.02 0.013388045734459127 0.015165996929436001 False True 0.08111786510880023 30.907243878676613 -15.430135317696914 -1.3668047863849146 0.5900426628892118 -0.00011187772861170386
489 140 1012.0 1019 82.82408468700017 8.02 0.013388045734459127 0.015165996929436001 False True 0.08111786510880023 30.907243878676613 -15.430135317696914 -1.3668047863849146 0.5900426628892118 -0.00011187772861170386
489 141 1016.0 1023 83.54193550400016 8.02 0.013388045734459127 0.015165996929436001 False True 0.08111786510880023 30.907243878676613 -15.430135317696914 -1.3668047863849146 0.5900426628892118 -0.00011187772861170386
489 142 1020.0 1027 84.28206049300017 8.02 0.013388045734459127 0.015165996929436001 False True 0.08111786510880023 30.907243878676613 -15.430135317696914 -1.3668047863849146 0.5900426628892118 -0.00011187772861170386
489 143 1024.0 1031 84.98790929300019 8.02 0.013388045734459127 0.01905121387056529 True False 0.08111786510880023 30.907243878676613 -15.430135317696914 -1.3668047863849146 0.5900426628892118 -0.00011187772861170386
489 144 1024.0 1031 85.41996581300019 8.02 0.013388045734459127 0.01905121387056529 False True 0.08111786510880023 30.907243878676613 -15.430135317696914 -1.3668047863849146 0.5900426628892118 -0.00011187772861170386
489 145 1036.0 1043 86.12372807500019 8.02 0.013388045734459127 0.01705378659799149 False True 0.08111786510880023 30.907243878676613 -15.430135317696914 -1.3668047863849146 0.5900426628892118 -0.00011187772861170386
489 146 1040.0 1047 86.82485381200017 8.02 0.013388045734459127 0.1919896349690671 True False 0.08111786510880023 30.907243878676613 -15.430135317696914 -1.3668047863849146 0.5900426628892118 -0.00011187772861170386
489 147 1040.0 1047 87.24683580200018 8.02 0.013388045734459127 0.1919896349690671 False True 0.08111786510880023 30.907243878676613 -15.430135317696914 -1.3668047863849146 0.5900426628892118 -0.00011187772861170386
489 148 1052.0 1059 87.95836626600017 8.02 0.013388045734459127 0.011720122897653736 True False 0.08111786510880023 30.907243878676613 -15.430135317696914 -1.3668047863849146 0.5900426628892118 -0.00011187772861170386
489 149 1052.0 1059 88.41878070400016 8.02 0.013388045734459127 0.011720122897653736 False True 0.08111786510880023 30.907243878676613 -15.430135317696914 -1.3668047863849146 0.5900426628892118 -0.00011187772861170386
489 150 1064.0 1071 89.13983783900015 8.01 0.011720122897653736 0.013388045734459127 False True 0.08111786510880023 30.907243878676613 -15.430135317696914 -1.3668047863849146 0.5900426628892118 -0.00011187772861170386
489 151 1068.0 1075 89.83565122900016 8.01 0.011720122897653736 0.013388045734459127 False True 0.08111786510880023 30.907243878676613 -15.430135317696914 -1.3668047863849146 0.5900426628892118 -0.00011187772861170386
489 152 1072.0 1079 90.52009948600018 8.02 0.013388045734459127 0.011720122897653736 False True 0.08111786510880023 30.907243878676613 -15.430135317696914 -1.3668047863849146 0.5900426628892118 -0.00011187772861170386
489 153 1076.0 1083 91.2132419350002 8.02 0.013388045734459127 0.015165996929436001 False True 0.08111786510880023 30.907243878676613 -15.430135317696914 -1.3668047863849146 0.5900426628892118 -0.00011187772861170386
489 154 1080.0 1087 91.8961178030002 8.02 0.013388045734459127 0.015165996929436001 False True 0.08111786510880023 30.907243878676613 -15.430135317696914 -1.3668047863849146 0.5900426628892118 -0.00011187772861170386
489 155 1084.0 1091 92.59244609900018 8.02 0.013388045734459127 0.015165996929436001 False True 0.08111786510880023 30.907243878676613 -15.430135317696914 -1.3668047863849146 0.5900426628892118 -0.00011187772861170386
489 156 1088.0 1095 93.28745355500017 8.02 0.013388045734459127 0.058388705324418796 False True 0.08111786510880023 30.907243878676613 -15.430135317696914 -1.3668047863849146 0.5900426628892118 -0.00011187772861170386
489 157 1092.0 1099 93.97349251200016 8.02 0.013388045734459127 0.02115806691272097 True False 0.08111786510880023 30.907243878676613 -15.430135317696914 -1.3668047863849146 0.5900426628892118 -0.00011187772861170386
489 158 1092.0 1099 94.43015596200017 8.02 0.013388045734459127 0.02115806691272097 False True 0.08111786510880023 30.907243878676613 -15.430135317696914 -1.3668047863849146 0.5900426628892118 -0.00011187772861170386
489 159 1104.0 1111 95.14514804600016 8.06 0.02115806691272097 0.013388045734459127 False True 0.08111786510880023 30.907243878676613 -15.430135317696914 -1.3668047863849146 0.5900426628892118 -0.00011187772861170386
489 160 1108.0 1115 95.85292095000015 8.06 0.02115806691272097 0.013388045734459127 False True 0.08111786510880023 30.907243878676613 -15.430135317696914 -1.3668047863849146 0.5900426628892118 -0.00011187772861170386
489 161 1112.0 1119 96.56666469100016 8.02 0.013388045734459127 0.02115806691272097 False True 0.08111786510880023 30.907243878676613 -15.430135317696914 -1.3668047863849146 0.5900426628892118 -0.00011187772861170386
489 162 1116.0 1123 97.26819706400018 8.06 0.02115806691272097 0.013388045734459127 False True 0.08111786510880023 30.907243878676613 -15.430135317696914 -1.3668047863849146 0.5900426628892118 -0.00011187772861170386
489 163 1120.0 1127 97.97052735200016 8.02 0.013388045734459127 0.007378258216681871 True False 0.08111786510880023 30.907243878676613 -15.430135317696914 -1.3668047863849146 0.5900426628892118 -0.00011187772861170386
489 164 1120.0 1127 98.38855514500018 8.02 0.013388045734459127 0.007378258216681871 False True 0.08111786510880023 30.907243878676613 -15.430135317696914 -1.3668047863849146 0.5900426628892118 -0.00011187772861170386
489 165 1132.0 1139 99.13262452700017 8.02 0.013388045734459127 0.17913978849368717 True False 0.08111786510880023 30.907243878676613 -15.430135317696914 -1.3668047863849146 0.5900426628892118 -0.00011187772861170386
489 166 1132.0 1139 99.57555202100018 8.02 0.013388045734459127 0.17913978849368717 False True 0.08111786510880023 30.907243878676613 -15.430135317696914 -1.3668047863849146 0.5900426628892118 -0.00011187772861170386
489 167 1144.0 1151 100.29141616500017 8.02 0.013388045734459127 0.18036697183874317 True False 0.08111786510880023 30.907243878676613 -15.430135317696914 -1.3668047863849146 0.5900426628892118 -0.00011187772861170386
489 168 1144.0 1152 100.69731115500018 8.02 0.013388045734459127 0.18036697183874317 False True 0.08111786510880023 30.907243878676613 -15.430135317696914 -1.3668047863849146 0.5900426628892118 -0.00011187772861170386
489 169 1156.0 1164 101.37407728600017 8.02 0.013388045734459127 0.14547134845315793 True False 0.08111786510880023 30.907243878676613 -15.430135317696914 -1.3668047863849146 0.5900426628892118 -0.00011187772861170386
489 170 1156.0 1164 101.79400304700017 8.02 0.013388045734459127 0.14547134845315793 False True 0.08111786510880023 30.907243878676613 -15.430135317696914 -1.3668047863849146 0.5900426628892118 -0.00011187772861170386
489 171 1168.0 1176 102.53089958400018 8.02 0.013388045734459127 0.20548504966023634 True False 0.08111786510880023 30.907243878676613 -15.430135317696914 -1.3668047863849146 0.5900426628892118 -0.00011187772861170386
489 172 1168.0 1176 102.97098139600017 8.02 0.013388045734459127 0.20548504966023634 False True 0.08111786510880023 30.907243878676613 -15.430135317696914 -1.3668047863849146 0.5900426628892118 -0.00011187772861170386
489 173 1180.0 1188 103.67118262800015 8.02 0.013388045734459127 0.09824340027958094 True False 0.08111786510880023 30.907243878676613 -15.430135317696914 -1.3668047863849146 0.5900426628892118 -0.00011187772861170386
489 174 1180.0 1188 104.09574846400015 8.02 0.013388045734459127 0.09824340027958094 False True 0.08111786510880023 30.907243878676613 -15.430135317696914 -1.3668047863849146 0.5900426628892118 -0.00011187772861170386
489 175 1192.0 1200 104.81132074700015 8.02 0.013388045734459127 0.07369685197863413 True False 0.08111786510880023 30.907243878676613 -15.430135317696914 -1.3668047863849146 0.5900426628892118 -0.00011187772861170386
489 176 1192.0 1200 105.25015237900014 8.02 0.013388045734459127 0.07369685197863413 False True 0.08111786510880023 30.907243878676613 -15.430135317696914 -1.3668047863849146 0.5900426628892118 -0.00011187772861170386
489 177 1204.0 1212 105.97829403500013 8.03 0.015165996929436001 0.0744302004316298 True False 0.08111786510880023 30.907243878676613 -15.430135317696914 -1.3668047863849146 0.5900426628892118 -0.00011187772861170386
489 178 1204.0 1212 106.43467835800014 8.03 0.015165996929436001 0.0744302004316298 False True 0.08111786510880023 30.907243878676613 -15.430135317696914 -1.3668047863849146 0.5900426628892118 -0.00011187772861170386
489 179 1216.0 1224 107.15578762900016 8.03 0.015165996929436001 0.0761519397279907 True False 0.08111786510880023 30.907243878676613 -15.430135317696914 -1.3668047863849146 0.5900426628892118 -0.00011187772861170386
489 180 1216.0 1224 107.57614047800017 8.03 0.015165996929436001 0.0761519397279907 False True 0.08111786510880023 30.907243878676613 -15.430135317696914 -1.3668047863849146 0.5900426628892118 -0.00011187772861170386
489 181 1228.0 1236 108.29247550800015 8.03 0.015165996929436001 0.07356152544034188 True False 0.08111786510880023 30.907243878676613 -15.430135317696914 -1.3668047863849146 0.5900426628892118 -0.00011187772861170386
489 182 1228.0 1236 108.75068088900015 8.03 0.015165996929436001 0.07356152544034188 False True 0.08111786510880023 30.907243878676613 -15.430135317696914 -1.3668047863849146 0.5900426628892118 -0.00011187772861170386
489 183 1240.0 1248 109.45728575600016 8.02 0.013388045734459127 0.07349508109688371 True False 0.08111786510880023 30.907243878676613 -15.430135317696914 -1.3668047863849146 0.5900426628892118 -0.00011187772861170386
489 184 1240.0 1248 109.88782116700015 8.02 0.013388045734459127 0.07349508109688371 False True 0.08111786510880023 30.907243878676613 -15.430135317696914 -1.3668047863849146 0.5900426628892118 -0.00011187772861170386
489 185 1252.0 1260 110.55609487500014 8.03 0.015165996929436001 0.07356152544034188 False True 0.08111786510880023 30.907243878676613 -15.430135317696914 -1.3668047863849146 0.5900426628892118 -0.00011187772861170386
489 186 1256.0 1264 111.23367047000015 8.03 0.015165996929436001 0.0781074055023384 True False 0.08111786510880023 30.907243878676613 -15.430135317696914 -1.3668047863849146 0.5900426628892118 -0.00011187772861170386
489 187 1256.0 1264 111.65668497600014 8.03 0.015165996929436001 0.0781074055023384 False True 0.08111786510880023 30.907243878676613 -15.430135317696914 -1.3668047863849146 0.5900426628892118 -0.00011187772861170386
489 188 1268.0 1276 112.34777526700013 8.03 0.015165996929436001 0.08164863934600139 True False 0.08111786510880023 30.907243878676613 -15.430135317696914 -1.3668047863849146 0.5900426628892118 -0.00011187772861170386
489 189 1268.0 1277 112.77529911400013 8.03 0.015165996929436001 0.08164863934600139 False True 0.08111786510880023 30.907243878676613 -15.430135317696914 -1.3668047863849146 0.5900426628892118 -0.00011187772861170386
489 190 1280.0 1289 113.49502471800015 8.03 0.015165996929436001 0.08456403517061965 True False 0.08111786510880023 30.907243878676613 -15.430135317696914 -1.3668047863849146 0.5900426628892118 -0.00011187772861170386
489 191 1280.0 1289 113.99821080600013 8.03 0.015165996929436001 0.08456403517061965 False True 0.08111786510880023 30.907243878676613 -15.430135317696914 -1.3668047863849146 0.5900426628892118 -0.00011187772861170386
489 192 1292.0 1301 114.70585809600014 8.02 0.013388045734459127 0.08618771834982658 True False 0.08111786510880023 30.907243878676613 -15.430135317696914 -1.3668047863849146 0.5900426628892118 -0.00011187772861170386
489 193 1292.0 1301 115.12444786900015 8.02 0.013388045734459127 0.08618771834982658 False True 0.08111786510880023 30.907243878676613 -15.430135317696914 -1.3668047863849146 0.5900426628892118 -0.00011187772861170386
489 194 1304.0 1313 115.80032250300015 8.03 0.015165996929436001 0.0830509621743263 True False 0.08111786510880023 30.907243878676613 -15.430135317696914 -1.3668047863849146 0.5900426628892118 -0.00011187772861170386
489 195 1304.0 1313 116.22460999300013 8.03 0.015165996929436001 0.0830509621743263 False True 0.08111786510880023 30.907243878676613 -15.430135317696914 -1.3668047863849146 0.5900426628892118 -0.00011187772861170386
489 196 1316.0 1325 116.93784724600012 7.7299999999999995 0.010112264667192146 0.08035719559464762 True False 0.08111786510880023 30.907243878676613 -15.430135317696914 -1.3668047863849146 0.5900426628892118 -0.00011187772861170386
489 197 1316.0 1325 117.35775962300012 7.7299999999999995 0.010112264667192146 0.08035719559464762 False True 0.08111786510880023 30.907243878676613 -15.430135317696914 -1.3668047863849146 0.5900426628892118 -0.00011187772861170386
489 198 1328.0 1337 118.05925808700012 7.7299999999999995 0.010112264667192146 0.07630240118615035 True False 0.08111786510880023 30.907243878676613 -15.430135317696914 -1.3668047863849146 0.5900426628892118 -0.00011187772861170386
489 199 1328.0 1337 118.51914309700011 7.7299999999999995 0.010112264667192146 0.07630240118615035 False True 0.08111786510880023 30.907243878676613 -15.430135317696914 -1.3668047863849146 0.5900426628892118 -0.00011187772861170386
489 200 1340.0 1349 119.2250585960001 1.51 0.07630240118615035 0.07556689795245092 True False 0.08111786510880023 30.907243878676613 -15.430135317696914 -1.3668047863849146 0.5900426628892118 -0.00011187772861170386
489 201 1340.0 1349 119.64532705400008 1.51 0.07630240118615035 0.07556689795245092 False True 0.08111786510880023 30.907243878676613 -15.430135317696914 -1.3668047863849146 0.5900426628892118 -0.00011187772861170386
489 202 1352.0 1361 120.31733207100008 1.51 0.07630240118615035 0.010112264667192146 False True 0.08111786510880023 30.907243878676613 -15.430135317696914 -1.3668047863849146 0.5900426628892118 -0.00011187772861170386
489 203 1356.0 1365 121.00145953800008 7.7299999999999995 0.010112264667192146 0.07373953294742228 True False 0.08111786510880023 30.907243878676613 -15.430135317696914 -1.3668047863849146 0.5900426628892118 -0.00011187772861170386
489 204 1356.0 1365 121.44259770000006 7.7299999999999995 0.010112264667192146 0.07373953294742228 False True 0.08111786510880023 30.907243878676613 -15.430135317696914 -1.3668047863849146 0.5900426628892118 -0.00011187772861170386
489 205 1368.0 1377 122.17821223900005 8.02 0.013388045734459127 0.07630240118615035 False True 0.08111786510880023 30.907243878676613 -15.430135317696914 -1.3668047863849146 0.5900426628892118 -0.00011187772861170386
489 206 1372.0 1381 122.88203918000004 7.7299999999999995 0.010112264667192146 0.08456403517061965 False True 0.08111786510880023 30.907243878676613 -15.430135317696914 -1.3668047863849146 0.5900426628892118 -0.00011187772861170386
489 207 1376.0 1385 123.62311237300004 8.03 0.015165996929436001 0.08792186066482775 True False 0.08111786510880023 30.907243878676613 -15.430135317696914 -1.3668047863849146 0.5900426628892118 -0.00011187772861170386
489 208 1376.0 1385 124.06626943200003 8.03 0.015165996929436001 0.08792186066482775 False True 0.08111786510880023 30.907243878676613 -15.430135317696914 -1.3668047863849146 0.5900426628892118 -0.00011187772861170386
489 209 1388.0 1397 124.76403678600003 1.42 0.08792186066482775 0.08976630002155701 True False 0.08111786510880023 30.907243878676613 -15.430135317696914 -1.3668047863849146 0.5900426628892118 -0.00011187772861170386
489 210 1388.0 1397 125.18541679200003 1.42 0.08792186066482775 0.08976630002155701 False True 0.08111786510880023 30.907243878676613 -15.430135317696914 -1.3668047863849146 0.5900426628892118 -0.00011187772861170386
489 211 1400.0 1409 125.92393873800005 1.42 0.08792186066482775 0.16650864472395896 True False 0.08111786510880023 30.907243878676613 -15.430135317696914 -1.3668047863849146 0.5900426628892118 -0.00011187772861170386
489 212 1400.0 1410 126.35870254100006 1.42 0.08792186066482775 0.16650864472395896 False True 0.08111786510880023 30.907243878676613 -15.430135317696914 -1.3668047863849146 0.5900426628892118 -0.00011187772861170386
489 213 1412.0 1422 127.09456004100004 7.64 0.028079100779726335 0.01905121387056529 False True 0.08111786510880023 30.907243878676613 -15.430135317696914 -1.3668047863849146 0.5900426628892118 -0.00011187772861170386
489 214 1416.0 1426 127.81277066800006 7.91 0.0011263398856374053 0.023317915632063035 False True 0.08111786510880023 30.907243878676613 -15.430135317696914 -1.3668047863849146 0.5900426628892118 -0.00011187772861170386
489 215 1420.0 1430 128.4969652700001 8.23 0.0734588091294287 0.023317915632063035 False True 0.08111786510880023 30.907243878676613 -15.430135317696914 -1.3668047863849146 0.5900426628892118 -0.00011187772861170386
489 216 1424.0 1434 129.21278556000007 7.66 0.023317915632063035 0.02564388355537458 False True 0.08111786510880023 30.907243878676613 -15.430135317696914 -1.3668047863849146 0.5900426628892118 -0.00011187772861170386
489 217 1428.0 1438 129.89831935800007 7.66 0.023317915632063035 0.02564388355537458 False True 0.08111786510880023 30.907243878676613 -15.430135317696914 -1.3668047863849146 0.5900426628892118 -0.00011187772861170386
489 218 1432.0 1442 130.61690007700008 7.65 0.02564388355537458 0.08592668935924808 False True 0.08111786510880023 30.907243878676613 -15.430135317696914 -1.3668047863849146 0.5900426628892118 -0.00011187772861170386
489 219 1436.0 1446 131.3116641120001 7.65 0.02564388355537458 0.07354019522572083 True False 0.08111786510880023 30.907243878676613 -15.430135317696914 -1.3668047863849146 0.5900426628892118 -0.00011187772861170386
489 220 1436.0 1446 131.7314517270001 7.65 0.02564388355537458 0.07354019522572083 False True 0.08111786510880023 30.907243878676613 -15.430135317696914 -1.3668047863849146 0.5900426628892118 -0.00011187772861170386
489 221 1448.0 1458 132.47071952000007 7.91 0.0011263398856374053 0.0 False True 0.08111786510880023 30.907243878676613 -15.430135317696914 -1.3668047863849146 0.5900426628892118 -0.00011187772861170386
489 222 1452.0 1462 133.17409320700008 7.91 0.0011263398856374053 0.0 False True 0.08111786510880023 30.907243878676613 -15.430135317696914 -1.3668047863849146 0.5900426628892118 -0.00011187772861170386
489 223 1456.0 1466 133.90854142400008 7.91 0.0011263398856374053 0.0771492614886289 True False 0.08111786510880023 30.907243878676613 -15.430135317696914 -1.3668047863849146 0.5900426628892118 -0.00011187772861170386
489 224 1456.0 1466 134.3499498410001 7.91 0.0011263398856374053 0.0771492614886289 False True 0.08111786510880023 30.907243878676613 -15.430135317696914 -1.3668047863849146 0.5900426628892118 -0.00011187772861170386
489 225 1468.0 1478 135.05168674100008 7.91 0.0011263398856374053 0.0771492614886289 False True 0.08111786510880023 30.907243878676613 -15.430135317696914 -1.3668047863849146 0.5900426628892118 -0.00011187772861170386
489 226 1472.0 1482 135.77442755800007 7.91 0.0011263398856374053 0.0771492614886289 False True 0.08111786510880023 30.907243878676613 -15.430135317696914 -1.3668047863849146 0.5900426628892118 -0.00011187772861170386
489 227 1476.0 1486 136.47183437300006 7.91 0.0011263398856374053 0.07434467419001207 True False 0.08111786510880023 30.907243878676613 -15.430135317696914 -1.3668047863849146 0.5900426628892118 -0.00011187772861170386
489 228 1476.0 1486 136.89368908500006 7.91 0.0011263398856374053 0.07434467419001207 False True 0.08111786510880023 30.907243878676613 -15.430135317696914 -1.3668047863849146 0.5900426628892118 -0.00011187772861170386
489 229 1488.0 1498 137.62939315600008 7.91 0.0011263398856374053 0.07917674874031964 True False 0.08111786510880023 30.907243878676613 -15.430135317696914 -1.3668047863849146 0.5900426628892118 -0.00011187772861170386
489 230 1488.0 1498 138.06905471000007 7.91 0.0011263398856374053 0.07917674874031964 False True 0.08111786510880023 30.907243878676613 -15.430135317696914 -1.3668047863849146 0.5900426628892118 -0.00011187772861170386
489 231 1500.0 1510 138.76832112500009 7.91 0.0011263398856374053 0.19011345310313632 True False 0.08111786510880023 30.907243878676613 -15.430135317696914 -1.3668047863849146 0.5900426628892118 -0.00011187772861170386
489 232 1500.0 1510 139.19029784500006 7.91 0.0011263398856374053 0.19011345310313632 False True 0.08111786510880023 30.907243878676613 -15.430135317696914 -1.3668047863849146 0.5900426628892118 -0.00011187772861170386
489 233 1512.0 1522 139.92898366200006 7.91 0.0011263398856374053 0.06953463413582 True False 0.08111786510880023 30.907243878676613 -15.430135317696914 -1.3668047863849146 0.5900426628892118 -0.00011187772861170386
489 234 1512.0 1522 140.36978851900005 7.91 0.0011263398856374053 0.06953463413582 False True 0.08111786510880023 30.907243878676613 -15.430135317696914 -1.3668047863849146 0.5900426628892118 -0.00011187772861170386
489 235 1524.0 1534 141.07055100000005 7.91 0.0011263398856374053 0.2811502662091574 True False 0.08111786510880023 30.907243878676613 -15.430135317696914 -1.3668047863849146 0.5900426628892118 -0.00011187772861170386
489 236 1524.0 1534 141.49057268400006 7.91 0.0011263398856374053 0.2811502662091574 False True 0.08111786510880023 30.907243878676613 -15.430135317696914 -1.3668047863849146 0.5900426628892118 -0.00011187772861170386
489 237 1536.0 1546 142.22800821900006 7.91 0.0011263398856374053 0.07349508109688371 False True 0.08111786510880023 30.907243878676613 -15.430135317696914 -1.3668047863849146 0.5900426628892118 -0.00011187772861170386
489 238 1540.0 1550 142.93196302600003 7.91 0.0011263398856374053 0.07349508109688371 False True 0.08111786510880023 30.907243878676613 -15.430135317696914 -1.3668047863849146 0.5900426628892118 -0.00011187772861170386
489 239 1544.0 1554 143.66681779100006 7.91 0.0011263398856374053 0.07356152544034188 False True 0.08111786510880023 30.907243878676613 -15.430135317696914 -1.3668047863849146 0.5900426628892118 -0.00011187772861170386
489 240 1548.0 1558 144.36947467000005 7.91 0.0011263398856374053 0.07356152544034188 False True 0.08111786510880023 30.907243878676613 -15.430135317696914 -1.3668047863849146 0.5900426628892118 -0.00011187772861170386
489 241 1552.0 1562 145.09491279600005 7.91 0.0011263398856374053 0.06953463413582 False True 0.08111786510880023 30.907243878676613 -15.430135317696914 -1.3668047863849146 0.5900426628892118 -0.00011187772861170386
489 242 1556.0 1566 145.80858970600005 7.88 0.00011600761832771177 0.06953463413582 False True 0.08111786510880023 30.907243878676613 -15.430135317696914 -1.3668047863849146 0.5900426628892118 -0.00011187772861170386
489 243 1560.0 1570 146.53404369400005 7.88 0.00011600761832771177 0.08618771834982658 False True 0.08111786510880023 30.907243878676613 -15.430135317696914 -1.3668047863849146 0.5900426628892118 -0.00011187772861170386
489 244 1564.0 1574 147.24918916800004 7.88 0.00011600761832771177 0.08618771834982658 False True 0.08111786510880023 30.907243878676613 -15.430135317696914 -1.3668047863849146 0.5900426628892118 -0.00011187772861170386
489 245 1568.0 1578 147.98710873100003 7.88 0.00011600761832771177 0.08618771834982658 False True 0.08111786510880023 30.907243878676613 -15.430135317696914 -1.3668047863849146 0.5900426628892118 -0.00011187772861170386
489 246 1572.0 1582 148.68972890500004 8.02 0.013388045734459127 0.11339395804972258 True False 0.08111786510880023 30.907243878676613 -15.430135317696914 -1.3668047863849146 0.5900426628892118 -0.00011187772861170386
489 247 1572.0 1582 149.10559170900004 8.02 0.013388045734459127 0.11339395804972258 False True 0.08111786510880023 30.907243878676613 -15.430135317696914 -1.3668047863849146 0.5900426628892118 -0.00011187772861170386
489 248 1584.0 1594 149.82562685800002 8.02 0.013388045734459127 0.2217468102015073 True False 0.08111786510880023 30.907243878676613 -15.430135317696914 -1.3668047863849146 0.5900426628892118 -0.00011187772861170386
489 249 1584.0 1594 150.27231018000003 8.02 0.013388045734459127 0.2217468102015073 False True 0.08111786510880023 30.907243878676613 -15.430135317696914 -1.3668047863849146 0.5900426628892118 -0.00011187772861170386
489 250 1596.0 1606 150.98301333800003 7.91 0.0011263398856374053 0.04819061688417289 True False 0.08111786510880023 30.907243878676613 -15.430135317696914 -1.3668047863849146 0.5900426628892118 -0.00011187772861170386
489 251 1596.0 1607 151.40096014200003 7.91 0.0011263398856374053 0.04819061688417289 False True 0.08111786510880023 30.907243878676613 -15.430135317696914 -1.3668047863849146 0.5900426628892118 -0.00011187772861170386
489 252 1608.0 1619 152.12304211400001 8.16 0.04819061688417289 0.0771492614886289 False True 0.08111786510880023 30.907243878676613 -15.430135317696914 -1.3668047863849146 0.5900426628892118 -0.00011187772861170386
489 253 1612.0 1623 152.82548489500002 7.91 0.0011263398856374053 0.1038095588416621 True False 0.08111786510880023 30.907243878676613 -15.430135317696914 -1.3668047863849146 0.5900426628892118 -0.00011187772861170386
489 254 1612.0 1623 153.24887252800002 7.91 0.0011263398856374053 0.1038095588416621 False True 0.08111786510880023 30.907243878676613 -15.430135317696914 -1.3668047863849146 0.5900426628892118 -0.00011187772861170386
489 255 1624.0 1635 153.985469085 7.91 0.0011263398856374053 0.08138680657070935 True False 0.08111786510880023 30.907243878676613 -15.430135317696914 -1.3668047863849146 0.5900426628892118 -0.00011187772861170386
489 256 1624.0 1635 154.423553319 7.91 0.0011263398856374053 0.08138680657070935 False True 0.08111786510880023 30.907243878676613 -15.430135317696914 -1.3668047863849146 0.5900426628892118 -0.00011187772861170386
489 257 1636.0 1647 155.120583972 7.91 0.0011263398856374053 0.005036808799418423 True False 0.08111786510880023 30.907243878676613 -15.430135317696914 -1.3668047863849146 0.5900426628892118 -0.00011187772861170386
489 258 1636.0 1647 155.542896907 7.91 0.0011263398856374053 0.005036808799418423 False True 0.08111786510880023 30.907243878676613 -15.430135317696914 -1.3668047863849146 0.5900426628892118 -0.00011187772861170386
489 259 1648.0 1659 156.281865077 7.68 0.01899459893466557 0.005036808799418423 False True 0.08111786510880023 30.907243878676613 -15.430135317696914 -1.3668047863849146 0.5900426628892118 -0.00011187772861170386
489 260 1652.0 1663 156.987135925 7.68 0.01899459893466557 0.341709475364986 True False 0.08111786510880023 30.907243878676613 -15.430135317696914 -1.3668047863849146 0.5900426628892118 -0.00011187772861170386
489 261 1652.0 1663 157.40521508700002 7.68 0.01899459893466557 0.341709475364986 False True 0.08111786510880023 30.907243878676613 -15.430135317696914 -1.3668047863849146 0.5900426628892118 -0.00011187772861170386
489 262 1664.0 1675 158.139694458 7.68 0.01899459893466557 0.4343689351904803 True False 0.08111786510880023 30.907243878676613 -15.430135317696914 -1.3668047863849146 0.5900426628892118 -0.00011187772861170386
489 263 1664.0 1675 158.583984842 7.68 0.01899459893466557 0.4343689351904803 False True 0.08111786510880023 30.907243878676613 -15.430135317696914 -1.3668047863849146 0.5900426628892118 -0.00011187772861170386
489 264 1676.0 1687 159.287538613 7.68 0.01899459893466557 0.35920245684532603 True False 0.08111786510880023 30.907243878676613 -15.430135317696914 -1.3668047863849146 0.5900426628892118 -0.00011187772861170386
489 265 1676.0 1687 159.704287426 7.68 0.01899459893466557 0.35920245684532603 False True 0.08111786510880023 30.907243878676613 -15.430135317696914 -1.3668047863849146 0.5900426628892118 -0.00011187772861170386
489 266 1688.0 1699 160.427339894 7.68 0.01899459893466557 0.42163079482418925 True False 0.08111786510880023 30.907243878676613 -15.430135317696914 -1.3668047863849146 0.5900426628892118 -0.00011187772861170386
489 267 1688.0 1699 160.88360509199998 7.68 0.01899459893466557 0.42163079482418925 False True 0.08111786510880023 30.907243878676613 -15.430135317696914 -1.3668047863849146 0.5900426628892118 -0.00011187772861170386
489 268 1700.0 1711 161.598822787 7.68 0.01899459893466557 0.32288364095680466 True False 0.08111786510880023 30.907243878676613 -15.430135317696914 -1.3668047863849146 0.5900426628892118 -0.00011187772861170386
489 269 1700.0 1711 162.017895402 7.68 0.01899459893466557 0.32288364095680466 False True 0.08111786510880023 30.907243878676613 -15.430135317696914 -1.3668047863849146 0.5900426628892118 -0.00011187772861170386
489 270 1712.0 1723 162.742273421 7.68 0.01899459893466557 0.49777966845143445 True False 0.08111786510880023 30.907243878676613 -15.430135317696914 -1.3668047863849146 0.5900426628892118 -0.00011187772861170386
489 271 1712.0 1723 163.187214734 7.68 0.01899459893466557 0.49777966845143445 False True 0.08111786510880023 30.907243878676613 -15.430135317696914 -1.3668047863849146 0.5900426628892118 -0.00011187772861170386
489 272 1724.0 1735 163.90264002300003 7.68 0.01899459893466557 0.3897703006026762 True False 0.08111786510880023 30.907243878676613 -15.430135317696914 -1.3668047863849146 0.5900426628892118 -0.00011187772861170386
489 273 1724.0 1736 164.31879863500004 7.68 0.01899459893466557 0.3897703006026762 False True 0.08111786510880023 30.907243878676613 -15.430135317696914 -1.3668047863849146 0.5900426628892118 -0.00011187772861170386
489 274 1736.0 1748 165.04251435000003 7.68 0.01899459893466557 0.22572988997773297 True False 0.08111786510880023 30.907243878676613 -15.430135317696914 -1.3668047863849146 0.5900426628892118 -0.00011187772861170386
489 275 1736.0 1748 165.49858028600005 7.68 0.01899459893466557 0.22572988997773297 False True 0.08111786510880023 30.907243878676613 -15.430135317696914 -1.3668047863849146 0.5900426628892118 -0.00011187772861170386
489 276 1748.0 1760 166.20471644000006 7.68 0.01899459893466557 0.29982858598666257 True False 0.08111786510880023 30.907243878676613 -15.430135317696914 -1.3668047863849146 0.5900426628892118 -0.00011187772861170386
489 277 1748.0 1760 166.63918938100005 7.68 0.01899459893466557 0.29982858598666257 False True 0.08111786510880023 30.907243878676613 -15.430135317696914 -1.3668047863849146 0.5900426628892118 -0.00011187772861170386
489 278 1760.0 1772 167.36423480000005 7.68 0.01899459893466557 0.313443576157089 True False 0.08111786510880023 30.907243878676613 -15.430135317696914 -1.3668047863849146 0.5900426628892118 -0.00011187772861170386
489 279 1760.0 1772 167.81986757100006 7.68 0.01899459893466557 0.313443576157089 False True 0.08111786510880023 30.907243878676613 -15.430135317696914 -1.3668047863849146 0.5900426628892118 -0.00011187772861170386
489 280 1772.0 1784 168.54197959000007 7.68 0.01899459893466557 0.5559155867991947 True False 0.08111786510880023 30.907243878676613 -15.430135317696914 -1.3668047863849146 0.5900426628892118 -0.00011187772861170386
489 281 1772.0 1784 168.96005214400006 7.68 0.01899459893466557 0.5559155867991947 False True 0.08111786510880023 30.907243878676613 -15.430135317696914 -1.3668047863849146 0.5900426628892118 -0.00011187772861170386
489 282 1784.0 1796 169.68307686900005 7.68 0.01899459893466557 0.000330222994659057 True False 0.08111786510880023 30.907243878676613 -15.430135317696914 -1.3668047863849146 0.5900426628892118 -0.00011187772861170386
489 283 1784.0 1796 170.14013721900005 7.68 0.01899459893466557 0.000330222994659057 False True 0.08111786510880023 30.907243878676613 -15.430135317696914 -1.3668047863849146 0.5900426628892118 -0.00011187772861170386
489 284 1796.0 1808 170.86226910400006 7.68 0.01899459893466557 0.03327634633026834 True False 0.08111786510880023 30.907243878676613 -15.430135317696914 -1.3668047863849146 0.5900426628892118 -0.00011187772861170386
489 285 1796.0 1808 171.28396226500004 7.68 0.01899459893466557 0.03327634633026834 False True 0.08111786510880023 30.907243878676613 -15.430135317696914 -1.3668047863849146 0.5900426628892118 -0.00011187772861170386
489 286 1808.0 1820 172.01806837900006 7.68 0.01899459893466557 0.133276793833871 True False 0.08111786510880023 30.907243878676613 -15.430135317696914 -1.3668047863849146 0.5900426628892118 -0.00011187772861170386
489 287 1808.0 1820 172.47487972400006 7.68 0.01899459893466557 0.133276793833871 False True 0.08111786510880023 30.907243878676613 -15.430135317696914 -1.3668047863849146 0.5900426628892118 -0.00011187772861170386
489 288 1820.0 1832 173.18412220000008 7.68 0.01899459893466557 0.08976630002155701 False True 0.08111786510880023 30.907243878676613 -15.430135317696914 -1.3668047863849146 0.5900426628892118 -0.00011187772861170386
489 289 1824.0 1836 173.9228742060001 7.68 0.01899459893466557 0.08792186066482775 False True 0.08111786510880023 30.907243878676613 -15.430135317696914 -1.3668047863849146 0.5900426628892118 -0.00011187772861170386
489 290 1828.0 1840 174.6434086630001 7.68 0.01899459893466557 0.06199919335107058 True False 0.08111786510880023 30.907243878676613 -15.430135317696914 -1.3668047863849146 0.5900426628892118 -0.00011187772861170386
489 291 1828.0 1840 175.0953132390001 7.68 0.01899459893466557 0.06199919335107058 False True 0.08111786510880023 30.907243878676613 -15.430135317696914 -1.3668047863849146 0.5900426628892118 -0.00011187772861170386
489 292 1840.0 1852 175.82057881100008 7.68 0.01899459893466557 0.00733319133150298 True False 0.08111786510880023 30.907243878676613 -15.430135317696914 -1.3668047863849146 0.5900426628892118 -0.00011187772861170386
489 293 1840.0 1852 176.27857144700008 7.68 0.01899459893466557 0.00733319133150298 False True 0.08111786510880023 30.907243878676613 -15.430135317696914 -1.3668047863849146 0.5900426628892118 -0.00011187772861170386
489 294 1852.0 1864 176.99927060900006 7.68 0.01899459893466557 0.2865663312068776 True False 0.08111786510880023 30.907243878676613 -15.430135317696914 -1.3668047863849146 0.5900426628892118 -0.00011187772861170386
489 295 1852.0 1865 177.42178565000006 7.68 0.01899459893466557 0.2865663312068776 False True 0.08111786510880023 30.907243878676613 -15.430135317696914 -1.3668047863849146 0.5900426628892118 -0.00011187772861170386
489 296 1864.0 1877 178.15627714700005 7.68 0.01899459893466557 0.08585627568679215 True False 0.08111786510880023 30.907243878676613 -15.430135317696914 -1.3668047863849146 0.5900426628892118 -0.00011187772861170386
489 297 1864.0 1877 178.60192067100007 7.68 0.01899459893466557 0.08585627568679215 False True 0.08111786510880023 30.907243878676613 -15.430135317696914 -1.3668047863849146 0.5900426628892118 -0.00011187772861170386
489 298 1876.0 1889 179.33625981100008 7.68 0.01899459893466557 0.08425607563928451 True False 0.08111786510880023 30.907243878676613 -15.430135317696914 -1.3668047863849146 0.5900426628892118 -0.00011187772861170386
489 299 1876.0 1889 179.75498967600006 7.68 0.01899459893466557 0.08425607563928451 False True 0.08111786510880023 30.907243878676613 -15.430135317696914 -1.3668047863849146 0.5900426628892118 -0.00011187772861170386
489 300 1888.0 1901 180.48011241600005 1.72 0.08425607563928451 0.4339869086385039 False True 0.08111786510880023 30.907243878676613 -15.430135317696914 -1.3668047863849146 0.5900426628892118 -0.00011187772861170386
489 301 1900.0 1913 181.19619787100004 1.72 0.08425607563928451 0.8590839468596314 True False 0.08111786510880023 30.907243878676613 -15.430135317696914 -1.3668047863849146 0.5900426628892118 -0.00011187772861170386
489 302 1900.0 1913 181.63338094700003 1.72 0.08425607563928451 0.8590839468596314 False True 0.08111786510880023 30.907243878676613 -15.430135317696914 -1.3668047863849146 0.5900426628892118 -0.00011187772861170386
489 303 1912.0 1925 182.374015973 1.72 0.08425607563928451 0.8615282146764971 True False 0.08111786510880023 30.907243878676613 -15.430135317696914 -1.3668047863849146 0.5900426628892118 -0.00011187772861170386
489 304 1912.0 1925 182.82118867300002 1.72 0.08425607563928451 0.7196237442803047 True False 0.08111786510880023 30.907243878676613 -15.430135317696914 -1.3668047863849146 0.5900426628892118 -0.00011187772861170386
489 305 1912.0 1925 183.281433378 1.72 0.08425607563928451 0.7196237442803047 False True 0.08111786510880023 30.907243878676613 -15.430135317696914 -1.3668047863849146 0.5900426628892118 -0.00011187772861170386
489 306 1924.0 1937 184.017547922 1.72 0.08425607563928451 0.08276619915459135 True False 0.08111786510880023 30.907243878676613 -15.430135317696914 -1.3668047863849146 0.5900426628892118 -0.00011187772861170386
489 307 1924.0 1937 184.442361332 1.72 0.08425607563928451 0.08276619915459135 False True 0.08111786510880023 30.907243878676613 -15.430135317696914 -1.3668047863849146 0.5900426628892118 -0.00011187772861170386
489 308 1936.0 1949 185.179258029 1.72 0.08425607563928451 0.12368729811818623 True False 0.08111786510880023 30.907243878676613 -15.430135317696914 -1.3668047863849146 0.5900426628892118 -0.00011187772861170386
489 309 1936.0 1949 185.63996478599998 1.72 0.08425607563928451 0.12368729811818623 False True 0.08111786510880023 30.907243878676613 -15.430135317696914 -1.3668047863849146 0.5900426628892118 -0.00011187772861170386
489 310 1948.0 1961 186.375544824 1.72 0.08425607563928451 0.11727737498107278 True False 0.08111786510880023 30.907243878676613 -15.430135317696914 -1.3668047863849146 0.5900426628892118 -0.00011187772861170386
489 311 1948.0 1961 186.801638031 1.72 0.08425607563928451 0.11727737498107278 False True 0.08111786510880023 30.907243878676613 -15.430135317696914 -1.3668047863849146 0.5900426628892118 -0.00011187772861170386
489 312 1960.0 1973 187.553044396 1.72 0.08425607563928451 0.13052472605051393 True False 0.08111786510880023 30.907243878676613 -15.430135317696914 -1.3668047863849146 0.5900426628892118 -0.00011187772861170386
489 313 1960.0 1973 188.01449338199998 1.72 0.08425607563928451 0.13052472605051393 False True 0.08111786510880023 30.907243878676613 -15.430135317696914 -1.3668047863849146 0.5900426628892118 -0.00011187772861170386
489 314 1972.0 1985 188.73940206399996 1.72 0.08425607563928451 0.12705273526841207 True False 0.08111786510880023 30.907243878676613 -15.430135317696914 -1.3668047863849146 0.5900426628892118 -0.00011187772861170386
489 315 1972.0 1986 189.17242244399998 1.72 0.08425607563928451 0.12705273526841207 False True 0.08111786510880023 30.907243878676613 -15.430135317696914 -1.3668047863849146 0.5900426628892118 -0.00011187772861170386
489 316 1984.0 1998 189.89779219699997 7.68 0.01899459893466557 0.08425607563928451 False True 0.08111786510880023 30.907243878676613 -15.430135317696914 -1.3668047863849146 0.5900426628892118 -0.00011187772861170386
