889 0 200.0 201 0.6532855580000074 7.99 0.009090873393068048 0.3664599010836853 False True -0.0623699610146077 37.487131741902665 -18.72565599139092 -1.3625014958031827 30.081441822654213 -15.033065398260007
889 1 212.0 213 1.3150581270000004 7.99 0.009090873393068048 0.031997874054993006 True False -0.0623699610146077 37.487131741902665 -18.72565599139092 -1.3625014958031827 30.081441822654213 -15.033065398260007
889 2 212.0 213 1.7170964050000066 7.99 0.009090873393068048 0.031997874054993006 False True -0.0623699610146077 37.487131741902665 -18.72565599139092 -1.3625014958031827 30.081441822654213 -15.033065398260007
889 3 224.0 225 2.397255451999996 7.99 0.009090873393068048 0.0017586656182329236 True False -0.0623699610146077 37.487131741902665 -18.72565599139092 -1.3625014958031827 30.081441822654213 -15.033065398260007
889 4 224.0 225 2.8180899599999947 7.99 0.009090873393068048 0.0017586656182329236 False True -0.0623699610146077 37.487131741902665 -18.72565599139092 -1.3625014958031827 30.081441822654213 -15.033065398260007
889 5 236.0 237 3.493028475999992 7.99 0.009090873393068048 0.09407806252624318 True False -0.0623699610146077 37.487131741902665 -18.72565599139092 -1.3625014958031827 30.081441822654213 -15.033065398260007
889 6 236.0 237 3.8964318679999934 7.99 0.009090873393068048 0.09407806252624318 False True -0.0623699610146077 37.487131741902665 -18.72565599139092 -1.3625014958031827 30.081441822654213 -15.033065398260007
889 7 248.0 249 4.574265222999998 7.99 0.009090873393068048 0.11828367354043025 True False -0.0623699610146077 37.487131741902665 -18.72565599139092 -1.3625014958031827 30.081441822654213 -15.033065398260007
889 8 248.0 249 4.991323042999994 7.99 0.009090873393068048 0.11828367354043025 False True -0.0623699610146077 37.487131741902665 -18.72565599139092 -1.3625014958031827 30.081441822654213 -15.033065398260007
889 9 260.0 261 5.651927112999999 7.99 0.009090873393068048 0.0685483430926824 True False -0.0623699610146077 37.487131741902665 -18.72565599139092 -1.3625014958031827 30.081441822654213 -15.033065398260007
889 10 260.0 261 6.055634835999996 7.99 0.009090873393068048 0.0685483430926824 False True -0.0623699610146077 37.487131741902665 -18.72565599139092 -1.3625014958031827 30.081441822654213 -15.033065398260007
889 11 272.0 273 6.733247288999991 8.209999999999999 0.0685483430926824 0.08082809482112792 True False -0.0623699610146077 37.487131741902665 -18.72565599139092 -1.3625014958031827 30.081441822654213 -15.033065398260007
889 12 272.0 273 7.150852110999992 8.209999999999999 0.0685483430926824 0.08082809482112792 False True -0.0623699610146077 37.487131741902665 -18.72565599139092 -1.3625014958031827 30.081441822654213 -15.033065398260007
889 13 284.0 285 7.814934421999993 8.209999999999999 0.0685483430926824 0.013965358104042187 True False -0.0623699610146077 37.487131741902665 -18.72565599139092 -1.3625014958031827 30.081441822654213 -15.033065398260007
889 14 284.0 285 8.235488889999985 8.209999999999999 0.0685483430926824 0.013965358104042187 False True -0.0623699610146077 37.487131741902665 -18.72565599139092 -1.3625014958031827 30.081441822654213 -15.033065398260007
889 15 296.0 297 8.914429040999977 7.99 0.009090873393068048 0.05725019948067881 True False -0.0623699610146077 37.487131741902665 -18.72565599139092 -1.3625014958031827 30.081441822654213 -15.033065398260007
889 16 296.0 298 9.33224144099998 7.99 0.009090873393068048 0.05725019948067881 False True -0.0623699610146077 37.487131741902665 -18.72565599139092 -1.3625014958031827 30.081441822654213 -15.033065398260007
889 17 308.0 310 10.019195521999976 8.18 0.05725019948067881 0.05026866768986019 True False -0.0623699610146077 37.487131741902665 -18.72565599139092 -1.3625014958031827 30.081441822654213 -15.033065398260007
889 18 308.0 310 10.454290751999977 8.18 0.05725019948067881 0.05026866768986019 False True -0.0623699610146077 37.487131741902665 -18.72565599139092 -1.3625014958031827 30.081441822654213 -15.033065398260007
889 19 320.0 322 11.13178496099998 8.18 0.05725019948067881 0.14283267156543303 True False -0.0623699610146077 37.487131741902665 -18.72565599139092 -1.3625014958031827 30.081441822654213 -15.033065398260007
889 20 320.0 322 11.531219583999984 8.18 0.05725019948067881 0.14283267156543303 False True -0.0623699610146077 37.487131741902665 -18.72565599139092 -1.3625014958031827 30.081441822654213 -15.033065398260007
889 21 332.0 334 12.196677363999996 8.18 0.05725019948067881 0.08788932246588343 True False -0.0623699610146077 37.487131741902665 -18.72565599139092 -1.3625014958031827 30.081441822654213 -15.033065398260007
889 22 332.0 334 12.631322071 8.18 0.05725019948067881 0.08788932246588343 False True -0.0623699610146077 37.487131741902665 -18.72565599139092 -1.3625014958031827 30.081441822654213 -15.033065398260007
889 23 344.0 346 13.313248728000005 8.18 0.05725019948067881 0.006417416163488171 True False -0.0623699610146077 37.487131741902665 -18.72565599139092 -1.3625014958031827 30.081441822654213 -15.033065398260007
889 24 344.0 346 13.714124089999999 8.18 0.05725019948067881 0.006417416163488171 False True -0.0623699610146077 37.487131741902665 -18.72565599139092 -1.3625014958031827 30.081441822654213 -15.033065398260007
889 25 356.0 358 14.375554369 8.18 0.05725019948067881 0.0041693857681569645 True False -0.0623699610146077 37.487131741902665 -18.72565599139092 -1.3625014958031827 30.081441822654213 -15.033065398260007
889 26 356.0 358 14.797078377000005 8.18 0.05725019948067881 0.0041693857681569645 False True -0.0623699610146077 37.487131741902665 -18.72565599139092 -1.3625014958031827 30.081441822654213 -15.033065398260007
889 27 368.0 370 15.455445444000006 8.18 0.05725019948067881 0.0003444626994911631 True False -0.0623699610146077 37.487131741902665 -18.72565599139092 -1.3625014958031827 30.081441822654213 -15.033065398260007
889 28 368.0 370 15.851689492999995 8.18 0.05725019948067881 0.0003444626994911631 False True -0.0623699610146077 37.487131741902665 -18.72565599139092 -1.3625014958031827 30.081441822654213 -15.033065398260007
889 29 380.0 382 16.521371314999996 7.84 0.0003444626994911631 0.06090651281449674 True False -0.0623699610146077 37.487131741902665 -18.72565599139092 -1.3625014958031827 30.081441822654213 -15.033065398260007
889 30 380.0 382 16.923862803999995 7.84 0.0003444626994911631 0.06090651281449674 False True -0.0623699610146077 37.487131741902665 -18.72565599139092 -1.3625014958031827 30.081441822654213 -15.033065398260007
889 31 392.0 394 17.610480269999996 7.84 0.0003444626994911631 0.022011341950130645 True False -0.0623699610146077 37.487131741902665 -18.72565599139092 -1.3625014958031827 30.081441822654213 -15.033065398260007
889 32 392.0 394 18.026979182999995 7.84 0.0003444626994911631 0.022011341950130645 False True -0.0623699610146077 37.487131741902665 -18.72565599139092 -1.3625014958031827 30.081441822654213 -15.033065398260007
889 33 404.0 406 18.686556170999992 7.84 0.0003444626994911631 0.0 True False -0.0623699610146077 37.487131741902665 -18.72565599139092 -1.3625014958031827 30.081441822654213 -15.033065398260007
889 34 404.0 406 19.08774974799998 7.84 0.0003444626994911631 0.0 False True -0.0623699610146077 37.487131741902665 -18.72565599139092 -1.3625014958031827 30.081441822654213 -15.033065398260007
889 35 416.0 418 19.750852605999967 7.84 0.0003444626994911631 0.0011543610764617675 True False -0.0623699610146077 37.487131741902665 -18.72565599139092 -1.3625014958031827 30.081441822654213 -15.033065398260007
889 36 416.0 419 20.184372776999965 7.84 0.0003444626994911631 0.0011543610764617675 False True -0.0623699610146077 37.487131741902665 -18.72565599139092 -1.3625014958031827 30.081441822654213 -15.033065398260007
889 37 428.0 431 20.849481268999966 7.84 0.0003444626994911631 0.22032892355968464 True False -0.0623699610146077 37.487131741902665 -18.72565599139092 -1.3625014958031827 30.081441822654213 -15.033065398260007
889 38 428.0 431 21.262663418999963 7.84 0.0003444626994911631 0.22032892355968464 False True -0.0623699610146077 37.487131741902665 -18.72565599139092 -1.3625014958031827 30.081441822654213 -15.033065398260007
889 39 440.0 443 21.95737553299996 7.84 0.0003444626994911631 0.08520055930449724 True False -0.0623699610146077 37.487131741902665 -18.72565599139092 -1.3625014958031827 30.081441822654213 -15.033065398260007
889 40 440.0 443 22.385531517999965 7.84 0.0003444626994911631 0.08520055930449724 False True -0.0623699610146077 37.487131741902665 -18.72565599139092 -1.3625014958031827 30.081441822654213 -15.033065398260007
889 41 452.0 455 23.085963895999967 8.18 0.05725019948067881 0.1289292116336518 True False -0.0623699610146077 37.487131741902665 -18.72565599139092 -1.3625014958031827 30.081441822654213 -15.033065398260007
889 42 452.0 455 23.51008078499997 8.18 0.05725019948067881 0.1289292116336518 False True -0.0623699610146077 37.487131741902665 -18.72565599139092 -1.3625014958031827 30.081441822654213 -15.033065398260007
889 43 464.0 467 24.22972351399997 7.84 0.0003444626994911631 0.053682946481334155 True False -0.0623699610146077 37.487131741902665 -18.72565599139092 -1.3625014958031827 30.081441822654213 -15.033065398260007
889 44 464.0 467 24.680989627999978 7.84 0.0003444626994911631 0.053682946481334155 False True -0.0623699610146077 37.487131741902665 -18.72565599139092 -1.3625014958031827 30.081441822654213 -15.033065398260007
889 45 476.0 479 25.383648511999965 7.56 0.053682946481334155 0.04691012754740356 True False -0.0623699610146077 37.487131741902665 -18.72565599139092 -1.3625014958031827 30.081441822654213 -15.033065398260007
889 46 476.0 479 25.808187119999957 7.56 0.053682946481334155 0.04691012754740356 False True -0.0623699610146077 37.487131741902665 -18.72565599139092 -1.3625014958031827 30.081441822654213 -15.033065398260007
889 47 488.0 491 26.54193195299996 7.56 0.053682946481334155 0.060901274373843454 True False -0.0623699610146077 37.487131741902665 -18.72565599139092 -1.3625014958031827 30.081441822654213 -15.033065398260007
889 48 488.0 491 27.020180933999967 7.56 0.053682946481334155 0.060901274373843454 False True -0.0623699610146077 37.487131741902665 -18.72565599139092 -1.3625014958031827 30.081441822654213 -15.033065398260007
889 49 500.0 503 27.763506062999966 7.54 0.060901274373843454 0.05024068116754565 True False -0.0623699610146077 37.487131741902665 -18.72565599139092 -1.3625014958031827 30.081441822654213 -15.033065398260007
889 50 500.0 503 28.22092595599996 7.54 0.060901274373843454 0.05024068116754565 False True -0.0623699610146077 37.487131741902665 -18.72565599139092 -1.3625014958031827 30.081441822654213 -15.033065398260007
889 51 512.0 515 28.99783876999996 7.56 0.053682946481334155 0.06856232440805968 True False -0.0623699610146077 37.487131741902665 -18.72565599139092 -1.3625014958031827 30.081441822654213 -15.033065398260007
889 52 512.0 515 29.435546653999964 7.56 0.053682946481334155 0.06856232440805968 False True -0.0623699610146077 37.487131741902665 -18.72565599139092 -1.3625014958031827 30.081441822654213 -15.033065398260007
889 53 524.0 527 30.13848238499996 7.56 0.053682946481334155 0.0405854261711907 True False -0.0623699610146077 37.487131741902665 -18.72565599139092 -1.3625014958031827 30.081441822654213 -15.033065398260007
889 54 524.0 527 30.591546484999967 7.56 0.053682946481334155 0.0405854261711907 False True -0.0623699610146077 37.487131741902665 -18.72565599139092 -1.3625014958031827 30.081441822654213 -15.033065398260007
889 55 536.0 539 31.278415230999954 7.56 0.053682946481334155 0.00011404520944056723 True False -0.0623699610146077 37.487131741902665 -18.72565599139092 -1.3625014958031827 30.081441822654213 -15.033065398260007
889 56 536.0 540 31.694190632999963 7.56 0.053682946481334155 0.00011404520944056723 False True -0.0623699610146077 37.487131741902665 -18.72565599139092 -1.3625014958031827 30.081441822654213 -15.033065398260007
889 57 548.0 552 32.365719194999954 7.56 0.053682946481334155 0.07253307059153945 True False -0.0623699610146077 37.487131741902665 -18.72565599139092 -1.3625014958031827 30.081441822654213 -15.033065398260007
889 58 548.0 552 32.78953480899996 7.56 0.053682946481334155 0.07253307059153945 False True -0.0623699610146077 37.487131741902665 -18.72565599139092 -1.3625014958031827 30.081441822654213 -15.033065398260007
889 59 560.0 564 33.46909720999996 7.56 0.053682946481334155 0.2021399230155757 True False -0.0623699610146077 37.487131741902665 -18.72565599139092 -1.3625014958031827 30.081441822654213 -15.033065398260007
889 60 560.0 564 33.87169694199996 7.56 0.053682946481334155 0.2021399230155757 False True -0.0623699610146077 37.487131741902665 -18.72565599139092 -1.3625014958031827 30.081441822654213 -15.033065398260007
889 61 572.0 576 34.54954569999997 7.56 0.053682946481334155 0.2723814131699056 True False -0.0623699610146077 37.487131741902665 -18.72565599139092 -1.3625014958031827 30.081441822654213 -15.033065398260007
889 62 572.0 576 34.983740892999975 7.56 0.053682946481334155 0.2723814131699056 False True -0.0623699610146077 37.487131741902665 -18.72565599139092 -1.3625014958031827 30.081441822654213 -15.033065398260007
889 63 584.0 588 35.664184428999974 7.84 0.0003444626994911631 0.05723659181955887 True False -0.0623699610146077 37.487131741902665 -18.72565599139092 -1.3625014958031827 30.081441822654213 -15.033065398260007
889 64 584.0 588 36.064774610999976 7.84 0.0003444626994911631 0.05723659181955887 False True -0.0623699610146077 37.487131741902665 -18.72565599139092 -1.3625014958031827 30.081441822654213 -15.033065398260007
889 65 596.0 600 36.727923369999985 7.84 0.0003444626994911631 0.17253258618220327 True False -0.0623699610146077 37.487131741902665 -18.72565599139092 -1.3625014958031827 30.081441822654213 -15.033065398260007
889 66 596.0 600 37.18568857999999 7.84 0.0003444626994911631 0.17253258618220327 False True -0.0623699610146077 37.487131741902665 -18.72565599139092 -1.3625014958031827 30.081441822654213 -15.033065398260007
889 67 608.0 612 37.864176238 8.18 0.05725019948067881 0.24037427775110545 True False -0.0623699610146077 37.487131741902665 -18.72565599139092 -1.3625014958031827 30.081441822654213 -15.033065398260007
889 68 608.0 612 38.270194331 8.18 0.05725019948067881 0.0001210100387223538 True False -0.0623699610146077 37.487131741902665 -18.72565599139092 -1.3625014958031827 30.081441822654213 -15.033065398260007
889 69 608.0 612 38.68391622 8.18 0.05725019948067881 0.0001210100387223538 False True -0.0623699610146077 37.487131741902665 -18.72565599139092 -1.3625014958031827 30.081441822654213 -15.033065398260007
889 70 620.0 624 39.366884365999994 7.88 0.0001210100387223538 0.05723659181955887 False True -0.0623699610146077 37.487131741902665 -18.72565599139092 -1.3625014958031827 30.081441822654213 -15.033065398260007
889 71 624.0 628 40.048157872999994 7.88 0.0001210100387223538 0.4930633243273766 True False -0.0623699610146077 37.487131741902665 -18.72565599139092 -1.3625014958031827 30.081441822654213 -15.033065398260007
889 72 624.0 628 40.463062042999994 7.88 0.0001210100387223538 0.4930633243273766 False True -0.0623699610146077 37.487131741902665 -18.72565599139092 -1.3625014958031827 30.081441822654213 -15.033065398260007
889 73 636.0 640 41.182666338000004 7.88 0.0001210100387223538 0.24037427775110545 False True -0.0623699610146077 37.487131741902665 -18.72565599139092 -1.3625014958031827 30.081441822654213 -15.033065398260007
889 74 648.0 652 41.902096246 7.88 0.0001210100387223538 0.34789888911415384 True False -0.0623699610146077 37.487131741902665 -18.72565599139092 -1.3625014958031827 30.081441822654213 -15.033065398260007
889 75 648.0 652 42.385321781 7.88 0.0001210100387223538 0.07673360741589125 True False -0.0623699610146077 37.487131741902665 -18.72565599139092 -1.3625014958031827 30.081441822654213 -15.033065398260007
889 76 648.0 653 42.86667105400001 7.88 0.0001210100387223538 0.07673360741589125 False True -0.0623699610146077 37.487131741902665 -18.72565599139092 -1.3625014958031827 30.081441822654213 -15.033065398260007
889 77 660.0 665 43.61040915400001 7.88 0.0001210100387223538 0.08516944965610877 True False -0.0623699610146077 37.487131741902665 -18.72565599139092 -1.3625014958031827 30.081441822654213 -15.033065398260007
889 78 660.0 665 44.08845738400001 7.88 0.0001210100387223538 0.08516944965610877 False True -0.0623699610146077 37.487131741902665 -18.72565599139092 -1.3625014958031827 30.081441822654213 -15.033065398260007
889 79 672.0 677 44.817506209000015 7.88 0.0001210100387223538 0.08047605195864836 True False -0.0623699610146077 37.487131741902665 -18.72565599139092 -1.3625014958031827 30.081441822654213 -15.033065398260007
889 80 672.0 677 45.261468380000025 7.88 0.0001210100387223538 0.08047605195864836 False True -0.0623699610146077 37.487131741902665 -18.72565599139092 -1.3625014958031827 30.081441822654213 -15.033065398260007
889 81 684.0 689 45.980928220000024 7.88 0.0001210100387223538 0.10247980127015413 True False -0.0623699610146077 37.487131741902665 -18.72565599139092 -1.3625014958031827 30.081441822654213 -15.033065398260007
889 82 684.0 689 46.41893545000002 7.88 0.0001210100387223538 0.10247980127015413 False True -0.0623699610146077 37.487131741902665 -18.72565599139092 -1.3625014958031827 30.081441822654213 -15.033065398260007
889 83 696.0 701 47.143954737000016 7.88 0.0001210100387223538 0.07806278070839058 True False -0.0623699610146077 37.487131741902665 -18.72565599139092 -1.3625014958031827 30.081441822654213 -15.033065398260007
889 84 696.0 701 47.63670124000002 7.88 0.0001210100387223538 0.07806278070839058 False True -0.0623699610146077 37.487131741902665 -18.72565599139092 -1.3625014958031827 30.081441822654213 -15.033065398260007
889 85 708.0 713 48.35799999700002 7.88 0.0001210100387223538 0.14372859452572873 True False -0.0623699610146077 37.487131741902665 -18.72565599139092 -1.3625014958031827 30.081441822654213 -15.033065398260007
889 86 708.0 713 48.79855142100003 7.88 0.0001210100387223538 0.14372859452572873 False True -0.0623699610146077 37.487131741902665 -18.72565599139092 -1.3625014958031827 30.081441822654213 -15.033065398260007
889 87 720.0 725 49.53965873500003 7.88 0.0001210100387223538 0.12902087768463077 True False -0.0623699610146077 37.487131741902665 -18.72565599139092 -1.3625014958031827 30.081441822654213 -15.033065398260007
889 88 720.0 725 50.01473445700003 7.88 0.0001210100387223538 0.12902087768463077 False True -0.0623699610146077 37.487131741902665 -18.72565599139092 -1.3625014958031827 30.081441822654213 -15.033065398260007
889 89 732.0 737 50.730248654000036 7.88 0.0001210100387223538 0.17368874420585964 True False -0.0623699610146077 37.487131741902665 -18.72565599139092 -1.3625014958031827 30.081441822654213 -15.033065398260007
889 90 732.0 737 51.160844765000036 7.88 0.0001210100387223538 0.17368874420585964 False True -0.0623699610146077 37.487131741902665 -18.72565599139092 -1.3625014958031827 30.081441822654213 -15.033065398260007
889 91 744.0 749 51.94079813900004 7.88 0.0001210100387223538 0.09171318157344385 True False -0.0623699610146077 37.487131741902665 -18.72565599139092 -1.3625014958031827 30.081441822654213 -15.033065398260007
889 92 744.0 749 52.423214168000044 7.88 0.0001210100387223538 0.09171318157344385 False True -0.0623699610146077 37.487131741902665 -18.72565599139092 -1.3625014958031827 30.081441822654213 -15.033065398260007
889 93 756.0 761 53.18054737800004 7.88 0.0001210100387223538 0.08821056166852365 True False -0.0623699610146077 37.487131741902665 -18.72565599139092 -1.3625014958031827 30.081441822654213 -15.033065398260007
889 94 756.0 761 53.67562582000005 7.88 0.0001210100387223538 0.08821056166852365 False True -0.0623699610146077 37.487131741902665 -18.72565599139092 -1.3625014958031827 30.081441822654213 -15.033065398260007
889 95 768.0 773 54.418716870000054 7.88 0.0001210100387223538 0.12488993219223642 True False -0.0623699610146077 37.487131741902665 -18.72565599139092 -1.3625014958031827 30.081441822654213 -15.033065398260007
889 96 768.0 774 54.855383124000056 7.88 0.0001210100387223538 0.12488993219223642 False True -0.0623699610146077 37.487131741902665 -18.72565599139092 -1.3625014958031827 30.081441822654213 -15.033065398260007
889 97 780.0 786 55.59533669900006 7.88 0.0001210100387223538 0.0003560280003800892 True False -0.0623699610146077 37.487131741902665 -18.72565599139092 -1.3625014958031827 30.081441822654213 -15.033065398260007
889 98 780.0 786 56.078835283000046 7.88 0.0001210100387223538 0.0003560280003800892 False True -0.0623699610146077 37.487131741902665 -18.72565599139092 -1.3625014958031827 30.081441822654213 -15.033065398260007
889 99 792.0 798 56.814385008000045 7.88 0.0001210100387223538 2.3258846797687244e-06 True False -0.0623699610146077 37.487131741902665 -18.72565599139092 -1.3625014958031827 30.081441822654213 -15.033065398260007
889 100 792.0 798 57.25402276800004 7.88 0.0001210100387223538 2.3258846797687244e-06 False True -0.0623699610146077 37.487131741902665 -18.72565599139092 -1.3625014958031827 30.081441822654213 -15.033065398260007
889 101 804.0 810 57.99894471800005 7.88 0.0001210100387223538 0.40328218291839024 True False -0.0623699610146077 37.487131741902665 -18.72565599139092 -1.3625014958031827 30.081441822654213 -15.033065398260007
889 102 804.0 810 58.47738944000005 7.88 0.0001210100387223538 0.40328218291839024 False True -0.0623699610146077 37.487131741902665 -18.72565599139092 -1.3625014958031827 30.081441822654213 -15.033065398260007
889 103 816.0 822 59.20239342800005 7.88 0.0001210100387223538 0.3010642947173677 True False -0.0623699610146077 37.487131741902665 -18.72565599139092 -1.3625014958031827 30.081441822654213 -15.033065398260007
889 104 816.0 822 59.65904279500003 7.88 0.0001210100387223538 0.3010642947173677 False True -0.0623699610146077 37.487131741902665 -18.72565599139092 -1.3625014958031827 30.081441822654213 -15.033065398260007
889 105 828.0 834 60.35896882700001 7.88 0.0001210100387223538 0.5238420343786458 True False -0.0623699610146077 37.487131741902665 -18.72565599139092 -1.3625014958031827 30.081441822654213 -15.033065398260007
889 106 828.0 834 60.80065658699999 7.88 0.0001210100387223538 0.5238420343786458 False True -0.0623699610146077 37.487131741902665 -18.72565599139092 -1.3625014958031827 30.081441822654213 -15.033065398260007
889 107 840.0 846 61.534315720999984 7.88 0.0001210100387223538 0.009041055953461297 True False -0.0623699610146077 37.487131741902665 -18.72565599139092 -1.3625014958031827 30.081441822654213 -15.033065398260007
889 108 840.0 846 61.98230286699999 7.88 0.0001210100387223538 0.009041055953461297 False True -0.0623699610146077 37.487131741902665 -18.72565599139092 -1.3625014958031827 30.081441822654213 -15.033065398260007
889 109 852.0 858 62.77432019699998 7.88 0.0001210100387223538 0.010548320503320763 True False -0.0623699610146077 37.487131741902665 -18.72565599139092 -1.3625014958031827 30.081441822654213 -15.033065398260007
889 110 852.0 858 63.235402292 7.88 0.0001210100387223538 0.010548320503320763 False True -0.0623699610146077 37.487131741902665 -18.72565599139092 -1.3625014958031827 30.081441822654213 -15.033065398260007
889 111 864.0 870 63.97458218100002 7.7299999999999995 0.010548320503320763 0.007649409407551177 True False -0.0623699610146077 37.487131741902665 -18.72565599139092 -1.3625014958031827 30.081441822654213 -15.033065398260007
889 112 864.0 870 64.42082534 7.7299999999999995 0.010548320503320763 0.007649409407551177 False True -0.0623699610146077 37.487131741902665 -18.72565599139092 -1.3625014958031827 30.081441822654213 -15.033065398260007
889 113 876.0 882 65.19715133999998 7.88 0.0001210100387223538 0.01217106490774432 True False -0.0623699610146077 37.487131741902665 -18.72565599139092 -1.3625014958031827 30.081441822654213 -15.033065398260007
889 114 876.0 882 65.69355505299995 7.88 0.0001210100387223538 0.01217106490774432 False True -0.0623699610146077 37.487131741902665 -18.72565599139092 -1.3625014958031827 30.081441822654213 -15.033065398260007
889 115 888.0 894 66.47943262599995 7.88 0.0001210100387223538 0.19966065995607088 True False -0.0623699610146077 37.487131741902665 -18.72565599139092 -1.3625014958031827 30.081441822654213 -15.033065398260007
889 116 888.0 895 66.97395015099994 7.88 0.0001210100387223538 0.19966065995607088 False True -0.0623699610146077 37.487131741902665 -18.72565599139092 -1.3625014958031827 30.081441822654213 -15.033065398260007
889 117 900.0 907 67.68174946199991 7.7299999999999995 0.010548320503320763 0.10344436183979334 True False -0.0623699610146077 37.487131741902665 -18.72565599139092 -1.3625014958031827 30.081441822654213 -15.033065398260007
889 118 900.0 907 68.11418391399991 7.7299999999999995 0.010548320503320763 0.10344436183979334 False True -0.0623699610146077 37.487131741902665 -18.72565599139092 -1.3625014958031827 30.081441822654213 -15.033065398260007
889 119 912.0 919 68.81553280499992 7.74 0.009041055953461297 0.0001210100387223538 False True -0.0623699610146077 37.487131741902665 -18.72565599139092 -1.3625014958031827 30.081441822654213 -15.033065398260007
889 120 916.0 923 69.49901922499993 7.88 0.0001210100387223538 0.09962409547895489 True False -0.0623699610146077 37.487131741902665 -18.72565599139092 -1.3625014958031827 30.081441822654213 -15.033065398260007
889 121 916.0 923 69.91375236799993 7.88 0.0001210100387223538 0.09962409547895489 False True -0.0623699610146077 37.487131741902665 -18.72565599139092 -1.3625014958031827 30.081441822654213 -15.033065398260007
889 122 928.0 935 70.61603459899993 7.88 0.0001210100387223538 0.08955434412109768 True False -0.0623699610146077 37.487131741902665 -18.72565599139092 -1.3625014958031827 30.081441822654213 -15.033065398260007
889 123 928.0 935 71.05272725199993 7.88 0.0001210100387223538 0.08955434412109768 False True -0.0623699610146077 37.487131741902665 -18.72565599139092 -1.3625014958031827 30.081441822654213 -15.033065398260007
889 124 940.0 947 71.73437621599993 8.26 0.08955434412109768 0.053704128694002984 True False -0.0623699610146077 37.487131741902665 -18.72565599139092 -1.3625014958031827 30.081441822654213 -15.033065398260007
889 125 940.0 947 72.13963654799991 8.26 0.08955434412109768 0.053704128694002984 False True -0.0623699610146077 37.487131741902665 -18.72565599139092 -1.3625014958031827 30.081441822654213 -15.033065398260007
889 126 952.0 959 72.85179669199991 8.26 0.08955434412109768 0.0006912420182465053 True False -0.0623699610146077 37.487131741902665 -18.72565599139092 -1.3625014958031827 30.081441822654213 -15.033065398260007
889 127 952.0 959 73.3005995069999 8.26 0.08955434412109768 0.0006912420182465053 False True -0.0623699610146077 37.487131741902665 -18.72565599139092 -1.3625014958031827 30.081441822654213 -15.033065398260007
889 128 964.0 971 74.01891126899991 8.26 0.08955434412109768 0.13952230863871948 True False -0.0623699610146077 37.487131741902665 -18.72565599139092 -1.3625014958031827 30.081441822654213 -15.033065398260007
889 129 964.0 971 74.47567979199991 8.26 0.08955434412109768 0.13952230863871948 False True -0.0623699610146077 37.487131741902665 -18.72565599139092 -1.3625014958031827 30.081441822654213 -15.033065398260007
889 130 976.0 983 75.15832675099992 8.26 0.08955434412109768 0.1450878217242955 True False -0.0623699610146077 37.487131741902665 -18.72565599139092 -1.3625014958031827 30.081441822654213 -15.033065398260007
889 131 976.0 983 75.57396729799993 8.26 0.08955434412109768 0.1450878217242955 False True -0.0623699610146077 37.487131741902665 -18.72565599139092 -1.3625014958031827 30.081441822654213 -15.033065398260007
889 132 988.0 995 76.27151049699992 8.26 0.08955434412109768 0.0956760028263454 True False -0.0623699610146077 37.487131741902665 -18.72565599139092 -1.3625014958031827 30.081441822654213 -15.033065398260007
889 133 988.0 995 76.71351824699994 8.26 0.08955434412109768 0.0956760028263454 False True -0.0623699610146077 37.487131741902665 -18.72565599139092 -1.3625014958031827 30.081441822654213 -15.033065398260007
889 134 1000.0 1007 77.39533981399995 7.56 0.053682946481334155 0.08513753677991533 True False -0.0623699610146077 37.487131741902665 -18.72565599139092 -1.3625014958031827 30.081441822654213 -15.033065398260007
889 135 1000.0 1007 77.81097285199996 7.56 0.053682946481334155 0.08513753677991533 False True -0.0623699610146077 37.487131741902665 -18.72565599139092 -1.3625014958031827 30.081441822654213 -15.033065398260007
889 136 1012.0 1019 78.45675107099996 7.56 0.053682946481334155 0.043730988624381434 True False -0.0623699610146077 37.487131741902665 -18.72565599139092 -1.3625014958031827 30.081441822654213 -15.033065398260007
889 137 1012.0 1020 78.87608109999996 7.56 0.053682946481334155 0.043730988624381434 False True -0.0623699610146077 37.487131741902665 -18.72565599139092 -1.3625014958031827 30.081441822654213 -15.033065398260007
889 138 1024.0 1032 79.54493271199996 7.88 0.0001210100387223538 0.33419695238692837 True False -0.0623699610146077 37.487131741902665 -18.72565599139092 -1.3625014958031827 30.081441822654213 -15.033065398260007
889 139 1024.0 1032 79.94569837199998 7.88 0.0001210100387223538 0.33419695238692837 False True -0.0623699610146077 37.487131741902665 -18.72565599139092 -1.3625014958031827 30.081441822654213 -15.033065398260007
889 140 1036.0 1044 80.62182409399998 7.88 0.0001210100387223538 0.34789888911415384 False True -0.0623699610146077 37.487131741902665 -18.72565599139092 -1.3625014958031827 30.081441822654213 -15.033065398260007
889 141 1048.0 1056 81.28830683099997 7.88 0.0001210100387223538 0.11848874021783252 True False -0.0623699610146077 37.487131741902665 -18.72565599139092 -1.3625014958031827 30.081441822654213 -15.033065398260007
889 142 1048.0 1056 81.70411389999995 7.88 0.0001210100387223538 0.11848874021783252 False True -0.0623699610146077 37.487131741902665 -18.72565599139092 -1.3625014958031827 30.081441822654213 -15.033065398260007
889 143 1060.0 1068 82.36668474599998 7.54 0.060901274373843454 2.3258846797687244e-06 False True -0.0623699610146077 37.487131741902665 -18.72565599139092 -1.3625014958031827 30.081441822654213 -15.033065398260007
889 144 1064.0 1072 83.06136567699997 7.87 2.3258846797687244e-06 0.09363715588820248 True False -0.0623699610146077 37.487131741902665 -18.72565599139092 -1.3625014958031827 30.081441822654213 -15.033065398260007
889 145 1064.0 1072 83.50703076699995 7.87 2.3258846797687244e-06 0.09363715588820248 False True -0.0623699610146077 37.487131741902665 -18.72565599139092 -1.3625014958031827 30.081441822654213 -15.033065398260007
889 146 1076.0 1084 84.18337902599995 7.87 2.3258846797687244e-06 0.00242947188196686 True False -0.0623699610146077 37.487131741902665 -18.72565599139092 -1.3625014958031827 30.081441822654213 -15.033065398260007
889 147 1076.0 1084 84.58766883399997 7.87 2.3258846797687244e-06 0.00242947188196686 False True -0.0623699610146077 37.487131741902665 -18.72565599139092 -1.3625014958031827 30.081441822654213 -15.033065398260007
889 148 1088.0 1096 85.24656170999998 7.88 0.0001210100387223538 0.22965668490032473 True False -0.0623699610146077 37.487131741902665 -18.72565599139092 -1.3625014958031827 30.081441822654213 -15.033065398260007
889 149 1088.0 1096 85.65971616599998 7.88 0.0001210100387223538 0.22965668490032473 False True -0.0623699610146077 37.487131741902665 -18.72565599139092 -1.3625014958031827 30.081441822654213 -15.033065398260007
889 150 1100.0 1108 86.31879090099997 7.58 0.04691012754740356 0.05723659181955887 False True -0.0623699610146077 37.487131741902665 -18.72565599139092 -1.3625014958031827 30.081441822654213 -15.033065398260007
889 151 1104.0 1112 86.99978321199995 7.58 0.04691012754740356 0.0017337861497502714 True False -0.0623699610146077 37.487131741902665 -18.72565599139092 -1.3625014958031827 30.081441822654213 -15.033065398260007
889 152 1104.0 1112 87.42030339799993 7.58 0.04691012754740356 0.0017337861497502714 False True -0.0623699610146077 37.487131741902665 -18.72565599139092 -1.3625014958031827 30.081441822654213 -15.033065398260007
889 153 1116.0 1124 88.08294068699993 7.58 0.04691012754740356 0.6434613028984777 True False -0.0623699610146077 37.487131741902665 -18.72565599139092 -1.3625014958031827 30.081441822654213 -15.033065398260007
889 154 1116.0 1124 88.50439084099995 7.58 0.04691012754740356 0.6434613028984777 False True -0.0623699610146077 37.487131741902665 -18.72565599139092 -1.3625014958031827 30.081441822654213 -15.033065398260007
889 155 1128.0 1136 89.14459158799994 7.58 0.04691012754740356 0.3825340947293036 True False -0.0623699610146077 37.487131741902665 -18.72565599139092 -1.3625014958031827 30.081441822654213 -15.033065398260007
889 156 1128.0 1136 89.54123342499994 7.58 0.04691012754740356 0.3825340947293036 False True -0.0623699610146077 37.487131741902665 -18.72565599139092 -1.3625014958031827 30.081441822654213 -15.033065398260007
889 157 1140.0 1148 90.20407082199992 7.58 0.04691012754740356 0.07671135741081005 True False -0.0623699610146077 37.487131741902665 -18.72565599139092 -1.3625014958031827 30.081441822654213 -15.033065398260007
889 158 1140.0 1148 90.63529881699992 7.58 0.04691012754740356 0.07671135741081005 False True -0.0623699610146077 37.487131741902665 -18.72565599139092 -1.3625014958031827 30.081441822654213 -15.033065398260007
889 159 1152.0 1160 91.30045486799992 7.58 0.04691012754740356 0.004206310472373527 True False -0.0623699610146077 37.487131741902665 -18.72565599139092 -1.3625014958031827 30.081441822654213 -15.033065398260007
889 160 1152.0 1161 91.71034769399992 7.58 0.04691012754740356 0.004206310472373527 False True -0.0623699610146077 37.487131741902665 -18.72565599139092 -1.3625014958031827 30.081441822654213 -15.033065398260007
889 161 1164.0 1173 92.3546862389999 7.58 0.04691012754740356 0.005254003458056668 True False -0.0623699610146077 37.487131741902665 -18.72565599139092 -1.3625014958031827 30.081441822654213 -15.033065398260007
889 162 1164.0 1173 92.77030132299993 7.58 0.04691012754740356 0.005254003458056668 False True -0.0623699610146077 37.487131741902665 -18.72565599139092 -1.3625014958031827 30.081441822654213 -15.033065398260007
889 163 1176.0 1185 93.42716219499991 7.58 0.04691012754740356 0.0032744545783756334 True False -0.0623699610146077 37.487131741902665 -18.72565599139092 -1.3625014958031827 30.081441822654213 -15.033065398260007
889 164 1176.0 1185 93.82719238099992 7.58 0.04691012754740356 0.0032744545783756334 False True -0.0623699610146077 37.487131741902665 -18.72565599139092 -1.3625014958031827 30.081441822654213 -15.033065398260007
889 165 1188.0 1197 94.49414017699993 7.95 0.004206310472373527 0.0003560280003800892 False True -0.0623699610146077 37.487131741902665 -18.72565599139092 -1.3625014958031827 30.081441822654213 -15.033065398260007
889 166 1192.0 1201 95.16753920999992 7.95 0.004206310472373527 0.0076964196435960865 True False -0.0623699610146077 37.487131741902665 -18.72565599139092 -1.3625014958031827 30.081441822654213 -15.033065398260007
889 167 1192.0 1201 95.5728689929999 7.95 0.004206310472373527 0.0076964196435960865 False True -0.0623699610146077 37.487131741902665 -18.72565599139092 -1.3625014958031827 30.081441822654213 -15.033065398260007
889 168 1204.0 1213 96.23046600699988 7.9799999999999995 0.0076964196435960865 0.508975791397877 True False -0.0623699610146077 37.487131741902665 -18.72565599139092 -1.3625014958031827 30.081441822654213 -15.033065398260007
889 169 1204.0 1213 96.63175842699988 7.9799999999999995 0.0076964196435960865 0.4189197511278935 True False -0.0623699610146077 37.487131741902665 -18.72565599139092 -1.3625014958031827 30.081441822654213 -15.033065398260007
889 170 1204.0 1213 97.0484188429999 7.9799999999999995 0.0076964196435960865 0.4189197511278935 False True -0.0623699610146077 37.487131741902665 -18.72565599139092 -1.3625014958031827 30.081441822654213 -15.033065398260007
889 171 1216.0 1225 97.73209772399991 7.9799999999999995 0.0076964196435960865 0.004206310472373527 False True -0.0623699610146077 37.487131741902665 -18.72565599139092 -1.3625014958031827 30.081441822654213 -15.033065398260007
889 172 1220.0 1229 98.41344085799992 7.9799999999999995 0.0076964196435960865 0.004206310472373527 False True -0.0623699610146077 37.487131741902665 -18.72565599139092 -1.3625014958031827 30.081441822654213 -15.033065398260007
889 173 1224.0 1233 99.0730863009999 7.95 0.004206310472373527 0.0076964196435960865 False True -0.0623699610146077 37.487131741902665 -18.72565599139092 -1.3625014958031827 30.081441822654213 -15.033065398260007
889 174 1228.0 1237 99.77113561399992 7.95 0.004206310472373527 0.08127269247681998 True False -0.0623699610146077 37.487131741902665 -18.72565599139092 -1.3625014958031827 30.081441822654213 -15.033065398260007
889 175 1228.0 1237 100.19376188299992 7.95 0.004206310472373527 0.08127269247681998 False True -0.0623699610146077 37.487131741902665 -18.72565599139092 -1.3625014958031827 30.081441822654213 -15.033065398260007
889 176 1240.0 1249 100.87503125099991 7.95 0.004206310472373527 0.0646726904346381 True False -0.0623699610146077 37.487131741902665 -18.72565599139092 -1.3625014958031827 30.081441822654213 -15.033065398260007
889 177 1240.0 1249 101.3057443079999 7.95 0.004206310472373527 0.0646726904346381 False True -0.0623699610146077 37.487131741902665 -18.72565599139092 -1.3625014958031827 30.081441822654213 -15.033065398260007
889 178 1252.0 1261 101.96817410999992 7.95 0.004206310472373527 0.13173592540409507 True False -0.0623699610146077 37.487131741902665 -18.72565599139092 -1.3625014958031827 30.081441822654213 -15.033065398260007
889 179 1252.0 1261 102.37310056899992 7.95 0.004206310472373527 0.13173592540409507 False True -0.0623699610146077 37.487131741902665 -18.72565599139092 -1.3625014958031827 30.081441822654213 -15.033065398260007
889 180 1264.0 1273 103.06623965599991 7.95 0.004206310472373527 0.12825750156039697 True False -0.0623699610146077 37.487131741902665 -18.72565599139092 -1.3625014958031827 30.081441822654213 -15.033065398260007
889 181 1264.0 1273 103.5074154989999 7.95 0.004206310472373527 0.12825750156039697 False True -0.0623699610146077 37.487131741902665 -18.72565599139092 -1.3625014958031827 30.081441822654213 -15.033065398260007
889 182 1276.0 1285 104.20647477499989 7.95 0.004206310472373527 0.1476816012753522 True False -0.0623699610146077 37.487131741902665 -18.72565599139092 -1.3625014958031827 30.081441822654213 -15.033065398260007
889 183 1276.0 1286 104.6097661119999 7.95 0.004206310472373527 0.1476816012753522 False True -0.0623699610146077 37.487131741902665 -18.72565599139092 -1.3625014958031827 30.081441822654213 -15.033065398260007
889 184 1288.0 1298 105.27287255999991 7.95 0.004206310472373527 0.28438093752172805 True False -0.0623699610146077 37.487131741902665 -18.72565599139092 -1.3625014958031827 30.081441822654213 -15.033065398260007
889 185 1288.0 1298 105.69331667299991 7.95 0.004206310472373527 0.28438093752172805 False True -0.0623699610146077 37.487131741902665 -18.72565599139092 -1.3625014958031827 30.081441822654213 -15.033065398260007
889 186 1300.0 1310 106.4106806659999 7.95 0.004206310472373527 0.15915721515637574 True False -0.0623699610146077 37.487131741902665 -18.72565599139092 -1.3625014958031827 30.081441822654213 -15.033065398260007
889 187 1300.0 1310 106.8529816619999 7.95 0.004206310472373527 0.15915721515637574 False True -0.0623699610146077 37.487131741902665 -18.72565599139092 -1.3625014958031827 30.081441822654213 -15.033065398260007
889 188 1312.0 1322 107.54966558099991 7.95 0.004206310472373527 0.019872730441482057 True False -0.0623699610146077 37.487131741902665 -18.72565599139092 -1.3625014958031827 30.081441822654213 -15.033065398260007
889 189 1312.0 1322 107.96958895499992 7.95 0.004206310472373527 0.019872730441482057 False True -0.0623699610146077 37.487131741902665 -18.72565599139092 -1.3625014958031827 30.081441822654213 -15.033065398260007
889 190 1324.0 1334 108.64725919199992 7.95 0.004206310472373527 0.010600625360399556 True False -0.0623699610146077 37.487131741902665 -18.72565599139092 -1.3625014958031827 30.081441822654213 -15.033065398260007
889 191 1324.0 1334 109.06547507399992 7.95 0.004206310472373527 0.010600625360399556 False True -0.0623699610146077 37.487131741902665 -18.72565599139092 -1.3625014958031827 30.081441822654213 -15.033065398260007
889 192 1336.0 1346 109.76526461699993 7.95 0.004206310472373527 0.11314678779840312 True False -0.0623699610146077 37.487131741902665 -18.72565599139092 -1.3625014958031827 30.081441822654213 -15.033065398260007
889 193 1336.0 1346 110.20994341799994 7.95 0.004206310472373527 0.11314678779840312 False True -0.0623699610146077 37.487131741902665 -18.72565599139092 -1.3625014958031827 30.081441822654213 -15.033065398260007
889 194 1348.0 1358 110.90907134699992 7.95 0.004206310472373527 0.09870822698463923 True False -0.0623699610146077 37.487131741902665 -18.72565599139092 -1.3625014958031827 30.081441822654213 -15.033065398260007
889 195 1348.0 1358 111.32676687299991 7.95 0.004206310472373527 0.09870822698463923 False True -0.0623699610146077 37.487131741902665 -18.72565599139092 -1.3625014958031827 30.081441822654213 -15.033065398260007
889 196 1360.0 1370 111.99193663199992 7.95 0.004206310472373527 0.04694417264149375 True False -0.0623699610146077 37.487131741902665 -18.72565599139092 -1.3625014958031827 30.081441822654213 -15.033065398260007
889 197 1360.0 1370 112.41281383299992 7.95 0.004206310472373527 0.04694417264149375 False True -0.0623699610146077 37.487131741902665 -18.72565599139092 -1.3625014958031827 30.081441822654213 -15.033065398260007
889 198 1372.0 1382 113.12639149599991 7.58 0.04691012754740356 0.0 False True -0.0623699610146077 37.487131741902665 -18.72565599139092 -1.3625014958031827 30.081441822654213 -15.033065398260007
889 199 1376.0 1386 113.8265687139999 7.86 0.0 0.0646726904346381 False True -0.0623699610146077 37.487131741902665 -18.72565599139092 -1.3625014958031827 30.081441822654213 -15.033065398260007
889 200 1380.0 1390 114.5070994859999 7.86 0.0 0.0646726904346381 False True -0.0623699610146077 37.487131741902665 -18.72565599139092 -1.3625014958031827 30.081441822654213 -15.033065398260007
889 201 1384.0 1394 115.20885115299993 7.86 0.0 0.0076964196435960865 False True -0.0623699610146077 37.487131741902665 -18.72565599139092 -1.3625014958031827 30.081441822654213 -15.033065398260007
889 202 1388.0 1398 115.90942722299994 7.86 0.0 0.05723659181955887 False True -0.0623699610146077 37.487131741902665 -18.72565599139092 -1.3625014958031827 30.081441822654213 -15.033065398260007
889 203 1392.0 1402 116.58559381599994 7.86 0.0 0.07722134151267472 True False -0.0623699610146077 37.487131741902665 -18.72565599139092 -1.3625014958031827 30.081441822654213 -15.033065398260007
889 204 1392.0 1402 116.99255409399996 7.86 0.0 0.07722134151267472 False True -0.0623699610146077 37.487131741902665 -18.72565599139092 -1.3625014958031827 30.081441822654213 -15.033065398260007
889 205 1404.0 1414 117.69163647699995 7.86 0.0 0.07763974095994816 True False -0.0623699610146077 37.487131741902665 -18.72565599139092 -1.3625014958031827 30.081441822654213 -15.033065398260007
889 206 1404.0 1414 118.14595578999996 7.86 0.0 0.07763974095994816 False True -0.0623699610146077 37.487131741902665 -18.72565599139092 -1.3625014958031827 30.081441822654213 -15.033065398260007
889 207 1416.0 1426 118.84362754899996 7.86 0.0 0.07722134151267472 False True -0.0623699610146077 37.487131741902665 -18.72565599139092 -1.3625014958031827 30.081441822654213 -15.033065398260007
889 208 1420.0 1430 119.50430407199994 7.86 0.0 0.07722134151267472 False True -0.0623699610146077 37.487131741902665 -18.72565599139092 -1.3625014958031827 30.081441822654213 -15.033065398260007
889 209 1424.0 1434 120.19159415199994 1.54 0.07763974095994816 0.0 False True -0.0623699610146077 37.487131741902665 -18.72565599139092 -1.3625014958031827 30.081441822654213 -15.033065398260007
889 210 1428.0 1438 120.92658672699994 1.54 0.07763974095994816 0.07817445919363478 True False -0.0623699610146077 37.487131741902665 -18.72565599139092 -1.3625014958031827 30.081441822654213 -15.033065398260007
889 211 1428.0 1439 121.34092606199994 1.54 0.07763974095994816 0.07817445919363478 False True -0.0623699610146077 37.487131741902665 -18.72565599139092 -1.3625014958031827 30.081441822654213 -15.033065398260007
889 212 1440.0 1451 122.00039830399996 1.54 0.07763974095994816 2.3258846797687244e-06 False True -0.0623699610146077 37.487131741902665 -18.72565599139092 -1.3625014958031827 30.081441822654213 -15.033065398260007
889 213 1444.0 1455 122.68626789399997 8.26 0.08955434412109768 0.0646726904346381 False True -0.0623699610146077 37.487131741902665 -18.72565599139092 -1.3625014958031827 30.081441822654213 -15.033065398260007
889 214 1448.0 1459 123.36693674399996 8.26 0.08955434412109768 0.0032413612897366343 True False -0.0623699610146077 37.487131741902665 -18.72565599139092 -1.3625014958031827 30.081441822654213 -15.033065398260007
889 215 1448.0 1459 123.78451570799996 8.26 0.08955434412109768 0.0032413612897366343 False True -0.0623699610146077 37.487131741902665 -18.72565599139092 -1.3625014958031827 30.081441822654213 -15.033065398260007
889 216 1460.0 1471 124.44837383299995 8.26 0.08955434412109768 0.0007073436733609488 True False -0.0623699610146077 37.487131741902665 -18.72565599139092 -1.3625014958031827 30.081441822654213 -15.033065398260007
889 217 1460.0 1471 124.86000454699993 8.26 0.08955434412109768 0.0007073436733609488 False True -0.0623699610146077 37.487131741902665 -18.72565599139092 -1.3625014958031827 30.081441822654213 -15.033065398260007
889 218 1472.0 1483 125.54224621199995 8.26 0.08955434412109768 0.12869720496703563 True False -0.0623699610146077 37.487131741902665 -18.72565599139092 -1.3625014958031827 30.081441822654213 -15.033065398260007
889 219 1472.0 1483 125.98307387499995 8.26 0.08955434412109768 0.12869720496703563 False True -0.0623699610146077 37.487131741902665 -18.72565599139092 -1.3625014958031827 30.081441822654213 -15.033065398260007
889 220 1484.0 1495 126.68111379599995 8.26 0.08955434412109768 0.09881806083507651 True False -0.0623699610146077 37.487131741902665 -18.72565599139092 -1.3625014958031827 30.081441822654213 -15.033065398260007
889 221 1484.0 1495 127.08774698499997 8.26 0.08955434412109768 0.09881806083507651 False True -0.0623699610146077 37.487131741902665 -18.72565599139092 -1.3625014958031827 30.081441822654213 -15.033065398260007
889 222 1496.0 1507 127.76116094099996 8.26 0.08955434412109768 0.10357183640661748 True False -0.0623699610146077 37.487131741902665 -18.72565599139092 -1.3625014958031827 30.081441822654213 -15.033065398260007
889 223 1496.0 1507 128.18363580899995 8.26 0.08955434412109768 0.10357183640661748 False True -0.0623699610146077 37.487131741902665 -18.72565599139092 -1.3625014958031827 30.081441822654213 -15.033065398260007
889 224 1508.0 1519 128.88629089699995 8.26 0.08955434412109768 1.2695522299156488 True False -0.0623699610146077 37.487131741902665 -18.72565599139092 -1.3625014958031827 30.081441822654213 -15.033065398260007
889 225 1508.0 1519 129.32456025099995 8.26 0.08955434412109768 1.2695522299156488 False True -0.0623699610146077 37.487131741902665 -18.72565599139092 -1.3625014958031827 30.081441822654213 -15.033065398260007
889 226 1520.0 1531 130.02122966899995 8.26 0.08955434412109768 0.18686456161092488 True False -0.0623699610146077 37.487131741902665 -18.72565599139092 -1.3625014958031827 30.081441822654213 -15.033065398260007
889 227 1520.0 1531 130.44268688999995 8.26 0.08955434412109768 0.18686456161092488 False True -0.0623699610146077 37.487131741902665 -18.72565599139092 -1.3625014958031827 30.081441822654213 -15.033065398260007
889 228 1532.0 1543 131.12210339699996 8.26 0.08955434412109768 0.09782953030931574 True False -0.0623699610146077 37.487131741902665 -18.72565599139092 -1.3625014958031827 30.081441822654213 -15.033065398260007
889 229 1532.0 1543 131.53979988299997 8.26 0.08955434412109768 0.09782953030931574 False True -0.0623699610146077 37.487131741902665 -18.72565599139092 -1.3625014958031827 30.081441822654213 -15.033065398260007
889 230 1544.0 1555 132.24318107199997 1.3900000000000001 0.09782953030931574 0.08955434412109768 False True -0.0623699610146077 37.487131741902665 -18.72565599139092 -1.3625014958031827 30.081441822654213 -15.033065398260007
889 231 1548.0 1559 132.94544808799998 1.3900000000000001 0.09782953030931574 0.08955434412109768 False True -0.0623699610146077 37.487131741902665 -18.72565599139092 -1.3625014958031827 30.081441822654213 -15.033065398260007
889 232 1552.0 1563 133.624980836 1.3900000000000001 0.09782953030931574 0.08955434412109768 False True -0.0623699610146077 37.487131741902665 -18.72565599139092 -1.3625014958031827 30.081441822654213 -15.033065398260007
889 233 1556.0 1567 134.326688734 8.26 0.08955434412109768 0.17488334777975054 True False -0.0623699610146077 37.487131741902665 -18.72565599139092 -1.3625014958031827 30.081441822654213 -15.033065398260007
889 234 1556.0 1567 134.779665973 8.26 0.08955434412109768 0.17488334777975054 False True -0.0623699610146077 37.487131741902665 -18.72565599139092 -1.3625014958031827 30.081441822654213 -15.033065398260007
889 235 1568.0 1579 135.479877579 8.26 0.08955434412109768 0.5851545976042012 True False -0.0623699610146077 37.487131741902665 -18.72565599139092 -1.3625014958031827 30.081441822654213 -15.033065398260007
889 236 1568.0 1580 135.881620186 8.26 0.08955434412109768 0.5851545976042012 False True -0.0623699610146077 37.487131741902665 -18.72565599139092 -1.3625014958031827 30.081441822654213 -15.033065398260007
889 237 1580.0 1592 136.602127274 8.26 0.08955434412109768 0.09782953030931574 False True -0.0623699610146077 37.487131741902665 -18.72565599139092 -1.3625014958031827 30.081441822654213 -15.033065398260007
889 238 1584.0 1596 137.299949277 8.26 0.08955434412109768 0.02438204976198831 True False -0.0623699610146077 37.487131741902665 -18.72565599139092 -1.3625014958031827 30.081441822654213 -15.033065398260007
889 239 1584.0 1596 137.743352101 8.26 0.08955434412109768 0.02438204976198831 False True -0.0623699610146077 37.487131741902665 -18.72565599139092 -1.3625014958031827 30.081441822654213 -15.033065398260007
889 240 1596.0 1608 138.442319701 8.26 0.08955434412109768 0.9454310047672793 True False -0.0623699610146077 37.487131741902665 -18.72565599139092 -1.3625014958031827 30.081441822654213 -15.033065398260007
889 241 1596.0 1608 138.846991667 8.26 0.08955434412109768 0.9454310047672793 False True -0.0623699610146077 37.487131741902665 -18.72565599139092 -1.3625014958031827 30.081441822654213 -15.033065398260007
889 242 1608.0 1620 139.522071794 8.26 0.08955434412109768 0.07666313266408006 True False -0.0623699610146077 37.487131741902665 -18.72565599139092 -1.3625014958031827 30.081441822654213 -15.033065398260007
889 243 1608.0 1620 139.942201284 8.26 0.08955434412109768 0.07666313266408006 False True -0.0623699610146077 37.487131741902665 -18.72565599139092 -1.3625014958031827 30.081441822654213 -15.033065398260007
889 244 1620.0 1632 140.646330442 8.26 0.08955434412109768 0.508975791397877 False True -0.0623699610146077 37.487131741902665 -18.72565599139092 -1.3625014958031827 30.081441822654213 -15.033065398260007
889 245 1632.0 1644 141.359157661 8.26 0.08955434412109768 1.401025010225188 True False -0.0623699610146077 37.487131741902665 -18.72565599139092 -1.3625014958031827 30.081441822654213 -15.033065398260007
889 246 1632.0 1644 141.766966181 8.26 0.08955434412109768 0.09525477486495472 True False -0.0623699610146077 37.487131741902665 -18.72565599139092 -1.3625014958031827 30.081441822654213 -15.033065398260007
889 247 1632.0 1644 142.20348290399997 8.26 0.08955434412109768 0.09525477486495472 False True -0.0623699610146077 37.487131741902665 -18.72565599139092 -1.3625014958031827 30.081441822654213 -15.033065398260007
889 248 1644.0 1656 142.90021710099998 8.26 0.08955434412109768 0.11545578144199103 True False -0.0623699610146077 37.487131741902665 -18.72565599139092 -1.3625014958031827 30.081441822654213 -15.033065398260007
889 249 1644.0 1656 143.33992385599998 8.26 0.08955434412109768 0.11545578144199103 False True -0.0623699610146077 37.487131741902665 -18.72565599139092 -1.3625014958031827 30.081441822654213 -15.033065398260007
889 250 1656.0 1668 144.09979183299998 8.26 0.08955434412109768 0.0769192908704366 True False -0.0623699610146077 37.487131741902665 -18.72565599139092 -1.3625014958031827 30.081441822654213 -15.033065398260007
889 251 1656.0 1668 144.58373026399997 8.26 0.08955434412109768 0.0769192908704366 False True -0.0623699610146077 37.487131741902665 -18.72565599139092 -1.3625014958031827 30.081441822654213 -15.033065398260007
889 252 1668.0 1680 145.35736486899998 8.26 0.08955434412109768 0.13532484402261 True False -0.0623699610146077 37.487131741902665 -18.72565599139092 -1.3625014958031827 30.081441822654213 -15.033065398260007
889 253 1668.0 1680 145.80119536399997 8.26 0.08955434412109768 0.13532484402261 False True -0.0623699610146077 37.487131741902665 -18.72565599139092 -1.3625014958031827 30.081441822654213 -15.033065398260007
889 254 1680.0 1692 146.53738129299998 8.26 0.08955434412109768 0.1398856518123241 True False -0.0623699610146077 37.487131741902665 -18.72565599139092 -1.3625014958031827 30.081441822654213 -15.033065398260007
889 255 1680.0 1692 146.991066392 8.26 0.08955434412109768 0.1398856518123241 False True -0.0623699610146077 37.487131741902665 -18.72565599139092 -1.3625014958031827 30.081441822654213 -15.033065398260007
889 256 1692.0 1704 147.764258042 8.26 0.08955434412109768 0.0956760028263454 False True -0.0623699610146077 37.487131741902665 -18.72565599139092 -1.3625014958031827 30.081441822654213 -15.033065398260007
889 257 1696.0 1708 148.53806110000002 8.26 0.08955434412109768 0.09782953030931574 False True -0.0623699610146077 37.487131741902665 -18.72565599139092 -1.3625014958031827 30.081441822654213 -15.033065398260007
889 258 1700.0 1712 149.276205499 1.24 0.14372859452572873 0.0001210100387223538 False True -0.0623699610146077 37.487131741902665 -18.72565599139092 -1.3625014958031827 30.081441822654213 -15.033065398260007
889 259 1704.0 1716 150.041795297 1.24 0.14372859452572873 0.004206310472373527 False True -0.0623699610146077 37.487131741902665 -18.72565599139092 -1.3625014958031827 30.081441822654213 -15.033065398260007
889 260 1708.0 1720 150.80469007 1.24 0.14372859452572873 0.004206310472373527 False True -0.0623699610146077 37.487131741902665 -18.72565599139092 -1.3625014958031827 30.081441822654213 -15.033065398260007
889 261 1712.0 1724 151.55085445499998 7.84 0.0003444626994911631 0.05723659181955887 False True -0.0623699610146077 37.487131741902665 -18.72565599139092 -1.3625014958031827 30.081441822654213 -15.033065398260007
889 262 1716.0 1728 152.310533819 7.84 0.0003444626994911631 0.13532484402261 False True -0.0623699610146077 37.487131741902665 -18.72565599139092 -1.3625014958031827 30.081441822654213 -15.033065398260007
889 263 1720.0 1732 153.03325192900002 7.95 0.004206310472373527 0.07817445919363478 False True -0.0623699610146077 37.487131741902665 -18.72565599139092 -1.3625014958031827 30.081441822654213 -15.033065398260007
889 264 1724.0 1736 153.73228869500002 7.95 0.004206310472373527 0.0956760028263454 False True -0.0623699610146077 37.487131741902665 -18.72565599139092 -1.3625014958031827 30.081441822654213 -15.033065398260007
889 265 1728.0 1740 154.45348990100004 7.95 0.004206310472373527 0.05024068116754565 False True -0.0623699610146077 37.487131741902665 -18.72565599139092 -1.3625014958031827 30.081441822654213 -15.033065398260007
889 266 1732.0 1744 155.16945487000004 7.88 0.0001210100387223538 0.006373507452014493 True False -0.0623699610146077 37.487131741902665 -18.72565599139092 -1.3625014958031827 30.081441822654213 -15.033065398260007
889 267 1732.0 1745 155.59027264400004 7.88 0.0001210100387223538 0.006373507452014493 False True -0.0623699610146077 37.487131741902665 -18.72565599139092 -1.3625014958031827 30.081441822654213 -15.033065398260007
889 268 1744.0 1757 156.26826382500002 7.76 0.006373507452014493 0.005213465097656234 True False -0.0623699610146077 37.487131741902665 -18.72565599139092 -1.3625014958031827 30.081441822654213 -15.033065398260007
889 269 1744.0 1757 156.69379859400004 7.76 0.006373507452014493 0.005213465097656234 False True -0.0623699610146077 37.487131741902665 -18.72565599139092 -1.3625014958031827 30.081441822654213 -15.033065398260007
889 270 1756.0 1769 157.40924680500004 7.76 0.006373507452014493 0.21959622546644111 True False -0.0623699610146077 37.487131741902665 -18.72565599139092 -1.3625014958031827 30.081441822654213 -15.033065398260007
889 271 1756.0 1769 157.85171396200002 7.76 0.006373507452014493 0.21959622546644111 False True -0.0623699610146077 37.487131741902665 -18.72565599139092 -1.3625014958031827 30.081441822654213 -15.033065398260007
889 272 1768.0 1781 158.552654794 7.76 0.006373507452014493 0.0001210100387223538 False True -0.0623699610146077 37.487131741902665 -18.72565599139092 -1.3625014958031827 30.081441822654213 -15.033065398260007
889 273 1772.0 1785 159.230907405 7.76 0.006373507452014493 0.0001210100387223538 False True -0.0623699610146077 37.487131741902665 -18.72565599139092 -1.3625014958031827 30.081441822654213 -15.033065398260007
889 274 1776.0 1789 159.93215849600003 7.76 0.006373507452014493 0.07763974095994816 False True -0.0623699610146077 37.487131741902665 -18.72565599139092 -1.3625014958031827 30.081441822654213 -15.033065398260007
889 275 1780.0 1793 160.63427664400004 7.76 0.006373507452014493 0.01576238295197323 True False -0.0623699610146077 37.487131741902665 -18.72565599139092 -1.3625014958031827 30.081441822654213 -15.033065398260007
889 276 1780.0 1793 161.07022736600004 7.76 0.006373507452014493 0.01576238295197323 False True -0.0623699610146077 37.487131741902665 -18.72565599139092 -1.3625014958031827 30.081441822654213 -15.033065398260007
889 277 1792.0 1805 161.75181943700002 7.76 0.006373507452014493 0.005254003458056668 False True -0.0623699610146077 37.487131741902665 -18.72565599139092 -1.3625014958031827 30.081441822654213 -15.033065398260007
889 278 1796.0 1809 162.46975560400003 7.76 0.006373507452014493 0.005254003458056668 False True -0.0623699610146077 37.487131741902665 -18.72565599139092 -1.3625014958031827 30.081441822654213 -15.033065398260007
889 279 1800.0 1813 163.17477517800003 7.76 0.006373507452014493 0.0001210100387223538 False True -0.0623699610146077 37.487131741902665 -18.72565599139092 -1.3625014958031827 30.081441822654213 -15.033065398260007
889 280 1804.0 1817 163.87155541300004 7.76 0.006373507452014493 0.0646726904346381 False True -0.0623699610146077 37.487131741902665 -18.72565599139092 -1.3625014958031827 30.081441822654213 -15.033065398260007
889 281 1808.0 1821 164.59127226700005 8.2 0.0646726904346381 0.0 False True -0.0623699610146077 37.487131741902665 -18.72565599139092 -1.3625014958031827 30.081441822654213 -15.033065398260007
889 282 1812.0 1825 165.31282002200004 8.2 0.0646726904346381 0.06467664023092783 True False -0.0623699610146077 37.487131741902665 -18.72565599139092 -1.3625014958031827 30.081441822654213 -15.033065398260007
889 283 1812.0 1825 165.74576530100003 8.2 0.0646726904346381 0.06467664023092783 False True -0.0623699610146077 37.487131741902665 -18.72565599139092 -1.3625014958031827 30.081441822654213 -15.033065398260007
889 284 1824.0 1837 166.43192529100006 7.53 0.06467664023092783 0.0646726904346381 False True -0.0623699610146077 37.487131741902665 -18.72565599139092 -1.3625014958031827 30.081441822654213 -15.033065398260007
889 285 1828.0 1841 167.15466196300005 7.53 0.06467664023092783 0.24918545425352648 True False -0.0623699610146077 37.487131741902665 -18.72565599139092 -1.3625014958031827 30.081441822654213 -15.033065398260007
889 286 1828.0 1841 167.62582737700006 7.53 0.06467664023092783 0.24918545425352648 False True -0.0623699610146077 37.487131741902665 -18.72565599139092 -1.3625014958031827 30.081441822654213 -15.033065398260007
889 287 1840.0 1853 168.34577750400007 7.53 0.06467664023092783 0.0646726904346381 False True -0.0623699610146077 37.487131741902665 -18.72565599139092 -1.3625014958031827 30.081441822654213 -15.033065398260007
889 288 1844.0 1857 169.03329135500005 7.53 0.06467664023092783 0.0646726904346381 False True -0.0623699610146077 37.487131741902665 -18.72565599139092 -1.3625014958031827 30.081441822654213 -15.033065398260007
889 289 1848.0 1861 169.76688749800005 7.53 0.06467664023092783 0.0646726904346381 False True -0.0623699610146077 37.487131741902665 -18.72565599139092 -1.3625014958031827 30.081441822654213 -15.033065398260007
889 290 1852.0 1865 170.47484526800005 7.53 0.06467664023092783 0.060901274373843454 False True -0.0623699610146077 37.487131741902665 -18.72565599139092 -1.3625014958031827 30.081441822654213 -15.033065398260007
889 291 1856.0 1869 171.17145991000007 7.53 0.06467664023092783 0.09417128983029599 True False -0.0623699610146077 37.487131741902665 -18.72565599139092 -1.3625014958031827 30.081441822654213 -15.033065398260007
889 292 1856.0 1869 171.59403487100008 7.53 0.06467664023092783 0.09417128983029599 False True -0.0623699610146077 37.487131741902665 -18.72565599139092 -1.3625014958031827 30.081441822654213 -15.033065398260007
889 293 1868.0 1881 172.31234856100008 7.53 0.06467664023092783 0.10444875006583877 True False -0.0623699610146077 37.487131741902665 -18.72565599139092 -1.3625014958031827 30.081441822654213 -15.033065398260007
889 294 1868.0 1881 172.7733576740001 7.53 0.06467664023092783 0.10444875006583877 False True -0.0623699610146077 37.487131741902665 -18.72565599139092 -1.3625014958031827 30.081441822654213 -15.033065398260007
889 295 1880.0 1893 173.4947720380001 7.53 0.06467664023092783 0.09417128983029599 False True -0.0623699610146077 37.487131741902665 -18.72565599139092 -1.3625014958031827 30.081441822654213 -15.033065398260007
889 296 1884.0 1897 174.19223994400008 7.53 0.06467664023092783 0.0646726904346381 False True -0.0623699610146077 37.487131741902665 -18.72565599139092 -1.3625014958031827 30.081441822654213 -15.033065398260007
889 297 1888.0 1901 174.93206415300008 7.53 0.06467664023092783 0.009041055953461297 False True -0.0623699610146077 37.487131741902665 -18.72565599139092 -1.3625014958031827 30.081441822654213 -15.033065398260007
889 298 1892.0 1905 175.6514078380001 7.74 0.009041055953461297 0.06467664023092783 False True -0.0623699610146077 37.487131741902665 -18.72565599139092 -1.3625014958031827 30.081441822654213 -15.033065398260007
889 299 1896.0 1909 176.35019490400012 7.74 0.009041055953461297 0.06467664023092783 False True -0.0623699610146077 37.487131741902665 -18.72565599139092 -1.3625014958031827 30.081441822654213 -15.033065398260007
889 300 1900.0 1913 177.07401895700013 7.74 0.009041055953461297 0.06467664023092783 False True -0.0623699610146077 37.487131741902665 -18.72565599139092 -1.3625014958031827 30.081441822654213 -15.033065398260007
889 301 1904.0 1917 177.80727423900012 7.74 0.009041055953461297 0.06467664023092783 False True -0.0623699610146077 37.487131741902665 -18.72565599139092 -1.3625014958031827 30.081441822654213 -15.033065398260007
889 302 1908.0 1921 178.50694586500012 7.53 0.06467664023092783 0.09407806252624318 False True -0.0623699610146077 37.487131741902665 -18.72565599139092 -1.3625014958031827 30.081441822654213 -15.033065398260007
889 303 1912.0 1925 179.23322001100013 7.53 0.06467664023092783 0.18058586392946804 True False -0.0623699610146077 37.487131741902665 -18.72565599139092 -1.3625014958031827 30.081441822654213 -15.033065398260007
889 304 1912.0 1925 179.69180476200015 7.53 0.06467664023092783 0.18058586392946804 False True -0.0623699610146077 37.487131741902665 -18.72565599139092 -1.3625014958031827 30.081441822654213 -15.033065398260007
889 305 1924.0 1937 180.41051234200015 7.53 0.06467664023092783 0.06090651281449674 False True -0.0623699610146077 37.487131741902665 -18.72565599139092 -1.3625014958031827 30.081441822654213 -15.033065398260007
889 306 1928.0 1941 181.09311856700015 7.53 0.06467664023092783 0.19185220542105763 True False -0.0623699610146077 37.487131741902665 -18.72565599139092 -1.3625014958031827 30.081441822654213 -15.033065398260007
889 307 1928.0 1941 181.53062720100013 7.53 0.06467664023092783 0.19185220542105763 False True -0.0623699610146077 37.487131741902665 -18.72565599139092 -1.3625014958031827 30.081441822654213 -15.033065398260007
889 308 1940.0 1953 182.26444944300013 7.53 0.06467664023092783 0.44459733626768605 True False -0.0623699610146077 37.487131741902665 -18.72565599139092 -1.3625014958031827 30.081441822654213 -15.033065398260007
889 309 1940.0 1954 182.71197919900013 7.53 0.06467664023092783 0.44459733626768605 False True -0.0623699610146077 37.487131741902665 -18.72565599139092 -1.3625014958031827 30.081441822654213 -15.033065398260007
889 310 1952.0 1966 183.42878546400013 7.53 0.06467664023092783 0.6697600154152641 True False -0.0623699610146077 37.487131741902665 -18.72565599139092 -1.3625014958031827 30.081441822654213 -15.033065398260007
889 311 1952.0 1966 183.8655589670001 7.53 0.06467664023092783 0.2143458694756264 True False -0.0623699610146077 37.487131741902665 -18.72565599139092 -1.3625014958031827 30.081441822654213 -15.033065398260007
889 312 1952.0 1966 184.2894751320001 7.53 0.06467664023092783 0.2143458694756264 False True -0.0623699610146077 37.487131741902665 -18.72565599139092 -1.3625014958031827 30.081441822654213 -15.033065398260007
889 313 1964.0 1978 184.9843872910001 7.53 0.06467664023092783 0.41657062211341883 True False -0.0623699610146077 37.487131741902665 -18.72565599139092 -1.3625014958031827 30.081441822654213 -15.033065398260007
889 314 1964.0 1978 185.4101698260001 7.53 0.06467664023092783 0.41657062211341883 False True -0.0623699610146077 37.487131741902665 -18.72565599139092 -1.3625014958031827 30.081441822654213 -15.033065398260007
889 315 1976.0 1990 186.14598984500012 7.53 0.06467664023092783 0.040629449581725666 True False -0.0623699610146077 37.487131741902665 -18.72565599139092 -1.3625014958031827 30.081441822654213 -15.033065398260007
889 316 1976.0 1990 186.5914451460001 7.53 0.06467664023092783 0.040629449581725666 False True -0.0623699610146077 37.487131741902665 -18.72565599139092 -1.3625014958031827 30.081441822654213 -15.033065398260007
