46 0 200.0 201 0.5544193649999998 7.4399999999999995 0.10419569233794494 0.10893823200650722 False True -0.10590594076036285 1.7827200032560082 0.14048686927243262 -1.9151098312839565 1.4944870940144517 0.15070301260612426
46 1 212.0 213 1.1319189899999995 7.4399999999999995 0.10419569233794494 2.29239097003398 True False -0.10590594076036285 1.7827200032560082 0.14048686927243262 -1.9151098312839565 1.4944870940144517 0.15070301260612426
46 2 212.0 213 1.4913330159999996 7.4399999999999995 0.10419569233794494 2.29239097003398 False True -0.10590594076036285 1.7827200032560082 0.14048686927243262 -1.9151098312839565 1.4944870940144517 0.15070301260612426
46 3 224.0 225 2.087839039999999 7.4399999999999995 0.10419569233794494 2.2878740526042773 True False -0.10590594076036285 1.7827200032560082 0.14048686927243262 -1.9151098312839565 1.4944870940144517 0.15070301260612426
46 4 224.0 225 2.454489256999999 7.4399999999999995 0.10419569233794494 2.2878740526042773 False True -0.10590594076036285 1.7827200032560082 0.14048686927243262 -1.9151098312839565 1.4944870940144517 0.15070301260612426
46 5 236.0 237 3.056014399 7.4399999999999995 0.10419569233794494 2.2832498519842432 True False -0.10590594076036285 1.7827200032560082 0.14048686927243262 -1.9151098312839565 1.4944870940144517 0.15070301260612426
46 6 236.0 237 3.436128271 7.4399999999999995 0.10419569233794494 2.2832498519842432 False True -0.10590594076036285 1.7827200032560082 0.14048686927243262 -1.9151098312839565 1.4944870940144517 0.15070301260612426
46 7 248.0 249 4.0508930549999995 7.4399999999999995 0.10419569233794494 2.3011011104439785 True False -0.10590594076036285 1.7827200032560082 0.14048686927243262 -1.9151098312839565 1.4944870940144517 0.15070301260612426
46 8 248.0 249 4.4120054699999995 7.4399999999999995 0.10419569233794494 2.3011011104439785 False True -0.10590594076036285 1.7827200032560082 0.14048686927243262 -1.9151098312839565 1.4944870940144517 0.15070301260612426
46 9 260.0 261 5.0509706649999995 7.4399999999999995 0.10419569233794494 2.305293437963882 True False -0.10590594076036285 1.7827200032560082 0.14048686927243262 -1.9151098312839565 1.4944870940144517 0.15070301260612426
46 10 260.0 261 5.452376662 7.4399999999999995 0.10419569233794494 2.305293437963882 False True -0.10590594076036285 1.7827200032560082 0.14048686927243262 -1.9151098312839565 1.4944870940144517 0.15070301260612426
46 11 272.0 273 6.109593383999999 7.4399999999999995 0.10419569233794494 2.3093766914622083 True False -0.10590594076036285 1.7827200032560082 0.14048686927243262 -1.9151098312839565 1.4944870940144517 0.15070301260612426
46 12 272.0 273 6.475561299 7.4399999999999995 0.10419569233794494 2.3093766914622083 False True -0.10590594076036285 1.7827200032560082 0.14048686927243262 -1.9151098312839565 1.4944870940144517 0.15070301260612426
46 13 284.0 285 7.108479104 7.4399999999999995 0.10419569233794494 2.31335045038715 True False -0.10590594076036285 1.7827200032560082 0.14048686927243262 -1.9151098312839565 1.4944870940144517 0.15070301260612426
46 14 284.0 285 7.509281390000001 7.4399999999999995 0.10419569233794494 2.31335045038715 False True -0.10590594076036285 1.7827200032560082 0.14048686927243262 -1.9151098312839565 1.4944870940144517 0.15070301260612426
46 15 296.0 297 8.149128659000002 7.4399999999999995 0.10419569233794494 2.3172143051350385 True False -0.10590594076036285 1.7827200032560082 0.14048686927243262 -1.9151098312839565 1.4944870940144517 0.15070301260612426
46 16 296.0 298 8.515055654000003 7.4399999999999995 0.10419569233794494 2.3172143051350385 False True -0.10590594076036285 1.7827200032560082 0.14048686927243262 -1.9151098312839565 1.4944870940144517 0.15070301260612426
46 17 308.0 310 9.128919837000002 7.4399999999999995 0.10419569233794494 2.3209678570913117 True False -0.10590594076036285 1.7827200032560082 0.14048686927243262 -1.9151098312839565 1.4944870940144517 0.15070301260612426
46 18 308.0 310 9.514175608000002 7.4399999999999995 0.10419569233794494 2.3209678570913117 False True -0.10590594076036285 1.7827200032560082 0.14048686927243262 -1.9151098312839565 1.4944870940144517 0.15070301260612426
46 19 320.0 322 10.175408395000002 7.4399999999999995 0.10419569233794494 2.3246107186703684 True False -0.10590594076036285 1.7827200032560082 0.14048686927243262 -1.9151098312839565 1.4944870940144517 0.15070301260612426
46 20 320.0 322 10.576489147000002 7.4399999999999995 0.10419569233794494 2.3246107186703684 False True -0.10590594076036285 1.7827200032560082 0.14048686927243262 -1.9151098312839565 1.4944870940144517 0.15070301260612426
46 21 332.0 334 11.230780018 1.6400000000000001 0.07916519438293357 0.10419569233794494 False True -0.10590594076036285 1.7827200032560082 0.14048686927243262 -1.9151098312839565 1.4944870940144517 0.15070301260612426
46 22 336.0 338 11.851984557 1.6400000000000001 0.07916519438293357 0.10419569233794494 False True -0.10590594076036285 1.7827200032560082 0.14048686927243262 -1.9151098312839565 1.4944870940144517 0.15070301260612426
46 23 340.0 342 12.486791694999999 1.6400000000000001 0.07916519438293357 2.32814251335433 True False -0.10590594076036285 1.7827200032560082 0.14048686927243262 -1.9151098312839565 1.4944870940144517 0.15070301260612426
46 24 340.0 342 12.868901989 1.6400000000000001 0.07916519438293357 2.32814251335433 False True -0.10590594076036285 1.7827200032560082 0.14048686927243262 -1.9151098312839565 1.4944870940144517 0.15070301260612426
46 25 352.0 354 13.500605301 1.6400000000000001 0.07916519438293357 2.331562875730696 True False -0.10590594076036285 1.7827200032560082 0.14048686927243262 -1.9151098312839565 1.4944870940144517 0.15070301260612426
46 26 352.0 354 13.887303854 1.6400000000000001 0.07916519438293357 2.331562875730696 False True -0.10590594076036285 1.7827200032560082 0.14048686927243262 -1.9151098312839565 1.4944870940144517 0.15070301260612426
46 27 364.0 366 14.508566296 1.6400000000000001 0.07916519438293357 2.334871451528873 True False -0.10590594076036285 1.7827200032560082 0.14048686927243262 -1.9151098312839565 1.4944870940144517 0.15070301260612426
46 28 364.0 366 14.900133523 1.6400000000000001 0.07916519438293357 2.334871451528873 False True -0.10590594076036285 1.7827200032560082 0.14048686927243262 -1.9151098312839565 1.4944870940144517 0.15070301260612426
46 29 376.0 378 15.536083272 1.6400000000000001 0.07916519438293357 2.3380678976556144 True False -0.10590594076036285 1.7827200032560082 0.14048686927243262 -1.9151098312839565 1.4944870940144517 0.15070301260612426
46 30 376.0 378 15.947138806000003 1.6400000000000001 0.07916519438293357 2.3380678976556144 False True -0.10590594076036285 1.7827200032560082 0.14048686927243262 -1.9151098312839565 1.4944870940144517 0.15070301260612426
46 31 388.0 390 16.573925351 1.6400000000000001 0.07916519438293357 2.341151882229317 True False -0.10590594076036285 1.7827200032560082 0.14048686927243262 -1.9151098312839565 1.4944870940144517 0.15070301260612426
46 32 388.0 390 16.969334269999997 1.6400000000000001 0.07916519438293357 2.341151882229317 False True -0.10590594076036285 1.7827200032560082 0.14048686927243262 -1.9151098312839565 1.4944870940144517 0.15070301260612426
46 33 400.0 402 17.608651884 1.6400000000000001 0.07916519438293357 2.3441230846132224 True False -0.10590594076036285 1.7827200032560082 0.14048686927243262 -1.9151098312839565 1.4944870940144517 0.15070301260612426
46 34 400.0 402 18.007135481000002 1.6400000000000001 0.07916519438293357 2.3441230846132224 False True -0.10590594076036285 1.7827200032560082 0.14048686927243262 -1.9151098312839565 1.4944870940144517 0.15070301260612426
46 35 412.0 414 18.65396789 1.6400000000000001 0.07916519438293357 2.346981195447466 True False -0.10590594076036285 1.7827200032560082 0.14048686927243262 -1.9151098312839565 1.4944870940144517 0.15070301260612426
46 36 412.0 414 19.069628849 1.6400000000000001 0.07916519438293357 2.346981195447466 False True -0.10590594076036285 1.7827200032560082 0.14048686927243262 -1.9151098312839565 1.4944870940144517 0.15070301260612426
46 37 424.0 426 19.706822616 1.6400000000000001 0.07916519438293357 2.3497259166800277 True False -0.10590594076036285 1.7827200032560082 0.14048686927243262 -1.9151098312839565 1.4944870940144517 0.15070301260612426
46 38 424.0 427 20.097145057000002 1.6400000000000001 0.07916519438293357 2.3497259166800277 False True -0.10590594076036285 1.7827200032560082 0.14048686927243262 -1.9151098312839565 1.4944870940144517 0.15070301260612426
46 39 436.0 439 20.721620653000002 1.6400000000000001 0.07916519438293357 2.352356961596522 True False -0.10590594076036285 1.7827200032560082 0.14048686927243262 -1.9151098312839565 1.4944870940144517 0.15070301260612426
46 40 436.0 439 21.133005373000003 1.6400000000000001 0.07916519438293357 2.352356961596522 False True -0.10590594076036285 1.7827200032560082 0.14048686927243262 -1.9151098312839565 1.4944870940144517 0.15070301260612426
46 41 448.0 451 21.772371888000002 1.6400000000000001 0.07916519438293357 2.354874054848877 True False -0.10590594076036285 1.7827200032560082 0.14048686927243262 -1.9151098312839565 1.4944870940144517 0.15070301260612426
46 42 448.0 451 22.137120360000004 1.6400000000000001 0.07916519438293357 2.354874054848877 False True -0.10590594076036285 1.7827200032560082 0.14048686927243262 -1.9151098312839565 1.4944870940144517 0.15070301260612426
46 43 460.0 463 22.756641172000005 1.6400000000000001 0.07916519438293357 2.357276932482871 True False -0.10590594076036285 1.7827200032560082 0.14048686927243262 -1.9151098312839565 1.4944870940144517 0.15070301260612426
46 44 460.0 463 23.158614114000006 1.6400000000000001 0.07916519438293357 2.357276932482871 False True -0.10590594076036285 1.7827200032560082 0.14048686927243262 -1.9151098312839565 1.4944870940144517 0.15070301260612426
46 45 472.0 475 23.794493042000006 1.6400000000000001 0.07916519438293357 2.35956534196452 True False -0.10590594076036285 1.7827200032560082 0.14048686927243262 -1.9151098312839565 1.4944870940144517 0.15070301260612426
46 46 472.0 475 24.173639591000004 1.6400000000000001 0.07916519438293357 2.35956534196452 False True -0.10590594076036285 1.7827200032560082 0.14048686927243262 -1.9151098312839565 1.4944870940144517 0.15070301260612426
46 47 484.0 487 24.793937158000002 1.6400000000000001 0.07916519438293357 2.3617390422053375 True False -0.10590594076036285 1.7827200032560082 0.14048686927243262 -1.9151098312839565 1.4944870940144517 0.15070301260612426
46 48 484.0 487 25.196577268000002 1.6400000000000001 0.07916519438293357 2.3617390422053375 False True -0.10590594076036285 1.7827200032560082 0.14048686927243262 -1.9151098312839565 1.4944870940144517 0.15070301260612426
46 49 496.0 499 25.832124401 1.6400000000000001 0.07916519438293357 2.3637978035864404 True False -0.10590594076036285 1.7827200032560082 0.14048686927243262 -1.9151098312839565 1.4944870940144517 0.15070301260612426
46 50 496.0 499 26.199513832 1.6400000000000001 0.07916519438293357 2.3637978035864404 False True -0.10590594076036285 1.7827200032560082 0.14048686927243262 -1.9151098312839565 1.4944870940144517 0.15070301260612426
46 51 508.0 511 26.835875245 1.6400000000000001 0.07916519438293357 2.3657414079815067 True False -0.10590594076036285 1.7827200032560082 0.14048686927243262 -1.9151098312839565 1.4944870940144517 0.15070301260612426
46 52 508.0 511 27.240228418 1.6400000000000001 0.07916519438293357 2.3657414079815067 False True -0.10590594076036285 1.7827200032560082 0.14048686927243262 -1.9151098312839565 1.4944870940144517 0.15070301260612426
46 53 520.0 523 27.874855433 1.6400000000000001 0.07916519438293357 2.3675696487785998 True False -0.10590594076036285 1.7827200032560082 0.14048686927243262 -1.9151098312839565 1.4944870940144517 0.15070301260612426
46 54 520.0 523 28.253857186 1.6400000000000001 0.07916519438293357 2.3675696487785998 False True -0.10590594076036285 1.7827200032560082 0.14048686927243262 -1.9151098312839565 1.4944870940144517 0.15070301260612426
46 55 532.0 535 28.880583041 1.6400000000000001 0.07916519438293357 2.369282330900814 True False -0.10590594076036285 1.7827200032560082 0.14048686927243262 -1.9151098312839565 1.4944870940144517 0.15070301260612426
46 56 532.0 535 29.276505736 1.6400000000000001 0.07916519438293357 2.369282330900814 False True -0.10590594076036285 1.7827200032560082 0.14048686927243262 -1.9151098312839565 1.4944870940144517 0.15070301260612426
46 57 544.0 547 29.911813295 1.6400000000000001 0.07916519438293357 2.370879270825792 True False -0.10590594076036285 1.7827200032560082 0.14048686927243262 -1.9151098312839565 1.4944870940144517 0.15070301260612426
46 58 544.0 548 30.296890427 1.6400000000000001 0.07916519438293357 2.370879270825792 False True -0.10590594076036285 1.7827200032560082 0.14048686927243262 -1.9151098312839565 1.4944870940144517 0.15070301260612426
46 59 556.0 560 30.950198522 1.6400000000000001 0.07916519438293357 2.3723602966040747 True False -0.10590594076036285 1.7827200032560082 0.14048686927243262 -1.9151098312839565 1.4944870940144517 0.15070301260612426
46 60 556.0 560 31.356080261000002 1.6400000000000001 0.07916519438293357 2.3723602966040747 False True -0.10590594076036285 1.7827200032560082 0.14048686927243262 -1.9151098312839565 1.4944870940144517 0.15070301260612426
46 61 568.0 572 31.993252245999997 1.6400000000000001 0.07916519438293357 2.373725247876297 True False -0.10590594076036285 1.7827200032560082 0.14048686927243262 -1.9151098312839565 1.4944870940144517 0.15070301260612426
46 62 568.0 572 32.392294495 1.6400000000000001 0.07916519438293357 2.373725247876297 False True -0.10590594076036285 1.7827200032560082 0.14048686927243262 -1.9151098312839565 1.4944870940144517 0.15070301260612426
46 63 580.0 584 33.038137867 1.6400000000000001 0.07916519438293357 2.374973975889214 True False -0.10590594076036285 1.7827200032560082 0.14048686927243262 -1.9151098312839565 1.4944870940144517 0.15070301260612426
46 64 580.0 584 33.455004548000005 1.6400000000000001 0.07916519438293357 2.374973975889214 False True -0.10590594076036285 1.7827200032560082 0.14048686927243262 -1.9151098312839565 1.4944870940144517 0.15070301260612426
46 65 592.0 596 34.0904316 1.6400000000000001 0.07916519438293357 2.376106343510594 True False -0.10590594076036285 1.7827200032560082 0.14048686927243262 -1.9151098312839565 1.4944870940144517 0.15070301260612426
46 66 592.0 596 34.474752731 1.6400000000000001 0.07916519438293357 2.376106343510594 False True -0.10590594076036285 1.7827200032560082 0.14048686927243262 -1.9151098312839565 1.4944870940144517 0.15070301260612426
46 67 604.0 608 35.115961337 1.6400000000000001 0.07916519438293357 2.377122225242916 True False -0.10590594076036285 1.7827200032560082 0.14048686927243262 -1.9151098312839565 1.4944870940144517 0.15070301260612426
46 68 604.0 608 35.531382451000006 1.6400000000000001 0.07916519438293357 2.377122225242916 False True -0.10590594076036285 1.7827200032560082 0.14048686927243262 -1.9151098312839565 1.4944870940144517 0.15070301260612426
46 69 616.0 620 36.17088058900001 1.6400000000000001 0.07916519438293357 2.3780215072359265 True False -0.10590594076036285 1.7827200032560082 0.14048686927243262 -1.9151098312839565 1.4944870940144517 0.15070301260612426
46 70 616.0 620 36.55325688200001 1.6400000000000001 0.07916519438293357 2.3780215072359265 False True -0.10590594076036285 1.7827200032560082 0.14048686927243262 -1.9151098312839565 1.4944870940144517 0.15070301260612426
46 71 628.0 632 37.190113857 1.6400000000000001 0.07916519438293357 2.3788040872980187 True False -0.10590594076036285 1.7827200032560082 0.14048686927243262 -1.9151098312839565 1.4944870940144517 0.15070301260612426
46 72 628.0 632 37.590081729 1.6400000000000001 0.07916519438293357 2.3788040872980187 False True -0.10590594076036285 1.7827200032560082 0.14048686927243262 -1.9151098312839565 1.4944870940144517 0.15070301260612426
46 73 640.0 644 38.237746085 1.6400000000000001 0.07916519438293357 2.379469874906459 True False -0.10590594076036285 1.7827200032560082 0.14048686927243262 -1.9151098312839565 1.4944870940144517 0.15070301260612426
46 74 640.0 644 38.634988895 1.6400000000000001 0.07916519438293357 2.379469874906459 False True -0.10590594076036285 1.7827200032560082 0.14048686927243262 -1.9151098312839565 1.4944870940144517 0.15070301260612426
46 75 652.0 656 39.257167067000005 1.6400000000000001 0.07916519438293357 2.380018791216435 True False -0.10590594076036285 1.7827200032560082 0.14048686927243262 -1.9151098312839565 1.4944870940144517 0.15070301260612426
46 76 652.0 656 39.667523246 1.6400000000000001 0.07916519438293357 2.380018791216435 False True -0.10590594076036285 1.7827200032560082 0.14048686927243262 -1.9151098312839565 1.4944870940144517 0.15070301260612426
46 77 664.0 668 40.309300317 1.6400000000000001 0.07916519438293357 2.278518842813833 True False -0.10590594076036285 1.7827200032560082 0.14048686927243262 -1.9151098312839565 1.4944870940144517 0.15070301260612426
46 78 664.0 669 40.712019379000004 1.6400000000000001 0.07916519438293357 2.278518842813833 False True -0.10590594076036285 1.7827200032560082 0.14048686927243262 -1.9151098312839565 1.4944870940144517 0.15070301260612426
46 79 676.0 681 41.351501411 1.6400000000000001 0.07916519438293357 2.2736815104125463 True False -0.10590594076036285 1.7827200032560082 0.14048686927243262 -1.9151098312839565 1.4944870940144517 0.15070301260612426
46 80 676.0 681 41.748812045 1.6400000000000001 0.07916519438293357 2.2736815104125463 False True -0.10590594076036285 1.7827200032560082 0.14048686927243262 -1.9151098312839565 1.4944870940144517 0.15070301260612426
46 81 688.0 693 42.394623185 1.6400000000000001 0.07916519438293357 2.2687383507309002 True False -0.10590594076036285 1.7827200032560082 0.14048686927243262 -1.9151098312839565 1.4944870940144517 0.15070301260612426
46 82 688.0 693 42.800503086000006 1.6400000000000001 0.07916519438293357 2.2687383507309002 False True -0.10590594076036285 1.7827200032560082 0.14048686927243262 -1.9151098312839565 1.4944870940144517 0.15070301260612426
46 83 700.0 705 43.43415581800001 1.6400000000000001 0.07916519438293357 2.2636898703008255 True False -0.10590594076036285 1.7827200032560082 0.14048686927243262 -1.9151098312839565 1.4944870940144517 0.15070301260612426
46 84 700.0 705 43.848196644000005 1.6400000000000001 0.07916519438293357 2.2636898703008255 False True -0.10590594076036285 1.7827200032560082 0.14048686927243262 -1.9151098312839565 1.4944870940144517 0.15070301260612426
46 85 712.0 717 44.507452775000004 1.6400000000000001 0.07916519438293357 2.2585365861850173 True False -0.10590594076036285 1.7827200032560082 0.14048686927243262 -1.9151098312839565 1.4944870940144517 0.15070301260612426
46 86 712.0 717 44.909985353 1.6400000000000001 0.07916519438293357 2.2585365861850173 False True -0.10590594076036285 1.7827200032560082 0.14048686927243262 -1.9151098312839565 1.4944870940144517 0.15070301260612426
46 87 724.0 729 45.547637233 1.6400000000000001 0.07916519438293357 2.2532790259252335 True False -0.10590594076036285 1.7827200032560082 0.14048686927243262 -1.9151098312839565 1.4944870940144517 0.15070301260612426
46 88 724.0 729 45.946730002 1.6400000000000001 0.07916519438293357 2.2532790259252335 False True -0.10590594076036285 1.7827200032560082 0.14048686927243262 -1.9151098312839565 1.4944870940144517 0.15070301260612426
46 89 736.0 741 46.596005736 1.6400000000000001 0.07916519438293357 2.247917727489535 True False -0.10590594076036285 1.7827200032560082 0.14048686927243262 -1.9151098312839565 1.4944870940144517 0.15070301260612426
46 90 736.0 741 47.007642743 1.6400000000000001 0.07916519438293357 2.247917727489535 False True -0.10590594076036285 1.7827200032560082 0.14048686927243262 -1.9151098312839565 1.4944870940144517 0.15070301260612426
46 91 748.0 753 47.635711228 1.6400000000000001 0.07916519438293357 2.242453239218492 True False -0.10590594076036285 1.7827200032560082 0.14048686927243262 -1.9151098312839565 1.4944870940144517 0.15070301260612426
46 92 748.0 753 48.047000969 1.6400000000000001 0.07916519438293357 2.242453239218492 False True -0.10590594076036285 1.7827200032560082 0.14048686927243262 -1.9151098312839565 1.4944870940144517 0.15070301260612426
46 93 760.0 765 48.69023412800001 1.6400000000000001 0.07916519438293357 2.2368861197703547 True False -0.10590594076036285 1.7827200032560082 0.14048686927243262 -1.9151098312839565 1.4944870940144517 0.15070301260612426
46 94 760.0 765 49.072510673000004 1.6400000000000001 0.07916519438293357 2.2368861197703547 False True -0.10590594076036285 1.7827200032560082 0.14048686927243262 -1.9151098312839565 1.4944870940144517 0.15070301260612426
46 95 772.0 777 49.733545568000004 1.6400000000000001 0.07916519438293357 2.2312169380651796 True False -0.10590594076036285 1.7827200032560082 0.14048686927243262 -1.9151098312839565 1.4944870940144517 0.15070301260612426
46 96 772.0 777 50.151518911000004 1.6400000000000001 0.07916519438293357 2.2312169380651796 False True -0.10590594076036285 1.7827200032560082 0.14048686927243262 -1.9151098312839565 1.4944870940144517 0.15070301260612426
46 97 784.0 789 50.800821693 1.6400000000000001 0.07916519438293357 2.225446273227945 True False -0.10590594076036285 1.7827200032560082 0.14048686927243262 -1.9151098312839565 1.4944870940144517 0.15070301260612426
46 98 784.0 790 51.174715453 1.6400000000000001 0.07916519438293357 2.225446273227945 False True -0.10590594076036285 1.7827200032560082 0.14048686927243262 -1.9151098312839565 1.4944870940144517 0.15070301260612426
46 99 796.0 802 51.810919332999994 1.6400000000000001 0.07916519438293357 2.2195747145306353 True False -0.10590594076036285 1.7827200032560082 0.14048686927243262 -1.9151098312839565 1.4944870940144517 0.15070301260612426
46 100 796.0 802 52.226392698999994 1.6400000000000001 0.07916519438293357 2.2195747145306353 False True -0.10590594076036285 1.7827200032560082 0.14048686927243262 -1.9151098312839565 1.4944870940144517 0.15070301260612426
46 101 808.0 814 52.86957226999999 1.6400000000000001 0.07916519438293357 2.2136028613333183 True False -0.10590594076036285 1.7827200032560082 0.14048686927243262 -1.9151098312839565 1.4944870940144517 0.15070301260612426
46 102 808.0 814 53.27116196899999 1.6400000000000001 0.07916519438293357 2.2136028613333183 False True -0.10590594076036285 1.7827200032560082 0.14048686927243262 -1.9151098312839565 1.4944870940144517 0.15070301260612426
46 103 820.0 826 53.915075235999986 1.6400000000000001 0.07916519438293357 2.207531323024206 True False -0.10590594076036285 1.7827200032560082 0.14048686927243262 -1.9151098312839565 1.4944870940144517 0.15070301260612426
46 104 820.0 826 54.32641992699998 1.6400000000000001 0.07916519438293357 2.207531323024206 False True -0.10590594076036285 1.7827200032560082 0.14048686927243262 -1.9151098312839565 1.4944870940144517 0.15070301260612426
46 105 832.0 838 54.96831135799998 1.6400000000000001 0.07916519438293357 2.2013607189587168 True False -0.10590594076036285 1.7827200032560082 0.14048686927243262 -1.9151098312839565 1.4944870940144517 0.15070301260612426
46 106 832.0 838 55.351692792999984 1.6400000000000001 0.07916519438293357 2.2013607189587168 False True -0.10590594076036285 1.7827200032560082 0.14048686927243262 -1.9151098312839565 1.4944870940144517 0.15070301260612426
46 107 844.0 850 55.994807833999985 1.6400000000000001 0.07916519438293357 2.1950916783975414 True False -0.10590594076036285 1.7827200032560082 0.14048686927243262 -1.9151098312839565 1.4944870940144517 0.15070301260612426
46 108 844.0 850 56.406760294999984 1.6400000000000001 0.07916519438293357 2.1950916783975414 False True -0.10590594076036285 1.7827200032560082 0.14048686927243262 -1.9151098312839565 1.4944870940144517 0.15070301260612426
46 109 856.0 862 57.04987580399999 1.6400000000000001 0.07916519438293357 2.18872484044372 True False -0.10590594076036285 1.7827200032560082 0.14048686927243262 -1.9151098312839565 1.4944870940144517 0.15070301260612426
46 110 856.0 862 57.43072683099999 1.6400000000000001 0.07916519438293357 2.18872484044372 False True -0.10590594076036285 1.7827200032560082 0.14048686927243262 -1.9151098312839565 1.4944870940144517 0.15070301260612426
46 111 868.0 874 58.07149523899999 1.6400000000000001 0.07916519438293357 2.380450769068937 True False -0.10590594076036285 1.7827200032560082 0.14048686927243262 -1.9151098312839565 1.4944870940144517 0.15070301260612426
46 112 868.0 874 58.48716906699999 1.6400000000000001 0.07916519438293357 2.380450769068937 False True -0.10590594076036285 1.7827200032560082 0.14048686927243262 -1.9151098312839565 1.4944870940144517 0.15070301260612426
46 113 880.0 886 59.12887841299999 1.6400000000000001 0.07916519438293357 2.3807657529974806 True False -0.10590594076036285 1.7827200032560082 0.14048686927243262 -1.9151098312839565 1.4944870940144517 0.15070301260612426
46 114 880.0 886 59.50716175399999 1.6400000000000001 0.07916519438293357 2.3807657529974806 False True -0.10590594076036285 1.7827200032560082 0.14048686927243262 -1.9151098312839565 1.4944870940144517 0.15070301260612426
46 115 892.0 898 60.12917056299999 1.6400000000000001 0.07916519438293357 2.380963699233648 True False -0.10590594076036285 1.7827200032560082 0.14048686927243262 -1.9151098312839565 1.4944870940144517 0.15070301260612426
46 116 892.0 898 60.52916493399999 1.6400000000000001 0.07916519438293357 2.380963699233648 False True -0.10590594076036285 1.7827200032560082 0.14048686927243262 -1.9151098312839565 1.4944870940144517 0.15070301260612426
46 117 904.0 910 61.15376624999999 1.6400000000000001 0.07916519438293357 2.3810445757114644 True False -0.10590594076036285 1.7827200032560082 0.14048686927243262 -1.9151098312839565 1.4944870940144517 0.15070301260612426
46 118 904.0 911 61.54586557099999 1.6400000000000001 0.07916519438293357 2.3810445757114644 False True -0.10590594076036285 1.7827200032560082 0.14048686927243262 -1.9151098312839565 1.4944870940144517 0.15070301260612426
46 119 916.0 923 62.18714843099999 1.6400000000000001 0.07916519438293357 2.381008362070608 True False -0.10590594076036285 1.7827200032560082 0.14048686927243262 -1.9151098312839565 1.4944870940144517 0.15070301260612426
46 120 916.0 923 62.60669288399999 1.6400000000000001 0.07916519438293357 2.381008362070608 False True -0.10590594076036285 1.7827200032560082 0.14048686927243262 -1.9151098312839565 1.4944870940144517 0.15070301260612426
46 121 928.0 935 63.247627268999985 1.6400000000000001 0.07916519438293357 2.380855049658442 True False -0.10590594076036285 1.7827200032560082 0.14048686927243262 -1.9151098312839565 1.4944870940144517 0.15070301260612426
46 122 928.0 935 63.62893835699999 1.6400000000000001 0.07916519438293357 2.380855049658442 False True -0.10590594076036285 1.7827200032560082 0.14048686927243262 -1.9151098312839565 1.4944870940144517 0.15070301260612426
46 123 940.0 947 64.254281037 1.6400000000000001 0.07916519438293357 2.3805846415308864 True False -0.10590594076036285 1.7827200032560082 0.14048686927243262 -1.9151098312839565 1.4944870940144517 0.15070301260612426
46 124 940.0 947 64.665795056 1.6400000000000001 0.07916519438293357 2.3805846415308864 False True -0.10590594076036285 1.7827200032560082 0.14048686927243262 -1.9151098312839565 1.4944870940144517 0.15070301260612426
46 125 952.0 959 65.290580884 1.6400000000000001 0.07916519438293357 2.3801971524521 True False -0.10590594076036285 1.7827200032560082 0.14048686927243262 -1.9151098312839565 1.4944870940144517 0.15070301260612426
46 126 952.0 959 65.668183286 1.6400000000000001 0.07916519438293357 2.3801971524521 False True -0.10590594076036285 1.7827200032560082 0.14048686927243262 -1.9151098312839565 1.4944870940144517 0.15070301260612426
46 127 964.0 971 66.313552544 1.6400000000000001 0.07916519438293357 2.3796926088930177 True False -0.10590594076036285 1.7827200032560082 0.14048686927243262 -1.9151098312839565 1.4944870940144517 0.15070301260612426
46 128 964.0 971 66.72780213200001 1.6400000000000001 0.07916519438293357 2.3796926088930177 False True -0.10590594076036285 1.7827200032560082 0.14048686927243262 -1.9151098312839565 1.4944870940144517 0.15070301260612426
46 129 976.0 983 67.36881702800001 1.6400000000000001 0.07916519438293357 2.379071049028693 True False -0.10590594076036285 1.7827200032560082 0.14048686927243262 -1.9151098312839565 1.4944870940144517 0.15070301260612426
46 130 976.0 983 67.746680108 1.6400000000000001 0.07916519438293357 2.379071049028693 False True -0.10590594076036285 1.7827200032560082 0.14048686927243262 -1.9151098312839565 1.4944870940144517 0.15070301260612426
46 131 988.0 995 68.369104468 1.6400000000000001 0.07916519438293357 2.378332522734489 True False -0.10590594076036285 1.7827200032560082 0.14048686927243262 -1.9151098312839565 1.4944870940144517 0.15070301260612426
46 132 988.0 995 68.771852675 1.6400000000000001 0.07916519438293357 2.378332522734489 False True -0.10590594076036285 1.7827200032560082 0.14048686927243262 -1.9151098312839565 1.4944870940144517 0.15070301260612426
46 133 1000.0 1007 69.432700198 1.6400000000000001 0.07916519438293357 2.3774770915810826 True False -0.10590594076036285 1.7827200032560082 0.14048686927243262 -1.9151098312839565 1.4944870940144517 0.15070301260612426
46 134 1000.0 1007 69.83325925300001 1.6400000000000001 0.07916519438293357 2.3774770915810826 False True -0.10590594076036285 1.7827200032560082 0.14048686927243262 -1.9151098312839565 1.4944870940144517 0.15070301260612426
46 135 1012.0 1019 70.47189525000002 1.6400000000000001 0.07916519438293357 2.376504828828311 True False -0.10590594076036285 1.7827200032560082 0.14048686927243262 -1.9151098312839565 1.4944870940144517 0.15070301260612426
46 136 1012.0 1019 70.868084773 1.6400000000000001 0.07916519438293357 2.376504828828311 False True -0.10590594076036285 1.7827200032560082 0.14048686927243262 -1.9151098312839565 1.4944870940144517 0.15070301260612426
46 137 1024.0 1031 71.511740309 1.6400000000000001 0.07916519438293357 2.3754158194178485 True False -0.10590594076036285 1.7827200032560082 0.14048686927243262 -1.9151098312839565 1.4944870940144517 0.15070301260612426
46 138 1024.0 1032 71.913268563 1.6400000000000001 0.07916519438293357 2.3754158194178485 False True -0.10590594076036285 1.7827200032560082 0.14048686927243262 -1.9151098312839565 1.4944870940144517 0.15070301260612426
46 139 1036.0 1044 72.573133458 1.6400000000000001 0.07916519438293357 2.374210159964706 True False -0.10590594076036285 1.7827200032560082 0.14048686927243262 -1.9151098312839565 1.4944870940144517 0.15070301260612426
46 140 1036.0 1044 72.985707469 1.6400000000000001 0.07916519438293357 2.374210159964706 False True -0.10590594076036285 1.7827200032560082 0.14048686927243262 -1.9151098312839565 1.4944870940144517 0.15070301260612426
46 141 1048.0 1056 73.629690827 1.6400000000000001 0.07916519438293357 2.372887958747576 True False -0.10590594076036285 1.7827200032560082 0.14048686927243262 -1.9151098312839565 1.4944870940144517 0.15070301260612426
46 142 1048.0 1056 74.02457366 1.6400000000000001 0.07916519438293357 2.372887958747576 False True -0.10590594076036285 1.7827200032560082 0.14048686927243262 -1.9151098312839565 1.4944870940144517 0.15070301260612426
46 143 1060.0 1068 74.64512154799999 1.6400000000000001 0.07916519438293357 2.371449335697998 True False -0.10590594076036285 1.7827200032560082 0.14048686927243262 -1.9151098312839565 1.4944870940144517 0.15070301260612426
46 144 1060.0 1068 75.02926594399999 1.6400000000000001 0.07916519438293357 2.371449335697998 False True -0.10590594076036285 1.7827200032560082 0.14048686927243262 -1.9151098312839565 1.4944870940144517 0.15070301260612426
46 145 1072.0 1080 75.69111095599999 1.6400000000000001 0.07916519438293357 2.369894422388373 True False -0.10590594076036285 1.7827200032560082 0.14048686927243262 -1.9151098312839565 1.4944870940144517 0.15070301260612426
46 146 1072.0 1080 76.11229431499999 1.6400000000000001 0.07916519438293357 2.369894422388373 False True -0.10590594076036285 1.7827200032560082 0.14048686927243262 -1.9151098312839565 1.4944870940144517 0.15070301260612426
46 147 1084.0 1092 76.76556690799998 1.6400000000000001 0.07916519438293357 2.368223362018799 True False -0.10590594076036285 1.7827200032560082 0.14048686927243262 -1.9151098312839565 1.4944870940144517 0.15070301260612426
46 148 1084.0 1092 77.17066646699999 1.6400000000000001 0.07916519438293357 2.368223362018799 False True -0.10590594076036285 1.7827200032560082 0.14048686927243262 -1.9151098312839565 1.4944870940144517 0.15070301260612426
46 149 1096.0 1104 77.82346064699999 1.6400000000000001 0.07916519438293357 2.3664363094027565 True False -0.10590594076036285 1.7827200032560082 0.14048686927243262 -1.9151098312839565 1.4944870940144517 0.15070301260612426
46 150 1096.0 1104 78.20554437599999 1.6400000000000001 0.07916519438293357 2.3664363094027565 False True -0.10590594076036285 1.7827200032560082 0.14048686927243262 -1.9151098312839565 1.4944870940144517 0.15070301260612426
46 151 1108.0 1116 78.83213306899998 1.6400000000000001 0.07916519438293357 2.1822608539787294 True False -0.10590594076036285 1.7827200032560082 0.14048686927243262 -1.9151098312839565 1.4944870940144517 0.15070301260612426
46 152 1108.0 1116 79.23264371199997 1.6400000000000001 0.07916519438293357 2.1822608539787294 False True -0.10590594076036285 1.7827200032560082 0.14048686927243262 -1.9151098312839565 1.4944870940144517 0.15070301260612426
46 153 1120.0 1128 79.87262243599997 1.6400000000000001 0.07916519438293357 2.175700377597594 True False -0.10590594076036285 1.7827200032560082 0.14048686927243262 -1.9151098312839565 1.4944870940144517 0.15070301260612426
46 154 1120.0 1128 80.24966817399998 1.6400000000000001 0.07916519438293357 2.175700377597594 False True -0.10590594076036285 1.7827200032560082 0.14048686927243262 -1.9151098312839565 1.4944870940144517 0.15070301260612426
46 155 1132.0 1140 80.91142056099997 1.6400000000000001 0.07916519438293357 2.169044079543032 True False -0.10590594076036285 1.7827200032560082 0.14048686927243262 -1.9151098312839565 1.4944870940144517 0.15070301260612426
46 156 1132.0 1140 81.32539664799997 1.6400000000000001 0.07916519438293357 2.169044079543032 False True -0.10590594076036285 1.7827200032560082 0.14048686927243262 -1.9151098312839565 1.4944870940144517 0.15070301260612426
46 157 1144.0 1152 81.97129061999996 1.6400000000000001 0.07916519438293357 2.162292637638629 True False -0.10590594076036285 1.7827200032560082 0.14048686927243262 -1.9151098312839565 1.4944870940144517 0.15070301260612426
46 158 1144.0 1153 82.36601175499996 1.6400000000000001 0.07916519438293357 2.162292637638629 False True -0.10590594076036285 1.7827200032560082 0.14048686927243262 -1.9151098312839565 1.4944870940144517 0.15070301260612426
46 159 1156.0 1165 82.98935570299996 1.6400000000000001 0.07916519438293357 2.155446739221054 True False -0.10590594076036285 1.7827200032560082 0.14048686927243262 -1.9151098312839565 1.4944870940144517 0.15070301260612426
46 160 1156.0 1165 83.38750752099996 1.6400000000000001 0.07916519438293357 2.155446739221054 False True -0.10590594076036285 1.7827200032560082 0.14048686927243262 -1.9151098312839565 1.4944870940144517 0.15070301260612426
46 161 1168.0 1177 84.01199371699995 1.6400000000000001 0.07916519438293357 2.1485070810713305 True False -0.10590594076036285 1.7827200032560082 0.14048686927243262 -1.9151098312839565 1.4944870940144517 0.15070301260612426
46 162 1168.0 1177 84.40635763899995 1.6400000000000001 0.07916519438293357 2.1485070810713305 False True -0.10590594076036285 1.7827200032560082 0.14048686927243262 -1.9151098312839565 1.4944870940144517 0.15070301260612426
46 163 1180.0 1189 85.06318334499994 1.6400000000000001 0.07916519438293357 2.141474369345158 True False -0.10590594076036285 1.7827200032560082 0.14048686927243262 -1.9151098312839565 1.4944870940144517 0.15070301260612426
46 164 1180.0 1189 85.48249339199994 1.6400000000000001 0.07916519438293357 2.141474369345158 False True -0.10590594076036285 1.7827200032560082 0.14048686927243262 -1.9151098312839565 1.4944870940144517 0.15070301260612426
46 165 1192.0 1201 86.12848350199994 1.6400000000000001 0.07916519438293357 2.134349319502295 True False -0.10590594076036285 1.7827200032560082 0.14048686927243262 -1.9151098312839565 1.4944870940144517 0.15070301260612426
46 166 1192.0 1201 86.52280146699994 1.6400000000000001 0.07916519438293357 2.134349319502295 False True -0.10590594076036285 1.7827200032560082 0.14048686927243262 -1.9151098312839565 1.4944870940144517 0.15070301260612426
46 167 1204.0 1213 87.14584362699993 1.6400000000000001 0.07916519438293357 2.3645334309516235 True False -0.10590594076036285 1.7827200032560082 0.14048686927243262 -1.9151098312839565 1.4944870940144517 0.15070301260612426
46 168 1204.0 1213 87.54286837099993 1.6400000000000001 0.07916519438293357 2.3645334309516235 False True -0.10590594076036285 1.7827200032560082 0.14048686927243262 -1.9151098312839565 1.4944870940144517 0.15070301260612426
46 169 1216.0 1225 88.21146887899992 1.6400000000000001 0.07916519438293357 2.3625149046580356 True False -0.10590594076036285 1.7827200032560082 0.14048686927243262 -1.9151098312839565 1.4944870940144517 0.15070301260612426
46 170 1216.0 1225 88.60460644899992 1.6400000000000001 0.07916519438293357 2.3625149046580356 False True -0.10590594076036285 1.7827200032560082 0.14048686927243262 -1.9151098312839565 1.4944870940144517 0.15070301260612426
46 171 1228.0 1237 89.22316076699991 1.6400000000000001 0.07916519438293357 2.3603809200780863 True False -0.10590594076036285 1.7827200032560082 0.14048686927243262 -1.9151098312839565 1.4944870940144517 0.15070301260612426
46 172 1228.0 1237 89.62575353599992 1.6400000000000001 0.07916519438293357 2.3603809200780863 False True -0.10590594076036285 1.7827200032560082 0.14048686927243262 -1.9151098312839565 1.4944870940144517 0.15070301260612426
46 173 1240.0 1249 90.28393380299991 1.6400000000000001 0.07916519438293357 2.358131678312374 True False -0.10590594076036285 1.7827200032560082 0.14048686927243262 -1.9151098312839565 1.4944870940144517 0.15070301260612426
46 174 1240.0 1249 90.6674125289999 1.6400000000000001 0.07916519438293357 2.358131678312374 False True -0.10590594076036285 1.7827200032560082 0.14048686927243262 -1.9151098312839565 1.4944870940144517 0.15070301260612426
46 175 1252.0 1261 91.3010795459999 1.6400000000000001 0.07916519438293357 2.3557673919858866 True False -0.10590594076036285 1.7827200032560082 0.14048686927243262 -1.9151098312839565 1.4944870940144517 0.15070301260612426
46 176 1252.0 1261 91.70750255899989 1.6400000000000001 0.07916519438293357 2.3557673919858866 False True -0.10590594076036285 1.7827200032560082 0.14048686927243262 -1.9151098312839565 1.4944870940144517 0.15070301260612426
46 177 1264.0 1273 92.3648626939999 1.6400000000000001 0.07916519438293357 2.3532882852267463 True False -0.10590594076036285 1.7827200032560082 0.14048686927243262 -1.9151098312839565 1.4944870940144517 0.15070301260612426
46 178 1264.0 1274 92.7464263929999 1.6400000000000001 0.07916519438293357 2.3532882852267463 False True -0.10590594076036285 1.7827200032560082 0.14048686927243262 -1.9151098312839565 1.4944870940144517 0.15070301260612426
46 179 1276.0 1286 93.3816015149999 1.6400000000000001 0.07916519438293357 2.3506945936437917 True False -0.10590594076036285 1.7827200032560082 0.14048686927243262 -1.9151098312839565 1.4944870940144517 0.15070301260612426
46 180 1276.0 1286 93.78409245099989 1.6400000000000001 0.07916519438293357 2.3506945936437917 False True -0.10590594076036285 1.7827200032560082 0.14048686927243262 -1.9151098312839565 1.4944870940144517 0.15070301260612426
46 181 1288.0 1298 94.4398571899999 1.6400000000000001 0.07916519438293357 2.347986564303018 True False -0.10590594076036285 1.7827200032560082 0.14048686927243262 -1.9151098312839565 1.4944870940144517 0.15070301260612426
46 182 1288.0 1298 94.8258663649999 1.6400000000000001 0.07916519438293357 2.347986564303018 False True -0.10590594076036285 1.7827200032560082 0.14048686927243262 -1.9151098312839565 1.4944870940144517 0.15070301260612426
46 183 1300.0 1310 95.4684990399999 1.6400000000000001 0.07916519438293357 2.345164455702868 True False -0.10590594076036285 1.7827200032560082 0.14048686927243262 -1.9151098312839565 1.4944870940144517 0.15070301260612426
46 184 1300.0 1310 95.8871273329999 1.6400000000000001 0.07916519438293357 2.345164455702868 False True -0.10590594076036285 1.7827200032560082 0.14048686927243262 -1.9151098312839565 1.4944870940144517 0.15070301260612426
46 185 1312.0 1322 96.5472812649999 1.6400000000000001 0.07916519438293357 2.3422285377483902 True False -0.10590594076036285 1.7827200032560082 0.14048686927243262 -1.9151098312839565 1.4944870940144517 0.15070301260612426
46 186 1312.0 1322 96.9459172959999 1.6400000000000001 0.07916519438293357 2.3422285377483902 False True -0.10590594076036285 1.7827200032560082 0.14048686927243262 -1.9151098312839565 1.4944870940144517 0.15070301260612426
46 187 1324.0 1334 97.58252135799991 1.6400000000000001 0.07916519438293357 2.339179091724239 True False -0.10590594076036285 1.7827200032560082 0.14048686927243262 -1.9151098312839565 1.4944870940144517 0.15070301260612426
46 188 1324.0 1334 98.00201179599992 1.6400000000000001 0.07916519438293357 2.339179091724239 False True -0.10590594076036285 1.7827200032560082 0.14048686927243262 -1.9151098312839565 1.4944870940144517 0.15070301260612426
46 189 1336.0 1346 98.64785839299992 1.6400000000000001 0.07916519438293357 2.336016410266552 True False -0.10590594076036285 1.7827200032560082 0.14048686927243262 -1.9151098312839565 1.4944870940144517 0.15070301260612426
46 190 1336.0 1346 99.04329943199993 1.6400000000000001 0.07916519438293357 2.336016410266552 False True -0.10590594076036285 1.7827200032560082 0.14048686927243262 -1.9151098312839565 1.4944870940144517 0.15070301260612426
46 191 1348.0 1358 99.66689668899993 1.6400000000000001 0.07916519438293357 2.3327407973336878 True False -0.10590594076036285 1.7827200032560082 0.14048686927243262 -1.9151098312839565 1.4944870940144517 0.15070301260612426
46 192 1348.0 1358 100.10053222499992 1.6400000000000001 0.07916519438293357 2.3327407973336878 False True -0.10590594076036285 1.7827200032560082 0.14048686927243262 -1.9151098312839565 1.4944870940144517 0.15070301260612426
46 193 1360.0 1370 100.75862551199992 1.6400000000000001 0.07916519438293357 2.329352568175824 True False -0.10590594076036285 1.7827200032560082 0.14048686927243262 -1.9151098312839565 1.4944870940144517 0.15070301260612426
46 194 1360.0 1370 101.14401202799992 1.6400000000000001 0.07916519438293357 2.329352568175824 False True -0.10590594076036285 1.7827200032560082 0.14048686927243262 -1.9151098312839565 1.4944870940144517 0.15070301260612426
46 195 1372.0 1382 101.76680547899991 1.6400000000000001 0.07916519438293357 2.325852049303437 True False -0.10590594076036285 1.7827200032560082 0.14048686927243262 -1.9151098312839565 1.4944870940144517 0.15070301260612426
46 196 1372.0 1382 102.19982319099992 1.6400000000000001 0.07916519438293357 2.325852049303437 False True -0.10590594076036285 1.7827200032560082 0.14048686927243262 -1.9151098312839565 1.4944870940144517 0.15070301260612426
46 197 1384.0 1394 102.86171059599992 1.6400000000000001 0.07916519438293357 2.3222395784546483 True False -0.10590594076036285 1.7827200032560082 0.14048686927243262 -1.9151098312839565 1.4944870940144517 0.15070301260612426
46 198 1384.0 1395 103.26021128699992 1.6400000000000001 0.07916519438293357 2.3222395784546483 False True -0.10590594076036285 1.7827200032560082 0.14048686927243262 -1.9151098312839565 1.4944870940144517 0.15070301260612426
46 199 1396.0 1407 103.89951264299992 1.6400000000000001 0.07916519438293357 2.31851550456146 True False -0.10590594076036285 1.7827200032560082 0.14048686927243262 -1.9151098312839565 1.4944870940144517 0.15070301260612426
46 200 1396.0 1407 104.30684800899992 1.6400000000000001 0.07916519438293357 2.31851550456146 False True -0.10590594076036285 1.7827200032560082 0.14048686927243262 -1.9151098312839565 1.4944870940144517 0.15070301260612426
46 201 1408.0 1419 104.97931384799993 1.6400000000000001 0.07916519438293357 2.3146801877148437 True False -0.10590594076036285 1.7827200032560082 0.14048686927243262 -1.9151098312839565 1.4944870940144517 0.15070301260612426
46 202 1408.0 1419 105.38355433699992 1.6400000000000001 0.07916519438293357 2.3146801877148437 False True -0.10590594076036285 1.7827200032560082 0.14048686927243262 -1.9151098312839565 1.4944870940144517 0.15070301260612426
46 203 1420.0 1431 106.02460511699991 1.6400000000000001 0.07916519438293357 2.310733999128748 True False -0.10590594076036285 1.7827200032560082 0.14048686927243262 -1.9151098312839565 1.4944870940144517 0.15070301260612426
46 204 1420.0 1431 106.4250947589999 1.6400000000000001 0.07916519438293357 2.310733999128748 False True -0.10590594076036285 1.7827200032560082 0.14048686927243262 -1.9151098312839565 1.4944870940144517 0.15070301260612426
46 205 1432.0 1443 107.1003364709999 1.6400000000000001 0.07916519438293357 2.3066773211029754 True False -0.10590594076036285 1.7827200032560082 0.14048686927243262 -1.9151098312839565 1.4944870940144517 0.15070301260612426
46 206 1432.0 1443 107.51881949399991 1.6400000000000001 0.07916519438293357 2.3066773211029754 False True -0.10590594076036285 1.7827200032560082 0.14048686927243262 -1.9151098312839565 1.4944870940144517 0.15070301260612426
46 207 1444.0 1455 108.16218723699991 1.6400000000000001 0.07916519438293357 2.3025105469849385 True False -0.10590594076036285 1.7827200032560082 0.14048686927243262 -1.9151098312839565 1.4944870940144517 0.15070301260612426
46 208 1444.0 1455 108.56412344499991 1.6400000000000001 0.07916519438293357 2.3025105469849385 False True -0.10590594076036285 1.7827200032560082 0.14048686927243262 -1.9151098312839565 1.4944870940144517 0.15070301260612426
46 209 1456.0 1467 109.2233602819999 1.6400000000000001 0.07916519438293357 2.2982340811303468 True False -0.10590594076036285 1.7827200032560082 0.14048686927243262 -1.9151098312839565 1.4944870940144517 0.15070301260612426
46 210 1456.0 1467 109.6379245199999 1.6400000000000001 0.07916519438293357 2.2982340811303468 False True -0.10590594076036285 1.7827200032560082 0.14048686927243262 -1.9151098312839565 1.4944870940144517 0.15070301260612426
46 211 1468.0 1479 110.2794444869999 1.6400000000000001 0.07916519438293357 2.2938483388627517 True False -0.10590594076036285 1.7827200032560082 0.14048686927243262 -1.9151098312839565 1.4944870940144517 0.15070301260612426
46 212 1468.0 1479 110.68199062499991 1.6400000000000001 0.07916519438293357 2.2938483388627517 False True -0.10590594076036285 1.7827200032560082 0.14048686927243262 -1.9151098312839565 1.4944870940144517 0.15070301260612426
46 213 1480.0 1491 111.36146749699991 1.6400000000000001 0.07916519438293357 2.289353746432026 True False -0.10590594076036285 1.7827200032560082 0.14048686927243262 -1.9151098312839565 1.4944870940144517 0.15070301260612426
46 214 1480.0 1491 111.7805327379999 1.6400000000000001 0.07916519438293357 2.289353746432026 False True -0.10590594076036285 1.7827200032560082 0.14048686927243262 -1.9151098312839565 1.4944870940144517 0.15070301260612426
46 215 1492.0 1503 112.43773801199991 1.6400000000000001 0.07916519438293357 2.2847507409717354 True False -0.10590594076036285 1.7827200032560082 0.14048686927243262 -1.9151098312839565 1.4944870940144517 0.15070301260612426
46 216 1492.0 1503 112.83994833299991 1.6400000000000001 0.07916519438293357 2.2847507409717354 False True -0.10590594076036285 1.7827200032560082 0.14048686927243262 -1.9151098312839565 1.4944870940144517 0.15070301260612426
46 217 1504.0 1515 113.4815589729999 1.6400000000000001 0.07916519438293357 2.280039770455429 True False -0.10590594076036285 1.7827200032560082 0.14048686927243262 -1.9151098312839565 1.4944870940144517 0.15070301260612426
46 218 1504.0 1516 113.88224372899991 1.6400000000000001 0.07916519438293357 2.280039770455429 False True -0.10590594076036285 1.7827200032560082 0.14048686927243262 -1.9151098312839565 1.4944870940144517 0.15070301260612426
46 219 1516.0 1528 114.52298476599991 1.6400000000000001 0.07916519438293357 2.275221293651834 True False -0.10590594076036285 1.7827200032560082 0.14048686927243262 -1.9151098312839565 1.4944870940144517 0.15070301260612426
46 220 1516.0 1528 114.93747477999992 1.6400000000000001 0.07916519438293357 2.275221293651834 False True -0.10590594076036285 1.7827200032560082 0.14048686927243262 -1.9151098312839565 1.4944870940144517 0.15070301260612426
46 221 1528.0 1540 115.60523492699991 1.6400000000000001 0.07916519438293357 2.270295780078989 True False -0.10590594076036285 1.7827200032560082 0.14048686927243262 -1.9151098312839565 1.4944870940144517 0.15070301260612426
46 222 1528.0 1540 116.02375366599992 1.6400000000000001 0.07916519438293357 2.270295780078989 False True -0.10590594076036285 1.7827200032560082 0.14048686927243262 -1.9151098312839565 1.4944870940144517 0.15070301260612426
46 223 1540.0 1552 116.67844708799991 1.6400000000000001 0.07916519438293357 2.2652637099572828 True False -0.10590594076036285 1.7827200032560082 0.14048686927243262 -1.9151098312839565 1.4944870940144517 0.15070301260612426
46 224 1540.0 1552 117.07896594099991 1.6400000000000001 0.07916519438293357 2.2652637099572828 False True -0.10590594076036285 1.7827200032560082 0.14048686927243262 -1.9151098312839565 1.4944870940144517 0.15070301260612426
46 225 1552.0 1564 117.73788784399991 1.6400000000000001 0.07916519438293357 2.2601255741614423 True False -0.10590594076036285 1.7827200032560082 0.14048686927243262 -1.9151098312839565 1.4944870940144517 0.15070301260612426
46 226 1552.0 1564 118.14087268599992 1.6400000000000001 0.07916519438293357 2.2601255741614423 False True -0.10590594076036285 1.7827200032560082 0.14048686927243262 -1.9151098312839565 1.4944870940144517 0.15070301260612426
46 227 1564.0 1576 118.78227039499993 1.6400000000000001 0.07916519438293357 2.2548818741714367 True False -0.10590594076036285 1.7827200032560082 0.14048686927243262 -1.9151098312839565 1.4944870940144517 0.15070301260612426
46 228 1564.0 1576 119.18305487999993 1.6400000000000001 0.07916519438293357 2.2548818741714367 False True -0.10590594076036285 1.7827200032560082 0.14048686927243262 -1.9151098312839565 1.4944870940144517 0.15070301260612426
46 229 1576.0 1588 119.83593319399992 1.6400000000000001 0.07916519438293357 2.249533122022339 True False -0.10590594076036285 1.7827200032560082 0.14048686927243262 -1.9151098312839565 1.4944870940144517 0.15070301260612426
46 230 1576.0 1588 120.23952506399992 1.6400000000000001 0.07916519438293357 2.249533122022339 False True -0.10590594076036285 1.7827200032560082 0.14048686927243262 -1.9151098312839565 1.4944870940144517 0.15070301260612426
46 231 1588.0 1600 120.86156275899992 1.6400000000000001 0.07916519438293357 2.244079840253112 True False -0.10590594076036285 1.7827200032560082 0.14048686927243262 -1.9151098312839565 1.4944870940144517 0.15070301260612426
46 232 1588.0 1600 121.27822321299992 1.6400000000000001 0.07916519438293357 2.244079840253112 False True -0.10590594076036285 1.7827200032560082 0.14048686927243262 -1.9151098312839565 1.4944870940144517 0.15070301260612426
46 233 1600.0 1612 121.93798349699992 1.6400000000000001 0.07916519438293357 2.2385225618543596 True False -0.10590594076036285 1.7827200032560082 0.14048686927243262 -1.9151098312839565 1.4944870940144517 0.15070301260612426
46 234 1600.0 1612 122.33582396399991 1.6400000000000001 0.07916519438293357 2.2385225618543596 False True -0.10590594076036285 1.7827200032560082 0.14048686927243262 -1.9151098312839565 1.4944870940144517 0.15070301260612426
46 235 1612.0 1624 122.96138932299992 1.6400000000000001 0.07916519438293357 2.232861830215035 True False -0.10590594076036285 1.7827200032560082 0.14048686927243262 -1.9151098312839565 1.4944870940144517 0.15070301260612426
46 236 1612.0 1624 123.36266445699992 1.6400000000000001 0.07916519438293357 2.232861830215035 False True -0.10590594076036285 1.7827200032560082 0.14048686927243262 -1.9151098312839565 1.4944870940144517 0.15070301260612426
46 237 1624.0 1636 124.00228566499992 1.6400000000000001 0.07916519438293357 2.227098199068088 True False -0.10590594076036285 1.7827200032560082 0.14048686927243262 -1.9151098312839565 1.4944870940144517 0.15070301260612426
46 238 1624.0 1637 124.40159291699992 1.6400000000000001 0.07916519438293357 2.227098199068088 False True -0.10590594076036285 1.7827200032560082 0.14048686927243262 -1.9151098312839565 1.4944870940144517 0.15070301260612426
46 239 1636.0 1649 125.07873735899992 1.6400000000000001 0.07916519438293357 2.2212322324351086 True False -0.10590594076036285 1.7827200032560082 0.14048686927243262 -1.9151098312839565 1.4944870940144517 0.15070301260612426
46 240 1636.0 1649 125.50193241499991 1.6400000000000001 0.07916519438293357 2.2212322324351086 False True -0.10590594076036285 1.7827200032560082 0.14048686927243262 -1.9151098312839565 1.4944870940144517 0.15070301260612426
46 241 1648.0 1661 126.16257221799991 1.6400000000000001 0.07916519438293357 2.2152645045699075 True False -0.10590594076036285 1.7827200032560082 0.14048686927243262 -1.9151098312839565 1.4944870940144517 0.15070301260612426
46 242 1648.0 1661 126.55824928499989 1.6400000000000001 0.07916519438293357 2.2152645045699075 False True -0.10590594076036285 1.7827200032560082 0.14048686927243262 -1.9151098312839565 1.4944870940144517 0.15070301260612426
46 243 1660.0 1673 127.17974627499989 1.6400000000000001 0.07916519438293357 2.2091955999011046 True False -0.10590594076036285 1.7827200032560082 0.14048686927243262 -1.9151098312839565 1.4944870940144517 0.15070301260612426
46 244 1660.0 1673 127.58302758699988 1.6400000000000001 0.07916519438293357 2.2091955999011046 False True -0.10590594076036285 1.7827200032560082 0.14048686927243262 -1.9151098312839565 1.4944870940144517 0.15070301260612426
46 245 1672.0 1685 128.23542907199987 1.6400000000000001 0.07916519438293357 2.203026112973682 True False -0.10590594076036285 1.7827200032560082 0.14048686927243262 -1.9151098312839565 1.4944870940144517 0.15070301260612426
46 246 1672.0 1685 128.62322083399985 1.6400000000000001 0.07916519438293357 2.203026112973682 False True -0.10590594076036285 1.7827200032560082 0.14048686927243262 -1.9151098312839565 1.4944870940144517 0.15070301260612426
46 247 1684.0 1697 129.30153992599986 1.6400000000000001 0.07916519438293357 2.19675664838953 True False -0.10590594076036285 1.7827200032560082 0.14048686927243262 -1.9151098312839565 1.4944870940144517 0.15070301260612426
46 248 1684.0 1697 129.72257273899987 1.6400000000000001 0.07916519438293357 2.19675664838953 False True -0.10590594076036285 1.7827200032560082 0.14048686927243262 -1.9151098312839565 1.4944870940144517 0.15070301260612426
46 249 1696.0 1709 130.38194330899987 1.6400000000000001 0.07916519438293357 2.190387820746983 True False -0.10590594076036285 1.7827200032560082 0.14048686927243262 -1.9151098312839565 1.4944870940144517 0.15070301260612426
46 250 1696.0 1709 130.77647889699986 1.6400000000000001 0.07916519438293357 2.190387820746983 False True -0.10590594076036285 1.7827200032560082 0.14048686927243262 -1.9151098312839565 1.4944870940144517 0.15070301260612426
46 251 1708.0 1721 131.39683145799987 1.6400000000000001 0.07916519438293357 2.1839202545793714 True False -0.10590594076036285 1.7827200032560082 0.14048686927243262 -1.9151098312839565 1.4944870940144517 0.15070301260612426
46 252 1708.0 1721 131.79692167799985 1.6400000000000001 0.07916519438293357 2.1839202545793714 False True -0.10590594076036285 1.7827200032560082 0.14048686927243262 -1.9151098312839565 1.4944870940144517 0.15070301260612426
46 253 1720.0 1733 132.43429745999987 1.6400000000000001 0.07916519438293357 2.1773545842925524 True False -0.10590594076036285 1.7827200032560082 0.14048686927243262 -1.9151098312839565 1.4944870940144517 0.15070301260612426
46 254 1720.0 1733 132.82244491699987 1.6400000000000001 0.07916519438293357 2.1773545842925524 False True -0.10590594076036285 1.7827200032560082 0.14048686927243262 -1.9151098312839565 1.4944870940144517 0.15070301260612426
46 255 1732.0 1745 133.49835946199985 1.6400000000000001 0.07916519438293357 2.170691454101484 True False -0.10590594076036285 1.7827200032560082 0.14048686927243262 -1.9151098312839565 1.4944870940144517 0.15070301260612426
46 256 1732.0 1745 133.91601685499987 1.6400000000000001 0.07916519438293357 2.170691454101484 False True -0.10590594076036285 1.7827200032560082 0.14048686927243262 -1.9151098312839565 1.4944870940144517 0.15070301260612426
46 257 1744.0 1757 134.60593321699986 1.6400000000000001 0.07916519438293357 2.163931517965801 True False -0.10590594076036285 1.7827200032560082 0.14048686927243262 -1.9151098312839565 1.4944870940144517 0.15070301260612426
46 258 1744.0 1758 134.98695011899986 1.6400000000000001 0.07916519438293357 2.163931517965801 False True -0.10590594076036285 1.7827200032560082 0.14048686927243262 -1.9151098312839565 1.4944870940144517 0.15070301260612426
46 259 1756.0 1770 135.62184589099985 1.6400000000000001 0.07916519438293357 2.127132656235017 True False -0.10590594076036285 1.7827200032560082 0.14048686927243262 -1.9151098312839565 1.4944870940144517 0.15070301260612426
46 260 1756.0 1770 136.07871508399984 1.6400000000000001 0.07916519438293357 2.127132656235017 False True -0.10590594076036285 1.7827200032560082 0.14048686927243262 -1.9151098312839565 1.4944870940144517 0.15070301260612426
46 261 1768.0 1782 136.71008311199984 1.6400000000000001 0.07916519438293357 2.1198251133956454 True False -0.10590594076036285 1.7827200032560082 0.14048686927243262 -1.9151098312839565 1.4944870940144517 0.15070301260612426
46 262 1768.0 1782 137.09305809199984 1.6400000000000001 0.07916519438293357 2.1198251133956454 False True -0.10590594076036285 1.7827200032560082 0.14048686927243262 -1.9151098312839565 1.4944870940144517 0.15070301260612426
46 263 1780.0 1794 137.74845213099985 1.6400000000000001 0.07916519438293357 2.112427433923165 True False -0.10590594076036285 1.7827200032560082 0.14048686927243262 -1.9151098312839565 1.4944870940144517 0.15070301260612426
46 264 1780.0 1794 138.15373738399984 1.6400000000000001 0.07916519438293357 2.112427433923165 False True -0.10590594076036285 1.7827200032560082 0.14048686927243262 -1.9151098312839565 1.4944870940144517 0.15070301260612426
46 265 1792.0 1806 138.79171095299984 1.6400000000000001 0.07916519438293357 2.104940369768928 True False -0.10590594076036285 1.7827200032560082 0.14048686927243262 -1.9151098312839565 1.4944870940144517 0.15070301260612426
46 266 1792.0 1806 139.16961767299983 1.6400000000000001 0.07916519438293357 2.104940369768928 False True -0.10590594076036285 1.7827200032560082 0.14048686927243262 -1.9151098312839565 1.4944870940144517 0.15070301260612426
46 267 1804.0 1818 139.77226441299985 1.6400000000000001 0.07916519438293357 2.0973646818214635 True False -0.10590594076036285 1.7827200032560082 0.14048686927243262 -1.9151098312839565 1.4944870940144517 0.15070301260612426
46 268 1804.0 1818 140.16841699999986 1.6400000000000001 0.07916519438293357 2.0973646818214635 False True -0.10590594076036285 1.7827200032560082 0.14048686927243262 -1.9151098312839565 1.4944870940144517 0.15070301260612426
46 269 1816.0 1830 140.79378634399987 1.6400000000000001 0.07916519438293357 2.089701139830384 True False -0.10590594076036285 1.7827200032560082 0.14048686927243262 -1.9151098312839565 1.4944870940144517 0.15070301260612426
46 270 1816.0 1830 141.17542152599987 1.6400000000000001 0.07916519438293357 2.089701139830384 False True -0.10590594076036285 1.7827200032560082 0.14048686927243262 -1.9151098312839565 1.4944870940144517 0.15070301260612426
46 271 1828.0 1842 141.83501466899986 1.6400000000000001 0.07916519438293357 1.9099256170480101 True False -0.10590594076036285 1.7827200032560082 0.14048686927243262 -1.9151098312839565 1.4944870940144517 0.15070301260612426
46 272 1828.0 1842 142.25021049099985 1.6400000000000001 0.07916519438293357 1.9099256170480101 False True -0.10590594076036285 1.7827200032560082 0.14048686927243262 -1.9151098312839565 1.4944870940144517 0.15070301260612426
46 273 1840.0 1854 142.88851349499984 1.6400000000000001 0.07916519438293357 1.9192414429955804 True False -0.10590594076036285 1.7827200032560082 0.14048686927243262 -1.9151098312839565 1.4944870940144517 0.15070301260612426
46 274 1840.0 1854 143.25545558399986 1.6400000000000001 0.07916519438293357 1.9192414429955804 False True -0.10590594076036285 1.7827200032560082 0.14048686927243262 -1.9151098312839565 1.4944870940144517 0.15070301260612426
46 275 1852.0 1866 143.89630934299987 1.6400000000000001 0.07916519438293357 1.8910883883174874 True False -0.10590594076036285 1.7827200032560082 0.14048686927243262 -1.9151098312839565 1.4944870940144517 0.15070301260612426
46 276 1852.0 1866 144.29133415299987 1.6400000000000001 0.07916519438293357 1.8910883883174874 False True -0.10590594076036285 1.7827200032560082 0.14048686927243262 -1.9151098312839565 1.4944870940144517 0.15070301260612426
46 277 1864.0 1878 144.89738419099987 1.6400000000000001 0.07916519438293357 2.1570754395244127 True False -0.10590594076036285 1.7827200032560082 0.14048686927243262 -1.9151098312839565 1.4944870940144517 0.15070301260612426
46 278 1864.0 1879 145.27747665599986 1.6400000000000001 0.07916519438293357 2.1570754395244127 False True -0.10590594076036285 1.7827200032560082 0.14048686927243262 -1.9151098312839565 1.4944870940144517 0.15070301260612426
46 279 1876.0 1891 145.93507895899987 1.6400000000000001 0.07916519438293357 2.150123892029145 True False -0.10590594076036285 1.7827200032560082 0.14048686927243262 -1.9151098312839565 1.4944870940144517 0.15070301260612426
46 280 1876.0 1891 146.33513165499986 1.6400000000000001 0.07916519438293357 2.150123892029145 False True -0.10590594076036285 1.7827200032560082 0.14048686927243262 -1.9151098312839565 1.4944870940144517 0.15070301260612426
46 281 1888.0 1903 146.97421630399984 1.6400000000000001 0.07916519438293357 2.1430775582774166 True False -0.10590594076036285 1.7827200032560082 0.14048686927243262 -1.9151098312839565 1.4944870940144517 0.15070301260612426
46 282 1888.0 1903 147.35208474799984 1.6400000000000001 0.07916519438293357 2.1430775582774166 False True -0.10590594076036285 1.7827200032560082 0.14048686927243262 -1.9151098312839565 1.4944870940144517 0.15070301260612426
46 283 1900.0 1915 147.95035620099983 1.6400000000000001 0.07916519438293357 2.135937130543952 True False -0.10590594076036285 1.7827200032560082 0.14048686927243262 -1.9151098312839565 1.4944870940144517 0.15070301260612426
46 284 1900.0 1915 148.3337009579998 1.6400000000000001 0.07916519438293357 2.135937130543952 False True -0.10590594076036285 1.7827200032560082 0.14048686927243262 -1.9151098312839565 1.4944870940144517 0.15070301260612426
46 285 1912.0 1927 148.9519949219998 1.6400000000000001 0.07916519438293357 2.1287033105115682 True False -0.10590594076036285 1.7827200032560082 0.14048686927243262 -1.9151098312839565 1.4944870940144517 0.15070301260612426
46 286 1912.0 1927 149.33007542499982 1.6400000000000001 0.07916519438293357 2.1287033105115682 False True -0.10590594076036285 1.7827200032560082 0.14048686927243262 -1.9151098312839565 1.4944870940144517 0.15070301260612426
46 287 1924.0 1939 149.97725021099984 1.6400000000000001 0.07916519438293357 2.121376809200993 True False -0.10590594076036285 1.7827200032560082 0.14048686927243262 -1.9151098312839565 1.4944870940144517 0.15070301260612426
46 288 1924.0 1939 150.38985199099983 1.6400000000000001 0.07916519438293357 2.121376809200993 False True -0.10590594076036285 1.7827200032560082 0.14048686927243262 -1.9151098312839565 1.4944870940144517 0.15070301260612426
46 289 1936.0 1951 151.14768707299984 1.6400000000000001 0.07916519438293357 1.8815688935587627 True False -0.10590594076036285 1.7827200032560082 0.14048686927243262 -1.9151098312839565 1.4944870940144517 0.15070301260612426
46 290 1936.0 1951 151.53115326499986 1.6400000000000001 0.07916519438293357 1.8815688935587627 False True -0.10590594076036285 1.7827200032560082 0.14048686927243262 -1.9151098312839565 1.4944870940144517 0.15070301260612426
46 291 1948.0 1963 152.13116719799987 1.6400000000000001 0.07916519438293357 2.0819505223294175 True False -0.10590594076036285 1.7827200032560082 0.14048686927243262 -1.9151098312839565 1.4944870940144517 0.15070301260612426
46 292 1948.0 1963 152.51100048099988 1.6400000000000001 0.07916519438293357 2.0819505223294175 False True -0.10590594076036285 1.7827200032560082 0.14048686927243262 -1.9151098312839565 1.4944870940144517 0.15070301260612426
46 293 1960.0 1975 153.1289050419999 1.6400000000000001 0.07916519438293357 2.0741136165585514 True False -0.10590594076036285 1.7827200032560082 0.14048686927243262 -1.9151098312839565 1.4944870940144517 0.15070301260612426
46 294 1960.0 1975 153.5070890399999 1.6400000000000001 0.07916519438293357 2.0741136165585514 False True -0.10590594076036285 1.7827200032560082 0.14048686927243262 -1.9151098312839565 1.4944870940144517 0.15070301260612426
46 295 1972.0 1987 154.1492206559999 1.6400000000000001 0.07916519438293357 2.0661912183853093 True False -0.10590594076036285 1.7827200032560082 0.14048686927243262 -1.9151098312839565 1.4944870940144517 0.15070301260612426
46 296 1972.0 1987 154.5651214219999 1.6400000000000001 0.07916519438293357 2.0661912183853093 False True -0.10590594076036285 1.7827200032560082 0.14048686927243262 -1.9151098312839565 1.4944870940144517 0.15070301260612426
46 297 1984.0 1999 155.1886740569999 1.6400000000000001 0.07916519438293357 2.0581841322251666 True False -0.10590594076036285 1.7827200032560082 0.14048686927243262 -1.9151098312839565 1.4944870940144517 0.15070301260612426
