665 0 400.0 200.99999999999997 1.2040982110000016 0.0 7.34 0.1577812849879952 0.08173555351745106 False True 0.002761001674234993 1.2423568171202406 -0.34921750074355584 -0.004173787821133445 0.0
665 1 412.0 212.99999999999997 2.4659951420000112 0.0 1.6700000000000002 0.08173555351745106 0.1577812849879952 False True 0.002761001674234993 1.2423568171202406 -0.34921750074355584 -0.004173787821133445 0.0
665 2 416.0 216.99999999999997 3.726112996000026 0.0 1.6700000000000002 0.08173555351745106 0.1577812849879952 False True 0.002761001674234993 1.2423568171202406 -0.34921750074355584 -0.004173787821133445 0.0
665 3 420.0 220.99999999999997 4.983732516000018 0.0 7.34 0.1577812849879952 0.08173555351745106 False True 0.002761001674234993 1.2423568171202406 -0.34921750074355584 -0.004173787821133445 0.0
665 4 424.0 224.99999999999997 6.241678129000022 0.0 7.34 0.1577812849879952 0.03780597759361203 False True 0.002761001674234993 1.2423568171202406 -0.34921750074355584 -0.004173787821133445 0.0
665 5 436.0 236.99999999999997 7.501916026000018 0.0 7.34 0.1577812849879952 0.08075355279695819 False True 0.002761001674234993 1.2423568171202406 -0.34921750074355584 -0.004173787821133445 0.0
665 6 448.0 248.99999999999997 8.786036685000013 0.0 7.34 0.1577812849879952 0.08283401547678779 False True 0.002761001674234993 1.2423568171202406 -0.34921750074355584 -0.004173787821133445 0.0
665 7 460.0 261.0 10.043524844000032 0.0 7.34 0.1577812849879952 0.16371283365866252 False True 0.002761001674234993 1.2423568171202406 -0.34921750074355584 -0.004173787821133445 0.0
665 8 472.0 273.0 11.300134716000045 0.0 7.33 0.16371283365866252 0.1577812849879952 False True 0.002761001674234993 1.2423568171202406 -0.34921750074355584 -0.004173787821133445 0.0
665 9 476.0 277.0 12.54610755800006 0.0 7.33 0.16371283365866252 0.1577812849879952 False True 0.002761001674234993 1.2423568171202406 -0.34921750074355584 -0.004173787821133445 0.0
665 10 480.0 281.0 13.828972643000057 0.0 7.33 0.16371283365866252 0.1577812849879952 False True 0.002761001674234993 1.2423568171202406 -0.34921750074355584 -0.004173787821133445 0.0
665 11 484.0 285.0 15.087856479000052 0.0 7.34 0.1577812849879952 0.08173555351745106 False True 0.002761001674234993 1.2423568171202406 -0.34921750074355584 -0.004173787821133445 0.0
665 12 488.0 288.99999999999994 16.34565851400005 0.0 7.34 0.1577812849879952 0.08173555351745106 False True 0.002761001674234993 1.2423568171202406 -0.34921750074355584 -0.004173787821133445 0.0
665 13 492.0 292.99999999999994 17.605285597000048 0.0 1.6700000000000002 0.08173555351745106 0.1577812849879952 False True 0.002761001674234993 1.2423568171202406 -0.34921750074355584 -0.004173787821133445 0.0
665 14 496.0 296.99999999999994 18.861622874000048 0.0 1.6700000000000002 0.08173555351745106 0.16371283365866252 False True 0.002761001674234993 1.2423568171202406 -0.34921750074355584 -0.004173787821133445 0.0
665 15 500.0 300.99999999999994 20.127092853000036 0.0 1.6700000000000002 0.08173555351745106 0.16371283365866252 False True 0.002761001674234993 1.2423568171202406 -0.34921750074355584 -0.004173787821133445 0.0
665 16 504.0 304.99999999999994 21.386937942000046 0.0 1.6700000000000002 0.08173555351745106 0.16371283365866252 False True 0.002761001674234993 1.2423568171202406 -0.34921750074355584 -0.004173787821133445 0.0
665 17 508.0 308.99999999999994 22.647075448000052 0.0 1.6700000000000002 0.08173555351745106 0.16371283365866252 False True 0.002761001674234993 1.2423568171202406 -0.34921750074355584 -0.004173787821133445 0.0
665 18 512.0 312.99999999999994 23.905701642000068 0.0 1.6700000000000002 0.08173555351745106 0.16371283365866252 False True 0.002761001674234993 1.2423568171202406 -0.34921750074355584 -0.004173787821133445 0.0
665 19 516.0 316.99999999999994 25.16356834300005 0.0 7.34 0.1577812849879952 0.08173555351745106 False True 0.002761001674234993 1.2423568171202406 -0.34921750074355584 -0.004173787821133445 0.0
665 20 520.0 320.99999999999994 26.420577619000042 0.0 7.34 0.1577812849879952 0.08173555351745106 False True 0.002761001674234993 1.2423568171202406 -0.34921750074355584 -0.004173787821133445 0.0
665 21 524.0 324.99999999999994 27.679407493000056 0.0 7.34 0.1577812849879952 0.08173555351745106 False True 0.002761001674234993 1.2423568171202406 -0.34921750074355584 -0.004173787821133445 0.0
665 22 528.0 328.99999999999994 28.939586246000047 0.0 7.34 0.1577812849879952 0.08173555351745106 False True 0.002761001674234993 1.2423568171202406 -0.34921750074355584 -0.004173787821133445 0.0
665 23 532.0 332.99999999999994 30.19457498900006 0.0 7.34 0.1577812849879952 0.08173555351745106 False True 0.002761001674234993 1.2423568171202406 -0.34921750074355584 -0.004173787821133445 0.0
665 24 536.0 336.99999999999994 31.44624942600008 0.0 1.6700000000000002 0.08173555351745106 0.1577812849879952 False True 0.002761001674234993 1.2423568171202406 -0.34921750074355584 -0.004173787821133445 0.0
665 25 540.0 340.99999999999994 32.686633253000096 0.0 1.6700000000000002 0.08173555351745106 0.15195164894658272 False True 0.002761001674234993 1.2423568171202406 -0.34921750074355584 -0.004173787821133445 0.0
665 26 552.0 352.99999999999994 33.925814445000086 0.0 1.6700000000000002 0.08173555351745106 0.15195164894658272 False True 0.002761001674234993 1.2423568171202406 -0.34921750074355584 -0.004173787821133445 0.0
665 27 556.0 356.99999999999994 35.168287248000084 0.0 1.6700000000000002 0.08173555351745106 0.07988812341713428 False True 0.002761001674234993 1.2423568171202406 -0.34921750074355584 -0.004173787821133445 0.0
665 28 568.0 368.99999999999994 36.410932815000095 0.0 1.6500000000000001 0.07988812341713428 0.08173555351745106 False True 0.002761001674234993 1.2423568171202406 -0.34921750074355584 -0.004173787821133445 0.0
665 29 572.0 372.99999999999994 37.66567837300009 0.0 1.6700000000000002 0.08173555351745106 0.07988812341713428 False True 0.002761001674234993 1.2423568171202406 -0.34921750074355584 -0.004173787821133445 0.0
665 30 576.0 376.99999999999994 38.9099040120001 0.0 1.6500000000000001 0.07988812341713428 0.08173555351745106 False True 0.002761001674234993 1.2423568171202406 -0.34921750074355584 -0.004173787821133445 0.0
665 31 580.0 380.99999999999994 40.15143224000009 0.0 1.6500000000000001 0.07988812341713428 0.0791393638215756 False True 0.002761001674234993 1.2423568171202406 -0.34921750074355584 -0.004173787821133445 0.0
665 32 592.0 392.99999999999994 41.40536843000008 0.0 1.6500000000000001 0.07988812341713428 0.16974571440561276 False True 0.002761001674234993 1.2423568171202406 -0.34921750074355584 -0.004173787821133445 0.0
665 33 604.0 404.99999999999994 42.64761353400009 0.0 1.6500000000000001 0.07988812341713428 0.08173555351745106 False True 0.002761001674234993 1.2423568171202406 -0.34921750074355584 -0.004173787821133445 0.0
665 34 608.0 408.99999999999994 43.89977007600008 0.0 1.6700000000000002 0.08173555351745106 0.1577812849879952 False True 0.002761001674234993 1.2423568171202406 -0.34921750074355584 -0.004173787821133445 0.0
665 35 612.0 412.99999999999994 45.14379570900009 0.0 1.6700000000000002 0.08173555351745106 0.08283401547678779 False True 0.002761001674234993 1.2423568171202406 -0.34921750074355584 -0.004173787821133445 0.0
665 36 616.0 416.99999999999994 46.38684560500009 0.0 1.68 0.08283401547678779 0.08173555351745106 False True 0.002761001674234993 1.2423568171202406 -0.34921750074355584 -0.004173787821133445 0.0
665 37 620.0 420.99999999999994 47.62864875300009 0.0 1.6700000000000002 0.08173555351745106 0.08283401547678779 False True 0.002761001674234993 1.2423568171202406 -0.34921750074355584 -0.004173787821133445 0.0
665 38 624.0 424.99999999999994 48.88101414000009 0.0 1.6700000000000002 0.08173555351745106 0.08283401547678779 False True 0.002761001674234993 1.2423568171202406 -0.34921750074355584 -0.004173787821133445 0.0
665 39 628.0 428.99999999999994 50.12409254100011 0.0 1.6700000000000002 0.08173555351745106 0.1577812849879952 False True 0.002761001674234993 1.2423568171202406 -0.34921750074355584 -0.004173787821133445 0.0
665 40 632.0 432.99999999999994 51.36722413900013 0.0 1.6700000000000002 0.08173555351745106 0.15195164894658272 False True 0.002761001674234993 1.2423568171202406 -0.34921750074355584 -0.004173787821133445 0.0
665 41 636.0 436.99999999999994 52.62251424200015 0.0 1.6700000000000002 0.08173555351745106 0.15195164894658272 False True 0.002761001674234993 1.2423568171202406 -0.34921750074355584 -0.004173787821133445 0.0
665 42 640.0 440.99999999999994 53.86563292300015 0.0 1.6700000000000002 0.08173555351745106 0.1462244958949715 False True 0.002761001674234993 1.2423568171202406 -0.34921750074355584 -0.004173787821133445 0.0
665 43 652.0 452.99999999999994 55.12104742500013 0.0 1.6700000000000002 0.08173555351745106 0.14060038594422675 False True 0.002761001674234993 1.2423568171202406 -0.34921750074355584 -0.004173787821133445 0.0
665 44 664.0 464.99999999999994 56.36571341800014 0.0 1.6700000000000002 0.08173555351745106 0.07850736078580768 False True 0.002761001674234993 1.2423568171202406 -0.34921750074355584 -0.004173787821133445 0.0
665 45 676.0 476.99999999999994 57.607321245000136 0.0 1.6300000000000001 0.07850736078580768 0.08173555351745106 False True 0.002761001674234993 1.2423568171202406 -0.34921750074355584 -0.004173787821133445 0.0
665 46 680.0 480.99999999999994 58.861281270000134 0.0 1.6300000000000001 0.07850736078580768 0.08173555351745106 False True 0.002761001674234993 1.2423568171202406 -0.34921750074355584 -0.004173787821133445 0.0
665 47 684.0 484.99999999999994 60.12222262100015 0.0 1.6300000000000001 0.07850736078580768 0.08173555351745106 False True 0.002761001674234993 1.2423568171202406 -0.34921750074355584 -0.004173787821133445 0.0
665 48 688.0 488.99999999999994 61.38746608100017 0.0 1.6300000000000001 0.07850736078580768 0.08173555351745106 False True 0.002761001674234993 1.2423568171202406 -0.34921750074355584 -0.004173787821133445 0.0
665 49 692.0 492.99999999999994 62.659730254000166 0.0 1.6300000000000001 0.07850736078580768 0.07799218940860762 False True 0.002761001674234993 1.2423568171202406 -0.34921750074355584 -0.004173787821133445 0.0
665 50 704.0 504.99999999999994 63.918974397000156 0.0 1.6300000000000001 0.07850736078580768 0.08173555351745106 False True 0.002761001674234993 1.2423568171202406 -0.34921750074355584 -0.004173787821133445 0.0
665 51 708.0 508.99999999999994 65.17765715000017 0.0 1.6300000000000001 0.07850736078580768 0.077593913104494 False True 0.002761001674234993 1.2423568171202406 -0.34921750074355584 -0.004173787821133445 0.0
665 52 720.0 521.0 66.43718511500019 0.0 1.61 0.077593913104494 0.07850736078580768 False True 0.002761001674234993 1.2423568171202406 -0.34921750074355584 -0.004173787821133445 0.0
665 53 724.0 525.0 67.70036051200019 0.0 1.61 0.077593913104494 0.07850736078580768 False True 0.002761001674234993 1.2423568171202406 -0.34921750074355584 -0.004173787821133445 0.0
665 54 728.0 529.0 68.97137599500017 0.0 1.6300000000000001 0.07850736078580768 0.077593913104494 False True 0.002761001674234993 1.2423568171202406 -0.34921750074355584 -0.004173787821133445 0.0
665 55 732.0 533.0 70.23095512100018 0.0 1.61 0.077593913104494 0.07850736078580768 False True 0.002761001674234993 1.2423568171202406 -0.34921750074355584 -0.004173787821133445 0.0
665 56 736.0 537.0 71.49446020600017 0.0 1.6300000000000001 0.07850736078580768 0.077593913104494 False True 0.002761001674234993 1.2423568171202406 -0.34921750074355584 -0.004173787821133445 0.0
665 57 740.0 541.0 72.76556872600018 0.0 1.6300000000000001 0.07850736078580768 0.077593913104494 False True 0.002761001674234993 1.2423568171202406 -0.34921750074355584 -0.004173787821133445 0.0
665 58 744.0 545.0 74.02518101000017 0.0 1.6300000000000001 0.07850736078580768 0.077593913104494 False True 0.002761001674234993 1.2423568171202406 -0.34921750074355584 -0.004173787821133445 0.0
665 59 748.0 549.0 75.31980551500017 0.0 1.6300000000000001 0.07850736078580768 0.077593913104494 False True 0.002761001674234993 1.2423568171202406 -0.34921750074355584 -0.004173787821133445 0.0
665 60 752.0 553.0 76.58094947100015 0.0 1.6300000000000001 0.07850736078580768 0.077593913104494 False True 0.002761001674234993 1.2423568171202406 -0.34921750074355584 -0.004173787821133445 0.0
665 61 756.0 557.0 77.85308044200015 0.0 1.6300000000000001 0.07850736078580768 0.07731258359738624 False True 0.002761001674234993 1.2423568171202406 -0.34921750074355584 -0.004173787821133445 0.0
665 62 768.0 569.0 79.11524092100017 0.0 1.6300000000000001 0.07850736078580768 0.08404881692592708 False True 0.002761001674234993 1.2423568171202406 -0.34921750074355584 -0.004173787821133445 0.0
665 63 780.0 581.0 80.37801953100016 0.0 1.6300000000000001 0.07850736078580768 0.08537982448078629 False True 0.002761001674234993 1.2423568171202406 -0.34921750074355584 -0.004173787821133445 0.0
665 64 792.0 593.0 81.63908435300014 0.0 1.7 0.08537982448078629 0.07850736078580768 False True 0.002761001674234993 1.2423568171202406 -0.34921750074355584 -0.004173787821133445 0.0
665 65 796.0 597.0 82.89819542100012 0.0 1.6300000000000001 0.07850736078580768 0.08537982448078629 False True 0.002761001674234993 1.2423568171202406 -0.34921750074355584 -0.004173787821133445 0.0
665 66 800.0 601.0 84.15739662200012 0.0 1.7 0.08537982448078629 0.07850736078580768 False True 0.002761001674234993 1.2423568171202406 -0.34921750074355584 -0.004173787821133445 0.0
665 67 804.0 605.0 85.4294665280001 0.0 1.6300000000000001 0.07850736078580768 0.08537982448078629 False True 0.002761001674234993 1.2423568171202406 -0.34921750074355584 -0.004173787821133445 0.0
665 68 808.0 609.0 86.69048749500011 0.0 1.6300000000000001 0.07850736078580768 0.08537982448078629 False True 0.002761001674234993 1.2423568171202406 -0.34921750074355584 -0.004173787821133445 0.0
665 69 812.0 613.0 87.95088826300012 0.0 1.6300000000000001 0.07850736078580768 0.08537982448078629 False True 0.002761001674234993 1.2423568171202406 -0.34921750074355584 -0.004173787821133445 0.0
665 70 816.0 617.0 89.21266739300013 0.0 1.6300000000000001 0.07850736078580768 0.08537982448078629 False True 0.002761001674234993 1.2423568171202406 -0.34921750074355584 -0.004173787821133445 0.0
665 71 820.0 621.0 90.47253505800013 0.0 1.6300000000000001 0.07850736078580768 0.08682689313557647 False True 0.002761001674234993 1.2423568171202406 -0.34921750074355584 -0.004173787821133445 0.0
665 72 832.0 633.0 91.73473654600012 0.0 1.6300000000000001 0.07850736078580768 0.08838986627730597 False True 0.002761001674234993 1.2423568171202406 -0.34921750074355584 -0.004173787821133445 0.0
665 73 844.0 645.0 93.00542360800013 0.0 1.72 0.08838986627730597 0.07850736078580768 False True 0.002761001674234993 1.2423568171202406 -0.34921750074355584 -0.004173787821133445 0.0
665 74 848.0 649.0 94.26477551000012 0.0 1.72 0.08838986627730597 0.07850736078580768 False True 0.002761001674234993 1.2423568171202406 -0.34921750074355584 -0.004173787821133445 0.0
665 75 852.0 653.0 95.52376676900012 0.0 1.72 0.08838986627730597 0.07850736078580768 False True 0.002761001674234993 1.2423568171202406 -0.34921750074355584 -0.004173787821133445 0.0
665 76 856.0 657.0 96.7868772850001 0.0 1.72 0.08838986627730597 0.07850736078580768 False True 0.002761001674234993 1.2423568171202406 -0.34921750074355584 -0.004173787821133445 0.0
665 77 860.0 661.0 98.04831836400011 0.0 1.6300000000000001 0.07850736078580768 0.08838986627730597 False True 0.002761001674234993 1.2423568171202406 -0.34921750074355584 -0.004173787821133445 0.0
665 78 864.0 665.0 99.30956222000013 0.0 1.6300000000000001 0.07850736078580768 0.08838986627730597 False True 0.002761001674234993 1.2423568171202406 -0.34921750074355584 -0.004173787821133445 0.0
665 79 868.0 669.0 100.63781564200012 0.0 1.6300000000000001 0.07850736078580768 0.08838986627730597 False True 0.002761001674234993 1.2423568171202406 -0.34921750074355584 -0.004173787821133445 0.0
665 80 872.0 673.0 101.85615541200012 0.0 1.6300000000000001 0.07850736078580768 0.08838986627730597 False True 0.002761001674234993 1.2423568171202406 -0.34921750074355584 -0.004173787821133445 0.0
665 81 876.0 677.0 103.09682818000012 0.0 1.6300000000000001 0.07850736078580768 0.08838986627730597 False True 0.002761001674234993 1.2423568171202406 -0.34921750074355584 -0.004173787821133445 0.0
665 82 880.0 681.0 104.33880022300009 0.0 1.6300000000000001 0.07850736078580768 0.08838986627730597 False True 0.002761001674234993 1.2423568171202406 -0.34921750074355584 -0.004173787821133445 0.0
665 83 884.0 685.0 105.5791922210001 0.0 1.6300000000000001 0.07850736078580768 0.08838986627730597 False True 0.002761001674234993 1.2423568171202406 -0.34921750074355584 -0.004173787821133445 0.0
665 84 888.0 689.0 106.83160070400011 0.0 1.72 0.08838986627730597 0.07850736078580768 False True 0.002761001674234993 1.2423568171202406 -0.34921750074355584 -0.004173787821133445 0.0
665 85 892.0 693.0 108.07526590600013 0.0 1.72 0.08838986627730597 0.07850736078580768 False True 0.002761001674234993 1.2423568171202406 -0.34921750074355584 -0.004173787821133445 0.0
665 86 896.0 697.0 109.33029194900014 0.0 1.72 0.08838986627730597 0.07850736078580768 False True 0.002761001674234993 1.2423568171202406 -0.34921750074355584 -0.004173787821133445 0.0
665 87 900.0 701.0 110.57816678400015 0.0 1.6300000000000001 0.07850736078580768 0.09006857570143907 False True 0.002761001674234993 1.2423568171202406 -0.34921750074355584 -0.004173787821133445 0.0
665 88 912.0 713.0 111.83492602200015 0.0 1.6300000000000001 0.07850736078580768 0.08838986627730597 False True 0.002761001674234993 1.2423568171202406 -0.34921750074355584 -0.004173787821133445 0.0
665 89 916.0 717.0 113.09084167900015 0.0 1.6300000000000001 0.07850736078580768 0.08838986627730597 False True 0.002761001674234993 1.2423568171202406 -0.34921750074355584 -0.004173787821133445 0.0
665 90 920.0 721.0 114.34630227300015 0.0 1.6300000000000001 0.07850736078580768 0.09186284162871888 False True 0.002761001674234993 1.2423568171202406 -0.34921750074355584 -0.004173787821133445 0.0
665 91 932.0 733.0 115.60307954200015 0.0 1.6300000000000001 0.07850736078580768 0.09186284162871888 False True 0.002761001674234993 1.2423568171202406 -0.34921750074355584 -0.004173787821133445 0.0
665 92 936.0 737.0 116.84970031200014 0.0 1.74 0.09186284162871888 0.07850736078580768 False True 0.002761001674234993 1.2423568171202406 -0.34921750074355584 -0.004173787821133445 0.0
665 93 940.0 741.0 118.10548870100014 0.0 1.74 0.09186284162871888 0.07850736078580768 False True 0.002761001674234993 1.2423568171202406 -0.34921750074355584 -0.004173787821133445 0.0
665 94 944.0 745.0 119.34950523200014 0.0 1.74 0.09186284162871888 0.07850736078580768 False True 0.002761001674234993 1.2423568171202406 -0.34921750074355584 -0.004173787821133445 0.0
665 95 948.0 749.0 120.60313105700014 0.0 1.74 0.09186284162871888 0.07850736078580768 False True 0.002761001674234993 1.2423568171202406 -0.34921750074355584 -0.004173787821133445 0.0
665 96 952.0 753.0 121.86088313400013 0.0 1.74 0.09186284162871888 0.07850736078580768 False True 0.002761001674234993 1.2423568171202406 -0.34921750074355584 -0.004173787821133445 0.0
665 97 956.0 757.0 123.12060645100011 0.0 1.74 0.09186284162871888 0.07850736078580768 False True 0.002761001674234993 1.2423568171202406 -0.34921750074355584 -0.004173787821133445 0.0
665 98 960.0 761.0 124.37958801300012 0.0 1.74 0.09186284162871888 0.07850736078580768 False True 0.002761001674234993 1.2423568171202406 -0.34921750074355584 -0.004173787821133445 0.0
665 99 964.0 765.0 125.62528768200012 0.0 1.6300000000000001 0.07850736078580768 0.09186284162871888 False True 0.002761001674234993 1.2423568171202406 -0.34921750074355584 -0.004173787821133445 0.0
665 100 968.0 769.0 126.8679023020001 0.0 1.74 0.09186284162871888 0.07850736078580768 False True 0.002761001674234993 1.2423568171202406 -0.34921750074355584 -0.004173787821133445 0.0
665 101 972.0 773.0 128.1223258220001 0.0 1.74 0.09186284162871888 0.08838986627730597 False True 0.002761001674234993 1.2423568171202406 -0.34921750074355584 -0.004173787821133445 0.0
665 102 976.0 777.0 129.3675505020001 0.0 1.74 0.09186284162871888 0.08838986627730597 False True 0.002761001674234993 1.2423568171202406 -0.34921750074355584 -0.004173787821133445 0.0
665 103 980.0 781.0 130.6239551370001 0.0 1.74 0.09186284162871888 0.08838986627730597 False True 0.002761001674234993 1.2423568171202406 -0.34921750074355584 -0.004173787821133445 0.0
665 104 984.0 785.0 131.88169755300015 0.0 1.74 0.09186284162871888 0.08838986627730597 False True 0.002761001674234993 1.2423568171202406 -0.34921750074355584 -0.004173787821133445 0.0
665 105 988.0 789.0 133.16605198200017 0.0 1.72 0.08838986627730597 0.09186284162871888 False True 0.002761001674234993 1.2423568171202406 -0.34921750074355584 -0.004173787821133445 0.0
665 106 992.0 793.0 134.43721599500014 0.0 1.72 0.08838986627730597 0.07850736078580768 False True 0.002761001674234993 1.2423568171202406 -0.34921750074355584 -0.004173787821133445 0.0
665 107 996.0 797.0 135.69785939300016 0.0 1.72 0.08838986627730597 0.07850736078580768 False True 0.002761001674234993 1.2423568171202406 -0.34921750074355584 -0.004173787821133445 0.0
665 108 1000.0 801.0 136.95821888900014 0.0 1.72 0.08838986627730597 0.07850736078580768 False True 0.002761001674234993 1.2423568171202406 -0.34921750074355584 -0.004173787821133445 0.0
665 109 1004.0 805.0 138.21842099000014 0.0 1.72 0.08838986627730597 0.07850736078580768 False True 0.002761001674234993 1.2423568171202406 -0.34921750074355584 -0.004173787821133445 0.0
665 110 1008.0 809.0 139.47845218700013 0.0 1.72 0.08838986627730597 0.07850736078580768 False True 0.002761001674234993 1.2423568171202406 -0.34921750074355584 -0.004173787821133445 0.0
665 111 1012.0 813.0 140.73733525800014 0.0 1.72 0.08838986627730597 0.07850736078580768 False True 0.002761001674234993 1.2423568171202406 -0.34921750074355584 -0.004173787821133445 0.0
665 112 1016.0 817.0 141.98107928400015 0.0 1.72 0.08838986627730597 0.09377247272314328 False True 0.002761001674234993 1.2423568171202406 -0.34921750074355584 -0.004173787821133445 0.0
665 113 1028.0 829.0 143.22642469600015 0.0 1.72 0.08838986627730597 0.09579726611109679 False True 0.002761001674234993 1.2423568171202406 -0.34921750074355584 -0.004173787821133445 0.0
665 114 1040.0 841.0 144.47902318500013 0.0 1.72 0.08838986627730597 0.07850736078580768 False True 0.002761001674234993 1.2423568171202406 -0.34921750074355584 -0.004173787821133445 0.0
665 115 1044.0 845.0 145.7208637540001 0.0 1.72 0.08838986627730597 0.07850736078580768 False True 0.002761001674234993 1.2423568171202406 -0.34921750074355584 -0.004173787821133445 0.0
665 116 1048.0 849.0 146.96155036200014 0.0 1.6300000000000001 0.07850736078580768 0.09186284162871888 False True 0.002761001674234993 1.2423568171202406 -0.34921750074355584 -0.004173787821133445 0.0
665 117 1052.0 853.0 148.20080539200018 0.0 1.6300000000000001 0.07850736078580768 0.08838986627730597 False True 0.002761001674234993 1.2423568171202406 -0.34921750074355584 -0.004173787821133445 0.0
665 118 1056.0 857.0 149.44215529600018 0.0 1.72 0.08838986627730597 0.08537982448078629 False True 0.002761001674234993 1.2423568171202406 -0.34921750074355584 -0.004173787821133445 0.0
665 119 1060.0 861.0 150.6867229130002 0.0 1.72 0.08838986627730597 0.09006857570143907 False True 0.002761001674234993 1.2423568171202406 -0.34921750074355584 -0.004173787821133445 0.0
665 120 1064.0 865.0 151.94011503700023 0.0 1.72 0.08838986627730597 0.09006857570143907 False True 0.002761001674234993 1.2423568171202406 -0.34921750074355584 -0.004173787821133445 0.0
665 121 1068.0 869.0 153.18496774100026 0.0 1.73 0.09006857570143907 0.07850736078580768 False True 0.002761001674234993 1.2423568171202406 -0.34921750074355584 -0.004173787821133445 0.0
665 122 1072.0 873.0 154.43912857200024 0.0 1.6300000000000001 0.07850736078580768 0.09006857570143907 False True 0.002761001674234993 1.2423568171202406 -0.34921750074355584 -0.004173787821133445 0.0
665 123 1076.0 877.0 155.68425429400025 0.0 1.6300000000000001 0.07850736078580768 0.09006857570143907 False True 0.002761001674234993 1.2423568171202406 -0.34921750074355584 -0.004173787821133445 0.0
665 124 1080.0 881.0 156.93936194700024 0.0 1.6300000000000001 0.07850736078580768 0.09006857570143907 False True 0.002761001674234993 1.2423568171202406 -0.34921750074355584 -0.004173787821133445 0.0
665 125 1084.0 885.0 158.18507671400027 0.0 1.73 0.09006857570143907 0.07850736078580768 False True 0.002761001674234993 1.2423568171202406 -0.34921750074355584 -0.004173787821133445 0.0
665 126 1088.0 889.0 159.43926514400027 0.0 1.73 0.09006857570143907 0.07850736078580768 False True 0.002761001674234993 1.2423568171202406 -0.34921750074355584 -0.004173787821133445 0.0
665 127 1092.0 893.0 160.69204811500026 0.0 1.73 0.09006857570143907 0.09793700740164174 False True 0.002761001674234993 1.2423568171202406 -0.34921750074355584 -0.004173787821133445 0.0
665 128 1104.0 905.0 161.95092954200027 0.0 1.77 0.09793700740164174 0.09006857570143907 False True 0.002761001674234993 1.2423568171202406 -0.34921750074355584 -0.004173787821133445 0.0
665 129 1108.0 909.0 163.20999974200026 0.0 1.73 0.09006857570143907 0.09793700740164174 False True 0.002761001674234993 1.2423568171202406 -0.34921750074355584 -0.004173787821133445 0.0
665 130 1112.0 913.0 164.46912722800022 0.0 1.73 0.09006857570143907 0.09793700740164174 False True 0.002761001674234993 1.2423568171202406 -0.34921750074355584 -0.004173787821133445 0.0
665 131 1116.0 917.0 165.72697356400022 0.0 1.73 0.09006857570143907 0.10019147070795287 False True 0.002761001674234993 1.2423568171202406 -0.34921750074355584 -0.004173787821133445 0.0
665 132 1128.0 929.0 166.9837787570002 0.0 1.73 0.09006857570143907 0.07850736078580768 False True 0.002761001674234993 1.2423568171202406 -0.34921750074355584 -0.004173787821133445 0.0
665 133 1132.0 933.0 168.24364247400018 0.0 1.73 0.09006857570143907 0.07850736078580768 False True 0.002761001674234993 1.2423568171202406 -0.34921750074355584 -0.004173787821133445 0.0
665 134 1136.0 937.0 169.50420696400016 0.0 1.73 0.09006857570143907 0.09793700740164174 False True 0.002761001674234993 1.2423568171202406 -0.34921750074355584 -0.004173787821133445 0.0
665 135 1140.0 941.0 170.7653042240002 0.0 1.6300000000000001 0.07850736078580768 0.09793700740164174 False True 0.002761001674234993 1.2423568171202406 -0.34921750074355584 -0.004173787821133445 0.0
665 136 1144.0 945.0 172.0232865380002 0.0 1.6300000000000001 0.07850736078580768 0.09186284162871888 False True 0.002761001674234993 1.2423568171202406 -0.34921750074355584 -0.004173787821133445 0.0
665 137 1148.0 949.0 173.27435315800022 0.0 1.6300000000000001 0.07850736078580768 0.10256041866990702 False True 0.002761001674234993 1.2423568171202406 -0.34921750074355584 -0.004173787821133445 0.0
665 138 1160.0 961.0 174.49258709000026 0.0 1.79 0.10256041866990702 0.07850736078580768 False True 0.002761001674234993 1.2423568171202406 -0.34921750074355584 -0.004173787821133445 0.0
665 139 1164.0 965.0 175.74609407100024 0.0 1.79 0.10256041866990702 0.07850736078580768 False True 0.002761001674234993 1.2423568171202406 -0.34921750074355584 -0.004173787821133445 0.0
665 140 1168.0 969.0 176.97168392200024 0.0 1.79 0.10256041866990702 0.07850736078580768 False True 0.002761001674234993 1.2423568171202406 -0.34921750074355584 -0.004173787821133445 0.0
665 141 1172.0 973.0 178.20815231300026 0.0 1.79 0.10256041866990702 0.07850736078580768 False True 0.002761001674234993 1.2423568171202406 -0.34921750074355584 -0.004173787821133445 0.0
665 142 1176.0 977.0 179.43390073600028 0.0 1.6300000000000001 0.07850736078580768 0.10256041866990702 False True 0.002761001674234993 1.2423568171202406 -0.34921750074355584 -0.004173787821133445 0.0
665 143 1180.0 981.0 180.6724575250003 0.0 1.6300000000000001 0.07850736078580768 0.10504360247782055 False True 0.002761001674234993 1.2423568171202406 -0.34921750074355584 -0.004173787821133445 0.0
665 144 1192.0 993.0 181.9097325980003 0.0 1.6300000000000001 0.07850736078580768 0.2938099884353584 False True 0.002761001674234993 1.2423568171202406 -0.34921750074355584 -0.004173787821133445 0.0
665 145 1204.0 1005.0 183.14899183100027 0.0 2.1999999999999997 0.2938099884353584 0.07850736078580768 False True 0.002761001674234993 1.2423568171202406 -0.34921750074355584 -0.004173787821133445 0.0
665 146 1208.0 1009.0 184.38625033100027 0.0 2.1999999999999997 0.2938099884353584 0.07850736078580768 False True 0.002761001674234993 1.2423568171202406 -0.34921750074355584 -0.004173787821133445 0.0
665 147 1212.0 1013.0 185.61361279900024 0.0 1.6300000000000001 0.07850736078580768 0.2870886849430576 False True 0.002761001674234993 1.2423568171202406 -0.34921750074355584 -0.004173787821133445 0.0
665 148 1224.0 1025.0 186.85062115800025 0.0 2.19 0.2870886849430576 0.07850736078580768 False True 0.002761001674234993 1.2423568171202406 -0.34921750074355584 -0.004173787821133445 0.0
665 149 1228.0 1029.0 188.08912234900026 0.0 1.6300000000000001 0.07850736078580768 0.2870886849430576 False True 0.002761001674234993 1.2423568171202406 -0.34921750074355584 -0.004173787821133445 0.0
665 150 1232.0 1033.0 189.32521046700026 0.0 1.6300000000000001 0.07850736078580768 0.28046268697087634 False True 0.002761001674234993 1.2423568171202406 -0.34921750074355584 -0.004173787821133445 0.0
665 151 1244.0 1045.0 190.5644970920003 0.0 1.6300000000000001 0.07850736078580768 0.09377247272314328 False True 0.002761001674234993 1.2423568171202406 -0.34921750074355584 -0.004173787821133445 0.0
665 152 1248.0 1049.0 191.7920276340003 0.0 1.6300000000000001 0.07850736078580768 0.09186284162871888 False True 0.002761001674234993 1.2423568171202406 -0.34921750074355584 -0.004173787821133445 0.0
665 153 1252.0 1053.0 193.03008115400036 0.0 1.72 0.08838986627730597 0.09006857570143907 False True 0.002761001674234993 1.2423568171202406 -0.34921750074355584 -0.004173787821133445 0.0
665 154 1256.0 1057.0 194.2682773620004 0.0 1.72 0.08838986627730597 0.08537982448078629 False True 0.002761001674234993 1.2423568171202406 -0.34921750074355584 -0.004173787821133445 0.0
665 155 1260.0 1061.0 195.5053829190004 0.0 1.72 0.08838986627730597 0.2938099884353584 False True 0.002761001674234993 1.2423568171202406 -0.34921750074355584 -0.004173787821133445 0.0
665 156 1264.0 1065.0 196.74385267600042 0.0 1.6300000000000001 0.07850736078580768 0.2739326690777168 False True 0.002761001674234993 1.2423568171202406 -0.34921750074355584 -0.004173787821133445 0.0
665 157 1276.0 1077.0 197.97173371400038 0.0 1.6300000000000001 0.07850736078580768 0.2739326690777168 False True 0.002761001674234993 1.2423568171202406 -0.34921750074355584 -0.004173787821133445 0.0
665 158 1280.0 1081.0 199.21213395300038 0.0 1.6300000000000001 0.07850736078580768 0.2739326690777168 False True 0.002761001674234993 1.2423568171202406 -0.34921750074355584 -0.004173787821133445 0.0
665 159 1284.0 1085.0 200.4633793790004 0.0 1.6300000000000001 0.07850736078580768 0.26749929622335245 False True 0.002761001674234993 1.2423568171202406 -0.34921750074355584 -0.004173787821133445 0.0
665 160 1296.0 1097.0 201.6916753460004 0.0 1.6300000000000001 0.07850736078580768 0.30753576615478195 False True 0.002761001674234993 1.2423568171202406 -0.34921750074355584 -0.004173787821133445 0.0
665 161 1308.0 1109.0 202.93035642900043 0.0 1.72 0.08838986627730597 0.2870886849430576 False True 0.002761001674234993 1.2423568171202406 -0.34921750074355584 -0.004173787821133445 0.0
665 162 1312.0 1113.0 204.16857150000044 0.0 1.72 0.08838986627730597 0.13507986889993287 False True 0.002761001674234993 1.2423568171202406 -0.34921750074355584 -0.004173787821133445 0.0
665 163 1324.0 1125.0 205.4094601690004 0.0 1.72 0.08838986627730597 0.13507986889993287 False True 0.002761001674234993 1.2423568171202406 -0.34921750074355584 -0.004173787821133445 0.0
665 164 1328.0 1129.0 206.64924715400036 0.0 1.72 0.08838986627730597 0.12966348420720433 False True 0.002761001674234993 1.2423568171202406 -0.34921750074355584 -0.004173787821133445 0.0
665 165 1340.0 1141.0 207.88827218000034 0.0 7.39 0.12966348420720433 0.08838986627730597 False True 0.002761001674234993 1.2423568171202406 -0.34921750074355584 -0.004173787821133445 0.0
665 166 1344.0 1145.0 209.12627739600038 0.0 7.39 0.12966348420720433 0.08838986627730597 False True 0.002761001674234993 1.2423568171202406 -0.34921750074355584 -0.004173787821133445 0.0
665 167 1348.0 1149.0 210.36503832500034 0.0 1.72 0.08838986627730597 0.12966348420720433 False True 0.002761001674234993 1.2423568171202406 -0.34921750074355584 -0.004173787821133445 0.0
665 168 1352.0 1153.0 211.60543707600033 0.0 1.72 0.08838986627730597 0.12435176089675484 False True 0.002761001674234993 1.2423568171202406 -0.34921750074355584 -0.004173787821133445 0.0
665 169 1364.0 1165.0 212.8446435800003 0.0 1.72 0.08838986627730597 0.11914521753198135 False True 0.002761001674234993 1.2423568171202406 -0.34921750074355584 -0.004173787821133445 0.0
665 170 1376.0 1177.0 214.08274097400033 0.0 7.41 0.11914521753198135 0.08838986627730597 False True 0.002761001674234993 1.2423568171202406 -0.34921750074355584 -0.004173787821133445 0.0
665 171 1380.0 1181.0 215.32005786800033 0.0 7.41 0.11914521753198135 0.08838986627730597 False True 0.002761001674234993 1.2423568171202406 -0.34921750074355584 -0.004173787821133445 0.0
665 172 1384.0 1185.0 216.5474649390003 0.0 7.41 0.11914521753198135 0.08838986627730597 False True 0.002761001674234993 1.2423568171202406 -0.34921750074355584 -0.004173787821133445 0.0
665 173 1388.0 1189.0 217.7871184510003 0.0 7.41 0.11914521753198135 0.08838986627730597 False True 0.002761001674234993 1.2423568171202406 -0.34921750074355584 -0.004173787821133445 0.0
665 174 1392.0 1193.0 219.0249213390003 0.0 7.41 0.11914521753198135 0.08838986627730597 False True 0.002761001674234993 1.2423568171202406 -0.34921750074355584 -0.004173787821133445 0.0
665 175 1396.0 1197.0 220.26072958900028 0.0 7.41 0.11914521753198135 0.11404436215711655 False True 0.002761001674234993 1.2423568171202406 -0.34921750074355584 -0.004173787821133445 0.0
665 176 1408.0 1209.0 221.4971012930003 0.0 7.41 0.11914521753198135 0.10904969224641702 False True 0.002761001674234993 1.2423568171202406 -0.34921750074355584 -0.004173787821133445 0.0
665 177 1420.0 1221.0 222.73673778600028 0.0 7.41 0.11914521753198135 0.08838986627730597 False True 0.002761001674234993 1.2423568171202406 -0.34921750074355584 -0.004173787821133445 0.0
665 178 1424.0 1225.0 223.96384440800028 0.0 7.41 0.11914521753198135 0.08838986627730597 False True 0.002761001674234993 1.2423568171202406 -0.34921750074355584 -0.004173787821133445 0.0
665 179 1428.0 1229.0 225.20366903700028 0.0 7.41 0.11914521753198135 0.08838986627730597 False True 0.002761001674234993 1.2423568171202406 -0.34921750074355584 -0.004173787821133445 0.0
665 180 1432.0 1233.0 226.4427734270003 0.0 7.41 0.11914521753198135 0.08838986627730597 False True 0.002761001674234993 1.2423568171202406 -0.34921750074355584 -0.004173787821133445 0.0
665 181 1436.0 1237.0 227.6820831300003 0.0 1.72 0.08838986627730597 0.11914521753198135 False True 0.002761001674234993 1.2423568171202406 -0.34921750074355584 -0.004173787821133445 0.0
665 182 1440.0 1241.0 228.91958519700034 0.0 1.72 0.08838986627730597 0.11914521753198135 False True 0.002761001674234993 1.2423568171202406 -0.34921750074355584 -0.004173787821133445 0.0
665 183 1444.0 1245.0 230.15815988500037 0.0 1.72 0.08838986627730597 0.11404436215711655 False True 0.002761001674234993 1.2423568171202406 -0.34921750074355584 -0.004173787821133445 0.0
665 184 1448.0 1249.0 231.3965989290004 0.0 1.72 0.08838986627730597 0.11404436215711655 False True 0.002761001674234993 1.2423568171202406 -0.34921750074355584 -0.004173787821133445 0.0
665 185 1452.0 1253.0 232.63546528900036 0.0 1.72 0.08838986627730597 0.11914521753198135 False True 0.002761001674234993 1.2423568171202406 -0.34921750074355584 -0.004173787821133445 0.0
665 186 1456.0 1257.0 233.87271848700038 0.0 1.72 0.08838986627730597 0.11404436215711655 False True 0.002761001674234993 1.2423568171202406 -0.34921750074355584 -0.004173787821133445 0.0
665 187 1460.0 1261.0 235.1103520410004 0.0 1.72 0.08838986627730597 0.11914521753198135 False True 0.002761001674234993 1.2423568171202406 -0.34921750074355584 -0.004173787821133445 0.0
665 188 1464.0 1265.0 236.3392896660004 0.0 1.72 0.08838986627730597 0.11914521753198135 False True 0.002761001674234993 1.2423568171202406 -0.34921750074355584 -0.004173787821133445 0.0
665 189 1468.0 1269.0 237.57811036700036 0.0 7.41 0.11914521753198135 0.08838986627730597 False True 0.002761001674234993 1.2423568171202406 -0.34921750074355584 -0.004173787821133445 0.0
665 190 1472.0 1273.0 238.81694017100034 0.0 7.41 0.11914521753198135 0.08838986627730597 False True 0.002761001674234993 1.2423568171202406 -0.34921750074355584 -0.004173787821133445 0.0
665 191 1476.0 1277.0 240.05674151900035 0.0 1.72 0.08838986627730597 0.11914521753198135 False True 0.002761001674234993 1.2423568171202406 -0.34921750074355584 -0.004173787821133445 0.0
665 192 1480.0 1281.0 241.29491145000037 0.0 7.41 0.11914521753198135 0.08838986627730597 False True 0.002761001674234993 1.2423568171202406 -0.34921750074355584 -0.004173787821133445 0.0
665 193 1484.0 1285.0 242.53325356200043 0.0 1.72 0.08838986627730597 0.10416169465442822 False True 0.002761001674234993 1.2423568171202406 -0.34921750074355584 -0.004173787821133445 0.0
665 194 1496.0 1297.0 243.7706900260004 0.0 7.4399999999999995 0.10416169465442822 0.08838986627730597 False True 0.002761001674234993 1.2423568171202406 -0.34921750074355584 -0.004173787821133445 0.0
665 195 1500.0 1301.0 245.0095202090004 0.0 1.72 0.08838986627730597 0.10416169465442822 False True 0.002761001674234993 1.2423568171202406 -0.34921750074355584 -0.004173787821133445 0.0
665 196 1504.0 1305.0 246.2483033520004 0.0 1.72 0.08838986627730597 0.09938084556728301 False True 0.002761001674234993 1.2423568171202406 -0.34921750074355584 -0.004173787821133445 0.0
665 197 1516.0 1317.0 247.48649061700036 0.0 1.72 0.08838986627730597 0.3145388438803377 False True 0.002761001674234993 1.2423568171202406 -0.34921750074355584 -0.004173787821133445 0.0
665 198 1528.0 1329.0 248.7257642660004 0.0 1.72 0.08838986627730597 0.3216344342625254 False True 0.002761001674234993 1.2423568171202406 -0.34921750074355584 -0.004173787821133445 0.0
665 199 1540.0 1341.0 249.96440582900044 0.0 1.72 0.08838986627730597 0.07714824091543267 False True 0.002761001674234993 1.2423568171202406 -0.34921750074355584 -0.004173787821133445 0.0
665 200 1552.0 1353.0 251.2040946880004 0.0 1.59 0.07714824091543267 0.08838986627730597 False True 0.002761001674234993 1.2423568171202406 -0.34921750074355584 -0.004173787821133445 0.0
665 201 1556.0 1357.0 252.44273347200044 0.0 1.59 0.07714824091543267 0.08838986627730597 False True 0.002761001674234993 1.2423568171202406 -0.34921750074355584 -0.004173787821133445 0.0
665 202 1560.0 1361.0 253.68105293300044 0.0 1.59 0.07714824091543267 0.08838986627730597 False True 0.002761001674234993 1.2423568171202406 -0.34921750074355584 -0.004173787821133445 0.0
665 203 1564.0 1365.0 254.92520117500044 0.0 1.59 0.07714824091543267 0.08838986627730597 False True 0.002761001674234993 1.2423568171202406 -0.34921750074355584 -0.004173787821133445 0.0
665 204 1568.0 1369.0 256.18031483600043 0.0 1.59 0.07714824091543267 0.08838986627730597 False True 0.002761001674234993 1.2423568171202406 -0.34921750074355584 -0.004173787821133445 0.0
665 205 1572.0 1373.0 257.4351377880004 0.0 1.59 0.07714824091543267 0.07710091338700371 False True 0.002761001674234993 1.2423568171202406 -0.34921750074355584 -0.004173787821133445 0.0
665 206 1584.0 1385.0 258.67419709000046 0.0 1.59 0.07714824091543267 0.07710091338700371 False True 0.002761001674234993 1.2423568171202406 -0.34921750074355584 -0.004173787821133445 0.0
665 207 1588.0 1389.0 259.9010133180004 0.0 1.59 0.07714824091543267 0.07710091338700371 False True 0.002761001674234993 1.2423568171202406 -0.34921750074355584 -0.004173787821133445 0.0
665 208 1592.0 1393.0 261.1364461050004 0.0 1.59 0.07714824091543267 0.08838986627730597 False True 0.002761001674234993 1.2423568171202406 -0.34921750074355584 -0.004173787821133445 0.0
665 209 1596.0 1397.0 262.3722049520004 0.0 1.59 0.07714824091543267 0.08838986627730597 False True 0.002761001674234993 1.2423568171202406 -0.34921750074355584 -0.004173787821133445 0.0
665 210 1600.0 1401.0 263.6084423280004 0.0 1.59 0.07714824091543267 0.08838986627730597 False True 0.002761001674234993 1.2423568171202406 -0.34921750074355584 -0.004173787821133445 0.0
665 211 1604.0 1405.0 264.8454488990004 0.0 1.59 0.07714824091543267 0.08838986627730597 False True 0.002761001674234993 1.2423568171202406 -0.34921750074355584 -0.004173787821133445 0.0
665 212 1608.0 1409.0 266.0847444220004 0.0 1.59 0.07714824091543267 0.11914521753198135 False True 0.002761001674234993 1.2423568171202406 -0.34921750074355584 -0.004173787821133445 0.0
665 213 1612.0 1413.0 267.32635683100045 0.0 1.59 0.07714824091543267 0.11914521753198135 False True 0.002761001674234993 1.2423568171202406 -0.34921750074355584 -0.004173787821133445 0.0
665 214 1616.0 1417.0 268.56767667700046 0.0 1.72 0.08838986627730597 0.07714824091543267 False True 0.002761001674234993 1.2423568171202406 -0.34921750074355584 -0.004173787821133445 0.0
665 215 1620.0 1421.0 269.8057100810005 0.0 1.72 0.08838986627730597 0.07714824091543267 False True 0.002761001674234993 1.2423568171202406 -0.34921750074355584 -0.004173787821133445 0.0
665 216 1624.0 1425.0 271.0446475550005 0.0 1.72 0.08838986627730597 0.07710091338700371 False True 0.002761001674234993 1.2423568171202406 -0.34921750074355584 -0.004173787821133445 0.0
665 217 1628.0 1429.0 272.2857619390005 0.0 1.72 0.08838986627730597 0.07717061763786741 False True 0.002761001674234993 1.2423568171202406 -0.34921750074355584 -0.004173787821133445 0.0
665 218 1640.0 1441.0 273.5231225540005 0.0 1.72 0.08838986627730597 0.07735735858951763 False True 0.002761001674234993 1.2423568171202406 -0.34921750074355584 -0.004173787821133445 0.0
665 219 1652.0 1453.0 274.76221400100053 0.0 1.72 0.08838986627730597 0.07766112945868966 False True 0.002761001674234993 1.2423568171202406 -0.34921750074355584 -0.004173787821133445 0.0
665 220 1664.0 1465.0 276.00060299900053 0.0 1.72 0.08838986627730597 0.07714824091543267 False True 0.002761001674234993 1.2423568171202406 -0.34921750074355584 -0.004173787821133445 0.0
665 221 1668.0 1469.0 277.2404688830005 0.0 1.72 0.08838986627730597 0.210086871871891 False True 0.002761001674234993 1.2423568171202406 -0.34921750074355584 -0.004173787821133445 0.0
665 222 1680.0 1481.0 278.47932358600053 0.0 1.72 0.08838986627730597 0.22115010203546018 False True 0.002761001674234993 1.2423568171202406 -0.34921750074355584 -0.004173787821133445 0.0
665 223 1692.0 1493.0 279.7163052390005 0.0 1.72 0.08838986627730597 0.22683682055185925 False True 0.002761001674234993 1.2423568171202406 -0.34921750074355584 -0.004173787821133445 0.0
665 224 1704.0 1505.0 280.9529500460005 0.0 1.72 0.08838986627730597 0.2326262023529585 False True 0.002761001674234993 1.2423568171202406 -0.34921750074355584 -0.004173787821133445 0.0
665 225 1716.0 1517.0 282.1912236510005 0.0 1.72 0.08838986627730597 0.2326262023529585 False True 0.002761001674234993 1.2423568171202406 -0.34921750074355584 -0.004173787821133445 0.0
665 226 1720.0 1521.0 283.4186364680005 0.0 1.72 0.08838986627730597 0.2385176803367692 False True 0.002761001674234993 1.2423568171202406 -0.34921750074355584 -0.004173787821133445 0.0
665 227 1732.0 1533.0 284.65797433800054 0.0 1.05 0.2385176803367692 0.08838986627730597 False True 0.002761001674234993 1.2423568171202406 -0.34921750074355584 -0.004173787821133445 0.0
665 228 1736.0 1537.0 285.91084750800053 0.0 1.05 0.2385176803367692 0.08838986627730597 False True 0.002761001674234993 1.2423568171202406 -0.34921750074355584 -0.004173787821133445 0.0
665 229 1740.0 1541.0 287.1644931180005 0.0 1.05 0.2385176803367692 0.08838986627730597 False True 0.002761001674234993 1.2423568171202406 -0.34921750074355584 -0.004173787821133445 0.0
665 230 1744.0 1545.0 288.40734908400054 0.0 1.72 0.08838986627730597 0.2385176803367692 False True 0.002761001674234993 1.2423568171202406 -0.34921750074355584 -0.004173787821133445 0.0
665 231 1748.0 1549.0 289.6604755110005 0.0 1.72 0.08838986627730597 0.24451067719059044 False True 0.002761001674234993 1.2423568171202406 -0.34921750074355584 -0.004173787821133445 0.0
665 232 1760.0 1561.0 290.9263188650005 0.0 1.72 0.08838986627730597 0.25060460544873037 False True 0.002761001674234993 1.2423568171202406 -0.34921750074355584 -0.004173787821133445 0.0
665 233 1772.0 1573.0 292.1796579180005 0.0 1.72 0.08838986627730597 0.11914521753198135 False True 0.002761001674234993 1.2423568171202406 -0.34921750074355584 -0.004173787821133445 0.0
665 234 1776.0 1577.0 293.4330931130005 0.0 7.41 0.11914521753198135 0.07714824091543267 False True 0.002761001674234993 1.2423568171202406 -0.34921750074355584 -0.004173787821133445 0.0
665 235 1780.0 1581.0 294.67649793300046 0.0 7.41 0.11914521753198135 0.08838986627730597 False True 0.002761001674234993 1.2423568171202406 -0.34921750074355584 -0.004173787821133445 0.0
665 236 1784.0 1585.0 295.9178725980005 0.0 7.41 0.11914521753198135 0.08838986627730597 False True 0.002761001674234993 1.2423568171202406 -0.34921750074355584 -0.004173787821133445 0.0
665 237 1788.0 1589.0 297.1715463930005 0.0 7.41 0.11914521753198135 0.08838986627730597 False True 0.002761001674234993 1.2423568171202406 -0.34921750074355584 -0.004173787821133445 0.0
665 238 1792.0 1593.0 298.4154502780005 0.0 7.41 0.11914521753198135 0.08838986627730597 False True 0.002761001674234993 1.2423568171202406 -0.34921750074355584 -0.004173787821133445 0.0
665 239 1796.0 1597.0 299.6686610870005 0.0 7.41 0.11914521753198135 0.2567988675512628 False True 0.002761001674234993 1.2423568171202406 -0.34921750074355584 -0.004173787821133445 0.0
665 240 1808.0 1609.0 300.9124014680005 0.0 7.41 0.11914521753198135 0.2630928559037778 False True 0.002761001674234993 1.2423568171202406 -0.34921750074355584 -0.004173787821133445 0.0
665 241 1820.0 1621.0 302.1663869460005 0.0 7.41 0.11914521753198135 0.2694859529381385 False True 0.002761001674234993 1.2423568171202406 -0.34921750074355584 -0.004173787821133445 0.0
665 242 1832.0 1633.0 303.4086683750005 0.0 7.41 0.11914521753198135 0.2759775311742421 False True 0.002761001674234993 1.2423568171202406 -0.34921750074355584 -0.004173787821133445 0.0
665 243 1844.0 1645.0 304.66185282100054 0.0 7.41 0.11914521753198135 0.09470761045509692 False True 0.002761001674234993 1.2423568171202406 -0.34921750074355584 -0.004173787821133445 0.0
665 244 1856.0 1657.0 305.9043359610005 0.0 7.46 0.09470761045509692 0.11914521753198135 False True 0.002761001674234993 1.2423568171202406 -0.34921750074355584 -0.004173787821133445 0.0
665 245 1860.0 1661.0 307.1591024970005 0.0 7.41 0.11914521753198135 0.09470761045509692 False True 0.002761001674234993 1.2423568171202406 -0.34921750074355584 -0.004173787821133445 0.0
665 246 1864.0 1665.0 308.4125754500005 0.0 7.46 0.09470761045509692 0.11914521753198135 False True 0.002761001674234993 1.2423568171202406 -0.34921750074355584 -0.004173787821133445 0.0
665 247 1868.0 1669.0 309.6567375270005 0.0 1.72 0.08838986627730597 0.0901424440254175 False True 0.002761001674234993 1.2423568171202406 -0.34921750074355584 -0.004173787821133445 0.0
665 248 1880.0 1681.0 310.9095503210005 0.0 1.72 0.08838986627730597 0.08568579017774876 False True 0.002761001674234993 1.2423568171202406 -0.34921750074355584 -0.004173787821133445 0.0
665 249 1892.0 1693.0 312.1532570020005 0.0 7.4799999999999995 0.08568579017774876 0.08838986627730597 False True 0.002761001674234993 1.2423568171202406 -0.34921750074355584 -0.004173787821133445 0.0
665 250 1896.0 1697.0 313.4069872890005 0.0 7.4799999999999995 0.08568579017774876 0.08838986627730597 False True 0.002761001674234993 1.2423568171202406 -0.34921750074355584 -0.004173787821133445 0.0
665 251 1900.0 1701.0 314.65091629300053 0.0 7.4799999999999995 0.08568579017774876 0.08838986627730597 False True 0.002761001674234993 1.2423568171202406 -0.34921750074355584 -0.004173787821133445 0.0
665 252 1904.0 1705.0 315.9039819590006 0.0 7.4799999999999995 0.08568579017774876 0.11914521753198135 False True 0.002761001674234993 1.2423568171202406 -0.34921750074355584 -0.004173787821133445 0.0
665 253 1908.0 1709.0 317.15696499300054 0.0 7.4799999999999995 0.08568579017774876 0.11914521753198135 False True 0.002761001674234993 1.2423568171202406 -0.34921750074355584 -0.004173787821133445 0.0
665 254 1912.0 1713.0 318.4008372340005 0.0 7.4799999999999995 0.08568579017774876 0.11914521753198135 False True 0.002761001674234993 1.2423568171202406 -0.34921750074355584 -0.004173787821133445 0.0
665 255 1916.0 1717.0 319.6547021490005 0.0 7.4799999999999995 0.08568579017774876 0.11914521753198135 False True 0.002761001674234993 1.2423568171202406 -0.34921750074355584 -0.004173787821133445 0.0
665 256 1920.0 1721.0 320.89736029300053 0.0 7.4799999999999995 0.08568579017774876 0.11914521753198135 False True 0.002761001674234993 1.2423568171202406 -0.34921750074355584 -0.004173787821133445 0.0
665 257 1924.0 1725.0 322.1499206940005 0.0 7.4799999999999995 0.08568579017774876 0.11914521753198135 False True 0.002761001674234993 1.2423568171202406 -0.34921750074355584 -0.004173787821133445 0.0
665 258 1928.0 1729.0 323.39194677700056 0.0 7.4799999999999995 0.08568579017774876 0.11914521753198135 False True 0.002761001674234993 1.2423568171202406 -0.34921750074355584 -0.004173787821133445 0.0
665 259 1932.0 1733.0 324.64413881500053 0.0 7.4799999999999995 0.08568579017774876 0.11914521753198135 False True 0.002761001674234993 1.2423568171202406 -0.34921750074355584 -0.004173787821133445 0.0
665 260 1936.0 1737.0 325.8871593070005 0.0 7.4799999999999995 0.08568579017774876 0.11914521753198135 False True 0.002761001674234993 1.2423568171202406 -0.34921750074355584 -0.004173787821133445 0.0
665 261 1940.0 1741.0 327.1393599810005 0.0 7.4799999999999995 0.08568579017774876 0.11914521753198135 False True 0.002761001674234993 1.2423568171202406 -0.34921750074355584 -0.004173787821133445 0.0
665 262 1944.0 1745.0 328.3856178530005 0.0 7.4799999999999995 0.08568579017774876 0.08838986627730597 False True 0.002761001674234993 1.2423568171202406 -0.34921750074355584 -0.004173787821133445 0.0
665 263 1948.0 1749.0 329.63923801100054 0.0 7.4799999999999995 0.08568579017774876 0.11914521753198135 False True 0.002761001674234993 1.2423568171202406 -0.34921750074355584 -0.004173787821133445 0.0
665 264 1952.0 1753.0 330.88206175000056 0.0 7.4799999999999995 0.08568579017774876 0.08838986627730597 False True 0.002761001674234993 1.2423568171202406 -0.34921750074355584 -0.004173787821133445 0.0
665 265 1956.0 1757.0 332.13491518600057 0.0 7.4799999999999995 0.08568579017774876 0.08133808195916913 False True 0.002761001674234993 1.2423568171202406 -0.34921750074355584 -0.004173787821133445 0.0
665 266 1968.0 1769.0 333.3890114710005 0.0 7.4799999999999995 0.08568579017774876 0.08133808195916913 False True 0.002761001674234993 1.2423568171202406 -0.34921750074355584 -0.004173787821133445 0.0
665 267 1972.0 1773.0 334.6344658280005 0.0 7.4799999999999995 0.08568579017774876 0.07714824091543267 False True 0.002761001674234993 1.2423568171202406 -0.34921750074355584 -0.004173787821133445 0.0
665 268 1976.0 1777.0 335.8891070720005 0.0 1.72 0.08838986627730597 0.07709974152102245 False True 0.002761001674234993 1.2423568171202406 -0.34921750074355584 -0.004173787821133445 0.0
665 269 1988.0 1789.0 337.14318124500056 0.0 1.72 0.08838986627730597 0.07709974152102245 False True 0.002761001674234993 1.2423568171202406 -0.34921750074355584 -0.004173787821133445 0.0
665 270 1992.0 1793.0 338.39720155000055 0.0 1.6300000000000001 0.07850736078580768 0.0729711800767046 False True 0.002761001674234993 1.2423568171202406 -0.34921750074355584 -0.004173787821133445 0.0
665 271 2004.0 1805.0 339.64014811100054 0.0 7.51 0.0729711800767046 0.11914521753198135 False True 0.002761001674234993 1.2423568171202406 -0.34921750074355584 -0.004173787821133445 0.0
665 272 2008.0 1809.0 340.8912585680006 0.0 7.51 0.0729711800767046 0.11914521753198135 False True 0.002761001674234993 1.2423568171202406 -0.34921750074355584 -0.004173787821133445 0.0
665 273 2012.0 1813.0 342.14500757300056 0.0 7.51 0.0729711800767046 0.11914521753198135 False True 0.002761001674234993 1.2423568171202406 -0.34921750074355584 -0.004173787821133445 0.0
665 274 2016.0 1817.0 343.38900626800057 0.0 7.51 0.0729711800767046 0.11914521753198135 False True 0.002761001674234993 1.2423568171202406 -0.34921750074355584 -0.004173787821133445 0.0
665 275 2020.0 1821.0 344.64248150100053 0.0 7.51 0.0729711800767046 0.11914521753198135 False True 0.002761001674234993 1.2423568171202406 -0.34921750074355584 -0.004173787821133445 0.0
665 276 2024.0 1825.0 345.8833966170005 0.0 7.51 0.0729711800767046 0.11914521753198135 False True 0.002761001674234993 1.2423568171202406 -0.34921750074355584 -0.004173787821133445 0.0
665 277 2028.0 1829.0 347.12363844700053 0.0 7.51 0.0729711800767046 0.11914521753198135 False True 0.002761001674234993 1.2423568171202406 -0.34921750074355584 -0.004173787821133445 0.0
665 278 2032.0 1833.0 348.35509767500054 0.0 7.51 0.0729711800767046 0.11914521753198135 False True 0.002761001674234993 1.2423568171202406 -0.34921750074355584 -0.004173787821133445 0.0
665 279 2036.0 1837.0 349.59236165200053 0.0 7.51 0.0729711800767046 0.11914521753198135 False True 0.002761001674234993 1.2423568171202406 -0.34921750074355584 -0.004173787821133445 0.0
665 280 2040.0 1841.0 350.84934666900057 0.0 7.51 0.0729711800767046 0.11914521753198135 False True 0.002761001674234993 1.2423568171202406 -0.34921750074355584 -0.004173787821133445 0.0
665 281 2044.0 1845.0 352.07507092000054 0.0 7.51 0.0729711800767046 0.11914521753198135 False True 0.002761001674234993 1.2423568171202406 -0.34921750074355584 -0.004173787821133445 0.0
665 282 2048.0 1849.0 353.30997398800054 0.0 7.51 0.0729711800767046 0.11914521753198135 False True 0.002761001674234993 1.2423568171202406 -0.34921750074355584 -0.004173787821133445 0.0
665 283 2052.0 1853.0 354.5362088170005 0.0 7.51 0.0729711800767046 0.11914521753198135 False True 0.002761001674234993 1.2423568171202406 -0.34921750074355584 -0.004173787821133445 0.0
665 284 2056.0 1857.0 355.7749583710005 0.0 7.51 0.0729711800767046 0.11914521753198135 False True 0.002761001674234993 1.2423568171202406 -0.34921750074355584 -0.004173787821133445 0.0
665 285 2060.0 1861.0 357.0139652060005 0.0 7.51 0.0729711800767046 0.11914521753198135 False True 0.002761001674234993 1.2423568171202406 -0.34921750074355584 -0.004173787821133445 0.0
665 286 2064.0 1865.0 358.2516420470005 0.0 7.51 0.0729711800767046 0.11914521753198135 False True 0.002761001674234993 1.2423568171202406 -0.34921750074355584 -0.004173787821133445 0.0
665 287 2068.0 1869.0 359.48988473300045 0.0 7.51 0.0729711800767046 0.11914521753198135 False True 0.002761001674234993 1.2423568171202406 -0.34921750074355584 -0.004173787821133445 0.0
665 288 2072.0 1873.0 360.7326473310004 0.0 7.51 0.0729711800767046 0.11914521753198135 False True 0.002761001674234993 1.2423568171202406 -0.34921750074355584 -0.004173787821133445 0.0
665 289 2076.0 1877.0 361.9859805100004 0.0 7.51 0.0729711800767046 0.0689527978605376 False True 0.002761001674234993 1.2423568171202406 -0.34921750074355584 -0.004173787821133445 0.0
665 290 2088.0 1889.0 363.2284895240004 0.0 7.52 0.0689527978605376 0.0729711800767046 False True 0.002761001674234993 1.2423568171202406 -0.34921750074355584 -0.004173787821133445 0.0
665 291 2092.0 1893.0 364.46889729700035 0.0 7.52 0.0689527978605376 0.0729711800767046 False True 0.002761001674234993 1.2423568171202406 -0.34921750074355584 -0.004173787821133445 0.0
665 292 2096.0 1897.0 365.70974698700036 0.0 7.52 0.0689527978605376 0.0729711800767046 False True 0.002761001674234993 1.2423568171202406 -0.34921750074355584 -0.004173787821133445 0.0
665 293 2100.0 1901.0 366.9370282380004 0.0 7.52 0.0689527978605376 0.0729711800767046 False True 0.002761001674234993 1.2423568171202406 -0.34921750074355584 -0.004173787821133445 0.0
665 294 2104.0 1905.0 368.17367884700036 0.0 7.52 0.0689527978605376 0.0729711800767046 False True 0.002761001674234993 1.2423568171202406 -0.34921750074355584 -0.004173787821133445 0.0
665 295 2108.0 1909.0 369.4098174770004 0.0 7.52 0.0689527978605376 0.06504498408775707 False True 0.002761001674234993 1.2423568171202406 -0.34921750074355584 -0.004173787821133445 0.0
665 296 2120.0 1921.0 370.64601708300034 0.0 7.53 0.06504498408775707 0.0689527978605376 False True 0.002761001674234993 1.2423568171202406 -0.34921750074355584 -0.004173787821133445 0.0
665 297 2124.0 1925.0 371.87372219500037 0.0 7.52 0.0689527978605376 0.06504498408775707 False True 0.002761001674234993 1.2423568171202406 -0.34921750074355584 -0.004173787821133445 0.0
665 298 2128.0 1929.0 373.1236989230004 0.0 7.52 0.0689527978605376 0.06504498408775707 False True 0.002761001674234993 1.2423568171202406 -0.34921750074355584 -0.004173787821133445 0.0
665 299 2132.0 1933.0 374.3631130010004 0.0 7.52 0.0689527978605376 0.11914521753198135 False True 0.002761001674234993 1.2423568171202406 -0.34921750074355584 -0.004173787821133445 0.0
665 300 2136.0 1937.0 375.59203872900036 0.0 7.41 0.11914521753198135 0.0689527978605376 False True 0.002761001674234993 1.2423568171202406 -0.34921750074355584 -0.004173787821133445 0.0
665 301 2140.0 1941.0 376.83087504000036 0.0 7.41 0.11914521753198135 0.0689527978605376 False True 0.002761001674234993 1.2423568171202406 -0.34921750074355584 -0.004173787821133445 0.0
665 302 2144.0 1945.0 378.0699073300003 0.0 7.52 0.0689527978605376 0.11914521753198135 False True 0.002761001674234993 1.2423568171202406 -0.34921750074355584 -0.004173787821133445 0.0
665 303 2148.0 1949.0 379.3098616380003 0.0 7.41 0.11914521753198135 0.0689527978605376 False True 0.002761001674234993 1.2423568171202406 -0.34921750074355584 -0.004173787821133445 0.0
665 304 2152.0 1953.0 380.5588604410003 0.0 7.41 0.11914521753198135 0.06124811691558004 False True 0.002761001674234993 1.2423568171202406 -0.34921750074355584 -0.004173787821133445 0.0
665 305 2164.0 1965.0 381.7977784650003 0.0 7.41 0.11914521753198135 0.06124811691558004 False True 0.002761001674234993 1.2423568171202406 -0.34921750074355584 -0.004173787821133445 0.0
665 306 2168.0 1969.0 383.03719547800034 0.0 7.41 0.11914521753198135 0.057562563405394215 False True 0.002761001674234993 1.2423568171202406 -0.34921750074355584 -0.004173787821133445 0.0
665 307 2180.0 1981.0 384.27671512900037 0.0 7.41 0.11914521753198135 0.05398867948605256 False True 0.002761001674234993 1.2423568171202406 -0.34921750074355584 -0.004173787821133445 0.0
665 308 2192.0 1993.0 385.5154960340004 0.0 7.41 0.11914521753198135 0.05052680991828018 False True 0.002761001674234993 1.2423568171202406 -0.34921750074355584 -0.004173787821133445 0.0
