79 0 400.0 200.99999999999997 1.2399361899999803 0.0 8.16 0.05383985179344788 0.006826293840489295 False True 0.0037169821876951938 3.610871082116816 -0.03174967446999398 -1.704798464874844 0.0
79 1 412.0 212.99999999999997 2.5225859119999825 0.0 8.16 0.05383985179344788 0.050279178138908094 False True 0.0037169821876951938 3.610871082116816 -0.03174967446999398 -1.704798464874844 0.0
79 2 424.0 224.99999999999997 3.816223638999986 0.0 8.16 0.05383985179344788 0.05751937464148482 False True 0.0037169821876951938 3.610871082116816 -0.03174967446999398 -1.704798464874844 0.0
79 3 436.0 236.99999999999997 5.097846304999962 0.0 8.16 0.05383985179344788 0.008192838357103207 False True 0.0037169821876951938 3.610871082116816 -0.03174967446999398 -1.704798464874844 0.0
79 4 448.0 248.99999999999997 6.389612710999955 0.0 8.16 0.05383985179344788 0.00446558705737415 False True 0.0037169821876951938 3.610871082116816 -0.03174967446999398 -1.704798464874844 0.0
79 5 460.0 261.0 7.671593899999976 0.0 8.16 0.05383985179344788 0.009683350185324548 False True 0.0037169821876951938 3.610871082116816 -0.03174967446999398 -1.704798464874844 0.0
79 6 472.0 273.0 8.985850876999962 0.0 7.74 0.009683350185324548 0.011297693745782999 False True 0.0037169821876951938 3.610871082116816 -0.03174967446999398 -1.704798464874844 0.0
79 7 484.0 285.0 10.281888419999973 0.0 7.7299999999999995 0.011297693745782999 0.013035721074691782 False True 0.0037169821876951938 3.610871082116816 -0.03174967446999398 -1.704798464874844 0.0
79 8 496.0 297.0 11.582548347999989 0.0 7.72 0.013035721074691782 0.014897271838641524 False True 0.0037169821876951938 3.610871082116816 -0.03174967446999398 -1.704798464874844 0.0
79 9 508.0 309.0 12.888927745999979 0.0 7.7299999999999995 0.011297693745782999 0.01688217335063746 False True 0.0037169821876951938 3.610871082116816 -0.03174967446999398 -1.704798464874844 0.0
79 10 520.0 321.0 14.219800171999964 0.0 7.7299999999999995 0.011297693745782999 0.018990240587366706 False True 0.0037169821876951938 3.610871082116816 -0.03174967446999398 -1.704798464874844 0.0
79 11 532.0 333.0 15.532321206999939 0.0 7.72 0.013035721074691782 0.0613173652065344 False True 0.0037169821876951938 3.610871082116816 -0.03174967446999398 -1.704798464874844 0.0
79 12 544.0 345.0 16.845450176999947 0.0 7.7299999999999995 0.011297693745782999 0.06523343016408793 False True 0.0037169821876951938 3.610871082116816 -0.03174967446999398 -1.704798464874844 0.0
79 13 556.0 357.0 18.14874906199995 0.0 8.18 0.0613173652065344 0.013035721074691782 False True 0.0037169821876951938 3.610871082116816 -0.03174967446999398 -1.704798464874844 0.0
79 14 560.0 361.0 19.46119978899995 0.0 8.18 0.0613173652065344 0.06926716438094109 False True 0.0037169821876951938 3.610871082116816 -0.03174967446999398 -1.704798464874844 0.0
79 15 572.0 373.0 20.793965155999928 0.0 8.18 0.0613173652065344 0.013035721074691782 False True 0.0037169821876951938 3.610871082116816 -0.03174967446999398 -1.704798464874844 0.0
79 16 576.0 377.0 22.10657004199993 0.0 8.18 0.0613173652065344 0.02122127620769778 False True 0.0037169821876951938 3.610871082116816 -0.03174967446999398 -1.704798464874844 0.0
79 17 588.0 389.0 23.408895264999927 0.0 8.18 0.0613173652065344 0.0734181509557072 False True 0.0037169821876951938 3.610871082116816 -0.03174967446999398 -1.704798464874844 0.0
79 18 600.0 401.0 24.73552076799993 0.0 8.18 0.0613173652065344 0.0034716339117068177 False True 0.0037169821876951938 3.610871082116816 -0.03174967446999398 -1.704798464874844 0.0
79 19 612.0 413.0 26.05199610099993 0.0 7.79 0.0034716339117068177 0.0026020662984037883 False True 0.0037169821876951938 3.610871082116816 -0.03174967446999398 -1.704798464874844 0.0
79 20 624.0 425.0 27.368919525999928 0.0 7.79 0.0034716339117068177 0.0018569576961936555 False True 0.0037169821876951938 3.610871082116816 -0.03174967446999398 -1.704798464874844 0.0
79 21 636.0 437.0 28.696021119999926 0.0 8.18 0.0613173652065344 0.0012363691366613055 False True 0.0037169821876951938 3.610871082116816 -0.03174967446999398 -1.704798464874844 0.0
79 22 648.0 449.0 30.032003077999917 0.0 8.18 0.0613173652065344 0.000740349198140826 False True 0.0037169821876951938 3.610871082116816 -0.03174967446999398 -1.704798464874844 0.0
79 23 660.0 461.0 31.358794688999893 0.0 8.18 0.0613173652065344 0.0003689340008650381 False True 0.0037169821876951938 3.610871082116816 -0.03174967446999398 -1.704798464874844 0.0
79 24 672.0 473.0 32.6764808129999 0.0 8.18 0.0613173652065344 0.00012214720334176294 False True 0.0037169821876951938 3.610871082116816 -0.03174967446999398 -1.704798464874844 0.0
79 25 684.0 485.0 34.004335813999916 0.0 7.7299999999999995 0.011297693745782999 0.014897271838641524 False True 0.0037169821876951938 3.610871082116816 -0.03174967446999398 -1.704798464874844 0.0
79 26 688.0 489.0 35.323985553999904 0.0 7.7299999999999995 0.011297693745782999 0.008192838357103207 False True 0.0037169821876951938 3.610871082116816 -0.03174967446999398 -1.704798464874844 0.0
79 27 692.0 493.0 36.6569776799999 0.0 7.74 0.009683350185324548 0.0026020662984037883 False True 0.0037169821876951938 3.610871082116816 -0.03174967446999398 -1.704798464874844 0.0
79 28 696.0 497.0 37.98981448899991 0.0 7.74 0.009683350185324548 0.023575070572419057 False True 0.0037169821876951938 3.610871082116816 -0.03174967446999398 -1.704798464874844 0.0
79 29 708.0 509.0 39.333529316999915 0.0 7.79 0.0034716339117068177 0.026051401765199517 False True 0.0037169821876951938 3.610871082116816 -0.03174967446999398 -1.704798464874844 0.0
79 30 720.0 521.0 40.684332301999916 0.0 7.79 0.0034716339117068177 0.02865003561478064 False True 0.0037169821876951938 3.610871082116816 -0.03174967446999398 -1.704798464874844 0.0
79 31 732.0 533.0 42.01622235399992 0.0 7.65 0.02865003561478064 0.031370725718397274 False True 0.0037169821876951938 3.610871082116816 -0.03174967446999398 -1.704798464874844 0.0
79 32 744.0 545.0 59.49753561199992 0.0 7.65 0.02865003561478064 0.0034716339117068177 False True 0.0037169821876951938 3.610871082116816 -0.03174967446999398 -1.704798464874844 0.0
79 33 748.0 549.0 64.56322174399992 0.0 7.79 0.0034716339117068177 0.03421321346641085 False True 0.0037169821876951938 3.610871082116816 -0.03174967446999398 -1.704798464874844 0.0
79 34 760.0 561.0 67.78389183399992 0.0 7.79 0.0034716339117068177 0.02865003561478064 False True 0.0037169821876951938 3.610871082116816 -0.03174967446999398 -1.704798464874844 0.0
79 35 764.0 565.0 70.59670371199991 0.0 7.79 0.0034716339117068177 0.037177228068178116 False True 0.0037169821876951938 3.610871082116816 -0.03174967446999398 -1.704798464874844 0.0
79 36 776.0 577.0 73.1669984719999 0.0 7.79 0.0034716339117068177 0.0 False True 0.0037169821876951938 3.610871082116816 -0.03174967446999398 -1.704798464874844 0.0
79 37 788.0 589.0 75.55418254199992 0.0 7.79 0.0034716339117068177 0.00012960682766703015 False True 0.0037169821876951938 3.610871082116816 -0.03174967446999398 -1.704798464874844 0.0
79 38 800.0 601.0 77.79694640999992 0.0 7.88 0.00012960682766703015 2.491120059516886e-06 False True 0.0037169821876951938 3.610871082116816 -0.03174967446999398 -1.704798464874844 0.0
79 39 812.0 613.0 79.94394573499991 0.0 7.87 2.491120059516886e-06 0.00038132092326465466 False True 0.0037169821876951938 3.610871082116816 -0.03174967446999398 -1.704798464874844 0.0
79 40 824.0 625.0 82.02183639199993 0.0 7.79 0.0034716339117068177 0.0007575947462094435 False True 0.0037169821876951938 3.610871082116816 -0.03174967446999398 -1.704798464874844 0.0
79 41 836.0 637.0 84.01679584199994 0.0 7.79 0.0034716339117068177 0.0012583771786429114 False True 0.0037169821876951938 3.610871082116816 -0.03174967446999398 -1.704798464874844 0.0
79 42 848.0 649.0 85.96724261999992 0.0 7.79 0.0034716339117068177 0.001883604650596148 False True 0.0037169821876951938 3.610871082116816 -0.03174967446999398 -1.704798464874844 0.0
79 43 860.0 661.0 87.82078877099994 0.0 7.79 0.0034716339117068177 0.0026332011463548795 False True 0.0037169821876951938 3.610871082116816 -0.03174967446999398 -1.704798464874844 0.0
79 44 872.0 673.0 89.62910153899995 0.0 7.87 2.491120059516886e-06 0.0035070782120545842 False True 0.0037169821876951938 3.610871082116816 -0.03174967446999398 -1.704798464874844 0.0
79 45 884.0 685.0 91.38787372199997 0.0 7.94 0.0035070782120545842 0.004505134964527807 False True 0.0037169821876951938 3.610871082116816 -0.03174967446999398 -1.704798464874844 0.0
79 46 896.0 697.0 93.11069644299997 0.0 7.87 2.491120059516886e-06 0.0035070782120545842 False True 0.0037169821876951938 3.610871082116816 -0.03174967446999398 -1.704798464874844 0.0
79 47 900.0 701.0 94.80002570099995 0.0 7.94 0.0035070782120545842 2.491120059516886e-06 False True 0.0037169821876951938 3.610871082116816 -0.03174967446999398 -1.704798464874844 0.0
79 48 904.0 705.0 96.45354432399992 0.0 7.94 0.0035070782120545842 0.0034716339117068177 False True 0.0037169821876951938 3.610871082116816 -0.03174967446999398 -1.704798464874844 0.0
79 49 908.0 709.0 98.0807898059999 0.0 7.79 0.0034716339117068177 0.006873321912384285 False True 0.0037169821876951938 3.610871082116816 -0.03174967446999398 -1.704798464874844 0.0
79 50 920.0 721.0 99.6855516439999 0.0 7.79 0.0034716339117068177 0.005627258101393703 False True 0.0037169821876951938 3.610871082116816 -0.03174967446999398 -1.704798464874844 0.0
79 51 932.0 733.0 101.24735867099989 0.0 7.79 0.0034716339117068177 0.008243188291918438 False True 0.0037169821876951938 3.610871082116816 -0.03174967446999398 -1.704798464874844 0.0
79 52 944.0 745.0 102.79740173899987 0.0 7.79 0.0034716339117068177 0.00973670675291262 False True 0.0037169821876951938 3.610871082116816 -0.03174967446999398 -1.704798464874844 0.0
79 53 956.0 757.0 104.33633140499987 0.0 7.99 0.00973670675291262 0.011353714441827182 False True 0.0037169821876951938 3.610871082116816 -0.03174967446999398 -1.704798464874844 0.0
79 54 968.0 769.0 105.83622946199986 0.0 7.99 0.00973670675291262 0.01309403615494934 False True 0.0037169821876951938 3.610871082116816 -0.03174967446999398 -1.704798464874844 0.0
79 55 980.0 781.0 107.31774711099987 0.0 7.99 0.00973670675291262 0.014957484355920647 False True 0.0037169821876951938 3.610871082116816 -0.03174967446999398 -1.704798464874844 0.0
79 56 992.0 793.0 108.79068597799986 0.0 8.02 0.014957484355920647 0.0169438591944834 False True 0.0037169821876951938 3.610871082116816 -0.03174967446999398 -1.704798464874844 0.0
79 57 1004.0 805.0 110.23624664099984 0.0 8.02 0.014957484355920647 0.019052948526469323 False True 0.0037169821876951938 3.610871082116816 -0.03174967446999398 -1.704798464874844 0.0
79 58 1016.0 817.0 111.68030972599982 0.0 8.02 0.014957484355920647 0.021284527935009404 False True 0.0037169821876951938 3.610871082116816 -0.03174967446999398 -1.704798464874844 0.0
79 59 1028.0 829.0 113.11821219199979 0.0 8.02 0.014957484355920647 0.00973670675291262 False True 0.0037169821876951938 3.610871082116816 -0.03174967446999398 -1.704798464874844 0.0
79 60 1032.0 833.0 114.54287872499978 0.0 8.02 0.014957484355920647 0.04351584484843458 False True 0.0037169821876951938 3.610871082116816 -0.03174967446999398 -1.704798464874844 0.0
79 61 1044.0 845.0 115.96079781399979 0.0 8.02 0.014957484355920647 0.04031388858796331 False True 0.0037169821876951938 3.610871082116816 -0.03174967446999398 -1.704798464874844 0.0
79 62 1056.0 857.0 117.37479385899982 0.0 8.02 0.014957484355920647 0.04683772326817758 False True 0.0037169821876951938 3.610871082116816 -0.03174967446999398 -1.704798464874844 0.0
79 63 1068.0 869.0 118.76367650199981 0.0 8.02 0.014957484355920647 0.03427106537724564 False True 0.0037169821876951938 3.610871082116816 -0.03174967446999398 -1.704798464874844 0.0
79 64 1080.0 881.0 120.14778410599982 0.0 8.02 0.014957484355920647 0.03723218820157519 False True 0.0037169821876951938 3.610871082116816 -0.03174967446999398 -1.704798464874844 0.0
79 65 1092.0 893.0 121.52765319099981 0.0 8.02 0.014957484355920647 0.028711778840657575 False True 0.0037169821876951938 3.610871082116816 -0.03174967446999398 -1.704798464874844 0.0
79 66 1104.0 905.0 122.89207055699981 0.0 8.02 0.014957484355920647 0.026114198086668497 False True 0.0037169821876951938 3.610871082116816 -0.03174967446999398 -1.704798464874844 0.0
79 67 1116.0 917.0 124.25383339499982 0.0 8.02 0.014957484355920647 0.03143082974394115 False True 0.0037169821876951938 3.610871082116816 -0.03174967446999398 -1.704798464874844 0.0
79 68 1128.0 929.0 125.61571729799985 0.0 8.02 0.014957484355920647 0.02363836075298047 False True 0.0037169821876951938 3.610871082116816 -0.03174967446999398 -1.704798464874844 0.0
79 69 1140.0 941.0 126.96710157299984 0.0 8.02 0.014957484355920647 0.08207015498385435 False True 0.0037169821876951938 3.610871082116816 -0.03174967446999398 -1.704798464874844 0.0
79 70 1152.0 953.0 128.3287647719998 0.0 8.02 0.014957484355920647 0.07768596126051491 False True 0.0037169821876951938 3.610871082116816 -0.03174967446999398 -1.704798464874844 0.0
79 71 1164.0 965.0 129.6895592029998 0.0 8.02 0.014957484355920647 0.08657028017462426 False True 0.0037169821876951938 3.610871082116816 -0.03174967446999398 -1.704798464874844 0.0
79 72 1176.0 977.0 131.0487213119998 0.0 8.02 0.014957484355920647 0.0911858732873174 False True 0.0037169821876951938 3.610871082116816 -0.03174967446999398 -1.704798464874844 0.0
79 73 1188.0 989.0 132.4115265779998 0.0 8.02 0.014957484355920647 0.09591645922837742 False True 0.0037169821876951938 3.610871082116816 -0.03174967446999398 -1.704798464874844 0.0
79 74 1200.0 1001.0 133.77492734999984 0.0 8.02 0.014957484355920647 0.10076155140370585 False True 0.0037169821876951938 3.610871082116816 -0.03174967446999398 -1.704798464874844 0.0
79 75 1212.0 1013.0 135.12783058499983 0.0 8.27 0.10076155140370585 0.10572065176732295 False True 0.0037169821876951938 3.610871082116816 -0.03174967446999398 -1.704798464874844 0.0
79 76 1224.0 1025.0 136.4908441589998 0.0 8.27 0.10076155140370585 0.11079325087117219 False True 0.0037169821876951938 3.610871082116816 -0.03174967446999398 -1.704798464874844 0.0
79 77 1236.0 1037.0 137.88464132499976 0.0 8.02 0.014957484355920647 0.11597882791606064 False True 0.0037169821876951938 3.610871082116816 -0.03174967446999398 -1.704798464874844 0.0
79 78 1248.0 1049.0 139.24638536599977 0.0 8.28 0.10572065176732295 0.10076155140370585 False True 0.0037169821876951938 3.610871082116816 -0.03174967446999398 -1.704798464874844 0.0
79 79 1252.0 1053.0 140.60788555199977 0.0 8.27 0.10076155140370585 0.014957484355920647 False True 0.0037169821876951938 3.610871082116816 -0.03174967446999398 -1.704798464874844 0.0
79 80 1256.0 1057.0 141.96032641899976 0.0 8.27 0.10076155140370585 0.00973670675291262 False True 0.0037169821876951938 3.610871082116816 -0.03174967446999398 -1.704798464874844 0.0
79 81 1260.0 1061.0 143.32181981199975 0.0 8.27 0.10076155140370585 0.10572065176732295 False True 0.0037169821876951938 3.610871082116816 -0.03174967446999398 -1.704798464874844 0.0
79 82 1264.0 1065.0 144.68385901799977 0.0 8.27 0.10076155140370585 0.0434686939290335 False True 0.0037169821876951938 3.610871082116816 -0.03174967446999398 -1.704798464874844 0.0
79 83 1276.0 1077.0 146.04469142499974 0.0 8.27 0.10076155140370585 0.04026248657912236 False True 0.0037169821876951938 3.610871082116816 -0.03174967446999398 -1.704798464874844 0.0
79 84 1288.0 1089.0 147.40618970599976 0.0 8.27 0.10076155140370585 0.04679554295157496 False True 0.0037169821876951938 3.610871082116816 -0.03174967446999398 -1.704798464874844 0.0
79 85 1300.0 1101.0 148.76706085799978 0.0 8.27 0.10076155140370585 0.05024271441499524 False True 0.0037169821876951938 3.610871082116816 -0.03174967446999398 -1.704798464874844 0.0
79 86 1312.0 1113.0 150.1284620019998 0.0 7.94 0.0035070782120545842 0.05380987705405503 False True 0.0037169821876951938 3.610871082116816 -0.03174967446999398 -1.704798464874844 0.0
79 87 1324.0 1125.0 151.48783712299982 0.0 8.02 0.014957484355920647 0.05749668760315345 False True 0.0037169821876951938 3.610871082116816 -0.03174967446999398 -1.704798464874844 0.0
79 88 1336.0 1137.0 152.8367138139998 0.0 7.56 0.05749668760315345 0.014957484355920647 False True 0.0037169821876951938 3.610871082116816 -0.03174967446999398 -1.704798464874844 0.0
79 89 1340.0 1141.0 154.19614718699975 0.0 8.02 0.014957484355920647 0.06130279083065332 False True 0.0037169821876951938 3.610871082116816 -0.03174967446999398 -1.704798464874844 0.0
79 90 1352.0 1153.0 155.55519803799976 0.0 8.02 0.014957484355920647 0.04026248657912236 False True 0.0037169821876951938 3.610871082116816 -0.03174967446999398 -1.704798464874844 0.0
79 91 1356.0 1157.0 156.90458624899972 0.0 8.02 0.014957484355920647 0.19623592630790024 False True 0.0037169821876951938 3.610871082116816 -0.03174967446999398 -1.704798464874844 0.0
79 92 1368.0 1169.0 158.26433319799972 0.0 8.02 0.014957484355920647 0.1910747933594503 False True 0.0037169821876951938 3.610871082116816 -0.03174967446999398 -1.704798464874844 0.0
79 93 1380.0 1181.0 159.6242914049997 0.0 7.79 0.0034716339117068177 0.02865003561478064 False True 0.0037169821876951938 3.610871082116816 -0.03174967446999398 -1.704798464874844 0.0
79 94 1384.0 1185.0 160.98530440199968 0.0 7.65 0.02865003561478064 0.0034716339117068177 False True 0.0037169821876951938 3.610871082116816 -0.03174967446999398 -1.704798464874844 0.0
79 95 1388.0 1189.0 162.3366341989997 0.0 7.79 0.0034716339117068177 0.17627897505816667 False True 0.0037169821876951938 3.610871082116816 -0.03174967446999398 -1.704798464874844 0.0
79 96 1400.0 1201.0 163.6974676979997 0.0 7.79 0.0034716339117068177 0.18109583140401456 False True 0.0037169821876951938 3.610871082116816 -0.03174967446999398 -1.704798464874844 0.0
79 97 1412.0 1213.0 165.05969747999976 0.0 7.79 0.0034716339117068177 0.17157783106387914 False True 0.0037169821876951938 3.610871082116816 -0.03174967446999398 -1.704798464874844 0.0
79 98 1424.0 1225.0 166.41064957899974 0.0 1.19 0.17627897505816667 0.02363836075298047 False True 0.0037169821876951938 3.610871082116816 -0.03174967446999398 -1.704798464874844 0.0
79 99 1428.0 1229.0 167.77149643199974 0.0 7.79 0.0034716339117068177 0.005627258101393703 False True 0.0037169821876951938 3.610871082116816 -0.03174967446999398 -1.704798464874844 0.0
79 100 1432.0 1233.0 169.13361192099975 0.0 8.02 0.014957484355920647 0.20689897870902768 False True 0.0037169821876951938 3.610871082116816 -0.03174967446999398 -1.704798464874844 0.0
79 101 1444.0 1245.0 170.49555374799976 0.0 8.27 0.10076155140370585 0.005627258101393703 False True 0.0037169821876951938 3.610871082116816 -0.03174967446999398 -1.704798464874844 0.0
79 102 1448.0 1249.0 171.85752097299977 0.0 7.96 0.005627258101393703 0.04679554295157496 False True 0.0037169821876951938 3.610871082116816 -0.03174967446999398 -1.704798464874844 0.0
79 103 1452.0 1253.0 173.21926298699978 0.0 7.96 0.005627258101393703 0.03723218820157519 False True 0.0037169821876951938 3.610871082116816 -0.03174967446999398 -1.704798464874844 0.0
79 104 1456.0 1257.0 174.5814825959998 0.0 7.96 0.005627258101393703 0.06927139477845562 False True 0.0037169821876951938 3.610871082116816 -0.03174967446999398 -1.704798464874844 0.0
79 105 1468.0 1269.0 175.9436612969998 0.0 8.02 0.014957484355920647 0.06522781957440328 False True 0.0037169821876951938 3.610871082116816 -0.03174967446999398 -1.704798464874844 0.0
79 106 1480.0 1281.0 177.29575188299978 0.0 8.27 0.10076155140370585 0.05024271441499524 False True 0.0037169821876951938 3.610871082116816 -0.03174967446999398 -1.704798464874844 0.0
79 107 1484.0 1285.0 178.6573580569998 0.0 8.27 0.10076155140370585 0.12668677619012997 False True 0.0037169821876951938 3.610871082116816 -0.03174967446999398 -1.704798464874844 0.0
79 108 1496.0 1297.0 180.0386170369998 0.0 8.27 0.10076155140370585 0.1212768508037442 False True 0.0037169821876951938 3.610871082116816 -0.03174967446999398 -1.704798464874844 0.0
79 109 1508.0 1309.0 181.4010824439998 0.0 7.79 0.0034716339117068177 0.13220804953961782 False True 0.0037169821876951938 3.610871082116816 -0.03174967446999398 -1.704798464874844 0.0
79 110 1520.0 1321.0 182.76332131699976 0.0 8.02 0.014957484355920647 0.14358236636176083 False True 0.0037169821876951938 3.610871082116816 -0.03174967446999398 -1.704798464874844 0.0
79 111 1532.0 1333.0 184.1258081949998 0.0 8.02 0.014957484355920647 0.13784010518054476 False True 0.0037169821876951938 3.610871082116816 -0.03174967446999398 -1.704798464874844 0.0
79 112 1544.0 1345.0 185.48850569799978 0.0 8.02 0.014957484355920647 0.1494342453102966 False True 0.0037169821876951938 3.610871082116816 -0.03174967446999398 -1.704798464874844 0.0
79 113 1556.0 1357.0 186.8514038559998 0.0 8.02 0.014957484355920647 0.15539514329014 False True 0.0037169821876951938 3.610871082116816 -0.03174967446999398 -1.704798464874844 0.0
79 114 1568.0 1369.0 188.21318268899975 0.0 8.02 0.014957484355920647 0.07771260910331455 False True 0.0037169821876951938 3.610871082116816 -0.03174967446999398 -1.704798464874844 0.0
79 115 1580.0 1381.0 189.56916059699975 0.0 8.02 0.014957484355920647 0.07343312553097213 False True 0.0037169821876951938 3.610871082116816 -0.03174967446999398 -1.704798464874844 0.0
79 116 1592.0 1393.0 190.93112983399973 0.0 7.52 0.07343312553097213 0.00973670675291262 False True 0.0037169821876951938 3.610871082116816 -0.03174967446999398 -1.704798464874844 0.0
79 117 1596.0 1397.0 192.29477128899973 0.0 8.02 0.014957484355920647 0.08662316495172308 False True 0.0037169821876951938 3.610871082116816 -0.03174967446999398 -1.704798464874844 0.0
79 118 1608.0 1409.0 193.65796202299973 0.0 8.02 0.014957484355920647 0.08210943099031202 False True 0.0037169821876951938 3.610871082116816 -0.03174967446999398 -1.704798464874844 0.0
79 119 1620.0 1421.0 203.87205692399968 0.0 8.02 0.014957484355920647 0.09125337305484801 False True 0.0037169821876951938 3.610871082116816 -0.03174967446999398 -1.704798464874844 0.0
79 120 1632.0 1433.0 211.1360186849997 0.0 8.02 0.014957484355920647 0.09599960571832702 False True 0.0037169821876951938 3.610871082116816 -0.03174967446999398 -1.704798464874844 0.0
79 121 1644.0 1445.0 214.56841415299974 0.0 8.02 0.014957484355920647 0.10086140175709642 False True 0.0037169821876951938 3.610871082116816 -0.03174967446999398 -1.704798464874844 0.0
79 122 1656.0 1457.0 217.47966976599972 0.0 8.02 0.014957484355920647 0.1058382884285118 False True 0.0037169821876951938 3.610871082116816 -0.03174967446999398 -1.704798464874844 0.0
79 123 1668.0 1469.0 220.1265222199997 0.0 8.02 0.014957484355920647 0.11092978147961378 False True 0.0037169821876951938 3.610871082116816 -0.03174967446999398 -1.704798464874844 0.0
79 124 1680.0 1481.0 222.58009063299974 0.0 8.02 0.014957484355920647 0.11613538519555856 False True 0.0037169821876951938 3.610871082116816 -0.03174967446999398 -1.704798464874844 0.0
79 125 1692.0 1493.0 224.88315500299976 0.0 8.02 0.014957484355920647 0.09125337305484801 False True 0.0037169821876951938 3.610871082116816 -0.03174967446999398 -1.704798464874844 0.0
79 126 1696.0 1497.0 227.07447688099975 0.0 7.87 2.491120059516886e-06 0.01309403615494934 False True 0.0037169821876951938 3.610871082116816 -0.03174967446999398 -1.704798464874844 0.0
79 127 1700.0 1501.0 229.1823447619997 0.0 8.02 0.014957484355920647 0.03723218820157519 False True 0.0037169821876951938 3.610871082116816 -0.03174967446999398 -1.704798464874844 0.0
79 128 1704.0 1505.0 231.2174073729997 0.0 8.11 0.03723218820157519 0.02865003561478064 False True 0.0037169821876951938 3.610871082116816 -0.03174967446999398 -1.704798464874844 0.0
79 129 1708.0 1509.0 233.1949586799997 0.0 8.11 0.03723218820157519 0.02865003561478064 False True 0.0037169821876951938 3.610871082116816 -0.03174967446999398 -1.704798464874844 0.0
79 130 1712.0 1513.0 235.0881753419997 0.0 7.65 0.02865003561478064 0.04351584484843458 False True 0.0037169821876951938 3.610871082116816 -0.03174967446999398 -1.704798464874844 0.0
79 131 1716.0 1517.0 236.9174514269997 0.0 7.65 0.02865003561478064 0.00012960682766703015 False True 0.0037169821876951938 3.610871082116816 -0.03174967446999398 -1.704798464874844 0.0
79 132 1720.0 1521.0 238.70286329199965 0.0 7.65 0.02865003561478064 0.1268868847517532 False True 0.0037169821876951938 3.610871082116816 -0.03174967446999398 -1.704798464874844 0.0
79 133 1732.0 1533.0 240.4426926329996 0.0 7.65 0.02865003561478064 0.12145459244919311 False True 0.0037169821876951938 3.610871082116816 -0.03174967446999398 -1.704798464874844 0.0
79 134 1744.0 1545.0 242.15533619799962 0.0 7.65 0.02865003561478064 0.13243173230472935 False True 0.0037169821876951938 3.610871082116816 -0.03174967446999398 -1.704798464874844 0.0
79 135 1756.0 1557.0 243.83417561999963 0.0 8.13 0.04351584484843458 0.019052948526469323 False True 0.0037169821876951938 3.610871082116816 -0.03174967446999398 -1.704798464874844 0.0
79 136 1760.0 1561.0 245.47234413799967 0.0 8.13 0.04351584484843458 0.13808859405283344 False True 0.0037169821876951938 3.610871082116816 -0.03174967446999398 -1.704798464874844 0.0
79 137 1772.0 1573.0 247.09079832799964 0.0 7.79 0.0034716339117068177 0.1438569177381121 False True 0.0037169821876951938 3.610871082116816 -0.03174967446999398 -1.704798464874844 0.0
79 138 1784.0 1585.0 248.67562425199966 0.0 7.79 0.0034716339117068177 0.14973613995516316 False True 0.0037169821876951938 3.610871082116816 -0.03174967446999398 -1.704798464874844 0.0
79 139 1796.0 1597.0 250.23882607599964 0.0 8.02 0.014957484355920647 0.04026248657912236 False True 0.0037169821876951938 3.610871082116816 -0.03174967446999398 -1.704798464874844 0.0
79 140 1800.0 1601.0 251.7713678569996 0.0 7.61 0.04026248657912236 0.019052948526469323 False True 0.0037169821876951938 3.610871082116816 -0.03174967446999398 -1.704798464874844 0.0
79 141 1804.0 1605.0 253.28475395399963 0.0 7.61 0.04026248657912236 0.005627258101393703 False True 0.0037169821876951938 3.610871082116816 -0.03174967446999398 -1.704798464874844 0.0
79 142 1808.0 1609.0 254.79013219099963 0.0 7.87 2.491120059516886e-06 0.001883604650596148 False True 0.0037169821876951938 3.610871082116816 -0.03174967446999398 -1.704798464874844 0.0
79 143 1812.0 1613.0 256.26867090599967 0.0 7.87 2.491120059516886e-06 0.000740349198140826 False True 0.0037169821876951938 3.610871082116816 -0.03174967446999398 -1.704798464874844 0.0
79 144 1816.0 1617.0 257.74009684899966 0.0 8.02 0.014957484355920647 0.20151082638288978 False True 0.0037169821876951938 3.610871082116816 -0.03174967446999398 -1.704798464874844 0.0
79 145 1828.0 1629.0 259.19507144899967 0.0 7.96 0.005627258101393703 0.03723218820157519 False True 0.0037169821876951938 3.610871082116816 -0.03174967446999398 -1.704798464874844 0.0
79 146 1832.0 1633.0 260.6320614189997 0.0 8.11 0.03723218820157519 0.07343312553097213 False True 0.0037169821876951938 3.610871082116816 -0.03174967446999398 -1.704798464874844 0.0
79 147 1836.0 1637.0 262.0527993719997 0.0 8.11 0.03723218820157519 0.04026248657912236 False True 0.0037169821876951938 3.610871082116816 -0.03174967446999398 -1.704798464874844 0.0
79 148 1840.0 1641.0 263.4678627299997 0.0 8.11 0.03723218820157519 0.04679554295157496 False True 0.0037169821876951938 3.610871082116816 -0.03174967446999398 -1.704798464874844 0.0
79 149 1844.0 1645.0 264.8666513379997 0.0 8.11 0.03723218820157519 0.1618249709649363 False True 0.0037169821876951938 3.610871082116816 -0.03174967446999398 -1.704798464874844 0.0
79 150 1856.0 1657.0 266.25272539099973 0.0 8.11 0.03723218820157519 0.16803339772224882 False True 0.0037169821876951938 3.610871082116816 -0.03174967446999398 -1.704798464874844 0.0
79 151 1868.0 1669.0 267.6320375079997 0.0 8.11 0.03723218820157519 0.15572568620748994 False True 0.0037169821876951938 3.610871082116816 -0.03174967446999398 -1.704798464874844 0.0
79 152 1880.0 1681.0 269.0073032859997 0.0 7.61 0.04026248657912236 0.04679554295157496 False True 0.0037169821876951938 3.610871082116816 -0.03174967446999398 -1.704798464874844 0.0
79 153 1884.0 1685.0 270.3687341329997 0.0 7.61 0.04026248657912236 0.013035721074691782 False True 0.0037169821876951938 3.610871082116816 -0.03174967446999398 -1.704798464874844 0.0
79 154 1888.0 1689.0 271.7291860299997 0.0 7.79 0.0034716339117068177 0.18077523669892637 False True 0.0037169821876951938 3.610871082116816 -0.03174967446999398 -1.704798464874844 0.0
79 155 1900.0 1701.0 273.0910102319997 0.0 8.02 0.014957484355920647 0.174350359058715 False True 0.0037169821876951938 3.610871082116816 -0.03174967446999398 -1.704798464874844 0.0
79 156 1912.0 1713.0 274.45371602999967 0.0 8.02 0.014957484355920647 0.18730740157458023 False True 0.0037169821876951938 3.610871082116816 -0.03174967446999398 -1.704798464874844 0.0
79 157 1924.0 1725.0 275.8155910869997 0.0 8.11 0.03723218820157519 0.19394621388740613 False True 0.0037169821876951938 3.610871082116816 -0.03174967446999398 -1.704798464874844 0.0
79 158 1936.0 1737.0 277.1785012839997 0.0 8.02 0.014957484355920647 0.20069102317313536 False True 0.0037169821876951938 3.610871082116816 -0.03174967446999398 -1.704798464874844 0.0
79 159 1948.0 1749.0 278.54082551099975 0.0 7.29 0.20069102317313536 0.20754116836654882 False True 0.0037169821876951938 3.610871082116816 -0.03174967446999398 -1.704798464874844 0.0
79 160 1960.0 1761.0 279.9030343729998 0.0 8.02 0.014957484355920647 0.2144959778675832 False True 0.0037169821876951938 3.610871082116816 -0.03174967446999398 -1.704798464874844 0.0
79 161 1972.0 1773.0 281.27643795699976 0.0 8.02 0.014957484355920647 0.22155476960849146 False True 0.0037169821876951938 3.610871082116816 -0.03174967446999398 -1.704798464874844 0.0
79 162 1984.0 1785.0 282.6374896239997 0.0 8.02 0.014957484355920647 0.22871685112204823 False True 0.0037169821876951938 3.610871082116816 -0.03174967446999398 -1.704798464874844 0.0
79 163 1996.0 1797.0 283.9988472659997 0.0 8.02 0.014957484355920647 0.23598151961079591 False True 0.0037169821876951938 3.610871082116816 -0.03174967446999398 -1.704798464874844 0.0
79 164 2008.0 1809.0 285.3597297359997 0.0 8.02 0.014957484355920647 0.24334806201732737 False True 0.0037169821876951938 3.610871082116816 -0.03174967446999398 -1.704798464874844 0.0
79 165 2020.0 1821.0 286.7192834939997 0.0 8.02 0.014957484355920647 0.25081575509558235 False True 0.0037169821876951938 3.610871082116816 -0.03174967446999398 -1.704798464874844 0.0
79 166 2032.0 1833.0 288.07948401999965 0.0 8.02 0.014957484355920647 0.0169438591944834 False True 0.0037169821876951938 3.610871082116816 -0.03174967446999398 -1.704798464874844 0.0
79 167 2036.0 1837.0 289.4408309499997 0.0 8.02 0.014957484355920647 0.20069102317313536 False True 0.0037169821876951938 3.610871082116816 -0.03174967446999398 -1.704798464874844 0.0
79 168 2040.0 1841.0 290.80189887999967 0.0 8.02 0.014957484355920647 0.16252449848765743 False True 0.0037169821876951938 3.610871082116816 -0.03174967446999398 -1.704798464874844 0.0
79 169 2052.0 1853.0 292.1632240859997 0.0 8.02 0.014957484355920647 0.15817318999460714 False True 0.0037169821876951938 3.610871082116816 -0.03174967446999398 -1.704798464874844 0.0
79 170 2064.0 1865.0 293.52515029599965 0.0 8.02 0.014957484355920647 0.16699285691510452 False True 0.0037169821876951938 3.610871082116816 -0.03174967446999398 -1.704798464874844 0.0
79 171 2076.0 1877.0 294.88746301199967 0.0 8.02 0.014957484355920647 0.1498234010909456 False True 0.0037169821876951938 3.610871082116816 -0.03174967446999398 -1.704798464874844 0.0
79 172 2088.0 1889.0 296.2492155779996 0.0 8.02 0.014957484355920647 0.145825730407864 False True 0.0037169821876951938 3.610871082116816 -0.03174967446999398 -1.704798464874844 0.0
79 173 2100.0 1901.0 297.6095592399996 0.0 8.02 0.014957484355920647 0.15393935394286792 False True 0.0037169821876951938 3.610871082116816 -0.03174967446999398 -1.704798464874844 0.0
79 174 2112.0 1913.0 298.97033097499957 0.0 8.02 0.014957484355920647 0.13818677223868964 False True 0.0037169821876951938 3.610871082116816 -0.03174967446999398 -1.704798464874844 0.0
79 175 2124.0 1925.0 300.33235555499954 0.0 8.02 0.014957484355920647 0.14194672903326291 False True 0.0037169821876951938 3.610871082116816 -0.03174967446999398 -1.704798464874844 0.0
79 176 2136.0 1937.0 301.7042866779995 0.0 8.02 0.014957484355920647 0.13454622339007064 False True 0.0037169821876951938 3.610871082116816 -0.03174967446999398 -1.704798464874844 0.0
79 177 2148.0 1949.0 303.0661854469995 0.0 8.27 0.10076155140370585 0.13102543391137464 False True 0.0037169821876951938 3.610871082116816 -0.03174967446999398 -1.704798464874844 0.0
79 178 2160.0 1961.0 304.4237290549995 0.0 7.65 0.02865003561478064 0.14194672903326291 False True 0.0037169821876951938 3.610871082116816 -0.03174967446999398 -1.704798464874844 0.0
79 179 2164.0 1965.0 305.78308795299955 0.0 7.65 0.02865003561478064 0.12762474324946688 False True 0.0037169821876951938 3.610871082116816 -0.03174967446999398 -1.704798464874844 0.0
79 180 2176.0 1977.0 307.12579191199956 0.0 7.65 0.02865003561478064 0.12434447884017019 False True 0.0037169821876951938 3.610871082116816 -0.03174967446999398 -1.704798464874844 0.0
79 181 2188.0 1989.0 308.46612651899954 0.0 7.74 0.009683350185324548 0.12118495607552202 False True 0.0037169821876951938 3.610871082116816 -0.03174967446999398 -1.704798464874844 0.0
