503 0 400.0 200.99999999999997 1.096671423999993 0.0 1.37 0.09828907395292419 0.09600422597899047 False True 0.003269366102489393 3.1693608619788756 -0.06717616633904715 -1.468304691058137 0.0
503 1 412.0 212.99999999999997 2.295112493000005 0.0 1.3800000000000001 0.09600422597899047 0.09382896746651459 False True 0.003269366102489393 3.1693608619788756 -0.06717616633904715 -1.468304691058137 0.0
503 2 424.0 224.99999999999997 3.4971410009999886 0.0 1.3800000000000001 0.09600422597899047 0.1006832942237378 False True 0.003269366102489393 3.1693608619788756 -0.06717616633904715 -1.468304691058137 0.0
503 3 436.0 236.99999999999997 4.709666873000003 0.0 1.37 0.09828907395292419 0.07633787441831826 False True 0.003269366102489393 3.1693608619788756 -0.06717616633904715 -1.468304691058137 0.0
503 4 448.0 248.99999999999997 5.914397371000007 0.0 1.37 0.09828907395292419 0.07718512842888012 False True 0.003269366102489393 3.1693608619788756 -0.06717616633904715 -1.468304691058137 0.0
503 5 460.0 261.0 7.12976541300003 0.0 1.37 0.09828907395292419 0.07497765516404056 False True 0.003269366102489393 3.1693608619788756 -0.06717616633904715 -1.468304691058137 0.0
503 6 472.0 273.0 8.355476081000035 0.0 1.53 0.07497765516404056 0.07446480327163446 False True 0.003269366102489393 3.1693608619788756 -0.06717616633904715 -1.468304691058137 0.0
503 7 484.0 285.0 9.57502854300003 0.0 1.37 0.09828907395292419 0.07406351351789545 False True 0.003269366102489393 3.1693608619788756 -0.06717616633904715 -1.468304691058137 0.0
503 8 496.0 297.0 10.79486285400003 0.0 1.54 0.07446480327163446 0.07377381469388809 False True 0.003269366102489393 3.1693608619788756 -0.06717616633904715 -1.468304691058137 0.0
503 9 508.0 309.0 12.02671392800002 0.0 1.56 0.07377381469388809 0.0735957244305441 False True 0.003269366102489393 3.1693608619788756 -0.06717616633904715 -1.468304691058137 0.0
503 10 520.0 321.0 13.246345047000005 0.0 1.57 0.0735957244305441 0.07352924919689656 False True 0.003269366102489393 3.1693608619788756 -0.06717616633904715 -1.468304691058137 0.0
503 11 532.0 333.0 14.467261897000014 0.0 1.57 0.0735957244305441 0.07357438429943754 False True 0.003269366102489393 3.1693608619788756 -0.06717616633904715 -1.468304691058137 0.0
503 12 544.0 345.0 15.686361464000015 0.0 1.57 0.0735957244305441 0.07373111388258004 False True 0.003269366102489393 3.1693608619788756 -0.06717616633904715 -1.468304691058137 0.0
503 13 556.0 357.0 16.912409566999997 0.0 1.57 0.0735957244305441 0.07399941093025227 False True 0.003269366102489393 3.1693608619788756 -0.06717616633904715 -1.468304691058137 0.0
503 14 568.0 369.0 18.140874454 0.0 1.61 0.07399941093025227 0.07437923726859143 False True 0.003269366102489393 3.1693608619788756 -0.06717616633904715 -1.468304691058137 0.0
503 15 580.0 381.0 19.359912062000006 0.0 1.61 0.07399941093025227 0.07814371788682886 False True 0.003269366102489393 3.1693608619788756 -0.06717616633904715 -1.468304691058137 0.0
503 16 592.0 393.0 20.580515566000003 0.0 1.49 0.07814371788682886 0.07921355826592702 False True 0.003269366102489393 3.1693608619788756 -0.06717616633904715 -1.468304691058137 0.0
503 17 604.0 405.0 21.801224910000002 0.0 1.49 0.07814371788682886 0.08039455391380111 False True 0.003269366102489393 3.1693608619788756 -0.06717616633904715 -1.468304691058137 0.0
503 18 616.0 417.0 23.020029647 0.0 1.49 0.07814371788682886 0.08168659806151611 False True 0.003269366102489393 3.1693608619788756 -0.06717616633904715 -1.468304691058137 0.0
503 19 628.0 429.0 24.229074795000002 0.0 1.48 0.07921355826592702 0.08308957283424237 False True 0.003269366102489393 3.1693608619788756 -0.06717616633904715 -1.468304691058137 0.0
503 20 640.0 441.0 25.448386709000005 0.0 1.45 0.08308957283424237 0.08460334926304702 False True 0.003269366102489393 3.1693608619788756 -0.06717616633904715 -1.468304691058137 0.0
503 21 652.0 453.0 26.66721399100001 0.0 1.45 0.08308957283424237 0.08622778729779568 False True 0.003269366102489393 3.1693608619788756 -0.06717616633904715 -1.468304691058137 0.0
503 22 664.0 465.0 27.887888641000018 0.0 1.49 0.07814371788682886 0.08796273582114673 False True 0.003269366102489393 3.1693608619788756 -0.06717616633904715 -1.468304691058137 0.0
503 23 676.0 477.0 29.123866805999995 0.0 1.49 0.07814371788682886 0.08980803266367596 False True 0.003269366102489393 3.1693608619788756 -0.06717616633904715 -1.468304691058137 0.0
503 24 688.0 489.0 30.34312956299999 0.0 1.45 0.08308957283424237 0.07814371788682886 False True 0.003269366102489393 3.1693608619788756 -0.06717616633904715 -1.468304691058137 0.0
503 25 692.0 493.0 31.562239009999985 0.0 1.45 0.08308957283424237 0.09176350462008173 False True 0.003269366102489393 3.1693608619788756 -0.06717616633904715 -1.468304691058137 0.0
503 26 704.0 505.0 32.779825681000005 0.0 1.45 0.08308957283424237 0.10318665868858916 False True 0.003269366102489393 3.1693608619788756 -0.06717616633904715 -1.468304691058137 0.0
503 27 716.0 517.0 33.998933857 0.0 1.35 0.10318665868858916 0.10579892832917327 False True 0.003269366102489393 3.1693608619788756 -0.06717616633904715 -1.468304691058137 0.0
503 28 728.0 529.0 35.21864666100001 0.0 1.35 0.10318665868858916 0.10851985323562424 False True 0.003269366102489393 3.1693608619788756 -0.06717616633904715 -1.468304691058137 0.0
503 29 740.0 541.0 36.43426393500002 0.0 1.35 0.10318665868858916 0.08308957283424237 False True 0.003269366102489393 3.1693608619788756 -0.06717616633904715 -1.468304691058137 0.0
503 30 744.0 545.0 37.65422638900003 0.0 1.45 0.08308957283424237 0.08460334926304702 False True 0.003269366102489393 3.1693608619788756 -0.06717616633904715 -1.468304691058137 0.0
503 31 748.0 549.0 38.861076793000024 0.0 1.49 0.07814371788682886 0.31602607768780194 False True 0.003269366102489393 3.1693608619788756 -0.06717616633904715 -1.468304691058137 0.0
503 32 760.0 561.0 40.07688317100002 0.0 1.49 0.07814371788682886 0.30910652297273533 False True 0.003269366102489393 3.1693608619788756 -0.06717616633904715 -1.468304691058137 0.0
503 33 772.0 573.0 41.291961946000015 0.0 1.49 0.07814371788682886 0.33012885221870697 False True 0.003269366102489393 3.1693608619788756 -0.06717616633904715 -1.468304691058137 0.0
503 34 784.0 585.0 42.52836302900002 0.0 1.35 0.10318665868858916 0.15012124161112175 False True 0.003269366102489393 3.1693608619788756 -0.06717616633904715 -1.468304691058137 0.0
503 35 796.0 597.0 43.74756859199999 0.0 1.45 0.08308957283424237 0.1557487248934817 False True 0.003269366102489393 3.1693608619788756 -0.06717616633904715 -1.468304691058137 0.0
503 36 808.0 609.0 44.972081771999996 0.0 1.45 0.08308957283424237 0.16147159183829607 False True 0.003269366102489393 3.1693608619788756 -0.06717616633904715 -1.468304691058137 0.0
503 37 820.0 621.0 46.18650027000001 0.0 1.49 0.07814371788682886 0.16728925802100922 False True 0.003269366102489393 3.1693608619788756 -0.06717616633904715 -1.468304691058137 0.0
503 38 832.0 633.0 47.40475470199999 0.0 1.49 0.07814371788682886 0.1732011295360067 False True 0.003269366102489393 3.1693608619788756 -0.06717616633904715 -1.468304691058137 0.0
503 39 844.0 645.0 48.622370022999974 0.0 1.61 0.07399941093025227 0.179206603055999 False True 0.003269366102489393 3.1693608619788756 -0.06717616633904715 -1.468304691058137 0.0
503 40 856.0 657.0 49.84405586699998 0.0 1.35 0.10318665868858916 0.18530506589236725 False True 0.003269366102489393 3.1693608619788756 -0.06717616633904715 -1.468304691058137 0.0
503 41 868.0 669.0 51.09078391899999 0.0 1.61 0.07399941093025227 0.19149589605641887 False True 0.003269366102489393 3.1693608619788756 -0.06717616633904715 -1.468304691058137 0.0
503 42 880.0 681.0 52.30851484600001 0.0 1.61 0.07399941093025227 0.13915471597700252 False True 0.003269366102489393 3.1693608619788756 -0.06717616633904715 -1.468304691058137 0.0
503 43 892.0 693.0 53.52639585900002 0.0 1.61 0.07399941093025227 0.13381679454786072 False True 0.003269366102489393 3.1693608619788756 -0.06717616633904715 -1.468304691058137 0.0
503 44 904.0 705.0 54.73152365600001 0.0 1.61 0.07399941093025227 0.1285764985143169 False True 0.003269366102489393 3.1693608619788756 -0.06717616633904715 -1.468304691058137 0.0
503 45 916.0 717.0 55.955308727000016 0.0 1.61 0.07399941093025227 0.07487054356976472 False True 0.003269366102489393 3.1693608619788756 -0.06717616633904715 -1.468304691058137 0.0
503 46 928.0 729.0 57.15580958100003 0.0 1.61 0.07399941093025227 0.07547326935690186 False True 0.003269366102489393 3.1693608619788756 -0.06717616633904715 -1.468304691058137 0.0
503 47 940.0 741.0 58.359274648000024 0.0 1.61 0.07399941093025227 0.07618734301014189 False True 0.003269366102489393 3.1693608619788756 -0.06717616633904715 -1.468304691058137 0.0
503 48 952.0 753.0 59.57835598500003 0.0 1.61 0.07399941093025227 0.07701268177379543 False True 0.003269366102489393 3.1693608619788756 -0.06717616633904715 -1.468304691058137 0.0
503 49 964.0 765.0 60.791564409000046 0.0 1.6600000000000001 0.07701268177379543 0.0779491917646203 False True 0.003269366102489393 3.1693608619788756 -0.06717616633904715 -1.468304691058137 0.0
503 50 976.0 777.0 61.99589015300006 0.0 1.6600000000000001 0.07701268177379543 0.0789967679812076 False True 0.003269366102489393 3.1693608619788756 -0.06717616633904715 -1.468304691058137 0.0
503 51 988.0 789.0 63.200307493000054 0.0 1.6600000000000001 0.07701268177379543 0.08015529431448411 False True 0.003269366102489393 3.1693608619788756 -0.06717616633904715 -1.468304691058137 0.0
503 52 1000.0 801.0 64.41493715700005 0.0 1.69 0.08015529431448411 0.08142464355932316 False True 0.003269366102489393 3.1693608619788756 -0.06717616633904715 -1.468304691058137 0.0
503 53 1012.0 813.0 65.63042237800005 0.0 1.69 0.08015529431448411 0.08280467742726201 False True 0.003269366102489393 3.1693608619788756 -0.06717616633904715 -1.468304691058137 0.0
503 54 1024.0 825.0 66.83559510600003 0.0 1.71 0.08280467742726201 0.08429524656033348 False True 0.003269366102489393 3.1693608619788756 -0.06717616633904715 -1.468304691058137 0.0
503 55 1036.0 837.0 68.05173928600004 0.0 1.71 0.08280467742726201 0.11428661489991558 False True 0.003269366102489393 3.1693608619788756 -0.06717616633904715 -1.468304691058137 0.0
503 56 1048.0 849.0 69.26797210000004 0.0 1.71 0.08280467742726201 0.11134917263151162 False True 0.003269366102489393 3.1693608619788756 -0.06717616633904715 -1.468304691058137 0.0
503 57 1060.0 861.0 70.47399380600004 0.0 1.71 0.08280467742726201 0.11733189761058475 False True 0.003269366102489393 3.1693608619788756 -0.06717616633904715 -1.468304691058137 0.0
503 58 1072.0 873.0 71.68975377200002 0.0 1.3 0.11733189761058475 0.12048472754818453 False True 0.003269366102489393 3.1693608619788756 -0.06717616633904715 -1.468304691058137 0.0
503 59 1084.0 885.0 72.89476805500004 0.0 1.71 0.08280467742726201 0.12374480074161825 False True 0.003269366102489393 3.1693608619788756 -0.06717616633904715 -1.468304691058137 0.0
503 60 1096.0 897.0 74.10872490900002 0.0 1.3 0.11733189761058475 0.12711180249441914 False True 0.003269366102489393 3.1693608619788756 -0.06717616633904715 -1.468304691058137 0.0
503 61 1108.0 909.0 75.31106966800002 0.0 1.71 0.08280467742726201 0.12374480074161825 False True 0.003269366102489393 3.1693608619788756 -0.06717616633904715 -1.468304691058137 0.0
503 62 1112.0 913.0 76.50679727600001 0.0 1.71 0.08280467742726201 0.08015529431448411 False True 0.003269366102489393 3.1693608619788756 -0.06717616633904715 -1.468304691058137 0.0
503 63 1116.0 917.0 77.69280481900003 0.0 1.69 0.08015529431448411 0.07701268177379543 False True 0.003269366102489393 3.1693608619788756 -0.06717616633904715 -1.468304691058137 0.0
503 64 1120.0 921.0 78.89026160400005 0.0 1.69 0.08015529431448411 0.07373111388258004 False True 0.003269366102489393 3.1693608619788756 -0.06717616633904715 -1.468304691058137 0.0
503 65 1124.0 925.0 80.08640150500005 0.0 1.71 0.08280467742726201 0.07373111388258004 False True 0.003269366102489393 3.1693608619788756 -0.06717616633904715 -1.468304691058137 0.0
503 66 1128.0 929.0 81.28519232800005 0.0 1.69 0.08015529431448411 0.08622778729779568 False True 0.003269366102489393 3.1693608619788756 -0.06717616633904715 -1.468304691058137 0.0
503 67 1132.0 933.0 82.48455388600004 0.0 1.45 0.08308957283424237 0.12374480074161825 False True 0.003269366102489393 3.1693608619788756 -0.06717616633904715 -1.468304691058137 0.0
503 68 1136.0 937.0 83.68393261700004 0.0 1.45 0.08308957283424237 0.08760733793319345 False True 0.003269366102489393 3.1693608619788756 -0.06717616633904715 -1.468304691058137 0.0
503 69 1148.0 949.0 84.88540689400003 0.0 1.74 0.08760733793319345 0.08942850624946584 False True 0.003269366102489393 3.1693608619788756 -0.06717616633904715 -1.468304691058137 0.0
503 70 1160.0 961.0 86.10311783600002 0.0 1.74 0.08760733793319345 0.08589619054599924 False True 0.003269366102489393 3.1693608619788756 -0.06717616633904715 -1.468304691058137 0.0
503 71 1172.0 973.0 87.303428881 0.0 1.74 0.08760733793319345 0.09135950201922749 False True 0.003269366102489393 3.1693608619788756 -0.06717616633904715 -1.468304691058137 0.0
503 72 1184.0 985.0 88.503477825 0.0 1.76 0.09135950201922749 0.09340012078310181 False True 0.003269366102489393 3.1693608619788756 -0.06717616633904715 -1.468304691058137 0.0
503 73 1196.0 997.0 89.70449282300001 0.0 1.74 0.08760733793319345 0.09555014711836637 False True 0.003269366102489393 3.1693608619788756 -0.06717616633904715 -1.468304691058137 0.0
503 74 1208.0 1009.0 90.90609296200003 0.0 1.76 0.09135950201922749 0.09780935466049606 False True 0.003269366102489393 3.1693608619788756 -0.06717616633904715 -1.468304691058137 0.0
503 75 1220.0 1021.0 92.10610953300002 0.0 1.79 0.09780935466049606 0.10017750612580088 False True 0.003269366102489393 3.1693608619788756 -0.06717616633904715 -1.468304691058137 0.0
503 76 1232.0 1033.0 93.31559201300001 0.0 1.74 0.08760733793319345 0.10265435333515328 False True 0.003269366102489393 3.1693608619788756 -0.06717616633904715 -1.468304691058137 0.0
503 77 1244.0 1045.0 94.50962660000002 0.0 1.74 0.08760733793319345 0.10523963723880224 False True 0.003269366102489393 3.1693608619788756 -0.06717616633904715 -1.468304691058137 0.0
503 78 1256.0 1057.0 95.72002705000003 0.0 1.77 0.09340012078310181 0.10793308794228376 False True 0.003269366102489393 3.1693608619788756 -0.06717616633904715 -1.468304691058137 0.0
503 79 1268.0 1069.0 96.92012656800003 0.0 1.77 0.09340012078310181 0.11073442473340817 False True 0.003269366102489393 3.1693608619788756 -0.06717616633904715 -1.468304691058137 0.0
503 80 1280.0 1081.0 98.11837116100003 0.0 1.79 0.09780935466049606 0.09135950201922749 False True 0.003269366102489393 3.1693608619788756 -0.06717616633904715 -1.468304691058137 0.0
503 81 1284.0 1085.0 99.31826783200003 0.0 1.45 0.08308957283424237 0.11364335611032404 False True 0.003269366102489393 3.1693608619788756 -0.06717616633904715 -1.468304691058137 0.0
503 82 1296.0 1097.0 100.51594679700003 0.0 1.45 0.08308957283424237 0.11665957981068278 False True 0.003269366102489393 3.1693608619788756 -0.06717616633904715 -1.468304691058137 0.0
503 83 1308.0 1109.0 101.71461074200002 0.0 1.76 0.09135950201922749 0.09780935466049606 False True 0.003269366102489393 3.1693608619788756 -0.06717616633904715 -1.468304691058137 0.0
503 84 1312.0 1113.0 102.91487655800003 0.0 1.28 0.12374480074161825 0.09340012078310181 False True 0.003269366102489393 3.1693608619788756 -0.06717616633904715 -1.468304691058137 0.0
503 85 1316.0 1117.0 104.12753917500004 0.0 1.28 0.12374480074161825 0.11978278284184607 False True 0.003269366102489393 3.1693608619788756 -0.06717616633904715 -1.468304691058137 0.0
503 86 1328.0 1129.0 105.32784392900004 0.0 1.61 0.07399941093025227 0.12301264151220173 False True 0.003269366102489393 3.1693608619788756 -0.06717616633904715 -1.468304691058137 0.0
503 87 1340.0 1141.0 106.51364690300005 0.0 1.28 0.12374480074161825 0.12634882146352283 False True 0.003269366102489393 3.1693608619788756 -0.06717616633904715 -1.468304691058137 0.0
503 88 1352.0 1153.0 107.71408043100004 0.0 1.49 0.07814371788682886 0.12979097770440318 False True 0.003269366102489393 3.1693608619788756 -0.06717616633904715 -1.468304691058137 0.0
503 89 1364.0 1165.0 108.91535301600004 0.0 1.9000000000000001 0.12979097770440318 0.1333387546447599 False True 0.003269366102489393 3.1693608619788756 -0.06717616633904715 -1.468304691058137 0.0
503 90 1376.0 1177.0 110.12564828700005 0.0 1.49 0.07814371788682886 0.13699178613139268 False True 0.003269366102489393 3.1693608619788756 -0.06717616633904715 -1.468304691058137 0.0
503 91 1388.0 1189.0 111.32803712000003 0.0 1.49 0.07814371788682886 0.14074969548459412 False True 0.003269366102489393 3.1693608619788756 -0.06717616633904715 -1.468304691058137 0.0
503 92 1400.0 1201.0 112.52941400800006 0.0 1.9000000000000001 0.12979097770440318 0.09555014711836637 False True 0.003269366102489393 3.1693608619788756 -0.06717616633904715 -1.468304691058137 0.0
503 93 1404.0 1205.0 113.73028298100004 0.0 1.9000000000000001 0.12979097770440318 0.20415212428658097 False True 0.003269366102489393 3.1693608619788756 -0.06717616633904715 -1.468304691058137 0.0
503 94 1416.0 1217.0 114.93110064500004 0.0 1.9000000000000001 0.12979097770440318 0.19777846232159516 False True 0.003269366102489393 3.1693608619788756 -0.06717616633904715 -1.468304691058137 0.0
503 95 1428.0 1229.0 116.15132441400004 0.0 1.9000000000000001 0.12979097770440318 0.21061623243935845 False True 0.003269366102489393 3.1693608619788756 -0.06717616633904715 -1.468304691058137 0.0
503 96 1440.0 1241.0 117.36173966400003 0.0 1.9000000000000001 0.12979097770440318 0.2238131440972767 False True 0.003269366102489393 3.1693608619788756 -0.06717616633904715 -1.468304691058137 0.0
503 97 1452.0 1253.0 118.54705931400002 0.0 1.9000000000000001 0.12979097770440318 0.21717012822215087 False True 0.003269366102489393 3.1693608619788756 -0.06717616633904715 -1.468304691058137 0.0
503 98 1464.0 1265.0 119.73051678800002 0.0 1.9000000000000001 0.12979097770440318 0.23054460361390208 False True 0.003269366102489393 3.1693608619788756 -0.06717616633904715 -1.468304691058137 0.0
503 99 1476.0 1277.0 120.91030837500003 0.0 1.49 0.07814371788682886 0.24427010360932963 False True 0.003269366102489393 3.1693608619788756 -0.06717616633904715 -1.468304691058137 0.0
503 100 1488.0 1289.0 122.09268399500004 0.0 1.78 0.09555014711836637 0.2373638214756932 False True 0.003269366102489393 3.1693608619788756 -0.06717616633904715 -1.468304691058137 0.0
503 101 1500.0 1301.0 123.27513828600004 0.0 1.78 0.09555014711836637 0.2583410409313156 False True 0.003269366102489393 3.1693608619788756 -0.06717616633904715 -1.468304691058137 0.0
503 102 1512.0 1313.0 124.45765547400006 0.0 1.78 0.09555014711836637 0.2512627472339315 False True 0.003269366102489393 3.1693608619788756 -0.06717616633904715 -1.468304691058137 0.0
503 103 1524.0 1325.0 125.65290743100005 0.0 1.49 0.07814371788682886 0.13416527945530674 False True 0.003269366102489393 3.1693608619788756 -0.06717616633904715 -1.468304691058137 0.0
503 104 1536.0 1337.0 126.83770882400006 0.0 1.49 0.07814371788682886 0.13058540741622282 False True 0.003269366102489393 3.1693608619788756 -0.06717616633904715 -1.468304691058137 0.0
503 105 1548.0 1349.0 128.03339502400007 0.0 1.45 0.08308957283424237 0.1416424275743282 False True 0.003269366102489393 3.1693608619788756 -0.06717616633904715 -1.468304691058137 0.0
503 106 1560.0 1361.0 129.2283322560001 0.0 1.74 0.08760733793319345 0.13785107193219634 False True 0.003269366102489393 3.1693608619788756 -0.06717616633904715 -1.468304691058137 0.0
503 107 1572.0 1373.0 130.41390512800012 0.0 1.74 0.08760733793319345 0.07373111388258004 False True 0.003269366102489393 3.1693608619788756 -0.06717616633904715 -1.468304691058137 0.0
503 108 1576.0 1377.0 131.60824769600015 0.0 1.6 0.07373111388258004 0.1455389785517818 False True 0.003269366102489393 3.1693608619788756 -0.06717616633904715 -1.468304691058137 0.0
503 109 1588.0 1389.0 132.7951289600001 0.0 1.74 0.08760733793319345 0.1495403465140603 False True 0.003269366102489393 3.1693608619788756 -0.06717616633904715 -1.468304691058137 0.0
503 110 1600.0 1401.0 133.9900143910001 0.0 1.74 0.08760733793319345 0.1536461426279284 False True 0.003269366102489393 3.1693608619788756 -0.06717616633904715 -1.468304691058137 0.0
503 111 1612.0 1413.0 135.1753725800001 0.0 1.74 0.08760733793319345 0.15785596761628493 False True 0.003269366102489393 3.1693608619788756 -0.06717616633904715 -1.468304691058137 0.0
503 112 1624.0 1425.0 136.3706848930001 0.0 1.71 0.08280467742726201 0.16216941179810843 False True 0.003269366102489393 3.1693608619788756 -0.06717616633904715 -1.468304691058137 0.0
503 113 1636.0 1437.0 137.5555664410001 0.0 1.35 0.10318665868858916 0.16658605512940408 False True 0.003269366102489393 3.1693608619788756 -0.06717616633904715 -1.468304691058137 0.0
503 114 1648.0 1449.0 138.74855652700012 0.0 1.35 0.10318665868858916 0.17110546724522924 False True 0.003269366102489393 3.1693608619788756 -0.06717616633904715 -1.468304691058137 0.0
503 115 1660.0 1461.0 139.93324391700008 0.0 1.35 0.10318665868858916 0.17572720750271043 False True 0.003269366102489393 3.1693608619788756 -0.06717616633904715 -1.468304691058137 0.0
503 116 1672.0 1473.0 141.12852231400007 0.0 1.35 0.10318665868858916 0.18045082502511733 False True 0.003269366102489393 3.1693608619788756 -0.06717616633904715 -1.468304691058137 0.0
503 117 1684.0 1485.0 142.31315313400006 0.0 1.35 0.10318665868858916 0.1852758587469539 False True 0.003269366102489393 3.1693608619788756 -0.06717616633904715 -1.468304691058137 0.0
503 118 1696.0 1497.0 143.5095687910001 0.0 1.35 0.10318665868858916 0.19020183746005473 False True 0.003269366102489393 3.1693608619788756 -0.06717616633904715 -1.468304691058137 0.0
503 119 1708.0 1509.0 144.70584566000008 0.0 1.35 0.10318665868858916 0.19522827986071284 False True 0.003269366102489393 3.1693608619788756 -0.06717616633904715 -1.468304691058137 0.0
503 120 1720.0 1521.0 145.8916640910001 0.0 1.35 0.10318665868858916 0.20558058032192347 False True 0.003269366102489393 3.1693608619788756 -0.06717616633904715 -1.468304691058137 0.0
503 121 1732.0 1533.0 147.08754440400008 0.0 1.35 0.10318665868858916 0.2003546945978025 False True 0.003269366102489393 3.1693608619788756 -0.06717616633904715 -1.468304691058137 0.0
503 122 1744.0 1545.0 148.28344946200008 0.0 1.35 0.10318665868858916 0.2109054257355327 False True 0.003269366102489393 3.1693608619788756 -0.06717616633904715 -1.468304691058137 0.0
503 123 1756.0 1557.0 149.4705034470001 0.0 1.24 0.13785107193219634 0.09780935466049606 False True 0.003269366102489393 3.1693608619788756 -0.06717616633904715 -1.468304691058137 0.0
503 124 1760.0 1561.0 150.66521328300007 0.0 8.36 0.13381679454786072 0.09780935466049606 False True 0.003269366102489393 3.1693608619788756 -0.06717616633904715 -1.468304691058137 0.0
503 125 1764.0 1565.0 151.84967261300005 0.0 1.71 0.08280467742726201 0.22184990100806762 False True 0.003269366102489393 3.1693608619788756 -0.06717616633904715 -1.468304691058137 0.0
503 126 1776.0 1577.0 153.04487879300007 0.0 1.49 0.07814371788682886 0.21632870964406542 False True 0.003269366102489393 3.1693608619788756 -0.06717616633904715 -1.468304691058137 0.0
503 127 1788.0 1589.0 154.2409268720001 0.0 1.49 0.07814371788682886 0.23318383303977017 False True 0.003269366102489393 3.1693608619788756 -0.06717616633904715 -1.468304691058137 0.0
503 128 1800.0 1601.0 155.43676330900007 0.0 1.49 0.07814371788682886 0.22746845899628812 False True 0.003269366102489393 3.1693608619788756 -0.06717616633904715 -1.468304691058137 0.0
503 129 1812.0 1613.0 156.63547593000004 0.0 1.05 0.22746845899628812 0.23899546288689866 False True 0.003269366102489393 3.1693608619788756 -0.06717616633904715 -1.468304691058137 0.0
503 130 1824.0 1625.0 157.83325099500001 0.0 1.45 0.08308957283424237 0.29553448199196647 False True 0.003269366102489393 3.1693608619788756 -0.06717616633904715 -1.468304691058137 0.0
503 131 1836.0 1637.0 159.019214488 0.0 1.6600000000000001 0.07701268177379543 0.30227576713999504 False True 0.003269366102489393 3.1693608619788756 -0.06717616633904715 -1.468304691058137 0.0
503 132 1848.0 1649.0 160.214327975 0.0 1.45 0.08308957283424237 0.2888833303829261 False True 0.003269366102489393 3.1693608619788756 -0.06717616633904715 -1.468304691058137 0.0
503 133 1860.0 1661.0 161.41101520200004 0.0 1.45 0.08308957283424237 0.2823229661527311 False True 0.003269366102489393 3.1693608619788756 -0.06717616633904715 -1.468304691058137 0.0
503 134 1872.0 1673.0 162.60624496000008 0.0 1.45 0.08308957283424237 0.2570021406775136 False True 0.003269366102489393 3.1693608619788756 -0.06717616633904715 -1.468304691058137 0.0
503 135 1884.0 1685.0 163.80445149500008 0.0 1.45 0.08308957283424237 0.2694771697249216 False True 0.003269366102489393 3.1693608619788756 -0.06717616633904715 -1.468304691058137 0.0
503 136 1896.0 1697.0 165.0038506250001 0.0 1.45 0.08308957283424237 0.26319299955110087 False True 0.003269366102489393 3.1693608619788756 -0.06717616633904715 -1.468304691058137 0.0
503 137 1908.0 1709.0 166.2052734340001 0.0 1.45 0.08308957283424237 0.2758540340614594 False True 0.003269366102489393 3.1693608619788756 -0.06717616633904715 -1.468304691058137 0.0
503 138 1920.0 1721.0 167.40551830900012 0.0 1.45 0.08308957283424237 0.25090520090949936 False True 0.003269366102489393 3.1693608619788756 -0.06717616633904715 -1.468304691058137 0.0
503 139 1932.0 1733.0 168.61728341600013 0.0 1.6600000000000001 0.07701268177379543 0.08142464355932316 False True 0.003269366102489393 3.1693608619788756 -0.06717616633904715 -1.468304691058137 0.0
503 140 1936.0 1737.0 169.81890778600012 0.0 1.7 0.08142464355932316 0.2727516901129623 False True 0.003269366102489393 3.1693608619788756 -0.06717616633904715 -1.468304691058137 0.0
503 141 1948.0 1749.0 171.0198771300001 0.0 1.7 0.08142464355932316 0.2655042647171539 False True 0.003269366102489393 3.1693608619788756 -0.06717616633904715 -1.468304691058137 0.0
503 142 1960.0 1761.0 172.23054619600015 0.0 1.7 0.08142464355932316 0.28749618978770464 False True 0.003269366102489393 3.1693608619788756 -0.06717616633904715 -1.468304691058137 0.0
503 143 1972.0 1773.0 173.43163351800013 0.0 1.7 0.08142464355932316 0.28008258021894905 False True 0.003269366102489393 3.1693608619788756 -0.06717616633904715 -1.468304691058137 0.0
503 144 1984.0 1785.0 174.63331796800009 0.0 1.7 0.08142464355932316 0.2949917652987255 False True 0.003269366102489393 3.1693608619788756 -0.06717616633904715 -1.468304691058137 0.0
503 145 1996.0 1797.0 175.84882246000006 0.0 1.7 0.08142464355932316 0.30256854503376407 False True 0.003269366102489393 3.1693608619788756 -0.06717616633904715 -1.468304691058137 0.0
503 146 2008.0 1809.0 177.0547114530001 0.0 1.7 0.08142464355932316 0.3102257591530077 False True 0.003269366102489393 3.1693608619788756 -0.06717616633904715 -1.468304691058137 0.0
503 147 2020.0 1821.0 178.27222567400008 0.0 1.7 0.08142464355932316 0.31796262977204726 False True 0.003269366102489393 3.1693608619788756 -0.06717616633904715 -1.468304691058137 0.0
503 148 2032.0 1833.0 179.50480162100013 0.0 1.7 0.08142464355932316 0.14857858866639767 False True 0.003269366102489393 3.1693608619788756 -0.06717616633904715 -1.468304691058137 0.0
503 149 2044.0 1845.0 180.72075624500013 0.0 1.7 0.08142464355932316 0.15264876684731057 False True 0.003269366102489393 3.1693608619788756 -0.06717616633904715 -1.468304691058137 0.0
503 150 2056.0 1857.0 181.9348969190001 0.0 8.39 0.15012124161112175 0.14461209553581686 False True 0.003269366102489393 3.1693608619788756 -0.06717616633904715 -1.468304691058137 0.0
503 151 2068.0 1869.0 183.1502663920001 0.0 1.42 0.08796273582114673 0.15682221167997495 False True 0.003269366102489393 3.1693608619788756 -0.06717616633904715 -1.468304691058137 0.0
503 152 2080.0 1881.0 184.35556694700006 0.0 1.74 0.08760733793319345 0.07352924919689656 False True 0.003269366102489393 3.1693608619788756 -0.06717616633904715 -1.468304691058137 0.0
503 153 2084.0 1885.0 185.57079131600005 0.0 1.9000000000000001 0.12979097770440318 0.08460334926304702 False True 0.003269366102489393 3.1693608619788756 -0.06717616633904715 -1.468304691058137 0.0
503 154 2088.0 1889.0 186.78731041300006 0.0 1.9000000000000001 0.12979097770440318 0.07633787441831826 False True 0.003269366102489393 3.1693608619788756 -0.06717616633904715 -1.468304691058137 0.0
503 155 2092.0 1893.0 188.01893738000007 0.0 1.76 0.09135950201922749 0.11733189761058475 False True 0.003269366102489393 3.1693608619788756 -0.06717616633904715 -1.468304691058137 0.0
503 156 2096.0 1897.0 189.24921941500008 0.0 1.45 0.08308957283424237 0.1654771761105147 False True 0.003269366102489393 3.1693608619788756 -0.06717616633904715 -1.468304691058137 0.0
503 157 2108.0 1909.0 190.46994999100008 0.0 1.69 0.08015529431448411 0.1610984944380927 False True 0.003269366102489393 3.1693608619788756 -0.06717616633904715 -1.468304691058137 0.0
503 158 2120.0 1921.0 191.70081191600008 0.0 1.61 0.07399941093025227 0.17453992899390222 False True 0.003269366102489393 3.1693608619788756 -0.06717616633904715 -1.468304691058137 0.0
503 159 2132.0 1933.0 192.92293731100006 0.0 1.61 0.07399941093025227 0.16995780744515393 False True 0.003269366102489393 3.1693608619788756 -0.06717616633904715 -1.468304691058137 0.0
503 160 2144.0 1945.0 194.15510102500008 0.0 1.61 0.07399941093025227 0.17922307115857009 False True 0.003269366102489393 3.1693608619788756 -0.06717616633904715 -1.468304691058137 0.0
503 161 2156.0 1957.0 195.38956370900007 0.0 2.02 0.17922307115857009 0.18400675423785953 False True 0.003269366102489393 3.1693608619788756 -0.06717616633904715 -1.468304691058137 0.0
503 162 2168.0 1969.0 196.62142202300004 0.0 2.02 0.17922307115857009 0.18889048847531867 False True 0.003269366102489393 3.1693608619788756 -0.06717616633904715 -1.468304691058137 0.0
503 163 2180.0 1981.0 197.842269864 0.0 2.02 0.17922307115857009 0.19387377410832912 False True 0.003269366102489393 3.1693608619788756 -0.06717616633904715 -1.468304691058137 0.0
503 164 2192.0 1993.0 199.07291115100003 0.0 1.61 0.07399941093025227 0.19895610141807313 False True 0.003269366102489393 3.1693608619788756 -0.06717616633904715 -1.468304691058137 0.0
