482 0 400.0 200.99999999999997 1.2089445659999853 0.0 7.86 0.0 2.5282099365931774e-06 False True 0.003910449014688617 2.8008206403428813 -0.08998866310172923 -1.2526573411191637 0.0
482 1 412.0 212.99999999999997 2.4648749229999964 0.0 7.86 0.0 0.00012396583297378372 False True 0.003910449014688617 2.8008206403428813 -0.08998866310172923 -1.2526573411191637 0.0
482 2 424.0 224.99999999999997 3.722378232000011 0.0 7.86 0.0 0.00013153652241941816 False True 0.003910449014688617 2.8008206403428813 -0.08998866310172923 -1.2526573411191637 0.0
482 3 436.0 236.99999999999997 4.978839667000017 0.0 7.86 0.0 0.00037442699855861467 False True 0.003910449014688617 2.8008206403428813 -0.08998866310172923 -1.2526573411191637 0.0
482 4 448.0 248.99999999999997 6.247713097000002 0.0 7.86 0.0 0.0003869983478096791 False True 0.003910449014688617 2.8008206403428813 -0.08998866310172923 -1.2526573411191637 0.0
482 5 460.0 261.0 7.506678975 0.0 7.86 0.0 0.0007688744498524714 False True 0.003910449014688617 2.8008206403428813 -0.08998866310172923 -1.2526573411191637 0.0
482 6 472.0 273.0 8.798151109000003 0.0 7.86 0.0 0.24517272092566025 False True 0.003910449014688617 2.8008206403428813 -0.08998866310172923 -1.2526573411191637 0.0
482 7 484.0 285.0 10.054154632999996 0.0 7.86 0.0 0.25143007581716253 False True 0.003910449014688617 2.8008206403428813 -0.08998866310172923 -1.2526573411191637 0.0
482 8 496.0 297.0 11.313664843999987 0.0 7.86 0.0 0.2329914985853332 False True 0.003910449014688617 2.8008206403428813 -0.08998866310172923 -1.2526573411191637 0.0
482 9 508.0 309.0 12.582940756999989 0.0 7.86 0.0 0.0007513721356534802 False True 0.003910449014688617 2.8008206403428813 -0.08998866310172923 -1.2526573411191637 0.0
482 10 520.0 321.0 13.859605213000009 0.0 7.86 0.0 0.0012547772335029252 False True 0.003910449014688617 2.8008206403428813 -0.08998866310172923 -1.2526573411191637 0.0
482 11 532.0 333.0 15.116269936999998 0.0 7.86 0.0 0.0018846056340859195 False True 0.003910449014688617 2.8008206403428813 -0.08998866310172923 -1.2526573411191637 0.0
482 12 544.0 345.0 16.374119010000015 0.0 7.86 0.0 0.0012771129496039174 False True 0.003910449014688617 2.8008206403428813 -0.08998866310172923 -1.2526573411191637 0.0
482 13 556.0 357.0 17.62936565000001 0.0 7.86 0.0 0.0019116493306122894 False True 0.003910449014688617 2.8008206403428813 -0.08998866310172923 -1.2526573411191637 0.0
482 14 568.0 369.0 18.897087282 0.0 7.86 0.0 0.002672406445377839 False True 0.003910449014688617 2.8008206403428813 -0.08998866310172923 -1.2526573411191637 0.0
482 15 580.0 381.0 20.17258244300001 0.0 7.86 0.0 0.003559294523060996 False True 0.003910449014688617 2.8008206403428813 -0.08998866310172923 -1.2526573411191637 0.0
482 16 592.0 393.0 21.429536509000002 0.0 7.94 0.003559294523060996 0.0 False True 0.003910449014688617 2.8008206403428813 -0.08998866310172923 -1.2526573411191637 0.0
482 17 596.0 397.0 22.692820657999988 0.0 7.86 0.0 0.004572211178461408 False True 0.003910449014688617 2.8008206403428813 -0.08998866310172923 -1.2526573411191637 0.0
482 18 608.0 409.0 23.944156220999986 0.0 7.86 0.0 0.005711041422257705 False True 0.003910449014688617 2.8008206403428813 -0.08998866310172923 -1.2526573411191637 0.0
482 19 620.0 421.0 25.21096470499998 0.0 7.86 0.0 0.006975657672502388 False True 0.003910449014688617 2.8008206403428813 -0.08998866310172923 -1.2526573411191637 0.0
482 20 632.0 433.0 26.45578159499999 0.0 7.86 0.0 0.005711041422257705 False True 0.003910449014688617 2.8008206403428813 -0.08998866310172923 -1.2526573411191637 0.0
482 21 636.0 437.0 27.712312286999975 0.0 7.86 0.0 0.0026408080357935445 False True 0.003910449014688617 2.8008206403428813 -0.08998866310172923 -1.2526573411191637 0.0
482 22 648.0 449.0 28.99854134399996 0.0 7.86 0.0 0.0035233224983516787 False True 0.003910449014688617 2.8008206403428813 -0.08998866310172923 -1.2526573411191637 0.0
482 23 660.0 461.0 30.254779380999935 0.0 7.86 0.0 0.004532074449019017 False True 0.003910449014688617 2.8008206403428813 -0.08998866310172923 -1.2526573411191637 0.0
482 24 672.0 473.0 31.512813089999923 0.0 7.78 0.004532074449019017 0.005666976690042451 False True 0.003910449014688617 2.8008206403428813 -0.08998866310172923 -1.2526573411191637 0.0
482 25 684.0 485.0 32.77059200899993 0.0 7.78 0.004532074449019017 0.006927929407375419 False True 0.003910449014688617 2.8008206403428813 -0.08998866310172923 -1.2526573411191637 0.0
482 26 696.0 497.0 34.027642245999914 0.0 7.86 0.0 0.004532074449019017 False True 0.003910449014688617 2.8008206403428813 -0.08998866310172923 -1.2526573411191637 0.0
482 27 700.0 501.0 35.29534064799992 0.0 7.78 0.004532074449019017 0.00831482018066486 False True 0.003910449014688617 2.8008206403428813 -0.08998866310172923 -1.2526573411191637 0.0
482 28 712.0 513.0 36.55298049999993 0.0 7.78 0.004532074449019017 0.009827523994486529 False True 0.003910449014688617 2.8008206403428813 -0.08998866310172923 -1.2526573411191637 0.0
482 29 724.0 525.0 37.810021579999926 0.0 7.78 0.004532074449019017 0.005666976690042451 False True 0.003910449014688617 2.8008206403428813 -0.08998866310172923 -1.2526573411191637 0.0
482 30 728.0 529.0 39.06673961899992 0.0 7.78 0.004532074449019017 0.005666976690042451 False True 0.003910449014688617 2.8008206403428813 -0.08998866310172923 -1.2526573411191637 0.0
482 31 732.0 533.0 40.32382250199993 0.0 7.78 0.004532074449019017 0.005666976690042451 False True 0.003910449014688617 2.8008206403428813 -0.08998866310172923 -1.2526573411191637 0.0
482 32 736.0 537.0 41.59131016099994 0.0 7.78 0.004532074449019017 0.008365919767383042 False True 0.003910449014688617 2.8008206403428813 -0.08998866310172923 -1.2526573411191637 0.0
482 33 748.0 549.0 42.847443066999915 0.0 7.78 0.004532074449019017 0.00988167497923868 False True 0.003910449014688617 2.8008206403428813 -0.08998866310172923 -1.2526573411191637 0.0
482 34 760.0 561.0 44.10452561299991 0.0 7.78 0.004532074449019017 0.011522758029830063 False True 0.003910449014688617 2.8008206403428813 -0.08998866310172923 -1.2526573411191637 0.0
482 35 772.0 573.0 45.3605121999999 0.0 7.77 0.005666976690042451 0.013288991106865135 False True 0.003910449014688617 2.8008206403428813 -0.08998866310172923 -1.2526573411191637 0.0
482 36 784.0 585.0 46.61861091899988 0.0 8.01 0.013288991106865135 0.015180183881787433 False True 0.003910449014688617 2.8008206403428813 -0.08998866310172923 -1.2526573411191637 0.0
482 37 796.0 597.0 47.87622503799986 0.0 7.77 0.005666976690042451 0.01719613352880162 False True 0.003910449014688617 2.8008206403428813 -0.08998866310172923 -1.2526573411191637 0.0
482 38 808.0 609.0 49.14521175499985 0.0 8.01 0.013288991106865135 0.005666976690042451 False True 0.003910449014688617 2.8008206403428813 -0.08998866310172923 -1.2526573411191637 0.0
482 39 812.0 613.0 50.40252103099985 0.0 8.01 0.013288991106865135 0.005666976690042451 False True 0.003910449014688617 2.8008206403428813 -0.08998866310172923 -1.2526573411191637 0.0
482 40 816.0 617.0 51.66919965599985 0.0 8.01 0.013288991106865135 0.019336624745159764 False True 0.003910449014688617 2.8008206403428813 -0.08998866310172923 -1.2526573411191637 0.0
482 41 828.0 629.0 52.92560828599986 0.0 8.01 0.013288991106865135 0.02160142977268699 False True 0.003910449014688617 2.8008206403428813 -0.08998866310172923 -1.2526573411191637 0.0
482 42 840.0 641.0 54.18142197199987 0.0 8.01 0.013288991106865135 0.0 False True 0.003910449014688617 2.8008206403428813 -0.08998866310172923 -1.2526573411191637 0.0
482 43 844.0 645.0 55.45320752599986 0.0 8.01 0.013288991106865135 0.004532074449019017 False True 0.003910449014688617 2.8008206403428813 -0.08998866310172923 -1.2526573411191637 0.0
482 44 848.0 649.0 56.70922004999986 0.0 7.78 0.004532074449019017 0.013288991106865135 False True 0.003910449014688617 2.8008206403428813 -0.08998866310172923 -1.2526573411191637 0.0
482 45 852.0 653.0 57.96572482499985 0.0 7.78 0.004532074449019017 0.015180183881787433 False True 0.003910449014688617 2.8008206403428813 -0.08998866310172923 -1.2526573411191637 0.0
482 46 856.0 657.0 59.22315918899986 0.0 7.78 0.004532074449019017 0.02399030842056222 False True 0.003910449014688617 2.8008206403428813 -0.08998866310172923 -1.2526573411191637 0.0
482 47 868.0 669.0 60.49068116199987 0.0 7.86 0.0 0.026503008089333844 False True 0.003910449014688617 2.8008206403428813 -0.08998866310172923 -1.2526573411191637 0.0
482 48 880.0 681.0 61.74828920299987 0.0 7.86 0.0 0.029139263796179222 False True 0.003910449014688617 2.8008206403428813 -0.08998866310172923 -1.2526573411191637 0.0
482 49 892.0 693.0 63.00696574399987 0.0 8.08 0.029139263796179222 0.031898798201404704 False True 0.003910449014688617 2.8008206403428813 -0.08998866310172923 -1.2526573411191637 0.0
482 50 904.0 705.0 64.35403768699987 0.0 7.86 0.0 0.013288991106865135 False True 0.003910449014688617 2.8008206403428813 -0.08998866310172923 -1.2526573411191637 0.0
482 51 908.0 709.0 65.74312493599987 0.0 7.86 0.0 0.25779777963195954 False True 0.003910449014688617 2.8008206403428813 -0.08998866310172923 -1.2526573411191637 0.0
482 52 920.0 721.0 67.14068556099986 0.0 7.86 0.0 0.2642752083914336 False True 0.003910449014688617 2.8008206403428813 -0.08998866310172923 -1.2526573411191637 0.0
482 53 932.0 733.0 68.53957613799986 0.0 7.86 0.0 0.27086172714327955 False True 0.003910449014688617 2.8008206403428813 -0.08998866310172923 -1.2526573411191637 0.0
482 54 944.0 745.0 69.93711657899988 0.0 7.86 0.0 0.12308252189989481 False True 0.003910449014688617 2.8008206403428813 -0.08998866310172923 -1.2526573411191637 0.0
482 55 956.0 757.0 71.33626101199988 0.0 7.86 0.0 0.11770561762032454 False True 0.003910449014688617 2.8008206403428813 -0.08998866310172923 -1.2526573411191637 0.0
482 56 968.0 769.0 72.73563759899989 0.0 7.86 0.0 0.11244283337121895 False True 0.003910449014688617 2.8008206403428813 -0.08998866310172923 -1.2526573411191637 0.0
482 57 980.0 781.0 74.1295433949999 0.0 7.86 0.0 0.13417647345687841 False True 0.003910449014688617 2.8008206403428813 -0.08998866310172923 -1.2526573411191637 0.0
482 58 992.0 793.0 75.4931969909999 0.0 7.86 0.0 0.13989238384844685 False True 0.003910449014688617 2.8008206403428813 -0.08998866310172923 -1.2526573411191637 0.0
482 59 1004.0 805.0 76.84549914299993 0.0 7.86 0.0 0.1072947091731454 False True 0.003910449014688617 2.8008206403428813 -0.08998866310172923 -1.2526573411191637 0.0
482 60 1016.0 817.0 78.1788667319999 0.0 7.86 0.0 0.10226177357939041 False True 0.003910449014688617 2.8008206403428813 -0.08998866310172923 -1.2526573411191637 0.0
482 61 1028.0 829.0 79.52096855699989 0.0 7.86 0.0 0.09734454362309887 False True 0.003910449014688617 2.8008206403428813 -0.08998866310172923 -1.2526573411191637 0.0
482 62 1040.0 841.0 80.86309077199991 0.0 7.86 0.0 0.09254352476557526 False True 0.003910449014688617 2.8008206403428813 -0.08998866310172923 -1.2526573411191637 0.0
482 63 1052.0 853.0 82.20560780399992 0.0 7.86 0.0 0.08785921084573756 False True 0.003910449014688617 2.8008206403428813 -0.08998866310172923 -1.2526573411191637 0.0
482 64 1064.0 865.0 83.55144406799994 0.0 7.86 0.0 0.08329208403073203 False True 0.003910449014688617 2.8008206403428813 -0.08998866310172923 -1.2526573411191637 0.0
482 65 1076.0 877.0 84.90095336699994 0.0 7.86 0.0 0.07884261476771874 False True 0.003910449014688617 2.8008206403428813 -0.08998866310172923 -1.2526573411191637 0.0
482 66 1088.0 889.0 86.26136636999996 0.0 7.86 0.0 0.07451126173682461 False True 0.003910449014688617 2.8008206403428813 -0.08998866310172923 -1.2526573411191637 0.0
482 67 1100.0 901.0 87.61224647899996 0.0 7.86 0.0 0.07029847180528524 False True 0.003910449014688617 2.8008206403428813 -0.08998866310172923 -1.2526573411191637 0.0
482 68 1112.0 913.0 88.97348064899995 0.0 7.86 0.0 0.06620467998274182 False True 0.003910449014688617 2.8008206403428813 -0.08998866310172923 -1.2526573411191637 0.0
482 69 1124.0 925.0 90.33490266999993 0.0 8.19 0.06620467998274182 0.06223030937775732 False True 0.003910449014688617 2.8008206403428813 -0.08998866310172923 -1.2526573411191637 0.0
482 70 1136.0 937.0 91.69546230699993 0.0 8.19 0.06620467998274182 0.05837577115549771 False True 0.003910449014688617 2.8008206403428813 -0.08998866310172923 -1.2526573411191637 0.0
482 71 1148.0 949.0 93.04700868799992 0.0 7.77 0.005666976690042451 0.054641464496615624 False True 0.003910449014688617 2.8008206403428813 -0.08998866310172923 -1.2526573411191637 0.0
482 72 1160.0 961.0 94.41063873899989 0.0 7.86 0.0 0.034781321636176046 False True 0.003910449014688617 2.8008206403428813 -0.08998866310172923 -1.2526573411191637 0.0
482 73 1172.0 973.0 95.7726455259999 0.0 7.75 0.00831482018066486 0.03778653213148822 False True 0.003910449014688617 2.8008206403428813 -0.08998866310172923 -1.2526573411191637 0.0
482 74 1184.0 985.0 97.13462899799993 0.0 7.75 0.00831482018066486 0.04091411544835993 False True 0.003910449014688617 2.8008206403428813 -0.08998866310172923 -1.2526573411191637 0.0
482 75 1196.0 997.0 98.49684179699995 0.0 7.75 0.00831482018066486 0.04416374510925638 False True 0.003910449014688617 2.8008206403428813 -0.08998866310172923 -1.2526573411191637 0.0
482 76 1208.0 1009.0 99.84954725099993 0.0 7.75 0.00831482018066486 0.04753508243074117 False True 0.003910449014688617 2.8008206403428813 -0.08998866310172923 -1.2526573411191637 0.0
482 77 1220.0 1021.0 101.21129418699994 0.0 7.75 0.00831482018066486 0.05102777655733628 False True 0.003910449014688617 2.8008206403428813 -0.08998866310172923 -1.2526573411191637 0.0
482 78 1232.0 1033.0 102.57338063399996 0.0 7.78 0.004532074449019017 0.005711041422257705 False True 0.003910449014688617 2.8008206403428813 -0.08998866310172923 -1.2526573411191637 0.0
482 79 1236.0 1037.0 103.93748938799996 0.0 7.78 0.004532074449019017 0.0003869983478096791 False True 0.003910449014688617 2.8008206403428813 -0.08998866310172923 -1.2526573411191637 0.0
482 80 1240.0 1041.0 105.30118372899994 0.0 7.89 0.0003869983478096791 0.0019116493306122894 False True 0.003910449014688617 2.8008206403428813 -0.08998866310172923 -1.2526573411191637 0.0
482 81 1244.0 1045.0 106.66475985199995 0.0 7.78 0.004532074449019017 0.0035233224983516787 False True 0.003910449014688617 2.8008206403428813 -0.08998866310172923 -1.2526573411191637 0.0
482 82 1248.0 1049.0 108.02909307999994 0.0 7.78 0.004532074449019017 0.22706882366928813 False True 0.003910449014688617 2.8008206403428813 -0.08998866310172923 -1.2526573411191637 0.0
482 83 1260.0 1061.0 109.39473438499994 0.0 7.78 0.004532074449019017 0.27755669002501054 False True 0.003910449014688617 2.8008206403428813 -0.08998866310172923 -1.2526573411191637 0.0
482 84 1272.0 1073.0 110.75824531299995 0.0 7.78 0.004532074449019017 0.28435944032853866 False True 0.003910449014688617 2.8008206403428813 -0.08998866310172923 -1.2526573411191637 0.0
482 85 1284.0 1085.0 112.12212655299996 0.0 7.78 0.004532074449019017 0.29126931056584277 False True 0.003910449014688617 2.8008206403428813 -0.08998866310172923 -1.2526573411191637 0.0
482 86 1296.0 1097.0 113.48651700699995 0.0 7.78 0.004532074449019017 0.29828562253572183 False True 0.003910449014688617 2.8008206403428813 -0.08998866310172923 -1.2526573411191637 0.0
482 87 1308.0 1109.0 114.85075666699996 0.0 7.78 0.004532074449019017 0.3054076873916094 False True 0.003910449014688617 2.8008206403428813 -0.08998866310172923 -1.2526573411191637 0.0
482 88 1320.0 1121.0 116.21551604799996 0.0 7.78 0.004532074449019017 0.312634805710464 False True 0.003910449014688617 2.8008206403428813 -0.08998866310172923 -1.2526573411191637 0.0
482 89 1332.0 1133.0 117.58192423599996 0.0 7.78 0.004532074449019017 0.31996626756270685 False True 0.003910449014688617 2.8008206403428813 -0.08998866310172923 -1.2526573411191637 0.0
482 90 1344.0 1145.0 118.94114858399993 0.0 7.78 0.004532074449019017 0.32740135258321423 False True 0.003910449014688617 2.8008206403428813 -0.08998866310172923 -1.2526573411191637 0.0
482 91 1356.0 1157.0 120.29868307099994 0.0 7.78 0.004532074449019017 0.14572014061247823 False True 0.003910449014688617 2.8008206403428813 -0.08998866310172923 -1.2526573411191637 0.0
482 92 1368.0 1169.0 121.64620109899991 0.0 7.78 0.004532074449019017 0.5018403565360688 False True 0.003910449014688617 2.8008206403428813 -0.08998866310172923 -1.2526573411191637 0.0
482 93 1380.0 1181.0 122.9963491629999 0.0 7.78 0.004532074449019017 0.09734454362309887 False True 0.003910449014688617 2.8008206403428813 -0.08998866310172923 -1.2526573411191637 0.0
482 94 1384.0 1185.0 124.35747925899992 0.0 7.78 0.004532074449019017 0.019336624745159764 False True 0.003910449014688617 2.8008206403428813 -0.08998866310172923 -1.2526573411191637 0.0
482 95 1388.0 1189.0 125.7239398539999 0.0 8.04 0.019336624745159764 0.004532074449019017 False True 0.003910449014688617 2.8008206403428813 -0.08998866310172923 -1.2526573411191637 0.0
482 96 1392.0 1193.0 127.0909109109999 0.0 7.78 0.004532074449019017 0.019336624745159764 False True 0.003910449014688617 2.8008206403428813 -0.08998866310172923 -1.2526573411191637 0.0
482 97 1396.0 1197.0 128.4674064929999 0.0 7.75 0.00831482018066486 0.013288991106865135 False True 0.003910449014688617 2.8008206403428813 -0.08998866310172923 -1.2526573411191637 0.0
482 98 1400.0 1201.0 129.83389199699988 0.0 7.75 0.00831482018066486 0.0003869983478096791 False True 0.003910449014688617 2.8008206403428813 -0.08998866310172923 -1.2526573411191637 0.0
482 99 1404.0 1205.0 131.2071654599999 0.0 7.75 0.00831482018066486 0.015180183881787433 False True 0.003910449014688617 2.8008206403428813 -0.08998866310172923 -1.2526573411191637 0.0
482 100 1408.0 1209.0 132.6213143159999 0.0 7.86 0.0 0.015180183881787433 False True 0.003910449014688617 2.8008206403428813 -0.08998866310172923 -1.2526573411191637 0.0
482 101 1412.0 1213.0 133.99864704199987 0.0 7.78 0.004532074449019017 0.07029847180528524 False True 0.003910449014688617 2.8008206403428813 -0.08998866310172923 -1.2526573411191637 0.0
482 102 1416.0 1217.0 135.36753345599985 0.0 8.2 0.07029847180528524 0.013288991106865135 False True 0.003910449014688617 2.8008206403428813 -0.08998866310172923 -1.2526573411191637 0.0
482 103 1420.0 1221.0 136.74136459299982 0.0 8.2 0.07029847180528524 0.004532074449019017 False True 0.003910449014688617 2.8008206403428813 -0.08998866310172923 -1.2526573411191637 0.0
482 104 1424.0 1225.0 138.10889041299978 0.0 7.86 0.0 0.026503008089333844 False True 0.003910449014688617 2.8008206403428813 -0.08998866310172923 -1.2526573411191637 0.0
482 105 1428.0 1229.0 139.47674461099982 0.0 8.07 0.026503008089333844 0.0 False True 0.003910449014688617 2.8008206403428813 -0.08998866310172923 -1.2526573411191637 0.0
482 106 1432.0 1233.0 140.85473352299985 0.0 7.86 0.0 0.026503008089333844 False True 0.003910449014688617 2.8008206403428813 -0.08998866310172923 -1.2526573411191637 0.0
482 107 1436.0 1237.0 142.22186051199984 0.0 7.86 0.0 0.4832721987947361 False True 0.003910449014688617 2.8008206403428813 -0.08998866310172923 -1.2526573411191637 0.0
482 108 1448.0 1249.0 143.6014017909998 0.0 7.86 0.0 0.33493933004335136 False True 0.003910449014688617 2.8008206403428813 -0.08998866310172923 -1.2526573411191637 0.0
482 109 1460.0 1261.0 144.96997407699982 0.0 7.86 0.0 0.15165914722474794 False True 0.003910449014688617 2.8008206403428813 -0.08998866310172923 -1.2526573411191637 0.0
482 110 1472.0 1273.0 146.34811044499983 0.0 7.86 0.0 0.15770879603476193 False True 0.003910449014688617 2.8008206403428813 -0.08998866310172923 -1.2526573411191637 0.0
482 111 1484.0 1285.0 147.73326326099985 0.0 7.86 0.0 0.1638684683265255 False True 0.003910449014688617 2.8008206403428813 -0.08998866310172923 -1.2526573411191637 0.0
482 112 1496.0 1297.0 149.1267159469999 0.0 7.86 0.0 0.15165914722474794 False True 0.003910449014688617 2.8008206403428813 -0.08998866310172923 -1.2526573411191637 0.0
482 113 1500.0 1301.0 150.50967448999987 0.0 7.86 0.0 0.17013753438041115 False True 0.003910449014688617 2.8008206403428813 -0.08998866310172923 -1.2526573411191637 0.0
482 114 1512.0 1313.0 151.89263572899986 0.0 7.86 0.0 0.17651535353613 False True 0.003910449014688617 2.8008206403428813 -0.08998866310172923 -1.2526573411191637 0.0
482 115 1524.0 1325.0 153.2754615399999 0.0 7.86 0.0 0.18300127425679727 False True 0.003910449014688617 2.8008206403428813 -0.08998866310172923 -1.2526573411191637 0.0
482 116 1536.0 1337.0 154.65772428699992 0.0 7.86 0.0 0.189594634194088 False True 0.003910449014688617 2.8008206403428813 -0.08998866310172923 -1.2526573411191637 0.0
482 117 1548.0 1349.0 156.04153357699997 0.0 7.86 0.0 0.19629476025446918 False True 0.003910449014688617 2.8008206403428813 -0.08998866310172923 -1.2526573411191637 0.0
482 118 1560.0 1361.0 157.43462812699997 0.0 7.86 0.0 0.2031009686665014 False True 0.003910449014688617 2.8008206403428813 -0.08998866310172923 -1.2526573411191637 0.0
482 119 1572.0 1373.0 158.81795783899994 0.0 7.75 0.00831482018066486 0.21001256504923074 False True 0.003910449014688617 2.8008206403428813 -0.08998866310172923 -1.2526573411191637 0.0
482 120 1584.0 1385.0 160.2115170239999 0.0 7.75 0.00831482018066486 0.21702884448161178 False True 0.003910449014688617 2.8008206403428813 -0.08998866310172923 -1.2526573411191637 0.0
482 121 1596.0 1397.0 161.59395225499995 0.0 7.75 0.00831482018066486 0.04416374510925638 False True 0.003910449014688617 2.8008206403428813 -0.08998866310172923 -1.2526573411191637 0.0
482 122 1600.0 1401.0 162.9760136689999 0.0 7.75 0.00831482018066486 0.22414909157300975 False True 0.003910449014688617 2.8008206403428813 -0.08998866310172923 -1.2526573411191637 0.0
482 123 1612.0 1413.0 164.37055238799994 0.0 7.75 0.00831482018066486 0.2313725805347248 False True 0.003910449014688617 2.8008206403428813 -0.08998866310172923 -1.2526573411191637 0.0
482 124 1624.0 1425.0 165.75383840299995 0.0 7.75 0.00831482018066486 0.15770879603476193 False True 0.003910449014688617 2.8008206403428813 -0.08998866310172923 -1.2526573411191637 0.0
482 125 1628.0 1429.0 167.14763686299992 0.0 7.75 0.00831482018066486 0.15770879603476193 False True 0.003910449014688617 2.8008206403428813 -0.08998866310172923 -1.2526573411191637 0.0
482 126 1632.0 1433.0 168.53130881799987 0.0 7.75 0.00831482018066486 0.15770879603476193 False True 0.003910449014688617 2.8008206403428813 -0.08998866310172923 -1.2526573411191637 0.0
482 127 1636.0 1437.0 169.92461172199987 0.0 7.75 0.00831482018066486 0.15770879603476193 False True 0.003910449014688617 2.8008206403428813 -0.08998866310172923 -1.2526573411191637 0.0
482 128 1640.0 1441.0 171.3075819389999 0.0 8.37 0.15770879603476193 0.015180183881787433 False True 0.003910449014688617 2.8008206403428813 -0.08998866310172923 -1.2526573411191637 0.0
482 129 1644.0 1445.0 172.6908103129999 0.0 7.78 0.004532074449019017 0.015180183881787433 False True 0.003910449014688617 2.8008206403428813 -0.08998866310172923 -1.2526573411191637 0.0
482 130 1648.0 1449.0 174.08503499399993 0.0 7.78 0.004532074449019017 0.2386985752525862 False True 0.003910449014688617 2.8008206403428813 -0.08998866310172923 -1.2526573411191637 0.0
482 131 1660.0 1461.0 175.46914848799995 0.0 7.78 0.004532074449019017 0.2461263293605556 False True 0.003910449014688617 2.8008206403428813 -0.08998866310172923 -1.2526573411191637 0.0
482 132 1672.0 1473.0 176.85170367399994 0.0 7.78 0.004532074449019017 0.25365508631536154 False True 0.003910449014688617 2.8008206403428813 -0.08998866310172923 -1.2526573411191637 0.0
482 133 1684.0 1485.0 178.23385575599994 0.0 7.78 0.004532074449019017 0.07029847180528524 False True 0.003910449014688617 2.8008206403428813 -0.08998866310172923 -1.2526573411191637 0.0
482 134 1688.0 1489.0 179.615853494 0.0 7.86 0.0 0.07029847180528524 False True 0.003910449014688617 2.8008206403428813 -0.08998866310172923 -1.2526573411191637 0.0
482 135 1692.0 1493.0 180.99846981799996 0.0 7.86 0.0 0.013288991106865135 False True 0.003910449014688617 2.8008206403428813 -0.08998866310172923 -1.2526573411191637 0.0
482 136 1696.0 1497.0 182.38044460899997 0.0 7.78 0.004532074449019017 0.0035233224983516787 False True 0.003910449014688617 2.8008206403428813 -0.08998866310172923 -1.2526573411191637 0.0
482 137 1700.0 1501.0 183.74262157399997 0.0 7.79 0.0035233224983516787 0.09254352476557526 False True 0.003910449014688617 2.8008206403428813 -0.08998866310172923 -1.2526573411191637 0.0
482 138 1704.0 1505.0 185.09146775399998 0.0 7.79 0.0035233224983516787 0.09254352476557526 False True 0.003910449014688617 2.8008206403428813 -0.08998866310172923 -1.2526573411191637 0.0
482 139 1708.0 1509.0 186.45402837299994 0.0 8.25 0.09254352476557526 0.0035233224983516787 False True 0.003910449014688617 2.8008206403428813 -0.08998866310172923 -1.2526573411191637 0.0
482 140 1712.0 1513.0 187.81691711899995 0.0 7.86 0.0 2.5282099365931774e-06 False True 0.003910449014688617 2.8008206403428813 -0.08998866310172923 -1.2526573411191637 0.0
482 141 1716.0 1517.0 189.1796510739999 0.0 7.87 2.5282099365931774e-06 0.00831482018066486 False True 0.003910449014688617 2.8008206403428813 -0.08998866310172923 -1.2526573411191637 0.0
482 142 1720.0 1521.0 190.56148739599993 0.0 7.87 2.5282099365931774e-06 0.029139263796179222 False True 0.003910449014688617 2.8008206403428813 -0.08998866310172923 -1.2526573411191637 0.0
482 143 1724.0 1525.0 191.92621372199991 0.0 8.08 0.029139263796179222 2.5282099365931774e-06 False True 0.003910449014688617 2.8008206403428813 -0.08998866310172923 -1.2526573411191637 0.0
482 144 1728.0 1529.0 193.30150432799994 0.0 8.08 0.029139263796179222 2.5282099365931774e-06 False True 0.003910449014688617 2.8008206403428813 -0.08998866310172923 -1.2526573411191637 0.0
482 145 1732.0 1533.0 194.66760051699995 0.0 8.08 0.029139263796179222 0.013288991106865135 False True 0.003910449014688617 2.8008206403428813 -0.08998866310172923 -1.2526573411191637 0.0
482 146 1736.0 1537.0 196.02415202899996 0.0 7.86 0.0 0.029139263796179222 False True 0.003910449014688617 2.8008206403428813 -0.08998866310172923 -1.2526573411191637 0.0
482 147 1740.0 1541.0 197.38943739599998 0.0 8.08 0.029139263796179222 0.004532074449019017 False True 0.003910449014688617 2.8008206403428813 -0.08998866310172923 -1.2526573411191637 0.0
482 148 1744.0 1545.0 198.75459159 0.0 8.08 0.029139263796179222 0.04416374510925638 False True 0.003910449014688617 2.8008206403428813 -0.08998866310172923 -1.2526573411191637 0.0
482 149 1748.0 1549.0 200.11905370099996 0.0 8.08 0.029139263796179222 0.00012396583297378372 False True 0.003910449014688617 2.8008206403428813 -0.08998866310172923 -1.2526573411191637 0.0
482 150 1752.0 1553.0 201.48419855999995 0.0 8.08 0.029139263796179222 0.015180183881787433 False True 0.003910449014688617 2.8008206403428813 -0.08998866310172923 -1.2526573411191637 0.0
482 151 1756.0 1557.0 202.86282878399996 0.0 8.08 0.029139263796179222 0.35032098798992967 False True 0.003910449014688617 2.8008206403428813 -0.08998866310172923 -1.2526573411191637 0.0
482 152 1768.0 1569.0 204.23880730799996 0.0 8.08 0.029139263796179222 0.015180183881787433 False True 0.003910449014688617 2.8008206403428813 -0.08998866310172923 -1.2526573411191637 0.0
482 153 1772.0 1573.0 205.61420479499995 0.0 8.08 0.029139263796179222 0.34257945892405933 False True 0.003910449014688617 2.8008206403428813 -0.08998866310172923 -1.2526573411191637 0.0
482 154 1784.0 1585.0 206.97955610799997 0.0 8.08 0.029139263796179222 0.00988167497923868 False True 0.003910449014688617 2.8008206403428813 -0.08998866310172923 -1.2526573411191637 0.0
482 155 1788.0 1589.0 208.34590007699998 0.0 8.08 0.029139263796179222 0.00988167497923868 False True 0.003910449014688617 2.8008206403428813 -0.08998866310172923 -1.2526573411191637 0.0
482 156 1792.0 1593.0 209.71034961900003 0.0 8.08 0.029139263796179222 0.00988167497923868 False True 0.003910449014688617 2.8008206403428813 -0.08998866310172923 -1.2526573411191637 0.0
482 157 1796.0 1597.0 211.07507677900006 0.0 8.08 0.029139263796179222 0.26128407947215243 False True 0.003910449014688617 2.8008206403428813 -0.08998866310172923 -1.2526573411191637 0.0
482 158 1808.0 1609.0 212.45271570100007 0.0 8.08 0.029139263796179222 0.00988167497923868 False True 0.003910449014688617 2.8008206403428813 -0.08998866310172923 -1.2526573411191637 0.0
482 159 1812.0 1613.0 213.80017375800006 0.0 8.08 0.029139263796179222 0.19629476025446918 False True 0.003910449014688617 2.8008206403428813 -0.08998866310172923 -1.2526573411191637 0.0
482 160 1816.0 1617.0 215.14138572700003 0.0 8.08 0.029139263796179222 0.19629476025446918 False True 0.003910449014688617 2.8008206403428813 -0.08998866310172923 -1.2526573411191637 0.0
482 161 1820.0 1621.0 216.49873984600006 0.0 8.08 0.029139263796179222 0.2212588826228425 False True 0.003910449014688617 2.8008206403428813 -0.08998866310172923 -1.2526573411191637 0.0
482 162 1832.0 1633.0 217.8460278950001 0.0 8.08 0.029139263796179222 0.21556224364240809 False True 0.003910449014688617 2.8008206403428813 -0.08998866310172923 -1.2526573411191637 0.0
482 163 1844.0 1645.0 219.2039820300001 0.0 8.08 0.029139263796179222 0.20997946359301048 False True 0.003910449014688617 2.8008206403428813 -0.08998866310172923 -1.2526573411191637 0.0
482 164 1856.0 1657.0 220.5523150500001 0.0 8.08 0.029139263796179222 0.20451108795259218 False True 0.003910449014688617 2.8008206403428813 -0.08998866310172923 -1.2526573411191637 0.0
482 165 1868.0 1669.0 221.9129363010001 0.0 8.08 0.029139263796179222 0.09254352476557526 False True 0.003910449014688617 2.8008206403428813 -0.08998866310172923 -1.2526573411191637 0.0
482 166 1872.0 1673.0 223.28027565900013 0.0 8.25 0.09254352476557526 0.029139263796179222 False True 0.003910449014688617 2.8008206403428813 -0.08998866310172923 -1.2526573411191637 0.0
482 167 1876.0 1677.0 224.65806395400014 0.0 8.25 0.09254352476557526 0.029139263796179222 False True 0.003910449014688617 2.8008206403428813 -0.08998866310172923 -1.2526573411191637 0.0
482 168 1880.0 1681.0 226.02604237800014 0.0 8.25 0.09254352476557526 0.029139263796179222 False True 0.003910449014688617 2.8008206403428813 -0.08998866310172923 -1.2526573411191637 0.0
482 169 1884.0 1685.0 227.40331046300017 0.0 8.25 0.09254352476557526 0.029139263796179222 False True 0.003910449014688617 2.8008206403428813 -0.08998866310172923 -1.2526573411191637 0.0
482 170 1888.0 1689.0 228.77052353200017 0.0 8.25 0.09254352476557526 0.36610519110564893 False True 0.003910449014688617 2.8008206403428813 -0.08998866310172923 -1.2526573411191637 0.0
482 171 1900.0 1701.0 230.14910293500017 0.0 8.25 0.09254352476557526 0.3581631558643563 False True 0.003910449014688617 2.8008206403428813 -0.08998866310172923 -1.2526573411191637 0.0
482 172 1912.0 1713.0 231.51722288100015 0.0 8.25 0.09254352476557526 0.37414631228419554 False True 0.003910449014688617 2.8008206403428813 -0.08998866310172923 -1.2526573411191637 0.0
482 173 1924.0 1725.0 232.89412927000015 0.0 8.08 0.029139263796179222 0.38228572806058986 False True 0.003910449014688617 2.8008206403428813 -0.08998866310172923 -1.2526573411191637 0.0
482 174 1936.0 1737.0 234.26189975000014 0.0 8.08 0.029139263796179222 0.3905226372647737 False True 0.003910449014688617 2.8008206403428813 -0.08998866310172923 -1.2526573411191637 0.0
482 175 1948.0 1749.0 235.64075066000012 0.0 8.08 0.029139263796179222 0.39885622897615314 False True 0.003910449014688617 2.8008206403428813 -0.08998866310172923 -1.2526573411191637 0.0
482 176 1960.0 1761.0 237.00921423200012 0.0 8.08 0.029139263796179222 0.40728568260468034 False True 0.003910449014688617 2.8008206403428813 -0.08998866310172923 -1.2526573411191637 0.0
482 177 1972.0 1773.0 238.38763321000013 0.0 8.08 0.029139263796179222 0.41581016797293147 False True 0.003910449014688617 2.8008206403428813 -0.08998866310172923 -1.2526573411191637 0.0
482 178 1984.0 1785.0 239.76593994300012 0.0 8.08 0.029139263796179222 0.42442884539910125 False True 0.003910449014688617 2.8008206403428813 -0.08998866310172923 -1.2526573411191637 0.0
482 179 1996.0 1797.0 241.1341577910001 0.0 8.08 0.029139263796179222 0.43314086578098404 False True 0.003910449014688617 2.8008206403428813 -0.08998866310172923 -1.2526573411191637 0.0
482 180 2008.0 1809.0 242.5119161640001 0.0 8.08 0.029139263796179222 0.4419453706808856 False True 0.003910449014688617 2.8008206403428813 -0.08998866310172923 -1.2526573411191637 0.0
482 181 2020.0 1821.0 243.8798459220001 0.0 8.08 0.029139263796179222 0.1939196745489399 False True 0.003910449014688617 2.8008206403428813 -0.08998866310172923 -1.2526573411191637 0.0
482 182 2032.0 1833.0 245.2583823040001 0.0 8.08 0.029139263796179222 0.19915765075747321 False True 0.003910449014688617 2.8008206403428813 -0.08998866310172923 -1.2526573411191637 0.0
482 183 2044.0 1845.0 246.63655626200008 0.0 8.08 0.029139263796179222 0.18879767032100203 False True 0.003910449014688617 2.8008206403428813 -0.08998866310172923 -1.2526573411191637 0.0
482 184 2056.0 1857.0 248.0161326200001 0.0 8.08 0.029139263796179222 0.1837921374692896 False True 0.003910449014688617 2.8008206403428813 -0.08998866310172923 -1.2526573411191637 0.0
482 185 2068.0 1869.0 249.39596136100013 0.0 8.08 0.029139263796179222 0.17890356374110233 False True 0.003910449014688617 2.8008206403428813 -0.08998866310172923 -1.2526573411191637 0.0
482 186 2080.0 1881.0 250.77943477900013 0.0 8.08 0.029139263796179222 0.17413242518665706 False True 0.003910449014688617 2.8008206403428813 -0.08998866310172923 -1.2526573411191637 0.0
482 187 2092.0 1893.0 252.1637234660001 0.0 8.08 0.029139263796179222 0.16947918611145854 False True 0.003910449014688617 2.8008206403428813 -0.08998866310172923 -1.2526573411191637 0.0
482 188 2104.0 1905.0 253.5578505270001 0.0 8.08 0.029139263796179222 0.4598283541224602 False True 0.003910449014688617 2.8008206403428813 -0.08998866310172923 -1.2526573411191637 0.0
482 189 2116.0 1917.0 254.93842704400012 0.0 8.08 0.029139263796179222 0.45084149241145327 False True 0.003910449014688617 2.8008206403428813 -0.08998866310172923 -1.2526573411191637 0.0
482 190 2128.0 1929.0 256.3302284590002 0.0 8.08 0.029139263796179222 0.46890506988847586 False True 0.003910449014688617 2.8008206403428813 -0.08998866310172923 -1.2526573411191637 0.0
482 191 2140.0 1941.0 257.7236434920002 0.0 8.08 0.029139263796179222 0.4780707447974637 False True 0.003910449014688617 2.8008206403428813 -0.08998866310172923 -1.2526573411191637 0.0
482 192 2152.0 1953.0 259.1070970160002 0.0 8.08 0.029139263796179222 0.09254352476557526 False True 0.003910449014688617 2.8008206403428813 -0.08998866310172923 -1.2526573411191637 0.0
482 193 2156.0 1957.0 260.4908459830002 0.0 8.08 0.029139263796179222 0.5207427346394895 False True 0.003910449014688617 2.8008206403428813 -0.08998866310172923 -1.2526573411191637 0.0
482 194 2168.0 1969.0 261.8853400060002 0.0 8.08 0.029139263796179222 0.5112502439697673 False True 0.003910449014688617 2.8008206403428813 -0.08998866310172923 -1.2526573411191637 0.0
482 195 2180.0 1981.0 263.2793368300002 0.0 8.08 0.029139263796179222 0.5303168663399471 False True 0.003910449014688617 2.8008206403428813 -0.08998866310172923 -1.2526573411191637 0.0
482 196 2192.0 1993.0 264.66371027700023 0.0 8.08 0.029139263796179222 0.013229807782963445 False True 0.003910449014688617 2.8008206403428813 -0.08998866310172923 -1.2526573411191637 0.0
