203 0 400.0 200.99999999999997 1.365505354000021 0.0 1.96 0.18530431243830078 0.08444914521655934 False True 0.001954239087653481 1.320758473663157 -0.3631662943813068 -0.008242374290325944 0.0
203 1 404.0 204.99999999999997 2.772214985000005 0.0 8.22 0.08444914521655934 0.18530431243830078 False True 0.001954239087653481 1.320758473663157 -0.3631662943813068 -0.008242374290325944 0.0
203 2 408.0 208.99999999999997 4.18508198699999 0.0 8.22 0.08444914521655934 0.18530431243830078 False True 0.001954239087653481 1.320758473663157 -0.3631662943813068 -0.008242374290325944 0.0
203 3 412.0 212.99999999999997 5.595032068999984 0.0 8.22 0.08444914521655934 0.18530431243830078 False True 0.001954239087653481 1.320758473663157 -0.3631662943813068 -0.008242374290325944 0.0
203 4 416.0 216.99999999999997 7.005574653999986 0.0 8.22 0.08444914521655934 0.18530431243830078 False True 0.001954239087653481 1.320758473663157 -0.3631662943813068 -0.008242374290325944 0.0
203 5 420.0 220.99999999999997 8.451769238999987 0.0 8.22 0.08444914521655934 0.23699269188520755 False True 0.001954239087653481 1.320758473663157 -0.3631662943813068 -0.008242374290325944 0.0
203 6 432.0 232.99999999999997 9.860740645999982 0.0 8.22 0.08444914521655934 0.18530431243830078 False True 0.001954239087653481 1.320758473663157 -0.3631662943813068 -0.008242374290325944 0.0
203 7 436.0 236.99999999999997 11.267071786999992 0.0 8.22 0.08444914521655934 0.18530431243830078 False True 0.001954239087653481 1.320758473663157 -0.3631662943813068 -0.008242374290325944 0.0
203 8 440.0 240.99999999999997 12.65894700199999 0.0 8.22 0.08444914521655934 0.18530431243830078 False True 0.001954239087653481 1.320758473663157 -0.3631662943813068 -0.008242374290325944 0.0
203 9 444.0 244.99999999999997 14.085906461000008 0.0 8.22 0.08444914521655934 0.18530431243830078 False True 0.001954239087653481 1.320758473663157 -0.3631662943813068 -0.008242374290325944 0.0
203 10 448.0 248.99999999999997 15.48865434000001 0.0 8.22 0.08444914521655934 0.18530431243830078 False True 0.001954239087653481 1.320758473663157 -0.3631662943813068 -0.008242374290325944 0.0
203 11 452.0 252.99999999999997 16.882389888000006 0.0 8.22 0.08444914521655934 0.18530431243830078 False True 0.001954239087653481 1.320758473663157 -0.3631662943813068 -0.008242374290325944 0.0
203 12 456.0 257.0 18.286782319999986 0.0 8.22 0.08444914521655934 0.18530431243830078 False True 0.001954239087653481 1.320758473663157 -0.3631662943813068 -0.008242374290325944 0.0
203 13 460.0 261.0 19.68134902799997 0.0 8.22 0.08444914521655934 0.18530431243830078 False True 0.001954239087653481 1.320758473663157 -0.3631662943813068 -0.008242374290325944 0.0
203 14 464.0 265.0 21.10967121799999 0.0 8.22 0.08444914521655934 0.18530431243830078 False True 0.001954239087653481 1.320758473663157 -0.3631662943813068 -0.008242374290325944 0.0
203 15 468.0 269.00000000000006 22.515756277999998 0.0 8.22 0.08444914521655934 0.18530431243830078 False True 0.001954239087653481 1.320758473663157 -0.3631662943813068 -0.008242374290325944 0.0
203 16 472.0 273.00000000000006 23.911334764000003 0.0 8.22 0.08444914521655934 0.18530431243830078 False True 0.001954239087653481 1.320758473663157 -0.3631662943813068 -0.008242374290325944 0.0
203 17 476.0 277.00000000000006 25.316844336999992 0.0 8.22 0.08444914521655934 0.18530431243830078 False True 0.001954239087653481 1.320758473663157 -0.3631662943813068 -0.008242374290325944 0.0
203 18 480.0 281.00000000000006 26.72335212699997 0.0 8.22 0.08444914521655934 0.18530431243830078 False True 0.001954239087653481 1.320758473663157 -0.3631662943813068 -0.008242374290325944 0.0
203 19 484.0 285.00000000000006 28.129104109999957 0.0 8.22 0.08444914521655934 0.18530431243830078 False True 0.001954239087653481 1.320758473663157 -0.3631662943813068 -0.008242374290325944 0.0
203 20 488.0 289.00000000000006 29.571799314999964 0.0 8.22 0.08444914521655934 0.18530431243830078 False True 0.001954239087653481 1.320758473663157 -0.3631662943813068 -0.008242374290325944 0.0
203 21 492.0 293.00000000000006 30.978401513999955 0.0 8.22 0.08444914521655934 0.10435713882528723 False True 0.001954239087653481 1.320758473663157 -0.3631662943813068 -0.008242374290325944 0.0
203 22 504.0 305.00000000000006 32.37159786299995 0.0 8.22 0.08444914521655934 0.07980978790747213 False True 0.001954239087653481 1.320758473663157 -0.3631662943813068 -0.008242374290325944 0.0
203 23 516.0 317.00000000000006 33.77599302999994 0.0 8.209999999999999 0.07980978790747213 0.08444914521655934 False True 0.001954239087653481 1.320758473663157 -0.3631662943813068 -0.008242374290325944 0.0
203 24 520.0 321.00000000000006 35.18147042399994 0.0 8.209999999999999 0.07980978790747213 0.08444914521655934 False True 0.001954239087653481 1.320758473663157 -0.3631662943813068 -0.008242374290325944 0.0
203 25 524.0 325.00000000000006 36.57742475599994 0.0 8.209999999999999 0.07980978790747213 0.08444914521655934 False True 0.001954239087653481 1.320758473663157 -0.3631662943813068 -0.008242374290325944 0.0
203 26 528.0 329.00000000000006 37.98802339599993 0.0 8.209999999999999 0.07980978790747213 0.08444914521655934 False True 0.001954239087653481 1.320758473663157 -0.3631662943813068 -0.008242374290325944 0.0
203 27 532.0 333.00000000000006 39.40046108499993 0.0 8.209999999999999 0.07980978790747213 0.08444914521655934 False True 0.001954239087653481 1.320758473663157 -0.3631662943813068 -0.008242374290325944 0.0
203 28 536.0 337.00000000000006 40.83578273899994 0.0 8.209999999999999 0.07980978790747213 0.08444914521655934 False True 0.001954239087653481 1.320758473663157 -0.3631662943813068 -0.008242374290325944 0.0
203 29 540.0 341.00000000000006 42.24628189799992 0.0 8.22 0.08444914521655934 0.07980978790747213 False True 0.001954239087653481 1.320758473663157 -0.3631662943813068 -0.008242374290325944 0.0
203 30 544.0 345.00000000000006 43.65634661699991 0.0 8.22 0.08444914521655934 0.07980978790747213 False True 0.001954239087653481 1.320758473663157 -0.3631662943813068 -0.008242374290325944 0.0
203 31 548.0 349.00000000000006 45.07561554799992 0.0 8.22 0.08444914521655934 0.07980978790747213 False True 0.001954239087653481 1.320758473663157 -0.3631662943813068 -0.008242374290325944 0.0
203 32 552.0 353.00000000000006 46.485313472999906 0.0 8.22 0.08444914521655934 0.18530431243830078 False True 0.001954239087653481 1.320758473663157 -0.3631662943813068 -0.008242374290325944 0.0
203 33 556.0 357.00000000000006 47.898477950999904 0.0 8.22 0.08444914521655934 0.18530431243830078 False True 0.001954239087653481 1.320758473663157 -0.3631662943813068 -0.008242374290325944 0.0
203 34 560.0 361.00000000000006 49.302838498999904 0.0 8.22 0.08444914521655934 0.18530431243830078 False True 0.001954239087653481 1.320758473663157 -0.3631662943813068 -0.008242374290325944 0.0
203 35 564.0 365.00000000000006 50.7100182259999 0.0 8.22 0.08444914521655934 0.0892150180511406 False True 0.001954239087653481 1.320758473663157 -0.3631662943813068 -0.008242374290325944 0.0
203 36 576.0 377.00000000000006 52.118295307999915 0.0 8.22 0.08444914521655934 0.18036341717335666 False True 0.001954239087653481 1.320758473663157 -0.3631662943813068 -0.008242374290325944 0.0
203 37 588.0 389.00000000000006 53.52818445299991 0.0 8.22 0.08444914521655934 0.19037056578045594 False True 0.001954239087653481 1.320758473663157 -0.3631662943813068 -0.008242374290325944 0.0
203 38 600.0 401.00000000000006 54.9350738739999 0.0 8.22 0.08444914521655934 0.07529742476802571 False True 0.001954239087653481 1.320758473663157 -0.3631662943813068 -0.008242374290325944 0.0
203 39 612.0 413.00000000000006 56.36619619599992 0.0 8.2 0.07529742476802571 0.07091252174157406 False True 0.001954239087653481 1.320758473663157 -0.3631662943813068 -0.008242374290325944 0.0
203 40 624.0 425.00000000000006 57.783165279999935 0.0 8.2 0.07529742476802571 0.06665553202410236 False True 0.001954239087653481 1.320758473663157 -0.3631662943813068 -0.008242374290325944 0.0
203 41 636.0 437.00000000000006 59.19332816699995 0.0 8.2 0.07529742476802571 0.06665553202410236 False True 0.001954239087653481 1.320758473663157 -0.3631662943813068 -0.008242374290325944 0.0
203 42 640.0 441.00000000000006 60.602446285999946 0.0 8.2 0.07529742476802571 0.06665553202410236 False True 0.001954239087653481 1.320758473663157 -0.3631662943813068 -0.008242374290325944 0.0
203 43 644.0 445.00000000000006 62.013332410999965 0.0 8.2 0.07529742476802571 0.06665553202410236 False True 0.001954239087653481 1.320758473663157 -0.3631662943813068 -0.008242374290325944 0.0
203 44 648.0 449.00000000000006 63.43547413099995 0.0 8.2 0.07529742476802571 0.06665553202410236 False True 0.001954239087653481 1.320758473663157 -0.3631662943813068 -0.008242374290325944 0.0
203 45 652.0 453.00000000000006 64.84609142299996 0.0 8.2 0.07529742476802571 0.06665553202410236 False True 0.001954239087653481 1.320758473663157 -0.3631662943813068 -0.008242374290325944 0.0
203 46 656.0 457.00000000000006 66.26783922199996 0.0 8.2 0.07529742476802571 0.06665553202410236 False True 0.001954239087653481 1.320758473663157 -0.3631662943813068 -0.008242374290325944 0.0
203 47 660.0 461.00000000000006 67.68066745699997 0.0 8.2 0.07529742476802571 0.06665553202410236 False True 0.001954239087653481 1.320758473663157 -0.3631662943813068 -0.008242374290325944 0.0
203 48 664.0 465.00000000000006 69.10110077599995 0.0 8.2 0.07529742476802571 0.06665553202410236 False True 0.001954239087653481 1.320758473663157 -0.3631662943813068 -0.008242374290325944 0.0
203 49 668.0 469.00000000000006 70.51141505599995 0.0 8.2 0.07529742476802571 0.06665553202410236 False True 0.001954239087653481 1.320758473663157 -0.3631662943813068 -0.008242374290325944 0.0
203 50 672.0 473.00000000000006 71.91924472399995 0.0 8.2 0.07529742476802571 0.06252689601889902 False True 0.001954239087653481 1.320758473663157 -0.3631662943813068 -0.008242374290325944 0.0
203 51 684.0 485.00000000000006 73.33685543199996 0.0 8.17 0.06252689601889902 0.07529742476802571 False True 0.001954239087653481 1.320758473663157 -0.3631662943813068 -0.008242374290325944 0.0
203 52 688.0 489.00000000000006 74.74569558999997 0.0 8.17 0.06252689601889902 0.05852704129251546 False True 0.001954239087653481 1.320758473663157 -0.3631662943813068 -0.008242374290325944 0.0
203 53 700.0 501.00000000000006 76.17464852199998 0.0 8.17 0.06252689601889902 0.07529742476802571 False True 0.001954239087653481 1.320758473663157 -0.3631662943813068 -0.008242374290325944 0.0
203 54 704.0 505.00000000000006 77.58133422699999 0.0 8.17 0.06252689601889902 0.07529742476802571 False True 0.001954239087653481 1.320758473663157 -0.3631662943813068 -0.008242374290325944 0.0
203 55 708.0 509.00000000000006 78.98869856999997 0.0 8.17 0.06252689601889902 0.07529742476802571 False True 0.001954239087653481 1.320758473663157 -0.3631662943813068 -0.008242374290325944 0.0
203 56 712.0 513.0 80.39695935899996 0.0 8.2 0.07529742476802571 0.06252689601889902 False True 0.001954239087653481 1.320758473663157 -0.3631662943813068 -0.008242374290325944 0.0
203 57 716.0 517.0 81.81577832099995 0.0 8.2 0.07529742476802571 0.06252689601889902 False True 0.001954239087653481 1.320758473663157 -0.3631662943813068 -0.008242374290325944 0.0
203 58 720.0 521.0 83.22400908199995 0.0 8.2 0.07529742476802571 0.06252689601889902 False True 0.001954239087653481 1.320758473663157 -0.3631662943813068 -0.008242374290325944 0.0
203 59 724.0 525.0 84.63367714699996 0.0 8.2 0.07529742476802571 0.06252689601889902 False True 0.001954239087653481 1.320758473663157 -0.3631662943813068 -0.008242374290325944 0.0
203 60 728.0 529.0 86.05509077999997 0.0 8.2 0.07529742476802571 0.06252689601889902 False True 0.001954239087653481 1.320758473663157 -0.3631662943813068 -0.008242374290325944 0.0
203 61 732.0 533.0 87.46499513499998 0.0 8.2 0.07529742476802571 0.06252689601889902 False True 0.001954239087653481 1.320758473663157 -0.3631662943813068 -0.008242374290325944 0.0
203 62 736.0 537.0 88.87736471099996 0.0 8.2 0.07529742476802571 0.06252689601889902 False True 0.001954239087653481 1.320758473663157 -0.3631662943813068 -0.008242374290325944 0.0
203 63 740.0 541.0 90.30106716999995 0.0 8.2 0.07529742476802571 0.06252689601889902 False True 0.001954239087653481 1.320758473663157 -0.3631662943813068 -0.008242374290325944 0.0
203 64 744.0 545.0 91.72476623499995 0.0 8.2 0.07529742476802571 0.06252689601889902 False True 0.001954239087653481 1.320758473663157 -0.3631662943813068 -0.008242374290325944 0.0
203 65 748.0 549.0 93.14874130799996 0.0 8.2 0.07529742476802571 0.06252689601889902 False True 0.001954239087653481 1.320758473663157 -0.3631662943813068 -0.008242374290325944 0.0
203 66 752.0 553.0 94.57202367299993 0.0 8.2 0.07529742476802571 0.06252689601889902 False True 0.001954239087653481 1.320758473663157 -0.3631662943813068 -0.008242374290325944 0.0
203 67 756.0 557.0 96.00769546399994 0.0 8.2 0.07529742476802571 0.06252689601889902 False True 0.001954239087653481 1.320758473663157 -0.3631662943813068 -0.008242374290325944 0.0
203 68 760.0 561.0 97.43513571199995 0.0 8.2 0.07529742476802571 0.06252689601889902 False True 0.001954239087653481 1.320758473663157 -0.3631662943813068 -0.008242374290325944 0.0
203 69 764.0 565.0 98.87144632999994 0.0 8.2 0.07529742476802571 0.06252689601889902 False True 0.001954239087653481 1.320758473663157 -0.3631662943813068 -0.008242374290325944 0.0
203 70 768.0 569.0 100.29751236399994 0.0 8.2 0.07529742476802571 0.06252689601889902 False True 0.001954239087653481 1.320758473663157 -0.3631662943813068 -0.008242374290325944 0.0
203 71 772.0 573.0 101.74228751999996 0.0 8.2 0.07529742476802571 0.05465638253201377 False True 0.001954239087653481 1.320758473663157 -0.3631662943813068 -0.008242374290325944 0.0
203 72 784.0 585.0 103.16720215099994 0.0 8.2 0.07529742476802571 0.05465638253201377 False True 0.001954239087653481 1.320758473663157 -0.3631662943813068 -0.008242374290325944 0.0
203 73 788.0 589.0 104.58190012799994 0.0 8.2 0.07529742476802571 0.05465638253201377 False True 0.001954239087653481 1.320758473663157 -0.3631662943813068 -0.008242374290325944 0.0
203 74 792.0 593.0 106.00571362499994 0.0 8.2 0.07529742476802571 0.05465638253201377 False True 0.001954239087653481 1.320758473663157 -0.3631662943813068 -0.008242374290325944 0.0
203 75 796.0 597.0 107.42865969499994 0.0 8.2 0.07529742476802571 0.05465638253201377 False True 0.001954239087653481 1.320758473663157 -0.3631662943813068 -0.008242374290325944 0.0
203 76 800.0 601.0 108.85448246899992 0.0 8.2 0.07529742476802571 0.05091532150349724 False True 0.001954239087653481 1.320758473663157 -0.3631662943813068 -0.008242374290325944 0.0
203 77 812.0 613.0 110.27967519599991 0.0 8.2 0.07529742476802571 0.04730424701193122 False True 0.001954239087653481 1.320758473663157 -0.3631662943813068 -0.008242374290325944 0.0
203 78 824.0 625.0 111.70689491099992 0.0 8.2 0.07529742476802571 0.10964219307485097 False True 0.001954239087653481 1.320758473663157 -0.3631662943813068 -0.008242374290325944 0.0
203 79 836.0 637.0 113.14761045099993 0.0 8.2 0.07529742476802571 0.10964219307485097 False True 0.001954239087653481 1.320758473663157 -0.3631662943813068 -0.008242374290325944 0.0
203 80 840.0 641.0 114.58927393499994 0.0 8.2 0.07529742476802571 0.11505235751667706 False True 0.001954239087653481 1.320758473663157 -0.3631662943813068 -0.008242374290325944 0.0
203 81 852.0 653.0 116.03061206799993 0.0 8.2 0.07529742476802571 0.1205871057397148 False True 0.001954239087653481 1.320758473663157 -0.3631662943813068 -0.008242374290325944 0.0
203 82 864.0 665.0 117.46139100599993 0.0 8.2 0.07529742476802571 0.12624589887318047 False True 0.001954239087653481 1.320758473663157 -0.3631662943813068 -0.008242374290325944 0.0
203 83 876.0 677.0 118.90237333199991 0.0 8.2 0.07529742476802571 0.13202818564044835 False True 0.001954239087653481 1.320758473663157 -0.3631662943813068 -0.008242374290325944 0.0
203 84 888.0 689.0 120.34546875599989 0.0 8.2 0.07529742476802571 0.09919770866665653 False True 0.001954239087653481 1.320758473663157 -0.3631662943813068 -0.008242374290325944 0.0
203 85 900.0 701.0 121.78967867499989 0.0 8.2 0.07529742476802571 0.09416440393386914 False True 0.001954239087653481 1.320758473663157 -0.3631662943813068 -0.008242374290325944 0.0
203 86 912.0 713.0 123.23773758499988 0.0 8.2 0.07529742476802571 0.11505235751667706 False True 0.001954239087653481 1.320758473663157 -0.3631662943813068 -0.008242374290325944 0.0
203 87 916.0 717.0 124.67197120599985 0.0 8.2 0.07529742476802571 0.08925771334793622 False True 0.001954239087653481 1.320758473663157 -0.3631662943813068 -0.008242374290325944 0.0
203 88 928.0 729.0 126.13151463199983 0.0 8.2 0.07529742476802571 0.08447811296709987 False True 0.001954239087653481 1.320758473663157 -0.3631662943813068 -0.008242374290325944 0.0
203 89 940.0 741.0 127.56087682399982 0.0 8.2 0.07529742476802571 0.07982606613922194 False True 0.001954239087653481 1.320758473663157 -0.3631662943813068 -0.008242374290325944 0.0
203 90 952.0 753.0 129.00113538499983 0.0 7.52 0.07982606613922194 0.07529742476802571 False True 0.001954239087653481 1.320758473663157 -0.3631662943813068 -0.008242374290325944 0.0
203 91 956.0 757.0 130.43232139099985 0.0 7.52 0.07982606613922194 0.07529742476802571 False True 0.001954239087653481 1.320758473663157 -0.3631662943813068 -0.008242374290325944 0.0
203 92 960.0 761.0 131.8608483599998 0.0 7.52 0.07982606613922194 0.07529742476802571 False True 0.001954239087653481 1.320758473663157 -0.3631662943813068 -0.008242374290325944 0.0
203 93 964.0 765.0 133.29086789699977 0.0 7.52 0.07982606613922194 0.07529742476802571 False True 0.001954239087653481 1.320758473663157 -0.3631662943813068 -0.008242374290325944 0.0
203 94 968.0 769.0 134.7322041729998 0.0 7.52 0.07982606613922194 0.07530202345546204 False True 0.001954239087653481 1.320758473663157 -0.3631662943813068 -0.008242374290325944 0.0
203 95 980.0 781.0 136.1742005499998 0.0 7.52 0.07982606613922194 0.07530202345546204 False True 0.001954239087653481 1.320758473663157 -0.3631662943813068 -0.008242374290325944 0.0
203 96 984.0 785.0 137.60576568499977 0.0 7.52 0.07982606613922194 0.07530202345546204 False True 0.001954239087653481 1.320758473663157 -0.3631662943813068 -0.008242374290325944 0.0
203 97 988.0 789.0 139.04898445399976 0.0 7.52 0.07982606613922194 0.07090642270520582 False True 0.001954239087653481 1.320758473663157 -0.3631662943813068 -0.008242374290325944 0.0
203 98 1000.0 801.0 140.49162764999977 0.0 7.52 0.07982606613922194 0.07530202345546204 False True 0.001954239087653481 1.320758473663157 -0.3631662943813068 -0.008242374290325944 0.0
203 99 1004.0 805.0 141.93446154599974 0.0 7.52 0.07982606613922194 0.07090642270520582 False True 0.001954239087653481 1.320758473663157 -0.3631662943813068 -0.008242374290325944 0.0
203 100 1008.0 809.0 143.38791943199976 0.0 7.52 0.07982606613922194 0.066639688832292 False True 0.001954239087653481 1.320758473663157 -0.3631662943813068 -0.008242374290325944 0.0
203 101 1020.0 821.0 144.83258950999976 0.0 7.55 0.066639688832292 0.07982606613922194 False True 0.001954239087653481 1.320758473663157 -0.3631662943813068 -0.008242374290325944 0.0
203 102 1024.0 825.0 146.2747036199998 0.0 7.52 0.07982606613922194 0.066639688832292 False True 0.001954239087653481 1.320758473663157 -0.3631662943813068 -0.008242374290325944 0.0
203 103 1028.0 829.0 147.71722048399977 0.0 7.52 0.07982606613922194 0.066639688832292 False True 0.001954239087653481 1.320758473663157 -0.3631662943813068 -0.008242374290325944 0.0
203 104 1032.0 833.0 149.15884141099974 0.0 7.52 0.07982606613922194 0.066639688832292 False True 0.001954239087653481 1.320758473663157 -0.3631662943813068 -0.008242374290325944 0.0
203 105 1036.0 837.0 150.60017062899976 0.0 7.52 0.07982606613922194 0.07529742476802571 False True 0.001954239087653481 1.320758473663157 -0.3631662943813068 -0.008242374290325944 0.0
203 106 1040.0 841.0 152.04098050199974 0.0 7.52 0.07982606613922194 0.07529742476802571 False True 0.001954239087653481 1.320758473663157 -0.3631662943813068 -0.008242374290325944 0.0
203 107 1044.0 845.0 153.46406868099973 0.0 7.52 0.07982606613922194 0.07529742476802571 False True 0.001954239087653481 1.320758473663157 -0.3631662943813068 -0.008242374290325944 0.0
203 108 1048.0 849.0 154.86630924399975 0.0 7.52 0.07982606613922194 0.07530202345546204 False True 0.001954239087653481 1.320758473663157 -0.3631662943813068 -0.008242374290325944 0.0
203 109 1052.0 853.0 156.28819602299973 0.0 7.52 0.07982606613922194 0.07530202345546204 False True 0.001954239087653481 1.320758473663157 -0.3631662943813068 -0.008242374290325944 0.0
203 110 1056.0 857.0 157.70887120199973 0.0 7.53 0.07530202345546204 0.07982606613922194 False True 0.001954239087653481 1.320758473663157 -0.3631662943813068 -0.008242374290325944 0.0
203 111 1060.0 861.0 159.12168844599972 0.0 7.53 0.07530202345546204 0.07982606613922194 False True 0.001954239087653481 1.320758473663157 -0.3631662943813068 -0.008242374290325944 0.0
203 112 1064.0 865.0 160.54520028999974 0.0 7.52 0.07982606613922194 0.07530202345546204 False True 0.001954239087653481 1.320758473663157 -0.3631662943813068 -0.008242374290325944 0.0
203 113 1068.0 869.0 161.98169919999975 0.0 7.52 0.07982606613922194 0.07530202345546204 False True 0.001954239087653481 1.320758473663157 -0.3631662943813068 -0.008242374290325944 0.0
203 114 1072.0 873.0 163.4107797379998 0.0 7.52 0.07982606613922194 0.06250223389251874 False True 0.001954239087653481 1.320758473663157 -0.3631662943813068 -0.008242374290325944 0.0
203 115 1084.0 885.0 164.85080709399983 0.0 7.52 0.07982606613922194 0.07090642270520582 False True 0.001954239087653481 1.320758473663157 -0.3631662943813068 -0.008242374290325944 0.0
203 116 1088.0 889.0 166.29027501499985 0.0 7.52 0.07982606613922194 0.07090642270520582 False True 0.001954239087653481 1.320758473663157 -0.3631662943813068 -0.008242374290325944 0.0
203 117 1092.0 893.0 167.72996406099986 0.0 7.52 0.07982606613922194 0.07529742476802571 False True 0.001954239087653481 1.320758473663157 -0.3631662943813068 -0.008242374290325944 0.0
203 118 1096.0 897.0 169.15931916799985 0.0 7.52 0.07982606613922194 0.07529742476802571 False True 0.001954239087653481 1.320758473663157 -0.3631662943813068 -0.008242374290325944 0.0
203 119 1100.0 901.0 170.59936629499987 0.0 7.52 0.07982606613922194 0.07529742476802571 False True 0.001954239087653481 1.320758473663157 -0.3631662943813068 -0.008242374290325944 0.0
203 120 1104.0 905.0 172.03895635199984 0.0 7.52 0.07982606613922194 0.07530202345546204 False True 0.001954239087653481 1.320758473663157 -0.3631662943813068 -0.008242374290325944 0.0
203 121 1108.0 909.0 173.47730912599985 0.0 7.52 0.07982606613922194 0.07529742476802571 False True 0.001954239087653481 1.320758473663157 -0.3631662943813068 -0.008242374290325944 0.0
203 122 1112.0 913.0 174.90583526899985 0.0 7.52 0.07982606613922194 0.07529742476802571 False True 0.001954239087653481 1.320758473663157 -0.3631662943813068 -0.008242374290325944 0.0
203 123 1116.0 917.0 176.34392159799984 0.0 7.52 0.07982606613922194 0.07529742476802571 False True 0.001954239087653481 1.320758473663157 -0.3631662943813068 -0.008242374290325944 0.0
203 124 1120.0 921.0 177.77021806399983 0.0 7.52 0.07982606613922194 0.07529742476802571 False True 0.001954239087653481 1.320758473663157 -0.3631662943813068 -0.008242374290325944 0.0
203 125 1124.0 925.0 179.19618299199988 0.0 7.52 0.07982606613922194 0.07529742476802571 False True 0.001954239087653481 1.320758473663157 -0.3631662943813068 -0.008242374290325944 0.0
203 126 1128.0 929.0 180.6328968169999 0.0 7.52 0.07982606613922194 0.07529742476802571 False True 0.001954239087653481 1.320758473663157 -0.3631662943813068 -0.008242374290325944 0.0
203 127 1132.0 933.0 182.05904984599988 0.0 7.52 0.07982606613922194 0.07529742476802571 False True 0.001954239087653481 1.320758473663157 -0.3631662943813068 -0.008242374290325944 0.0
203 128 1136.0 937.0 183.4858080929999 0.0 7.52 0.07982606613922194 0.07529742476802571 False True 0.001954239087653481 1.320758473663157 -0.3631662943813068 -0.008242374290325944 0.0
203 129 1140.0 941.0 184.9224803809999 0.0 7.52 0.07982606613922194 0.07529742476802571 False True 0.001954239087653481 1.320758473663157 -0.3631662943813068 -0.008242374290325944 0.0
203 130 1144.0 945.0 186.3480512779999 0.0 7.52 0.07982606613922194 0.07529742476802571 False True 0.001954239087653481 1.320758473663157 -0.3631662943813068 -0.008242374290325944 0.0
203 131 1148.0 949.0 187.7751141199999 0.0 7.52 0.07982606613922194 0.07529742476802571 False True 0.001954239087653481 1.320758473663157 -0.3631662943813068 -0.008242374290325944 0.0
203 132 1152.0 953.0 189.20353225999992 0.0 7.52 0.07982606613922194 0.07529742476802571 False True 0.001954239087653481 1.320758473663157 -0.3631662943813068 -0.008242374290325944 0.0
203 133 1156.0 957.0 190.6354292669999 0.0 8.2 0.07529742476802571 0.07982606613922194 False True 0.001954239087653481 1.320758473663157 -0.3631662943813068 -0.008242374290325944 0.0
203 134 1160.0 961.0 192.0700526619999 0.0 8.2 0.07529742476802571 0.07982606613922194 False True 0.001954239087653481 1.320758473663157 -0.3631662943813068 -0.008242374290325944 0.0
203 135 1164.0 965.0 193.4975954879999 0.0 8.2 0.07529742476802571 0.07982606613922194 False True 0.001954239087653481 1.320758473663157 -0.3631662943813068 -0.008242374290325944 0.0
203 136 1168.0 969.0 194.92434010199992 0.0 8.2 0.07529742476802571 0.07982606613922194 False True 0.001954239087653481 1.320758473663157 -0.3631662943813068 -0.008242374290325944 0.0
203 137 1172.0 973.0 196.3616190059999 0.0 8.2 0.07529742476802571 0.07982606613922194 False True 0.001954239087653481 1.320758473663157 -0.3631662943813068 -0.008242374290325944 0.0
203 138 1176.0 977.0 197.78843024399987 0.0 8.2 0.07529742476802571 0.07982606613922194 False True 0.001954239087653481 1.320758473663157 -0.3631662943813068 -0.008242374290325944 0.0
203 139 1180.0 981.0 199.22595456699986 0.0 8.2 0.07529742476802571 0.07982606613922194 False True 0.001954239087653481 1.320758473663157 -0.3631662943813068 -0.008242374290325944 0.0
203 140 1184.0 985.0 200.65448399999985 0.0 8.2 0.07529742476802571 0.07982606613922194 False True 0.001954239087653481 1.320758473663157 -0.3631662943813068 -0.008242374290325944 0.0
203 141 1188.0 989.0 202.09186929399988 0.0 8.2 0.07529742476802571 0.07982606613922194 False True 0.001954239087653481 1.320758473663157 -0.3631662943813068 -0.008242374290325944 0.0
203 142 1192.0 993.0 203.5176543149999 0.0 8.2 0.07529742476802571 0.07982606613922194 False True 0.001954239087653481 1.320758473663157 -0.3631662943813068 -0.008242374290325944 0.0
203 143 1196.0 997.0 204.94347987399993 0.0 7.52 0.07982606613922194 0.07529742476802571 False True 0.001954239087653481 1.320758473663157 -0.3631662943813068 -0.008242374290325944 0.0
203 144 1200.0 1001.0 206.3690993379999 0.0 7.52 0.07982606613922194 0.07529742476802571 False True 0.001954239087653481 1.320758473663157 -0.3631662943813068 -0.008242374290325944 0.0
203 145 1204.0 1005.0 207.80565787299992 0.0 8.2 0.07529742476802571 0.066639688832292 False True 0.001954239087653481 1.320758473663157 -0.3631662943813068 -0.008242374290325944 0.0
203 146 1208.0 1009.0 209.23226338699988 0.0 8.2 0.07529742476802571 0.06252689601889902 False True 0.001954239087653481 1.320758473663157 -0.3631662943813068 -0.008242374290325944 0.0
203 147 1212.0 1013.0 210.6596952779999 0.0 8.2 0.07529742476802571 0.07530202345546204 False True 0.001954239087653481 1.320758473663157 -0.3631662943813068 -0.008242374290325944 0.0
203 148 1216.0 1017.0 212.1011083219999 0.0 8.2 0.07529742476802571 0.08925771334793622 False True 0.001954239087653481 1.320758473663157 -0.3631662943813068 -0.008242374290325944 0.0
203 149 1220.0 1021.0 213.55524792799991 0.0 8.2 0.07529742476802571 0.08925771334793622 False True 0.001954239087653481 1.320758473663157 -0.3631662943813068 -0.008242374290325944 0.0
203 150 1224.0 1025.0 214.99762710699991 0.0 8.2 0.07529742476802571 0.06252689601889902 False True 0.001954239087653481 1.320758473663157 -0.3631662943813068 -0.008242374290325944 0.0
203 151 1228.0 1029.0 216.44002101199993 0.0 8.2 0.07529742476802571 0.06252689601889902 False True 0.001954239087653481 1.320758473663157 -0.3631662943813068 -0.008242374290325944 0.0
203 152 1232.0 1033.0 217.88325595199996 0.0 8.2 0.07529742476802571 0.066639688832292 False True 0.001954239087653481 1.320758473663157 -0.3631662943813068 -0.008242374290325944 0.0
203 153 1236.0 1037.0 219.32202753199994 0.0 8.2 0.07529742476802571 0.06665553202410236 False True 0.001954239087653481 1.320758473663157 -0.3631662943813068 -0.008242374290325944 0.0
203 154 1240.0 1041.0 220.76418237199994 0.0 8.2 0.07529742476802571 0.06665553202410236 False True 0.001954239087653481 1.320758473663157 -0.3631662943813068 -0.008242374290325944 0.0
203 155 1244.0 1045.0 222.18155977299995 0.0 8.2 0.07529742476802571 0.06665553202410236 False True 0.001954239087653481 1.320758473663157 -0.3631662943813068 -0.008242374290325944 0.0
203 156 1248.0 1049.0 223.61701284199995 0.0 8.2 0.07529742476802571 0.08925771334793622 False True 0.001954239087653481 1.320758473663157 -0.3631662943813068 -0.008242374290325944 0.0
203 157 1252.0 1053.0 225.036012106 0.0 8.2 0.07529742476802571 0.08925771334793622 False True 0.001954239087653481 1.320758473663157 -0.3631662943813068 -0.008242374290325944 0.0
203 158 1256.0 1057.0 226.459619728 0.0 8.2 0.07529742476802571 0.08925771334793622 False True 0.001954239087653481 1.320758473663157 -0.3631662943813068 -0.008242374290325944 0.0
203 159 1260.0 1061.0 227.895912625 0.0 7.52 0.07982606613922194 0.07529742476802571 False True 0.001954239087653481 1.320758473663157 -0.3631662943813068 -0.008242374290325944 0.0
203 160 1264.0 1065.0 229.32292638499996 0.0 8.2 0.07529742476802571 0.07982606613922194 False True 0.001954239087653481 1.320758473663157 -0.3631662943813068 -0.008242374290325944 0.0
203 161 1268.0 1069.0 230.74833468899993 0.0 7.52 0.07982606613922194 0.07529742476802571 False True 0.001954239087653481 1.320758473663157 -0.3631662943813068 -0.008242374290325944 0.0
203 162 1272.0 1073.0 232.18608586199997 0.0 7.52 0.07982606613922194 0.06665553202410236 False True 0.001954239087653481 1.320758473663157 -0.3631662943813068 -0.008242374290325944 0.0
203 163 1276.0 1077.0 233.61402965599996 0.0 7.52 0.07982606613922194 0.07530202345546204 False True 0.001954239087653481 1.320758473663157 -0.3631662943813068 -0.008242374290325944 0.0
203 164 1280.0 1081.0 235.05185165799998 0.0 7.52 0.07982606613922194 0.07530202345546204 False True 0.001954239087653481 1.320758473663157 -0.3631662943813068 -0.008242374290325944 0.0
203 165 1284.0 1085.0 236.48978488799997 0.0 7.52 0.07982606613922194 0.07530202345546204 False True 0.001954239087653481 1.320758473663157 -0.3631662943813068 -0.008242374290325944 0.0
203 166 1288.0 1089.0 237.918763743 0.0 7.53 0.07530202345546204 0.07982606613922194 False True 0.001954239087653481 1.320758473663157 -0.3631662943813068 -0.008242374290325944 0.0
203 167 1292.0 1093.0 239.356332846 0.0 7.53 0.07530202345546204 0.07982606613922194 False True 0.001954239087653481 1.320758473663157 -0.3631662943813068 -0.008242374290325944 0.0
203 168 1296.0 1097.0 240.79434817599997 0.0 7.52 0.07982606613922194 0.07530202345546204 False True 0.001954239087653481 1.320758473663157 -0.3631662943813068 -0.008242374290325944 0.0
203 169 1300.0 1101.0 242.22210674899998 0.0 7.52 0.07982606613922194 0.07530202345546204 False True 0.001954239087653481 1.320758473663157 -0.3631662943813068 -0.008242374290325944 0.0
203 170 1304.0 1105.0 243.6608852 0.0 7.53 0.07530202345546204 0.07982606613922194 False True 0.001954239087653481 1.320758473663157 -0.3631662943813068 -0.008242374290325944 0.0
203 171 1308.0 1109.0 245.10957401299999 0.0 7.53 0.07530202345546204 0.06252689601889902 False True 0.001954239087653481 1.320758473663157 -0.3631662943813068 -0.008242374290325944 0.0
203 172 1312.0 1113.0 246.546724429 0.0 7.53 0.07530202345546204 0.06252689601889902 False True 0.001954239087653481 1.320758473663157 -0.3631662943813068 -0.008242374290325944 0.0
203 173 1316.0 1117.0 247.98357294700003 0.0 7.53 0.07530202345546204 0.06252689601889902 False True 0.001954239087653481 1.320758473663157 -0.3631662943813068 -0.008242374290325944 0.0
203 174 1320.0 1121.0 249.42219996900002 0.0 7.53 0.07530202345546204 0.06252689601889902 False True 0.001954239087653481 1.320758473663157 -0.3631662943813068 -0.008242374290325944 0.0
203 175 1324.0 1125.0 250.83658758900003 0.0 7.53 0.07530202345546204 0.06252689601889902 False True 0.001954239087653481 1.320758473663157 -0.3631662943813068 -0.008242374290325944 0.0
203 176 1328.0 1129.0 252.27463671600003 0.0 7.53 0.07530202345546204 0.06252689601889902 False True 0.001954239087653481 1.320758473663157 -0.3631662943813068 -0.008242374290325944 0.0
203 177 1332.0 1133.0 253.70172759000002 0.0 7.53 0.07530202345546204 0.06252689601889902 False True 0.001954239087653481 1.320758473663157 -0.3631662943813068 -0.008242374290325944 0.0
203 178 1336.0 1137.0 255.137507959 0.0 7.53 0.07530202345546204 0.06252689601889902 False True 0.001954239087653481 1.320758473663157 -0.3631662943813068 -0.008242374290325944 0.0
203 179 1340.0 1141.0 256.56414606299995 0.0 7.53 0.07530202345546204 0.06252689601889902 False True 0.001954239087653481 1.320758473663157 -0.3631662943813068 -0.008242374290325944 0.0
203 180 1344.0 1145.0 258.00099415099993 0.0 7.53 0.07530202345546204 0.06252689601889902 False True 0.001954239087653481 1.320758473663157 -0.3631662943813068 -0.008242374290325944 0.0
203 181 1348.0 1149.0 259.4283237429999 0.0 7.53 0.07530202345546204 0.06252689601889902 False True 0.001954239087653481 1.320758473663157 -0.3631662943813068 -0.008242374290325944 0.0
203 182 1352.0 1153.0 260.8655972819999 0.0 7.53 0.07530202345546204 0.06252689601889902 False True 0.001954239087653481 1.320758473663157 -0.3631662943813068 -0.008242374290325944 0.0
203 183 1356.0 1157.0 262.2931115399999 0.0 7.53 0.07530202345546204 0.06252689601889902 False True 0.001954239087653481 1.320758473663157 -0.3631662943813068 -0.008242374290325944 0.0
203 184 1360.0 1161.0 263.73177597099993 0.0 7.53 0.07530202345546204 0.06252689601889902 False True 0.001954239087653481 1.320758473663157 -0.3631662943813068 -0.008242374290325944 0.0
203 185 1364.0 1165.0 265.1599383499999 0.0 7.53 0.07530202345546204 0.06252689601889902 False True 0.001954239087653481 1.320758473663157 -0.3631662943813068 -0.008242374290325944 0.0
203 186 1368.0 1169.0 266.60101748399984 0.0 7.53 0.07530202345546204 0.06252689601889902 False True 0.001954239087653481 1.320758473663157 -0.3631662943813068 -0.008242374290325944 0.0
203 187 1372.0 1173.0 268.04554646499986 0.0 8.17 0.06252689601889902 0.07530202345546204 False True 0.001954239087653481 1.320758473663157 -0.3631662943813068 -0.008242374290325944 0.0
203 188 1376.0 1177.0 269.49838913999986 0.0 8.17 0.06252689601889902 0.07530202345546204 False True 0.001954239087653481 1.320758473663157 -0.3631662943813068 -0.008242374290325944 0.0
203 189 1380.0 1181.0 270.94192004999985 0.0 8.17 0.06252689601889902 0.11505235751667706 False True 0.001954239087653481 1.320758473663157 -0.3631662943813068 -0.008242374290325944 0.0
203 190 1384.0 1185.0 272.3858685779998 0.0 8.17 0.06252689601889902 0.11505235751667706 False True 0.001954239087653481 1.320758473663157 -0.3631662943813068 -0.008242374290325944 0.0
203 191 1388.0 1189.0 273.8291749999998 0.0 8.17 0.06252689601889902 0.07090642270520582 False True 0.001954239087653481 1.320758473663157 -0.3631662943813068 -0.008242374290325944 0.0
203 192 1392.0 1193.0 275.28315482599976 0.0 8.17 0.06252689601889902 0.07090642270520582 False True 0.001954239087653481 1.320758473663157 -0.3631662943813068 -0.008242374290325944 0.0
203 193 1396.0 1197.0 276.71430280099975 0.0 8.17 0.06252689601889902 0.07090642270520582 False True 0.001954239087653481 1.320758473663157 -0.3631662943813068 -0.008242374290325944 0.0
203 194 1400.0 1201.0 278.1565473099997 0.0 7.54 0.07090642270520582 0.06252689601889902 False True 0.001954239087653481 1.320758473663157 -0.3631662943813068 -0.008242374290325944 0.0
203 195 1404.0 1205.0 279.59860639499976 0.0 7.54 0.07090642270520582 0.06252689601889902 False True 0.001954239087653481 1.320758473663157 -0.3631662943813068 -0.008242374290325944 0.0
203 196 1408.0 1209.0 281.0394039079997 0.0 8.17 0.06252689601889902 0.07090642270520582 False True 0.001954239087653481 1.320758473663157 -0.3631662943813068 -0.008242374290325944 0.0
203 197 1412.0 1213.0 282.4803518689997 0.0 7.54 0.07090642270520582 0.06252689601889902 False True 0.001954239087653481 1.320758473663157 -0.3631662943813068 -0.008242374290325944 0.0
203 198 1416.0 1217.0 283.90882215299973 0.0 7.54 0.07090642270520582 0.06252689601889902 False True 0.001954239087653481 1.320758473663157 -0.3631662943813068 -0.008242374290325944 0.0
203 199 1420.0 1221.0 285.32273244099974 0.0 8.17 0.06252689601889902 0.07090642270520582 False True 0.001954239087653481 1.320758473663157 -0.3631662943813068 -0.008242374290325944 0.0
203 200 1424.0 1225.0 286.7567516829998 0.0 7.54 0.07090642270520582 0.06252689601889902 False True 0.001954239087653481 1.320758473663157 -0.3631662943813068 -0.008242374290325944 0.0
203 201 1428.0 1229.0 288.17998770799977 0.0 7.54 0.07090642270520582 0.06252689601889902 False True 0.001954239087653481 1.320758473663157 -0.3631662943813068 -0.008242374290325944 0.0
203 202 1432.0 1233.0 289.6042513879998 0.0 7.54 0.07090642270520582 0.06252689601889902 False True 0.001954239087653481 1.320758473663157 -0.3631662943813068 -0.008242374290325944 0.0
203 203 1436.0 1237.0 291.0303273289998 0.0 7.54 0.07090642270520582 0.06252689601889902 False True 0.001954239087653481 1.320758473663157 -0.3631662943813068 -0.008242374290325944 0.0
203 204 1440.0 1241.0 292.4686103949998 0.0 8.17 0.06252689601889902 0.07090642270520582 False True 0.001954239087653481 1.320758473663157 -0.3631662943813068 -0.008242374290325944 0.0
203 205 1444.0 1245.0 293.9071406749998 0.0 8.17 0.06252689601889902 0.07090642270520582 False True 0.001954239087653481 1.320758473663157 -0.3631662943813068 -0.008242374290325944 0.0
203 206 1448.0 1249.0 295.3355560859998 0.0 8.17 0.06252689601889902 0.07090642270520582 False True 0.001954239087653481 1.320758473663157 -0.3631662943813068 -0.008242374290325944 0.0
203 207 1452.0 1253.0 296.77373774499983 0.0 8.17 0.06252689601889902 0.07090642270520582 False True 0.001954239087653481 1.320758473663157 -0.3631662943813068 -0.008242374290325944 0.0
203 208 1456.0 1257.0 298.2117360379998 0.0 8.17 0.06252689601889902 0.07090642270520582 False True 0.001954239087653481 1.320758473663157 -0.3631662943813068 -0.008242374290325944 0.0
203 209 1460.0 1261.0 299.6391679219998 0.0 8.17 0.06252689601889902 0.07090642270520582 False True 0.001954239087653481 1.320758473663157 -0.3631662943813068 -0.008242374290325944 0.0
203 210 1464.0 1265.0 301.0667438719998 0.0 7.54 0.07090642270520582 0.06252689601889902 False True 0.001954239087653481 1.320758473663157 -0.3631662943813068 -0.008242374290325944 0.0
203 211 1468.0 1269.0 302.50494482499977 0.0 8.17 0.06252689601889902 0.07090642270520582 False True 0.001954239087653481 1.320758473663157 -0.3631662943813068 -0.008242374290325944 0.0
203 212 1472.0 1273.0 303.9502293679998 0.0 8.17 0.06252689601889902 0.07090642270520582 False True 0.001954239087653481 1.320758473663157 -0.3631662943813068 -0.008242374290325944 0.0
203 213 1476.0 1277.0 305.3759064279998 0.0 8.17 0.06252689601889902 0.08447811296709987 False True 0.001954239087653481 1.320758473663157 -0.3631662943813068 -0.008242374290325944 0.0
203 214 1480.0 1281.0 306.8013692739998 0.0 8.17 0.06252689601889902 0.07090642270520582 False True 0.001954239087653481 1.320758473663157 -0.3631662943813068 -0.008242374290325944 0.0
203 215 1484.0 1285.0 308.22711992699976 0.0 8.17 0.06252689601889902 0.06665553202410236 False True 0.001954239087653481 1.320758473663157 -0.3631662943813068 -0.008242374290325944 0.0
203 216 1488.0 1289.0 309.6437155499998 0.0 8.17 0.06252689601889902 0.06665553202410236 False True 0.001954239087653481 1.320758473663157 -0.3631662943813068 -0.008242374290325944 0.0
203 217 1492.0 1293.0 311.07085253199983 0.0 8.17 0.06252689601889902 0.06665553202410236 False True 0.001954239087653481 1.320758473663157 -0.3631662943813068 -0.008242374290325944 0.0
203 218 1496.0 1297.0 312.4982600469998 0.0 8.18 0.06665553202410236 0.06252689601889902 False True 0.001954239087653481 1.320758473663157 -0.3631662943813068 -0.008242374290325944 0.0
203 219 1500.0 1301.0 313.9406038739998 0.0 8.18 0.06665553202410236 0.06252689601889902 False True 0.001954239087653481 1.320758473663157 -0.3631662943813068 -0.008242374290325944 0.0
203 220 1504.0 1305.0 315.3816001779998 0.0 8.18 0.06665553202410236 0.06252689601889902 False True 0.001954239087653481 1.320758473663157 -0.3631662943813068 -0.008242374290325944 0.0
203 221 1508.0 1309.0 316.82429111899984 0.0 8.17 0.06252689601889902 0.06665553202410236 False True 0.001954239087653481 1.320758473663157 -0.3631662943813068 -0.008242374290325944 0.0
203 222 1512.0 1313.0 318.2674963499999 0.0 8.17 0.06252689601889902 0.06665553202410236 False True 0.001954239087653481 1.320758473663157 -0.3631662943813068 -0.008242374290325944 0.0
203 223 1516.0 1317.0 319.70986950599985 0.0 8.17 0.06252689601889902 0.07530202345546204 False True 0.001954239087653481 1.320758473663157 -0.3631662943813068 -0.008242374290325944 0.0
203 224 1520.0 1321.0 321.15348025599985 0.0 8.17 0.06252689601889902 0.09416440393386914 False True 0.001954239087653481 1.320758473663157 -0.3631662943813068 -0.008242374290325944 0.0
203 225 1524.0 1325.0 322.6076411289999 0.0 8.17 0.06252689601889902 0.09416440393386914 False True 0.001954239087653481 1.320758473663157 -0.3631662943813068 -0.008242374290325944 0.0
203 226 1528.0 1329.0 324.0524796559999 0.0 8.17 0.06252689601889902 0.09416440393386914 False True 0.001954239087653481 1.320758473663157 -0.3631662943813068 -0.008242374290325944 0.0
203 227 1532.0 1333.0 325.4959938539999 0.0 8.17 0.06252689601889902 0.09416440393386914 False True 0.001954239087653481 1.320758473663157 -0.3631662943813068 -0.008242374290325944 0.0
203 228 1536.0 1337.0 326.94914725799987 0.0 8.17 0.06252689601889902 0.09416440393386914 False True 0.001954239087653481 1.320758473663157 -0.3631662943813068 -0.008242374290325944 0.0
203 229 1540.0 1341.0 328.39299247499986 0.0 8.17 0.06252689601889902 0.07982606613922194 False True 0.001954239087653481 1.320758473663157 -0.3631662943813068 -0.008242374290325944 0.0
203 230 1544.0 1345.0 329.83472125499986 0.0 8.17 0.06252689601889902 0.07529742476802571 False True 0.001954239087653481 1.320758473663157 -0.3631662943813068 -0.008242374290325944 0.0
203 231 1548.0 1349.0 331.27795886299987 0.0 8.17 0.06252689601889902 0.07090642270520582 False True 0.001954239087653481 1.320758473663157 -0.3631662943813068 -0.008242374290325944 0.0
203 232 1552.0 1353.0 332.72088629099983 0.0 8.17 0.06252689601889902 0.07090642270520582 False True 0.001954239087653481 1.320758473663157 -0.3631662943813068 -0.008242374290325944 0.0
203 233 1556.0 1357.0 334.1744567939998 0.0 8.17 0.06252689601889902 0.07090642270520582 False True 0.001954239087653481 1.320758473663157 -0.3631662943813068 -0.008242374290325944 0.0
203 234 1560.0 1361.0 335.61628506399984 0.0 8.17 0.06252689601889902 0.07090642270520582 False True 0.001954239087653481 1.320758473663157 -0.3631662943813068 -0.008242374290325944 0.0
203 235 1564.0 1365.0 337.0589078319999 0.0 8.17 0.06252689601889902 0.07090642270520582 False True 0.001954239087653481 1.320758473663157 -0.3631662943813068 -0.008242374290325944 0.0
203 236 1568.0 1369.0 338.52342694699985 0.0 8.17 0.06252689601889902 0.07529742476802571 False True 0.001954239087653481 1.320758473663157 -0.3631662943813068 -0.008242374290325944 0.0
203 237 1572.0 1373.0 339.96477264499987 0.0 8.17 0.06252689601889902 0.07529742476802571 False True 0.001954239087653481 1.320758473663157 -0.3631662943813068 -0.008242374290325944 0.0
203 238 1576.0 1377.0 341.39596812899987 0.0 8.2 0.07529742476802571 0.07530202345546204 False True 0.001954239087653481 1.320758473663157 -0.3631662943813068 -0.008242374290325944 0.0
203 239 1580.0 1381.0 342.8379550589999 0.0 8.2 0.07529742476802571 0.06665553202410236 False True 0.001954239087653481 1.320758473663157 -0.3631662943813068 -0.008242374290325944 0.0
203 240 1584.0 1385.0 344.2790987809999 0.0 8.2 0.07529742476802571 0.06665553202410236 False True 0.001954239087653481 1.320758473663157 -0.3631662943813068 -0.008242374290325944 0.0
203 241 1588.0 1389.0 345.7214673989999 0.0 8.18 0.06665553202410236 0.07529742476802571 False True 0.001954239087653481 1.320758473663157 -0.3631662943813068 -0.008242374290325944 0.0
203 242 1592.0 1393.0 347.1728167889999 0.0 8.2 0.07529742476802571 0.06665553202410236 False True 0.001954239087653481 1.320758473663157 -0.3631662943813068 -0.008242374290325944 0.0
203 243 1596.0 1397.0 348.6148637079999 0.0 8.2 0.07529742476802571 0.06665553202410236 False True 0.001954239087653481 1.320758473663157 -0.3631662943813068 -0.008242374290325944 0.0
203 244 1600.0 1401.0 350.0566596339999 0.0 8.18 0.06665553202410236 0.07529742476802571 False True 0.001954239087653481 1.320758473663157 -0.3631662943813068 -0.008242374290325944 0.0
203 245 1604.0 1405.0 351.4977168539999 0.0 8.18 0.06665553202410236 0.07529742476802571 False True 0.001954239087653481 1.320758473663157 -0.3631662943813068 -0.008242374290325944 0.0
203 246 1608.0 1409.0 352.9391879569999 0.0 8.18 0.06665553202410236 0.07529742476802571 False True 0.001954239087653481 1.320758473663157 -0.3631662943813068 -0.008242374290325944 0.0
203 247 1612.0 1413.0 354.3807359439999 0.0 8.18 0.06665553202410236 0.07529742476802571 False True 0.001954239087653481 1.320758473663157 -0.3631662943813068 -0.008242374290325944 0.0
203 248 1616.0 1417.0 355.82268009499995 0.0 8.2 0.07529742476802571 0.06665553202410236 False True 0.001954239087653481 1.320758473663157 -0.3631662943813068 -0.008242374290325944 0.0
203 249 1620.0 1421.0 357.26442052799996 0.0 8.2 0.07529742476802571 0.06665553202410236 False True 0.001954239087653481 1.320758473663157 -0.3631662943813068 -0.008242374290325944 0.0
203 250 1624.0 1425.0 358.71678996899993 0.0 8.2 0.07529742476802571 0.10964219307485097 False True 0.001954239087653481 1.320758473663157 -0.3631662943813068 -0.008242374290325944 0.0
203 251 1628.0 1429.0 360.16020940699997 0.0 8.2 0.07529742476802571 0.10964219307485097 False True 0.001954239087653481 1.320758473663157 -0.3631662943813068 -0.008242374290325944 0.0
203 252 1632.0 1433.0 361.602296211 0.0 8.2 0.07529742476802571 0.10964219307485097 False True 0.001954239087653481 1.320758473663157 -0.3631662943813068 -0.008242374290325944 0.0
203 253 1636.0 1437.0 363.056770188 0.0 8.2 0.07529742476802571 0.05852704129251546 False True 0.001954239087653481 1.320758473663157 -0.3631662943813068 -0.008242374290325944 0.0
203 254 1640.0 1441.0 364.497765519 0.0 8.16 0.05852704129251546 0.07529742476802571 False True 0.001954239087653481 1.320758473663157 -0.3631662943813068 -0.008242374290325944 0.0
203 255 1644.0 1445.0 365.94012569099993 0.0 8.16 0.05852704129251546 0.07529742476802571 False True 0.001954239087653481 1.320758473663157 -0.3631662943813068 -0.008242374290325944 0.0
203 256 1648.0 1449.0 367.38228933299996 0.0 8.2 0.07529742476802571 0.05852704129251546 False True 0.001954239087653481 1.320758473663157 -0.3631662943813068 -0.008242374290325944 0.0
203 257 1652.0 1453.0 368.81293864599996 0.0 8.2 0.07529742476802571 0.05852704129251546 False True 0.001954239087653481 1.320758473663157 -0.3631662943813068 -0.008242374290325944 0.0
203 258 1656.0 1457.0 370.23894991899994 0.0 8.2 0.07529742476802571 0.05852704129251546 False True 0.001954239087653481 1.320758473663157 -0.3631662943813068 -0.008242374290325944 0.0
203 259 1660.0 1461.0 371.66649214499995 0.0 8.2 0.07529742476802571 0.05852704129251546 False True 0.001954239087653481 1.320758473663157 -0.3631662943813068 -0.008242374290325944 0.0
203 260 1664.0 1465.0 373.0918145329999 0.0 8.2 0.07529742476802571 0.05852704129251546 False True 0.001954239087653481 1.320758473663157 -0.3631662943813068 -0.008242374290325944 0.0
203 261 1668.0 1469.0 374.5178363159998 0.0 8.2 0.07529742476802571 0.0584944570124378 False True 0.001954239087653481 1.320758473663157 -0.3631662943813068 -0.008242374290325944 0.0
203 262 1680.0 1481.0 375.94186931099983 0.0 8.2 0.07529742476802571 0.0584944570124378 False True 0.001954239087653481 1.320758473663157 -0.3631662943813068 -0.008242374290325944 0.0
203 263 1684.0 1485.0 377.36689956599974 0.0 8.2 0.07529742476802571 0.0584944570124378 False True 0.001954239087653481 1.320758473663157 -0.3631662943813068 -0.008242374290325944 0.0
203 264 1688.0 1489.0 378.8016515199998 0.0 8.2 0.07529742476802571 0.0584944570124378 False True 0.001954239087653481 1.320758473663157 -0.3631662943813068 -0.008242374290325944 0.0
203 265 1692.0 1493.0 380.2283300609998 0.0 8.2 0.07529742476802571 0.054616744349440124 False True 0.001954239087653481 1.320758473663157 -0.3631662943813068 -0.008242374290325944 0.0
203 266 1704.0 1505.0 381.6568204169998 0.0 8.2 0.07529742476802571 0.050869469053141256 False True 0.001954239087653481 1.320758473663157 -0.3631662943813068 -0.008242374290325944 0.0
203 267 1716.0 1517.0 383.07950318299976 0.0 8.2 0.07529742476802571 0.050869469053141256 False True 0.001954239087653481 1.320758473663157 -0.3631662943813068 -0.008242374290325944 0.0
203 268 1720.0 1521.0 384.5168900039998 0.0 8.2 0.07529742476802571 0.050869469053141256 False True 0.001954239087653481 1.320758473663157 -0.3631662943813068 -0.008242374290325944 0.0
203 269 1724.0 1525.0 385.9439582909998 0.0 8.2 0.07529742476802571 0.050869469053141256 False True 0.001954239087653481 1.320758473663157 -0.3631662943813068 -0.008242374290325944 0.0
203 270 1728.0 1529.0 387.3713052619997 0.0 8.2 0.07529742476802571 0.04725299122806774 False True 0.001954239087653481 1.320758473663157 -0.3631662943813068 -0.008242374290325944 0.0
203 271 1740.0 1541.0 388.79750722099965 0.0 7.6 0.04725299122806774 0.07529742476802571 False True 0.001954239087653481 1.320758473663157 -0.3631662943813068 -0.008242374290325944 0.0
203 272 1744.0 1545.0 390.2249057789997 0.0 7.6 0.04725299122806774 0.07529742476802571 False True 0.001954239087653481 1.320758473663157 -0.3631662943813068 -0.008242374290325944 0.0
203 273 1748.0 1549.0 391.6625301789997 0.0 7.6 0.04725299122806774 0.07529742476802571 False True 0.001954239087653481 1.320758473663157 -0.3631662943813068 -0.008242374290325944 0.0
203 274 1752.0 1553.0 393.0889960899996 0.0 7.6 0.04725299122806774 0.07529742476802571 False True 0.001954239087653481 1.320758473663157 -0.3631662943813068 -0.008242374290325944 0.0
203 275 1756.0 1557.0 394.5159932039997 0.0 7.6 0.04725299122806774 0.04376765789764702 False True 0.001954239087653481 1.320758473663157 -0.3631662943813068 -0.008242374290325944 0.0
203 276 1768.0 1569.0 395.9435128369997 0.0 7.6 0.04725299122806774 0.04376765789764702 False True 0.001954239087653481 1.320758473663157 -0.3631662943813068 -0.008242374290325944 0.0
203 277 1772.0 1573.0 397.3823339699997 0.0 7.6 0.04725299122806774 0.04376765789764702 False True 0.001954239087653481 1.320758473663157 -0.3631662943813068 -0.008242374290325944 0.0
203 278 1776.0 1577.0 398.81014249199967 0.0 7.6 0.04725299122806774 0.04376765789764702 False True 0.001954239087653481 1.320758473663157 -0.3631662943813068 -0.008242374290325944 0.0
203 279 1780.0 1581.0 400.24971798699966 0.0 7.6 0.04725299122806774 0.04376765789764702 False True 0.001954239087653481 1.320758473663157 -0.3631662943813068 -0.008242374290325944 0.0
203 280 1784.0 1585.0 401.68762729599956 0.0 7.6 0.04725299122806774 0.04376765789764702 False True 0.001954239087653481 1.320758473663157 -0.3631662943813068 -0.008242374290325944 0.0
203 281 1788.0 1589.0 403.1154576419996 0.0 7.6 0.04725299122806774 0.04376765789764702 False True 0.001954239087653481 1.320758473663157 -0.3631662943813068 -0.008242374290325944 0.0
203 282 1792.0 1593.0 404.5442013149996 0.0 7.6 0.04725299122806774 0.04376765789764702 False True 0.001954239087653481 1.320758473663157 -0.3631662943813068 -0.008242374290325944 0.0
203 283 1796.0 1597.0 405.9713492479996 0.0 7.6 0.04725299122806774 0.04376765789764702 False True 0.001954239087653481 1.320758473663157 -0.3631662943813068 -0.008242374290325944 0.0
203 284 1800.0 1601.0 407.4081503509996 0.0 7.61 0.04376765789764702 0.04725299122806774 False True 0.001954239087653481 1.320758473663157 -0.3631662943813068 -0.008242374290325944 0.0
203 285 1804.0 1605.0 408.8719468259997 0.0 7.61 0.04376765789764702 0.04725299122806774 False True 0.001954239087653481 1.320758473663157 -0.3631662943813068 -0.008242374290325944 0.0
203 286 1808.0 1609.0 410.2988498739997 0.0 7.61 0.04376765789764702 0.04725299122806774 False True 0.001954239087653481 1.320758473663157 -0.3631662943813068 -0.008242374290325944 0.0
203 287 1812.0 1613.0 411.72470077099973 0.0 7.61 0.04376765789764702 0.04041380296950077 False True 0.001954239087653481 1.320758473663157 -0.3631662943813068 -0.008242374290325944 0.0
203 288 1824.0 1625.0 413.1615332379998 0.0 7.61 0.04376765789764702 0.03719174720205969 False True 0.001954239087653481 1.320758473663157 -0.3631662943813068 -0.008242374290325944 0.0
203 289 1836.0 1637.0 414.5865107519998 0.0 7.61 0.04376765789764702 0.03719174720205969 False True 0.001954239087653481 1.320758473663157 -0.3631662943813068 -0.008242374290325944 0.0
203 290 1840.0 1641.0 416.01269557599977 0.0 7.61 0.04376765789764702 0.03719174720205969 False True 0.001954239087653481 1.320758473663157 -0.3631662943813068 -0.008242374290325944 0.0
203 291 1844.0 1645.0 417.4375622429997 0.0 7.61 0.04376765789764702 0.03719174720205969 False True 0.001954239087653481 1.320758473663157 -0.3631662943813068 -0.008242374290325944 0.0
203 292 1848.0 1649.0 418.87520181699966 0.0 7.61 0.04376765789764702 0.03719174720205969 False True 0.001954239087653481 1.320758473663157 -0.3631662943813068 -0.008242374290325944 0.0
203 293 1852.0 1653.0 420.3113058449996 0.0 7.61 0.04376765789764702 0.03719174720205969 False True 0.001954239087653481 1.320758473663157 -0.3631662943813068 -0.008242374290325944 0.0
203 294 1856.0 1657.0 421.7377990309996 0.0 7.61 0.04376765789764702 0.03719174720205969 False True 0.001954239087653481 1.320758473663157 -0.3631662943813068 -0.008242374290325944 0.0
203 295 1860.0 1661.0 423.1790134579996 0.0 7.61 0.04376765789764702 0.03719174720205969 False True 0.001954239087653481 1.320758473663157 -0.3631662943813068 -0.008242374290325944 0.0
203 296 1864.0 1665.0 424.6029889229996 0.0 7.61 0.04376765789764702 0.03719174720205969 False True 0.001954239087653481 1.320758473663157 -0.3631662943813068 -0.008242374290325944 0.0
203 297 1868.0 1669.0 426.04086239699956 0.0 7.61 0.04376765789764702 0.03719174720205969 False True 0.001954239087653481 1.320758473663157 -0.3631662943813068 -0.008242374290325944 0.0
203 298 1872.0 1673.0 427.4728379689995 0.0 7.61 0.04376765789764702 0.03719174720205969 False True 0.001954239087653481 1.320758473663157 -0.3631662943813068 -0.008242374290325944 0.0
203 299 1876.0 1677.0 428.8981045129995 0.0 7.61 0.04376765789764702 0.03719174720205969 False True 0.001954239087653481 1.320758473663157 -0.3631662943813068 -0.008242374290325944 0.0
203 300 1880.0 1681.0 430.3356935889995 0.0 7.61 0.04376765789764702 0.03719174720205969 False True 0.001954239087653481 1.320758473663157 -0.3631662943813068 -0.008242374290325944 0.0
203 301 1884.0 1685.0 431.7624886199995 0.0 7.61 0.04376765789764702 0.03410179817248779 False True 0.001954239087653481 1.320758473663157 -0.3631662943813068 -0.008242374290325944 0.0
203 302 1896.0 1697.0 433.2005374899996 0.0 7.61 0.04376765789764702 0.03114425024591851 False True 0.001954239087653481 1.320758473663157 -0.3631662943813068 -0.008242374290325944 0.0
203 303 1908.0 1709.0 434.63846203899953 0.0 7.61 0.04376765789764702 0.03719174720205969 False True 0.001954239087653481 1.320758473663157 -0.3631662943813068 -0.008242374290325944 0.0
203 304 1912.0 1713.0 436.06584237099963 0.0 7.61 0.04376765789764702 0.02831938454602682 False True 0.001954239087653481 1.320758473663157 -0.3631662943813068 -0.008242374290325944 0.0
203 305 1924.0 1725.0 437.49388887599963 0.0 7.66 0.02831938454602682 0.04376765789764702 False True 0.001954239087653481 1.320758473663157 -0.3631662943813068 -0.008242374290325944 0.0
203 306 1928.0 1729.0 438.9312394759996 0.0 7.61 0.04376765789764702 0.02831938454602682 False True 0.001954239087653481 1.320758473663157 -0.3631662943813068 -0.008242374290325944 0.0
203 307 1932.0 1733.0 440.3772005609996 0.0 7.61 0.04376765789764702 0.02831938454602682 False True 0.001954239087653481 1.320758473663157 -0.3631662943813068 -0.008242374290325944 0.0
203 308 1936.0 1737.0 441.81416044899953 0.0 7.66 0.02831938454602682 0.04376765789764702 False True 0.001954239087653481 1.320758473663157 -0.3631662943813068 -0.008242374290325944 0.0
203 309 1940.0 1741.0 443.2523738759996 0.0 7.66 0.02831938454602682 0.04376765789764702 False True 0.001954239087653481 1.320758473663157 -0.3631662943813068 -0.008242374290325944 0.0
203 310 1944.0 1745.0 444.6904415639995 0.0 7.66 0.02831938454602682 0.04376765789764702 False True 0.001954239087653481 1.320758473663157 -0.3631662943813068 -0.008242374290325944 0.0
203 311 1948.0 1749.0 446.1195469069996 0.0 7.66 0.02831938454602682 0.04376765789764702 False True 0.001954239087653481 1.320758473663157 -0.3631662943813068 -0.008242374290325944 0.0
203 312 1952.0 1753.0 447.5583619799996 0.0 7.66 0.02831938454602682 0.04376765789764702 False True 0.001954239087653481 1.320758473663157 -0.3631662943813068 -0.008242374290325944 0.0
203 313 1956.0 1757.0 448.98346255499956 0.0 7.66 0.02831938454602682 0.04376765789764702 False True 0.001954239087653481 1.320758473663157 -0.3631662943813068 -0.008242374290325944 0.0
203 314 1960.0 1761.0 450.4203661349996 0.0 7.66 0.02831938454602682 0.04376765789764702 False True 0.001954239087653481 1.320758473663157 -0.3631662943813068 -0.008242374290325944 0.0
203 315 1964.0 1765.0 451.84756036499954 0.0 7.66 0.02831938454602682 0.04376765789764702 False True 0.001954239087653481 1.320758473663157 -0.3631662943813068 -0.008242374290325944 0.0
203 316 1968.0 1769.0 453.2730658589996 0.0 7.66 0.02831938454602682 0.04376765789764702 False True 0.001954239087653481 1.320758473663157 -0.3631662943813068 -0.008242374290325944 0.0
203 317 1972.0 1773.0 454.7019777879995 0.0 7.66 0.02831938454602682 0.04376765789764702 False True 0.001954239087653481 1.320758473663157 -0.3631662943813068 -0.008242374290325944 0.0
203 318 1976.0 1777.0 456.13794922299945 0.0 7.66 0.02831938454602682 0.04376765789764702 False True 0.001954239087653481 1.320758473663157 -0.3631662943813068 -0.008242374290325944 0.0
203 319 1980.0 1781.0 457.56055953199944 0.0 7.61 0.04376765789764702 0.02831938454602682 False True 0.001954239087653481 1.320758473663157 -0.3631662943813068 -0.008242374290325944 0.0
203 320 1984.0 1785.0 458.9664883449994 0.0 7.66 0.02831938454602682 0.04376765789764702 False True 0.001954239087653481 1.320758473663157 -0.3631662943813068 -0.008242374290325944 0.0
203 321 1988.0 1789.0 460.39055232199945 0.0 7.66 0.02831938454602682 0.04376765789764702 False True 0.001954239087653481 1.320758473663157 -0.3631662943813068 -0.008242374290325944 0.0
203 322 1992.0 1793.0 461.81536311399935 0.0 7.66 0.02831938454602682 0.04376765789764702 False True 0.001954239087653481 1.320758473663157 -0.3631662943813068 -0.008242374290325944 0.0
203 323 1996.0 1797.0 463.2398515479994 0.0 7.66 0.02831938454602682 0.04376765789764702 False True 0.001954239087653481 1.320758473663157 -0.3631662943813068 -0.008242374290325944 0.0
203 324 2000.0 1801.0 464.6768120159995 0.0 7.66 0.02831938454602682 0.04725299122806774 False True 0.001954239087653481 1.320758473663157 -0.3631662943813068 -0.008242374290325944 0.0
203 325 2004.0 1805.0 466.1055052539995 0.0 7.66 0.02831938454602682 0.04376765789764702 False True 0.001954239087653481 1.320758473663157 -0.3631662943813068 -0.008242374290325944 0.0
203 326 2008.0 1809.0 467.5318155339996 0.0 7.66 0.02831938454602682 0.04725299122806774 False True 0.001954239087653481 1.320758473663157 -0.3631662943813068 -0.008242374290325944 0.0
203 327 2012.0 1813.0 468.9710029969995 0.0 7.66 0.02831938454602682 0.04725299122806774 False True 0.001954239087653481 1.320758473663157 -0.3631662943813068 -0.008242374290325944 0.0
203 328 2016.0 1817.0 470.39934171899955 0.0 7.66 0.02831938454602682 0.04376765789764702 False True 0.001954239087653481 1.320758473663157 -0.3631662943813068 -0.008242374290325944 0.0
203 329 2020.0 1821.0 471.8373973359996 0.0 7.66 0.02831938454602682 0.04725299122806774 False True 0.001954239087653481 1.320758473663157 -0.3631662943813068 -0.008242374290325944 0.0
203 330 2024.0 1825.0 473.26559720799963 0.0 7.66 0.02831938454602682 0.03719174720205969 False True 0.001954239087653481 1.320758473663157 -0.3631662943813068 -0.008242374290325944 0.0
203 331 2028.0 1829.0 474.70415556599966 0.0 7.66 0.02831938454602682 0.03719174720205969 False True 0.001954239087653481 1.320758473663157 -0.3631662943813068 -0.008242374290325944 0.0
203 332 2032.0 1833.0 476.13206446799967 0.0 7.66 0.02831938454602682 0.03719174720205969 False True 0.001954239087653481 1.320758473663157 -0.3631662943813068 -0.008242374290325944 0.0
203 333 2036.0 1837.0 477.5733366419997 0.0 7.66 0.02831938454602682 0.03719174720205969 False True 0.001954239087653481 1.320758473663157 -0.3631662943813068 -0.008242374290325944 0.0
203 334 2040.0 1841.0 479.0111273739996 0.0 7.66 0.02831938454602682 0.03719174720205969 False True 0.001954239087653481 1.320758473663157 -0.3631662943813068 -0.008242374290325944 0.0
203 335 2044.0 1845.0 480.43758091099966 0.0 7.66 0.02831938454602682 0.03719174720205969 False True 0.001954239087653481 1.320758473663157 -0.3631662943813068 -0.008242374290325944 0.0
203 336 2048.0 1849.0 481.87580632699957 0.0 7.66 0.02831938454602682 0.03719174720205969 False True 0.001954239087653481 1.320758473663157 -0.3631662943813068 -0.008242374290325944 0.0
203 337 2052.0 1853.0 483.3040257889996 0.0 7.66 0.02831938454602682 0.03719174720205969 False True 0.001954239087653481 1.320758473663157 -0.3631662943813068 -0.008242374290325944 0.0
203 338 2056.0 1857.0 484.74079941899953 0.0 7.63 0.03719174720205969 0.02831938454602682 False True 0.001954239087653481 1.320758473663157 -0.3631662943813068 -0.008242374290325944 0.0
203 339 2060.0 1861.0 486.16762707399954 0.0 7.63 0.03719174720205969 0.02831938454602682 False True 0.001954239087653481 1.320758473663157 -0.3631662943813068 -0.008242374290325944 0.0
203 340 2064.0 1865.0 487.5937399899995 0.0 7.63 0.03719174720205969 0.02831938454602682 False True 0.001954239087653481 1.320758473663157 -0.3631662943813068 -0.008242374290325944 0.0
203 341 2068.0 1869.0 489.0229236769995 0.0 7.63 0.03719174720205969 0.02831938454602682 False True 0.001954239087653481 1.320758473663157 -0.3631662943813068 -0.008242374290325944 0.0
203 342 2072.0 1873.0 490.4611827009995 0.0 7.63 0.03719174720205969 0.04725299122806774 False True 0.001954239087653481 1.320758473663157 -0.3631662943813068 -0.008242374290325944 0.0
203 343 2076.0 1877.0 491.9000550159994 0.0 7.63 0.03719174720205969 0.07529742476802571 False True 0.001954239087653481 1.320758473663157 -0.3631662943813068 -0.008242374290325944 0.0
203 344 2080.0 1881.0 493.3375307849994 0.0 7.63 0.03719174720205969 0.07529742476802571 False True 0.001954239087653481 1.320758473663157 -0.3631662943813068 -0.008242374290325944 0.0
203 345 2084.0 1885.0 494.7649073049993 0.0 8.2 0.07529742476802571 0.03719174720205969 False True 0.001954239087653481 1.320758473663157 -0.3631662943813068 -0.008242374290325944 0.0
203 346 2088.0 1889.0 496.2026384359993 0.0 8.2 0.07529742476802571 0.02831938454602682 False True 0.001954239087653481 1.320758473663157 -0.3631662943813068 -0.008242374290325944 0.0
203 347 2092.0 1893.0 497.6413495559993 0.0 8.2 0.07529742476802571 0.04725299122806774 False True 0.001954239087653481 1.320758473663157 -0.3631662943813068 -0.008242374290325944 0.0
203 348 2096.0 1897.0 499.0650200199993 0.0 8.2 0.07529742476802571 0.03719174720205969 False True 0.001954239087653481 1.320758473663157 -0.3631662943813068 -0.008242374290325944 0.0
203 349 2100.0 1901.0 500.4849618209992 0.0 8.2 0.07529742476802571 0.04041380296950077 False True 0.001954239087653481 1.320758473663157 -0.3631662943813068 -0.008242374290325944 0.0
203 350 2104.0 1905.0 501.87878154999925 0.0 7.62 0.04041380296950077 0.07529742476802571 False True 0.001954239087653481 1.320758473663157 -0.3631662943813068 -0.008242374290325944 0.0
203 351 2108.0 1909.0 503.2968899399993 0.0 8.2 0.07529742476802571 0.04041380296950077 False True 0.001954239087653481 1.320758473663157 -0.3631662943813068 -0.008242374290325944 0.0
203 352 2112.0 1913.0 504.7068008059993 0.0 8.2 0.07529742476802571 0.04376765789764702 False True 0.001954239087653481 1.320758473663157 -0.3631662943813068 -0.008242374290325944 0.0
203 353 2116.0 1917.0 506.1258047709993 0.0 8.2 0.07529742476802571 0.04376765789764702 False True 0.001954239087653481 1.320758473663157 -0.3631662943813068 -0.008242374290325944 0.0
203 354 2120.0 1921.0 507.5367312269993 0.0 8.2 0.07529742476802571 0.025627468926908353 False True 0.001954239087653481 1.320758473663157 -0.3631662943813068 -0.008242374290325944 0.0
203 355 2132.0 1933.0 508.9574367199993 0.0 8.2 0.07529742476802571 0.02306875794630165 False True 0.001954239087653481 1.320758473663157 -0.3631662943813068 -0.008242374290325944 0.0
203 356 2144.0 1945.0 510.38004529099925 0.0 7.68 0.02306875794630165 0.07529742476802571 False True 0.001954239087653481 1.320758473663157 -0.3631662943813068 -0.008242374290325944 0.0
203 357 2148.0 1949.0 511.79189909199926 0.0 7.68 0.02306875794630165 0.07529742476802571 False True 0.001954239087653481 1.320758473663157 -0.3631662943813068 -0.008242374290325944 0.0
203 358 2152.0 1953.0 513.2132144179993 0.0 7.68 0.02306875794630165 0.07529742476802571 False True 0.001954239087653481 1.320758473663157 -0.3631662943813068 -0.008242374290325944 0.0
203 359 2156.0 1957.0 514.6217520429993 0.0 7.68 0.02306875794630165 0.07529742476802571 False True 0.001954239087653481 1.320758473663157 -0.3631662943813068 -0.008242374290325944 0.0
203 360 2160.0 1961.0 516.0264305689993 0.0 8.2 0.07529742476802571 0.02306875794630165 False True 0.001954239087653481 1.320758473663157 -0.3631662943813068 -0.008242374290325944 0.0
203 361 2164.0 1965.0 517.4333397379993 0.0 8.2 0.07529742476802571 0.02306875794630165 False True 0.001954239087653481 1.320758473663157 -0.3631662943813068 -0.008242374290325944 0.0
203 362 2168.0 1969.0 518.8394005469993 0.0 8.2 0.07529742476802571 0.02306875794630165 False True 0.001954239087653481 1.320758473663157 -0.3631662943813068 -0.008242374290325944 0.0
203 363 2172.0 1973.0 520.2475933619992 0.0 8.2 0.07529742476802571 0.020643492840128376 False True 0.001954239087653481 1.320758473663157 -0.3631662943813068 -0.008242374290325944 0.0
203 364 2184.0 1985.0 521.6672243859991 0.0 8.2 0.07529742476802571 0.020643492840128376 False True 0.001954239087653481 1.320758473663157 -0.3631662943813068 -0.008242374290325944 0.0
203 365 2188.0 1989.0 523.0786783919991 0.0 7.6899999999999995 0.020643492840128376 0.07529742476802571 False True 0.001954239087653481 1.320758473663157 -0.3631662943813068 -0.008242374290325944 0.0
203 366 2192.0 1993.0 524.5024576739991 0.0 7.6899999999999995 0.020643492840128376 0.07529742476802571 False True 0.001954239087653481 1.320758473663157 -0.3631662943813068 -0.008242374290325944 0.0
203 367 2196.0 1997.0 525.942398274999 0.0 7.6899999999999995 0.020643492840128376 0.07529742476802571 False True 0.001954239087653481 1.320758473663157 -0.3631662943813068 -0.008242374290325944 0.0
