925 0 400.0 200.99999999999994 1.3361436870000034 0.0 1.81 0.11874003188508758 0.1217304232633182 False True 0.004546653974446976 6.632331770724375 -0.008159294711083348 -3.263511487182369 0.0
925 1 412.0 212.99999999999994 2.714999653999996 0.0 1.81 0.11874003188508758 0.11587506895796464 False True 0.004546653974446976 6.632331770724375 -0.008159294711083348 -3.263511487182369 0.0
925 2 424.0 224.99999999999994 4.09644980500002 0.0 1.81 0.11874003188508758 0.01967028917158139 False True 0.004546653974446976 6.632331770724375 -0.008159294711083348 -3.263511487182369 0.0
925 3 436.0 236.99999999999994 5.467075640000019 0.0 7.7 0.01748673115140621 0.021981219125423328 False True 0.004546653974446976 6.632331770724375 -0.008159294711083348 -3.263511487182369 0.0
925 4 448.0 248.99999999999994 6.837191587999996 0.0 7.68 0.021981219125423328 0.024419303866451164 False True 0.004546653974446976 6.632331770724375 -0.008159294711083348 -3.263511487182369 0.0
925 5 460.0 260.99999999999994 8.236293216999997 0.0 7.67 0.024419303866451164 0.02698431353141577 False True 0.004546653974446976 6.632331770724375 -0.008159294711083348 -3.263511487182369 0.0
925 6 472.0 272.99999999999994 9.607446467000017 0.0 7.67 0.024419303866451164 0.03249412473551007 False True 0.004546653974446976 6.632331770724375 -0.008159294711083348 -3.263511487182369 0.0
925 7 484.0 284.99999999999994 10.98937207800003 0.0 7.67 0.024419303866451164 0.029676005563286357 False True 0.004546653974446976 6.632331770724375 -0.008159294711083348 -3.263511487182369 0.0
925 8 496.0 296.99999999999994 12.370506998000053 0.0 7.67 0.024419303866451164 0.035438403177527285 False True 0.004546653974446976 6.632331770724375 -0.008159294711083348 -3.263511487182369 0.0
925 9 508.0 308.99999999999994 13.760080694000067 0.0 7.67 0.024419303866451164 0.04170430333068631 False True 0.004546653974446976 6.632331770724375 -0.008159294711083348 -3.263511487182369 0.0
925 10 520.0 320.99999999999994 15.142175979000086 0.0 7.67 0.024419303866451164 0.03850856040156677 False True 0.004546653974446976 6.632331770724375 -0.008159294711083348 -3.263511487182369 0.0
925 11 532.0 332.99999999999994 16.52481674800009 0.0 7.67 0.024419303866451164 0.0450253263280862 False True 0.004546653974446976 6.632331770724375 -0.008159294711083348 -3.263511487182369 0.0
925 12 544.0 344.99999999999994 17.90782825700012 0.0 7.6 0.0450253263280862 0.04847131122767286 False True 0.004546653974446976 6.632331770724375 -0.008159294711083348 -3.263511487182369 0.0
925 13 556.0 356.99999999999994 19.290957325000136 0.0 7.67 0.024419303866451164 0.05204192736587013 False True 0.004546653974446976 6.632331770724375 -0.008159294711083348 -3.263511487182369 0.0
925 14 568.0 368.99999999999994 20.703695873000157 0.0 7.6 0.0450253263280862 0.05955566841604373 False True 0.004546653974446976 6.632331770724375 -0.008159294711083348 -3.263511487182369 0.0
925 15 580.0 380.99999999999994 22.087462605000184 0.0 7.56 0.05955566841604373 0.055736831614689716 False True 0.004546653974446976 6.632331770724375 -0.008159294711083348 -3.263511487182369 0.0
925 16 592.0 392.99999999999994 23.470280624000168 0.0 7.57 0.055736831614689716 0.06349806981729914 False True 0.004546653974446976 6.632331770724375 -0.008159294711083348 -3.263511487182369 0.0
925 17 604.0 404.99999999999994 24.85115517000017 0.0 7.55 0.06349806981729914 0.06756365550807192 False True 0.004546653974446976 6.632331770724375 -0.008159294711083348 -3.263511487182369 0.0
925 18 616.0 416.99999999999994 26.23441965500018 0.0 7.57 0.055736831614689716 0.07175203285825983 False True 0.004546653974446976 6.632331770724375 -0.008159294711083348 -3.263511487182369 0.0
925 19 628.0 428.99999999999994 27.61763725200018 0.0 7.54 0.06756365550807192 0.05955566841604373 False True 0.004546653974446976 6.632331770724375 -0.008159294711083348 -3.263511487182369 0.0
925 20 632.0 432.99999999999994 28.990268781000196 0.0 7.54 0.06756365550807192 0.055736831614689716 False True 0.004546653974446976 6.632331770724375 -0.008159294711083348 -3.263511487182369 0.0
925 21 636.0 436.99999999999994 30.386096922000178 0.0 7.55 0.06349806981729914 0.055736831614689716 False True 0.004546653974446976 6.632331770724375 -0.008159294711083348 -3.263511487182369 0.0
925 22 640.0 440.99999999999994 31.767949391000172 0.0 7.54 0.06756365550807192 0.0450253263280862 False True 0.004546653974446976 6.632331770724375 -0.008159294711083348 -3.263511487182369 0.0
925 23 644.0 444.99999999999994 33.139785975000166 0.0 7.54 0.06756365550807192 0.0804955306546874 False True 0.004546653974446976 6.632331770724375 -0.008159294711083348 -3.263511487182369 0.0
925 24 656.0 456.99999999999994 34.52244031800015 0.0 7.51 0.0804955306546874 0.07606279695730561 False True 0.004546653974446976 6.632331770724375 -0.008159294711083348 -3.263511487182369 0.0
925 25 668.0 468.99999999999994 35.90538142000017 0.0 7.51 0.0804955306546874 0.08504980460162802 False True 0.004546653974446976 6.632331770724375 -0.008159294711083348 -3.263511487182369 0.0
925 26 680.0 480.99999999999994 37.28944253900019 0.0 7.67 0.024419303866451164 0.05955566841604373 False True 0.004546653974446976 6.632331770724375 -0.008159294711083348 -3.263511487182369 0.0
925 27 684.0 484.99999999999994 38.6723557880002 0.0 7.67 0.024419303866451164 0.013502535785136213 False True 0.004546653974446976 6.632331770724375 -0.008159294711083348 -3.263511487182369 0.0
925 28 696.0 496.99999999999994 40.0559883990002 0.0 7.54 0.06756365550807192 0.01543074947289904 False True 0.004546653974446976 6.632331770724375 -0.008159294711083348 -3.263511487182369 0.0
925 29 708.0 508.99999999999994 41.459023858000194 0.0 7.67 0.024419303866451164 0.011702268959107148 False True 0.004546653974446976 6.632331770724375 -0.008159294711083348 -3.263511487182369 0.0
925 30 720.0 521.0 42.8313515600002 0.0 7.67 0.024419303866451164 0.010030115069828734 False True 0.004546653974446976 6.632331770724375 -0.008159294711083348 -3.263511487182369 0.0
925 31 732.0 533.0 44.2252207560002 0.0 7.67 0.024419303866451164 0.008486227379733823 False True 0.004546653974446976 6.632331770724375 -0.008159294711083348 -3.263511487182369 0.0
925 32 744.0 545.0 45.6089677720002 0.0 7.61 0.04170430333068631 0.00707074632334759 False True 0.004546653974446976 6.632331770724375 -0.008159294711083348 -3.263511487182369 0.0
925 33 756.0 557.0 46.99209265500022 0.0 7.61 0.04170430333068631 0.0046255016272861785 False True 0.004546653974446976 6.632331770724375 -0.008159294711083348 -3.263511487182369 0.0
925 34 768.0 569.0 48.375407566000234 0.0 7.61 0.04170430333068631 0.005783799493244866 False True 0.004546653974446976 6.632331770724375 -0.008159294711083348 -3.263511487182369 0.0
925 35 780.0 581.0 49.75893510500023 0.0 7.61 0.04170430333068631 0.12808623011528011 False True 0.004546653974446976 6.632331770724375 -0.008159294711083348 -3.263511487182369 0.0
925 36 792.0 593.0 51.152707116000244 0.0 1.84 0.12808623011528011 0.1314509837104717 False True 0.004546653974446976 6.632331770724375 -0.008159294711083348 -3.263511487182369 0.0
925 37 804.0 605.0 52.536837931000264 0.0 7.61 0.04170430333068631 0.12484593090640991 False True 0.004546653974446976 6.632331770724375 -0.008159294711083348 -3.263511487182369 0.0
925 38 816.0 617.0 53.930948371000284 0.0 1.84 0.12808623011528011 0.06349806981729914 False True 0.004546653974446976 6.632331770724375 -0.008159294711083348 -3.263511487182369 0.0
925 39 820.0 621.0 55.31644816000028 0.0 7.56 0.05955566841604373 0.055736831614689716 False True 0.004546653974446976 6.632331770724375 -0.008159294711083348 -3.263511487182369 0.0
925 40 824.0 625.0 56.71533741400029 0.0 7.56 0.05955566841604373 0.002695247398144011 False True 0.004546653974446976 6.632331770724375 -0.008159294711083348 -3.263511487182369 0.0
925 41 836.0 637.0 58.1061943170003 0.0 7.8 0.002695247398144011 0.0019234561402988422 False True 0.004546653974446976 6.632331770724375 -0.008159294711083348 -3.263511487182369 0.0
925 42 848.0 649.0 59.4895703920003 0.0 7.8 0.002695247398144011 0.0035959545971508177 False True 0.004546653974446976 6.632331770724375 -0.008159294711083348 -3.263511487182369 0.0
925 43 860.0 661.0 60.88793236000029 0.0 7.8 0.002695247398144011 0.05955566841604373 False True 0.004546653974446976 6.632331770724375 -0.008159294711083348 -3.263511487182369 0.0
925 44 864.0 665.0 62.28590530700029 0.0 7.56 0.05955566841604373 0.000766861417493912 False True 0.004546653974446976 6.632331770724375 -0.008159294711083348 -3.263511487182369 0.0
925 45 876.0 677.0 63.68422656500027 0.0 7.8 0.002695247398144011 0.0012806440407671855 False True 0.004546653974446976 6.632331770724375 -0.008159294711083348 -3.263511487182369 0.0
925 46 888.0 689.0 65.08265852000028 0.0 7.8 0.002695247398144011 0.0003821456841927277 False True 0.004546653974446976 6.632331770724375 -0.008159294711083348 -3.263511487182369 0.0
925 47 900.0 701.0 66.48152804400027 0.0 7.8 0.002695247398144011 0.0 False True 0.004546653974446976 6.632331770724375 -0.008159294711083348 -3.263511487182369 0.0
925 48 912.0 713.0 67.88045431000026 0.0 7.8 0.002695247398144011 0.00012652134659267092 False True 0.004546653974446976 6.632331770724375 -0.008159294711083348 -3.263511487182369 0.0
925 49 924.0 725.0 69.27906901900027 0.0 7.8 0.002695247398144011 2.580328127302517e-06 False True 0.004546653974446976 6.632331770724375 -0.008159294711083348 -3.263511487182369 0.0
925 50 936.0 737.0 70.67475423800028 0.0 7.87 2.580328127302517e-06 0.002695247398144011 False True 0.004546653974446976 6.632331770724375 -0.008159294711083348 -3.263511487182369 0.0
925 51 940.0 741.0 72.07168626300026 0.0 7.8 0.002695247398144011 0.0001342481032345527 False True 0.004546653974446976 6.632331770724375 -0.008159294711083348 -3.263511487182369 0.0
925 52 952.0 753.0 73.46383215100028 0.0 7.88 0.0001342481032345527 2.580328127302517e-06 False True 0.004546653974446976 6.632331770724375 -0.008159294711083348 -3.263511487182369 0.0
925 53 956.0 757.0 74.86238009400026 0.0 7.87 2.580328127302517e-06 0.00039497618754656563 False True 0.004546653974446976 6.632331770724375 -0.008159294711083348 -3.263511487182369 0.0
925 54 968.0 769.0 76.28045946100025 0.0 7.87 2.580328127302517e-06 0.0013034402000831702 False True 0.004546653974446976 6.632331770724375 -0.008159294711083348 -3.263511487182369 0.0
925 55 980.0 781.0 77.67786073600024 0.0 7.87 2.580328127302517e-06 0.11052261445179647 False True 0.004546653974446976 6.632331770724375 -0.008159294711083348 -3.263511487182369 0.0
925 56 992.0 793.0 79.07465954000025 0.0 7.87 2.580328127302517e-06 0.11313583412414374 False True 0.004546653974446976 6.632331770724375 -0.008159294711083348 -3.263511487182369 0.0
925 57 1004.0 805.0 80.47350495400025 0.0 7.87 2.580328127302517e-06 0.10567530582313805 False True 0.004546653974446976 6.632331770724375 -0.008159294711083348 -3.263511487182369 0.0
925 58 1016.0 817.0 81.87198380200024 0.0 7.8 0.002695247398144011 0.0001342481032345527 False True 0.004546653974446976 6.632331770724375 -0.008159294711083348 -3.263511487182369 0.0
925 59 1020.0 821.0 83.27060652600022 0.0 7.71 0.01543074947289904 0.0001342481032345527 False True 0.004546653974446976 6.632331770724375 -0.008159294711083348 -3.263511487182369 0.0
925 60 1024.0 825.0 84.66813267000023 0.0 7.71 0.01543074947289904 0.19140703271946077 False True 0.004546653974446976 6.632331770724375 -0.008159294711083348 -3.263511487182369 0.0
925 61 1036.0 837.0 86.06601386300025 0.0 7.71 0.01543074947289904 0.19658976769615846 False True 0.004546653974446976 6.632331770724375 -0.008159294711083348 -3.263511487182369 0.0
925 62 1048.0 849.0 87.46451552700026 0.0 7.71 0.01543074947289904 0.18634222266020736 False True 0.004546653974446976 6.632331770724375 -0.008159294711083348 -3.263511487182369 0.0
925 63 1060.0 861.0 88.86301249000027 0.0 1.99 0.19140703271946077 0.18139585716715553 False True 0.004546653974446976 6.632331770724375 -0.008159294711083348 -3.263511487182369 0.0
925 64 1072.0 873.0 90.26116166500026 0.0 7.71 0.01543074947289904 0.17186047919555608 False True 0.004546653974446976 6.632331770724375 -0.008159294711083348 -3.263511487182369 0.0
925 65 1084.0 885.0 91.65955305000026 0.0 7.71 0.01543074947289904 0.17656844404339547 False True 0.004546653974446976 6.632331770724375 -0.008159294711083348 -3.263511487182369 0.0
925 66 1096.0 897.0 93.05809604100025 0.0 7.71 0.01543074947289904 0.15845805389401196 False True 0.004546653974446976 6.632331770724375 -0.008159294711083348 -3.263511487182369 0.0
925 67 1108.0 909.0 94.45646246800027 0.0 1.9200000000000002 0.15845805389401196 0.1628048181755381 False True 0.004546653974446976 6.632331770724375 -0.008159294711083348 -3.263511487182369 0.0
925 68 1120.0 921.0 95.85417357800026 0.0 7.71 0.01543074947289904 0.15012889692755002 False True 0.004546653974446976 6.632331770724375 -0.008159294711083348 -3.263511487182369 0.0
925 69 1132.0 933.0 97.25293068900024 0.0 7.57 0.055736831614689716 0.1542326015765264 False True 0.004546653974446976 6.632331770724375 -0.008159294711083348 -3.263511487182369 0.0
925 70 1144.0 945.0 98.65299356900024 0.0 7.55 0.06349806981729914 0.1422884125307307 False True 0.004546653974446976 6.632331770724375 -0.008159294711083348 -3.263511487182369 0.0
925 71 1156.0 957.0 100.05171926800026 0.0 1.8800000000000001 0.1422884125307307 0.13855244314373125 False True 0.004546653974446976 6.632331770724375 -0.008159294711083348 -3.263511487182369 0.0
925 72 1168.0 969.0 101.46846140500026 0.0 7.86 0.0 0.1461473634755671 False True 0.004546653974446976 6.632331770724375 -0.008159294711083348 -3.263511487182369 0.0
925 73 1180.0 981.0 102.85703958100024 0.0 1.99 0.19140703271946077 0.1422884125307307 False True 0.004546653974446976 6.632331770724375 -0.008159294711083348 -3.263511487182369 0.0
925 74 1184.0 985.0 104.25465859100024 0.0 7.86 0.0 0.1349398420658875 False True 0.004546653974446976 6.632331770724375 -0.008159294711083348 -3.263511487182369 0.0
925 75 1196.0 997.0 105.66322082500022 0.0 7.86 0.0 0.2018898961478313 False True 0.004546653974446976 6.632331770724375 -0.008159294711083348 -3.263511487182369 0.0
925 76 1208.0 1009.0 107.05091832200023 0.0 7.86 0.0 0.008486227379733823 False True 0.004546653974446976 6.632331770724375 -0.008159294711083348 -3.263511487182369 0.0
925 77 1212.0 1013.0 108.4598965330002 0.0 7.75 0.008486227379733823 0.0 False True 0.004546653974446976 6.632331770724375 -0.008159294711083348 -3.263511487182369 0.0
925 78 1216.0 1017.0 109.84781150000018 0.0 7.86 0.0 0.10803568440636926 False True 0.004546653974446976 6.632331770724375 -0.008159294711083348 -3.263511487182369 0.0
925 79 1228.0 1029.0 111.24535595600017 0.0 7.86 0.0 0.0007847245359663439 False True 0.004546653974446976 6.632331770724375 -0.008159294711083348 -3.263511487182369 0.0
925 80 1240.0 1041.0 112.64308467200019 0.0 7.86 0.0 0.1422884125307307 False True 0.004546653974446976 6.632331770724375 -0.008159294711083348 -3.263511487182369 0.0
925 81 1244.0 1045.0 114.04075818800018 0.0 1.8800000000000001 0.1422884125307307 0.0 False True 0.004546653974446976 6.632331770724375 -0.008159294711083348 -3.263511487182369 0.0
925 82 1248.0 1049.0 115.44487491900017 0.0 7.86 0.0 0.1422884125307307 False True 0.004546653974446976 6.632331770724375 -0.008159294711083348 -3.263511487182369 0.0
925 83 1252.0 1053.0 116.82924381600017 0.0 7.86 0.0 0.10133518707767038 False True 0.004546653974446976 6.632331770724375 -0.008159294711083348 -3.263511487182369 0.0
925 84 1264.0 1065.0 118.23784690900018 0.0 7.86 0.0 0.0975040993308535 False True 0.004546653974446976 6.632331770724375 -0.008159294711083348 -3.263511487182369 0.0
925 85 1276.0 1077.0 119.63494412800023 0.0 7.86 0.0 0.09935590720580599 False True 0.004546653974446976 6.632331770724375 -0.008159294711083348 -3.263511487182369 0.0
925 86 1288.0 1089.0 121.02393677500024 0.0 7.86 0.0 0.09577996176982884 False True 0.004546653974446976 6.632331770724375 -0.008159294711083348 -3.263511487182369 0.0
925 87 1300.0 1101.0 122.43296214500023 0.0 7.71 0.01543074947289904 0.09418368007151098 False True 0.004546653974446976 6.632331770724375 -0.008159294711083348 -3.263511487182369 0.0
925 88 1312.0 1113.0 123.83197980400021 0.0 7.87 2.580328127302517e-06 0.10344172788102317 False True 0.004546653974446976 6.632331770724375 -0.008159294711083348 -3.263511487182369 0.0
925 89 1324.0 1125.0 125.22849484100018 0.0 7.87 2.580328127302517e-06 0.04847131122767286 False True 0.004546653974446976 6.632331770724375 -0.008159294711083348 -3.263511487182369 0.0
925 90 1328.0 1129.0 126.60865294000016 0.0 7.87 2.580328127302517e-06 0.04847131122767286 False True 0.004546653974446976 6.632331770724375 -0.008159294711083348 -3.263511487182369 0.0
925 91 1332.0 1133.0 127.97873039400017 0.0 7.59 0.04847131122767286 2.580328127302517e-06 False True 0.004546653974446976 6.632331770724375 -0.008159294711083348 -3.263511487182369 0.0
925 92 1336.0 1137.0 129.35727808200014 0.0 7.87 2.580328127302517e-06 0.21848915214654124 False True 0.004546653974446976 6.632331770724375 -0.008159294711083348 -3.263511487182369 0.0
925 93 1348.0 1149.0 130.73735705900017 0.0 7.87 2.580328127302517e-06 0.23013202127907056 False True 0.004546653974446976 6.632331770724375 -0.008159294711083348 -3.263511487182369 0.0
925 94 1360.0 1161.0 132.10768980900016 0.0 7.87 2.580328127302517e-06 0.23612469668445865 False True 0.004546653974446976 6.632331770724375 -0.008159294711083348 -3.263511487182369 0.0
925 95 1372.0 1173.0 133.4881695140002 0.0 2.07 0.23612469668445865 2.580328127302517e-06 False True 0.004546653974446976 6.632331770724375 -0.008159294711083348 -3.263511487182369 0.0
925 96 1376.0 1177.0 134.88782754600018 0.0 7.87 2.580328127302517e-06 0.2422307198549284 False True 0.004546653974446976 6.632331770724375 -0.008159294711083348 -3.263511487182369 0.0
925 97 1388.0 1189.0 136.27040318300018 0.0 7.87 2.580328127302517e-06 0.22425330608382518 False True 0.004546653974446976 6.632331770724375 -0.008159294711083348 -3.263511487182369 0.0
925 98 1400.0 1201.0 137.6529407420002 0.0 7.87 2.580328127302517e-06 0.002727497198229145 False True 0.004546653974446976 6.632331770724375 -0.008159294711083348 -3.263511487182369 0.0
925 99 1412.0 1213.0 139.03591139600022 0.0 7.87 2.580328127302517e-06 0.0046664657617985555 False True 0.004546653974446976 6.632331770724375 -0.008159294711083348 -3.263511487182369 0.0
925 100 1424.0 1225.0 140.4197294700002 0.0 7.87 2.580328127302517e-06 0.005828772604975568 False True 0.004546653974446976 6.632331770724375 -0.008159294711083348 -3.263511487182369 0.0
925 101 1436.0 1237.0 141.8030398880002 0.0 7.95 0.0046664657617985555 2.580328127302517e-06 False True 0.004546653974446976 6.632331770724375 -0.008159294711083348 -3.263511487182369 0.0
925 102 1440.0 1241.0 143.1851134190002 0.0 7.95 0.0046664657617985555 0.003632668172954 False True 0.004546653974446976 6.632331770724375 -0.008159294711083348 -3.263511487182369 0.0
925 103 1452.0 1253.0 144.56855206300023 0.0 7.95 0.0046664657617985555 0.008538380367108018 False True 0.004546653974446976 6.632331770724375 -0.008159294711083348 -3.263511487182369 0.0
925 104 1464.0 1265.0 145.96197217400024 0.0 7.95 0.0046664657617985555 0.010085382358772859 False True 0.004546653974446976 6.632331770724375 -0.008159294711083348 -3.263511487182369 0.0
925 105 1476.0 1277.0 147.34554255200024 0.0 7.95 0.0046664657617985555 0.007119458490478942 False True 0.004546653974446976 6.632331770724375 -0.008159294711083348 -3.263511487182369 0.0
925 106 1488.0 1289.0 148.7288716630002 0.0 7.95 0.0046664657617985555 0.01176029578007936 False True 0.004546653974446976 6.632331770724375 -0.008159294711083348 -3.263511487182369 0.0
925 107 1500.0 1301.0 150.11179196900022 0.0 7.95 0.0046664657617985555 0.013562939153195343 False True 0.004546653974446976 6.632331770724375 -0.008159294711083348 -3.263511487182369 0.0
925 108 1512.0 1313.0 151.49549315400023 0.0 7.95 0.0046664657617985555 0.01176029578007936 False True 0.004546653974446976 6.632331770724375 -0.008159294711083348 -3.263511487182369 0.0
925 109 1516.0 1317.0 152.89051062700028 0.0 8.0 0.01176029578007936 0.0046664657617985555 False True 0.004546653974446976 6.632331770724375 -0.008159294711083348 -3.263511487182369 0.0
925 110 1520.0 1321.0 154.2744015030003 0.0 8.0 0.01176029578007936 0.0046664657617985555 False True 0.004546653974446976 6.632331770724375 -0.008159294711083348 -3.263511487182369 0.0
925 111 1524.0 1325.0 155.65763419500027 0.0 8.0 0.01176029578007936 0.01755062599153003 False True 0.004546653974446976 6.632331770724375 -0.008159294711083348 -3.263511487182369 0.0
925 112 1536.0 1337.0 157.0402874730003 0.0 8.0 0.01176029578007936 0.0046664657617985555 False True 0.004546653974446976 6.632331770724375 -0.008159294711083348 -3.263511487182369 0.0
925 113 1540.0 1341.0 158.43386229700027 0.0 8.0 0.01176029578007936 0.0046664657617985555 False True 0.004546653974446976 6.632331770724375 -0.008159294711083348 -3.263511487182369 0.0
925 114 1544.0 1345.0 159.81698247600028 0.0 8.0 0.01176029578007936 0.024484860495269906 False True 0.004546653974446976 6.632331770724375 -0.008159294711083348 -3.263511487182369 0.0
925 115 1556.0 1357.0 161.20495315300028 0.0 8.0 0.01176029578007936 0.02204673592396507 False True 0.004546653974446976 6.632331770724375 -0.008159294711083348 -3.263511487182369 0.0
925 116 1568.0 1369.0 162.60254712300028 0.0 8.0 0.01176029578007936 0.029739959840316084 False True 0.004546653974446976 6.632331770724375 -0.008159294711083348 -3.263511487182369 0.0
925 117 1580.0 1381.0 164.01106491000027 0.0 8.0 0.01176029578007936 0.02704935861583814 False True 0.004546653974446976 6.632331770724375 -0.008159294711083348 -3.263511487182369 0.0
925 118 1592.0 1393.0 165.41177777100032 0.0 8.0 0.01176029578007936 0.007119458490478942 False True 0.004546653974446976 6.632331770724375 -0.008159294711083348 -3.263511487182369 0.0
925 119 1596.0 1397.0 166.81337654800032 0.0 7.97 0.007119458490478942 0.01176029578007936 False True 0.004546653974446976 6.632331770724375 -0.008159294711083348 -3.263511487182369 0.0
925 120 1600.0 1401.0 168.22423630800031 0.0 8.0 0.01176029578007936 0.03549832678986982 False True 0.004546653974446976 6.632331770724375 -0.008159294711083348 -3.263511487182369 0.0
925 121 1612.0 1413.0 169.62416090300027 0.0 8.0 0.01176029578007936 0.03255638111174633 False True 0.004546653974446976 6.632331770724375 -0.008159294711083348 -3.263511487182369 0.0
925 122 1624.0 1425.0 171.0234474780003 0.0 8.09 0.03255638111174633 0.03856548868069286 False True 0.004546653974446976 6.632331770724375 -0.008159294711083348 -3.263511487182369 0.0
925 123 1636.0 1437.0 172.43568523700029 0.0 8.09 0.03255638111174633 0.01176029578007936 False True 0.004546653974446976 6.632331770724375 -0.008159294711083348 -3.263511487182369 0.0
925 124 1640.0 1441.0 173.85091995200028 0.0 8.09 0.03255638111174633 0.045074165741945026 False True 0.004546653974446976 6.632331770724375 -0.008159294711083348 -3.263511487182369 0.0
925 125 1652.0 1453.0 175.25600636500027 0.0 8.09 0.03255638111174633 0.0417575460673041 False True 0.004546653974446976 6.632331770724375 -0.008159294711083348 -3.263511487182369 0.0
925 126 1664.0 1465.0 176.68219053200025 0.0 8.09 0.03255638111174633 0.04851500203933506 False True 0.004546653974446976 6.632331770724375 -0.008159294711083348 -3.263511487182369 0.0
925 127 1676.0 1477.0 178.11749966400023 0.0 8.0 0.01176029578007936 0.05207969687122941 False True 0.004546653974446976 6.632331770724375 -0.008159294711083348 -3.263511487182369 0.0
925 128 1688.0 1489.0 179.53250751700025 0.0 7.95 0.0046664657617985555 0.05957916788685728 False True 0.004546653974446976 6.632331770724375 -0.008159294711083348 -3.263511487182369 0.0
925 129 1700.0 1501.0 180.94873509100026 0.0 7.95 0.0046664657617985555 0.05576787976223622 False True 0.004546653974446976 6.632331770724375 -0.008159294711083348 -3.263511487182369 0.0
925 130 1712.0 1513.0 182.37472867600022 0.0 8.16 0.05576787976223622 0.06756946701535706 False True 0.004546653974446976 6.632331770724375 -0.008159294711083348 -3.263511487182369 0.0
925 131 1724.0 1525.0 183.7910440260002 0.0 8.16 0.05576787976223622 0.06351316610777304 False True 0.004546653974446976 6.632331770724375 -0.008159294711083348 -3.263511487182369 0.0
925 132 1736.0 1537.0 185.20753031500018 0.0 8.16 0.05576787976223622 0.019735242708627306 False True 0.004546653974446976 6.632331770724375 -0.008159294711083348 -3.263511487182369 0.0
925 133 1748.0 1549.0 186.63307683100018 0.0 8.16 0.05576787976223622 0.03549832678986982 False True 0.004546653974446976 6.632331770724375 -0.008159294711083348 -3.263511487182369 0.0
925 134 1752.0 1553.0 188.04966547200016 0.0 8.0 0.01176029578007936 0.01549311822600568 False True 0.004546653974446976 6.632331770724375 -0.008159294711083348 -3.263511487182369 0.0
925 135 1764.0 1565.0 189.46604123700016 0.0 8.0 0.01176029578007936 0.007119458490478942 False True 0.004546653974446976 6.632331770724375 -0.008159294711083348 -3.263511487182369 0.0
925 136 1768.0 1569.0 190.89255953600016 0.0 7.87 2.580328127302517e-06 0.07604728613613788 False True 0.004546653974446976 6.632331770724375 -0.008159294711083348 -3.263511487182369 0.0
925 137 1780.0 1581.0 192.30804891200015 0.0 8.16 0.05576787976223622 0.07174765096841285 False True 0.004546653974446976 6.632331770724375 -0.008159294711083348 -3.263511487182369 0.0
925 138 1792.0 1593.0 193.73388204000017 0.0 8.1 0.03549832678986982 0.045074165741945026 False True 0.004546653974446976 6.632331770724375 -0.008159294711083348 -3.263511487182369 0.0
925 139 1796.0 1597.0 195.14952049200016 0.0 8.1 0.03549832678986982 0.08500912210469107 False True 0.004546653974446976 6.632331770724375 -0.008159294711083348 -3.263511487182369 0.0
925 140 1808.0 1609.0 196.57593954800015 0.0 8.1 0.03549832678986982 0.08046792854131467 False True 0.004546653974446976 6.632331770724375 -0.008159294711083348 -3.263511487182369 0.0
925 141 1820.0 1621.0 197.99236816300012 0.0 8.22 0.08046792854131467 0.08967039869060485 False True 0.004546653974446976 6.632331770724375 -0.008159294711083348 -3.263511487182369 0.0
925 142 1832.0 1633.0 199.40421263200008 0.0 8.0 0.01176029578007936 0.09935126838737968 False True 0.004546653974446976 6.632331770724375 -0.008159294711083348 -3.263511487182369 0.0
925 143 1844.0 1645.0 200.80799205100007 0.0 8.0 0.01176029578007936 0.09445127815378722 False True 0.004546653974446976 6.632331770724375 -0.008159294711083348 -3.263511487182369 0.0
925 144 1856.0 1657.0 202.2148389700001 0.0 8.2 0.07174765096841285 0.08500912210469107 False True 0.004546653974446976 6.632331770724375 -0.008159294711083348 -3.263511487182369 0.0
925 145 1860.0 1661.0 203.61343842900007 0.0 8.16 0.05576787976223622 0.10950655322685737 False True 0.004546653974446976 6.632331770724375 -0.008159294711083348 -3.263511487182369 0.0
925 146 1872.0 1673.0 205.01077159200005 0.0 8.16 0.05576787976223622 0.10436986537214235 False True 0.004546653974446976 6.632331770724375 -0.008159294711083348 -3.263511487182369 0.0
925 147 1884.0 1685.0 206.41958771900008 0.0 7.87 2.580328127302517e-06 0.12013207902208742 False True 0.004546653974446976 6.632331770724375 -0.008159294711083348 -3.263511487182369 0.0
925 148 1896.0 1697.0 207.8207519530001 0.0 7.95 0.0046664657617985555 0.11476080425991683 False True 0.004546653974446976 6.632331770724375 -0.008159294711083348 -3.263511487182369 0.0
925 149 1908.0 1709.0 209.23323562300007 0.0 8.0 0.01176029578007936 0.003632668172954 False True 0.004546653974446976 6.632331770724375 -0.008159294711083348 -3.263511487182369 0.0
925 150 1912.0 1713.0 210.62998415800004 0.0 7.94 0.003632668172954 0.05955566841604373 False True 0.004546653974446976 6.632331770724375 -0.008159294711083348 -3.263511487182369 0.0
925 151 1916.0 1717.0 212.03146849300006 0.0 8.0 0.01176029578007936 0.13122348347356133 False True 0.004546653974446976 6.632331770724375 -0.008159294711083348 -3.263511487182369 0.0
925 152 1928.0 1729.0 213.42497510000007 0.0 7.8 0.002695247398144011 0.08046792854131467 False True 0.004546653974446976 6.632331770724375 -0.008159294711083348 -3.263511487182369 0.0
925 153 1932.0 1733.0 214.8087913210001 0.0 7.8 0.002695247398144011 0.12561982636046082 False True 0.004546653974446976 6.632331770724375 -0.008159294711083348 -3.263511487182369 0.0
925 154 1944.0 1745.0 216.20206018700011 0.0 8.31 0.12561982636046082 0.007119458490478942 False True 0.004546653974446976 6.632331770724375 -0.008159294711083348 -3.263511487182369 0.0
925 155 1948.0 1749.0 217.5871489930001 0.0 7.97 0.007119458490478942 0.14277621791407125 False True 0.004546653974446976 6.632331770724375 -0.008159294711083348 -3.263511487182369 0.0
925 156 1960.0 1761.0 218.9839857530001 0.0 7.97 0.007119458490478942 0.13694247596763331 False True 0.004546653974446976 6.632331770724375 -0.008159294711083348 -3.263511487182369 0.0
925 157 1972.0 1773.0 220.3809574520001 0.0 7.97 0.007119458490478942 0.15478554912811454 False True 0.004546653974446976 6.632331770724375 -0.008159294711083348 -3.263511487182369 0.0
925 158 1984.0 1785.0 221.77770059200012 0.0 8.36 0.15478554912811454 0.16095990939734767 False True 0.004546653974446976 6.632331770724375 -0.008159294711083348 -3.263511487182369 0.0
925 159 1996.0 1797.0 223.17571556900012 0.0 8.36 0.15478554912811454 0.1487241119080214 False True 0.004546653974446976 6.632331770724375 -0.008159294711083348 -3.263511487182369 0.0
925 160 2008.0 1809.0 224.57201712000014 0.0 8.36 0.15478554912811454 0.007119458490478942 False True 0.004546653974446976 6.632331770724375 -0.008159294711083348 -3.263511487182369 0.0
925 161 2012.0 1813.0 225.96832580100013 0.0 8.36 0.15478554912811454 0.007119458490478942 False True 0.004546653974446976 6.632331770724375 -0.008159294711083348 -3.263511487182369 0.0
925 162 2016.0 1817.0 227.37843908400018 0.0 8.0 0.01176029578007936 0.17364486197030424 False True 0.004546653974446976 6.632331770724375 -0.008159294711083348 -3.263511487182369 0.0
925 163 2028.0 1829.0 228.77387151800016 0.0 8.0 0.01176029578007936 0.1672465612451056 False True 0.004546653974446976 6.632331770724375 -0.008159294711083348 -3.263511487182369 0.0
925 164 2040.0 1841.0 230.15904219800015 0.0 1.87 0.13855244314373125 0.18677378348307624 False True 0.004546653974446976 6.632331770724375 -0.008159294711083348 -3.263511487182369 0.0
925 165 2052.0 1853.0 231.55503035200016 0.0 7.67 0.024419303866451164 0.008486227379733823 False True 0.004546653974446976 6.632331770724375 -0.008159294711083348 -3.263511487182369 0.0
925 166 2056.0 1857.0 232.95058190700016 0.0 7.67 0.024419303866451164 0.008486227379733823 False True 0.004546653974446976 6.632331770724375 -0.008159294711083348 -3.263511487182369 0.0
925 167 2060.0 1861.0 234.36261139300015 0.0 7.67 0.024419303866451164 0.0019510573334605374 False True 0.004546653974446976 6.632331770724375 -0.008159294711083348 -3.263511487182369 0.0
925 168 2072.0 1873.0 235.75973100400014 0.0 7.67 0.024419303866451164 0.21284014905769114 False True 0.004546653974446976 6.632331770724375 -0.008159294711083348 -3.263511487182369 0.0
925 169 2084.0 1885.0 237.15440918500016 0.0 7.67 0.024419303866451164 0.0417575460673041 False True 0.004546653974446976 6.632331770724375 -0.008159294711083348 -3.263511487182369 0.0
925 170 2088.0 1889.0 238.5500195620002 0.0 7.67 0.024419303866451164 0.0417575460673041 False True 0.004546653974446976 6.632331770724375 -0.008159294711083348 -3.263511487182369 0.0
925 171 2092.0 1893.0 239.94572177100017 0.0 8.12 0.0417575460673041 0.010085382358772859 False True 0.004546653974446976 6.632331770724375 -0.008159294711083348 -3.263511487182369 0.0
925 172 2096.0 1897.0 241.32992382800015 0.0 7.86 0.0 0.0417575460673041 False True 0.004546653974446976 6.632331770724375 -0.008159294711083348 -3.263511487182369 0.0
925 173 2100.0 1901.0 242.72536841400014 0.0 7.86 0.0 0.01549311822600568 False True 0.004546653974446976 6.632331770724375 -0.008159294711083348 -3.263511487182369 0.0
925 174 2104.0 1905.0 244.1210105990002 0.0 8.02 0.01549311822600568 0.03255638111174633 False True 0.004546653974446976 6.632331770724375 -0.008159294711083348 -3.263511487182369 0.0
925 175 2108.0 1909.0 245.51561818200022 0.0 8.09 0.03255638111174633 0.18015415770566004 False True 0.004546653974446976 6.632331770724375 -0.008159294711083348 -3.263511487182369 0.0
925 176 2120.0 1921.0 246.91074049700026 0.0 8.09 0.03255638111174633 0.34184399077844085 False True 0.004546653974446976 6.632331770724375 -0.008159294711083348 -3.263511487182369 0.0
925 177 2132.0 1933.0 248.3064781000003 0.0 8.09 0.03255638111174633 0.34964161832580826 False True 0.004546653974446976 6.632331770724375 -0.008159294711083348 -3.263511487182369 0.0
925 178 2144.0 1945.0 249.7008326290003 0.0 8.09 0.03255638111174633 0.32656226369104274 False True 0.004546653974446976 6.632331770724375 -0.008159294711083348 -3.263511487182369 0.0
925 179 2156.0 1957.0 251.08578990000026 0.0 8.09 0.03255638111174633 0.3341506204685471 False True 0.004546653974446976 6.632331770724375 -0.008159294711083348 -3.263511487182369 0.0
925 180 2168.0 1969.0 252.4802533990003 0.0 8.09 0.03255638111174633 0.31170356332548194 False True 0.004546653974446976 6.632331770724375 -0.008159294711083348 -3.263511487182369 0.0
925 181 2180.0 1981.0 253.87487490900028 0.0 8.09 0.03255638111174633 0.31907966623828543 False True 0.004546653974446976 6.632331770724375 -0.008159294711083348 -3.263511487182369 0.0
925 182 2192.0 1993.0 255.25905563500024 0.0 8.09 0.03255638111174633 0.2972737286547553 False True 0.004546653974446976 6.632331770724375 -0.008159294711083348 -3.263511487182369 0.0
