765 0 400.0 200.99999999999997 1.3340986369999825 0.0 1.95 0.1785378572343332 0.18342874290974998 False True -0.003005978168066083 3.6444302562135276 -0.07596289308901304 -1.6996004730322074 0.0
765 1 412.0 212.99999999999997 2.70555569199999 0.0 1.95 0.1785378572343332 0.17377156358041618 False True -0.003005978168066083 3.6444302562135276 -0.07596289308901304 -1.6996004730322074 0.0
765 2 424.0 224.99999999999997 4.082407076999971 0.0 1.95 0.1785378572343332 0.1884437178425285 False True -0.003005978168066083 3.6444302562135276 -0.07596289308901304 -1.6996004730322074 0.0
765 3 436.0 236.99999999999997 5.456125881999981 0.0 1.95 0.1785378572343332 0.19358226685834062 False True -0.003005978168066083 3.6444302562135276 -0.07596289308901304 -1.6996004730322074 0.0
765 4 448.0 248.99999999999997 6.829669605999982 0.0 1.98 0.19358226685834062 0.19884386242417781 False True -0.003005978168066083 3.6444302562135276 -0.07596289308901304 -1.6996004730322074 0.0
765 5 460.0 261.0 8.233450194999989 0.0 1.95 0.1785378572343332 0.16913035225167344 False True -0.003005978168066083 3.6444302562135276 -0.07596289308901304 -1.6996004730322074 0.0
765 6 472.0 273.0 9.60881891599999 0.0 1.95 0.1785378572343332 0.19358226685834062 False True -0.003005978168066083 3.6444302562135276 -0.07596289308901304 -1.6996004730322074 0.0
765 7 476.0 277.0 10.992856972999988 0.0 1.95 0.1785378572343332 0.18342874290974998 False True -0.003005978168066083 3.6444302562135276 -0.07596289308901304 -1.6996004730322074 0.0
765 8 480.0 281.0 12.368004620999983 0.0 1.95 0.1785378572343332 0.16461470104227965 False True -0.003005978168066083 3.6444302562135276 -0.07596289308901304 -1.6996004730322074 0.0
765 9 492.0 293.0 13.772079846999986 0.0 1.95 0.1785378572343332 0.16022507518914036 False True -0.003005978168066083 3.6444302562135276 -0.07596289308901304 -1.6996004730322074 0.0
765 10 504.0 305.0 15.147183207999973 0.0 1.95 0.1785378572343332 0.1559619273253599 False True -0.003005978168066083 3.6444302562135276 -0.07596289308901304 -1.6996004730322074 0.0
765 11 516.0 317.0 16.53308090599998 0.0 1.9000000000000001 0.1559619273253599 0.151825697434979 False True -0.003005978168066083 3.6444302562135276 -0.07596289308901304 -1.6996004730322074 0.0
765 12 528.0 329.0 17.917850200999993 0.0 1.9000000000000001 0.1559619273253599 0.16022507518914036 False True -0.003005978168066083 3.6444302562135276 -0.07596289308901304 -1.6996004730322074 0.0
765 13 532.0 333.0 19.279977863 0.0 1.9000000000000001 0.1559619273253599 0.1478168128089823 False True -0.003005978168066083 3.6444302562135276 -0.07596289308901304 -1.6996004730322074 0.0
765 14 544.0 345.0 20.655876690000014 0.0 1.9000000000000001 0.1559619273253599 0.14393568800256898 False True -0.003005978168066083 3.6444302562135276 -0.07596289308901304 -1.6996004730322074 0.0
765 15 556.0 357.0 22.021599655000017 0.0 1.9000000000000001 0.1559619273253599 0.1401827247936933 False True -0.003005978168066083 3.6444302562135276 -0.07596289308901304 -1.6996004730322074 0.0
765 16 568.0 369.0 23.378074002000005 0.0 1.9000000000000001 0.1559619273253599 0.13655831214288683 False True -0.003005978168066083 3.6444302562135276 -0.07596289308901304 -1.6996004730322074 0.0
765 17 580.0 381.0 24.744497346999992 0.0 1.9000000000000001 0.1559619273253599 0.20422796470111926 False True -0.003005978168066083 3.6444302562135276 -0.07596289308901304 -1.6996004730322074 0.0
765 18 592.0 393.0 26.112080821999996 0.0 1.9000000000000001 0.1559619273253599 0.2097340215983053 False True -0.003005978168066083 3.6444302562135276 -0.07596289308901304 -1.6996004730322074 0.0
765 19 604.0 405.0 27.480586767999995 0.0 1.9000000000000001 0.1559619273253599 0.21536146882814056 False True -0.003005978168066083 3.6444302562135276 -0.07596289308901304 -1.6996004730322074 0.0
765 20 616.0 417.0 28.850121163999972 0.0 1.9000000000000001 0.1559619273253599 0.22110972996273856 False True -0.003005978168066083 3.6444302562135276 -0.07596289308901304 -1.6996004730322074 0.0
765 21 628.0 429.0 30.22645345799998 0.0 1.9000000000000001 0.1559619273253599 0.22697821649154554 False True -0.003005978168066083 3.6444302562135276 -0.07596289308901304 -1.6996004730322074 0.0
765 22 640.0 441.0 31.614367354999985 0.0 1.9000000000000001 0.1559619273253599 0.23296632788020577 False True -0.003005978168066083 3.6444302562135276 -0.07596289308901304 -1.6996004730322074 0.0
765 23 652.0 453.0 33.00084386299997 0.0 1.9000000000000001 0.1559619273253599 0.23907345163060417 False True -0.003005978168066083 3.6444302562135276 -0.07596289308901304 -1.6996004730322074 0.0
765 24 664.0 465.0 34.388583126999976 0.0 1.9000000000000001 0.1559619273253599 0.24529896334212128 False True -0.003005978168066083 3.6444302562135276 -0.07596289308901304 -1.6996004730322074 0.0
765 25 676.0 477.0 35.777022149999965 0.0 1.9000000000000001 0.1559619273253599 0.22110972996273856 False True -0.003005978168066083 3.6444302562135276 -0.07596289308901304 -1.6996004730322074 0.0
765 26 680.0 481.0 37.165075851999944 0.0 1.9000000000000001 0.1559619273253599 0.25810259390932416 False True -0.003005978168066083 3.6444302562135276 -0.07596289308901304 -1.6996004730322074 0.0
765 27 692.0 493.0 38.551606403999955 0.0 1.9000000000000001 0.1559619273253599 0.25164222677407294 False True -0.003005978168066083 3.6444302562135276 -0.07596289308901304 -1.6996004730322074 0.0
765 28 704.0 505.0 39.93798258999993 0.0 1.9000000000000001 0.1559619273253599 0.2646794050191045 False True -0.003005978168066083 3.6444302562135276 -0.07596289308901304 -1.6996004730322074 0.0
765 29 716.0 517.0 41.34589103499994 0.0 1.9000000000000001 0.1559619273253599 0.27137198872897106 False True -0.003005978168066083 3.6444302562135276 -0.07596289308901304 -1.6996004730322074 0.0
765 30 728.0 529.0 42.73275033599995 0.0 1.9000000000000001 0.1559619273253599 0.22110972996273856 False True -0.003005978168066083 3.6444302562135276 -0.07596289308901304 -1.6996004730322074 0.0
765 31 732.0 533.0 44.12589447899995 0.0 1.9000000000000001 0.1559619273253599 0.2646794050191045 False True -0.003005978168066083 3.6444302562135276 -0.07596289308901304 -1.6996004730322074 0.0
765 32 736.0 537.0 45.53063155799995 0.0 1.9000000000000001 0.1559619273253599 0.12969663003844575 False True -0.003005978168066083 3.6444302562135276 -0.07596289308901304 -1.6996004730322074 0.0
765 33 748.0 549.0 46.95109869399994 0.0 1.9000000000000001 0.1559619273253599 0.13306282615437484 False True -0.003005978168066083 3.6444302562135276 -0.07596289308901304 -1.6996004730322074 0.0
765 34 760.0 561.0 48.371950968999926 0.0 1.9000000000000001 0.1559619273253599 0.12646007407515267 False True -0.003005978168066083 3.6444302562135276 -0.07596289308901304 -1.6996004730322074 0.0
765 35 772.0 573.0 49.78318800099993 0.0 1.9000000000000001 0.1559619273253599 0.12335349557926818 False True -0.003005978168066083 3.6444302562135276 -0.07596289308901304 -1.6996004730322074 0.0
765 36 784.0 585.0 51.201676877999944 0.0 1.9000000000000001 0.1559619273253599 0.12037721886656157 False True -0.003005978168066083 3.6444302562135276 -0.07596289308901304 -1.6996004730322074 0.0
765 37 796.0 597.0 52.62253057799995 0.0 1.9000000000000001 0.1559619273253599 0.11753155522136981 False True -0.003005978168066083 3.6444302562135276 -0.07596289308901304 -1.6996004730322074 0.0
765 38 808.0 609.0 54.04480014999996 0.0 1.79 0.11753155522136981 0.11481680286546254 False True -0.003005978168066083 3.6444302562135276 -0.07596289308901304 -1.6996004730322074 0.0
765 39 820.0 621.0 55.46682840799994 0.0 1.79 0.11753155522136981 0.11223324692822449 False True -0.003005978168066083 3.6444302562135276 -0.07596289308901304 -1.6996004730322074 0.0
765 40 832.0 633.0 56.911277517999935 0.0 1.77 0.11223324692822449 0.11753155522136981 False True -0.003005978168066083 3.6444302562135276 -0.07596289308901304 -1.6996004730322074 0.0
765 41 836.0 637.0 58.350698938999955 0.0 1.77 0.11223324692822449 0.1559619273253599 False True -0.003005978168066083 3.6444302562135276 -0.07596289308901304 -1.6996004730322074 0.0
765 42 840.0 641.0 59.791210449999966 0.0 1.77 0.11223324692822449 0.10978115941814377 False True -0.003005978168066083 3.6444302562135276 -0.07596289308901304 -1.6996004730322074 0.0
765 43 852.0 653.0 61.24604912999999 0.0 1.77 0.11223324692822449 0.1559619273253599 False True -0.003005978168066083 3.6444302562135276 -0.07596289308901304 -1.6996004730322074 0.0
765 44 856.0 657.0 62.68341562499998 0.0 1.77 0.11223324692822449 0.1559619273253599 False True -0.003005978168066083 3.6444302562135276 -0.07596289308901304 -1.6996004730322074 0.0
765 45 860.0 661.0 64.13906315 0.0 1.79 0.11753155522136981 0.1559619273253599 False True -0.003005978168066083 3.6444302562135276 -0.07596289308901304 -1.6996004730322074 0.0
765 46 864.0 665.0 65.58292964699999 0.0 1.79 0.11753155522136981 0.11223324692822449 False True -0.003005978168066083 3.6444302562135276 -0.07596289308901304 -1.6996004730322074 0.0
765 47 868.0 669.0 67.03679339600001 0.0 1.79 0.11753155522136981 0.19358226685834062 False True -0.003005978168066083 3.6444302562135276 -0.07596289308901304 -1.6996004730322074 0.0
765 48 872.0 673.0 68.48083916800002 0.0 1.79 0.11753155522136981 0.16022507518914036 False True -0.003005978168066083 3.6444302562135276 -0.07596289308901304 -1.6996004730322074 0.0
765 49 876.0 677.0 69.934470414 0.0 1.79 0.11753155522136981 0.1559619273253599 False True -0.003005978168066083 3.6444302562135276 -0.07596289308901304 -1.6996004730322074 0.0
765 50 880.0 681.0 71.37805094699999 0.0 1.9000000000000001 0.1559619273253599 0.18342874290974998 False True -0.003005978168066083 3.6444302562135276 -0.07596289308901304 -1.6996004730322074 0.0
765 51 884.0 685.0 72.820590127 0.0 1.9000000000000001 0.1559619273253599 0.2851017306268188 False True -0.003005978168066083 3.6444302562135276 -0.07596289308901304 -1.6996004730322074 0.0
765 52 896.0 697.0 74.274454875 0.0 1.9000000000000001 0.1559619273253599 0.27817966208594735 False True -0.003005978168066083 3.6444302562135276 -0.07596289308901304 -1.6996004730322074 0.0
765 53 908.0 709.0 75.73763637300002 0.0 1.9000000000000001 0.1559619273253599 0.2921374884475779 False True -0.003005978168066083 3.6444302562135276 -0.07596289308901304 -1.6996004730322074 0.0
765 54 920.0 721.0 77.19060412300001 0.0 1.9000000000000001 0.1559619273253599 0.2992862182740099 False True -0.003005978168066083 3.6444302562135276 -0.07596289308901304 -1.6996004730322074 0.0
765 55 932.0 733.0 78.63492398000002 0.0 1.9000000000000001 0.1559619273253599 0.10527241194702419 False True -0.003005978168066083 3.6444302562135276 -0.07596289308901304 -1.6996004730322074 0.0
765 56 944.0 745.0 80.09056824700002 0.0 1.74 0.10527241194702419 0.10321623016024112 False True -0.003005978168066083 3.6444302562135276 -0.07596289308901304 -1.6996004730322074 0.0
765 57 956.0 757.0 81.54488681800001 0.0 1.74 0.10527241194702419 0.1074607991956094 False True -0.003005978168066083 3.6444302562135276 -0.07596289308901304 -1.6996004730322074 0.0
765 58 968.0 769.0 82.98995883400002 0.0 1.74 0.10527241194702419 0.1559619273253599 False True -0.003005978168066083 3.6444302562135276 -0.07596289308901304 -1.6996004730322074 0.0
765 59 972.0 773.0 84.44556387600002 0.0 1.74 0.10527241194702419 0.1559619273253599 False True -0.003005978168066083 3.6444302562135276 -0.07596289308901304 -1.6996004730322074 0.0
765 60 976.0 777.0 85.90363541500002 0.0 1.9000000000000001 0.1559619273253599 0.1012924731013103 False True -0.003005978168066083 3.6444302562135276 -0.07596289308901304 -1.6996004730322074 0.0
765 61 988.0 789.0 87.36021151500003 0.0 1.9000000000000001 0.1559619273253599 0.09950134679255432 False True -0.003005978168066083 3.6444302562135276 -0.07596289308901304 -1.6996004730322074 0.0
765 62 1000.0 801.0 88.81865630700003 0.0 1.9000000000000001 0.1559619273253599 0.09784304399196828 False True -0.003005978168066083 3.6444302562135276 -0.07596289308901304 -1.6996004730322074 0.0
765 63 1012.0 813.0 90.26534105400003 0.0 1.9000000000000001 0.1559619273253599 0.09631774417394114 False True -0.003005978168066083 3.6444302562135276 -0.07596289308901304 -1.6996004730322074 0.0
765 64 1024.0 825.0 91.72171844800002 0.0 1.69 0.09631774417394114 0.09492561351131146 False True -0.003005978168066083 3.6444302562135276 -0.07596289308901304 -1.6996004730322074 0.0
765 65 1036.0 837.0 93.18030127900002 0.0 1.9000000000000001 0.1559619273253599 0.09366680485874654 False True -0.003005978168066083 3.6444302562135276 -0.07596289308901304 -1.6996004730322074 0.0
765 66 1048.0 849.0 94.63851735600002 0.0 1.9000000000000001 0.1559619273253599 0.09254145773746086 False True -0.003005978168066083 3.6444302562135276 -0.07596289308901304 -1.6996004730322074 0.0
765 67 1060.0 861.0 96.09674736000002 0.0 1.69 0.09631774417394114 0.09492561351131146 False True -0.003005978168066083 3.6444302562135276 -0.07596289308901304 -1.6996004730322074 0.0
765 68 1064.0 865.0 97.55446657800002 0.0 1.69 0.09631774417394114 0.09492561351131146 False True -0.003005978168066083 3.6444302562135276 -0.07596289308901304 -1.6996004730322074 0.0
765 69 1068.0 869.0 99.012529137 0.0 1.69 0.09631774417394114 0.09492561351131146 False True -0.003005978168066083 3.6444302562135276 -0.07596289308901304 -1.6996004730322074 0.0
765 70 1072.0 873.0 100.47128606300001 0.0 1.69 0.09631774417394114 0.09492561351131146 False True -0.003005978168066083 3.6444302562135276 -0.07596289308901304 -1.6996004730322074 0.0
765 71 1076.0 877.0 101.94996556000001 0.0 1.69 0.09631774417394114 0.09492561351131146 False True -0.003005978168066083 3.6444302562135276 -0.07596289308901304 -1.6996004730322074 0.0
765 72 1080.0 881.0 103.40635880300002 0.0 1.69 0.09631774417394114 0.09154969832126403 False True -0.003005978168066083 3.6444302562135276 -0.07596289308901304 -1.6996004730322074 0.0
765 73 1092.0 893.0 104.862652405 0.0 1.69 0.09631774417394114 0.09492561351131146 False True -0.003005978168066083 3.6444302562135276 -0.07596289308901304 -1.6996004730322074 0.0
765 74 1096.0 897.0 106.31739315000002 0.0 1.69 0.09631774417394114 0.09492561351131146 False True -0.003005978168066083 3.6444302562135276 -0.07596289308901304 -1.6996004730322074 0.0
765 75 1100.0 901.0 107.774046392 0.0 1.69 0.09631774417394114 0.09069163942394055 False True -0.003005978168066083 3.6444302562135276 -0.07596289308901304 -1.6996004730322074 0.0
765 76 1112.0 913.0 109.21771556499999 0.0 1.9000000000000001 0.1559619273253599 0.08996738048797129 False True -0.003005978168066083 3.6444302562135276 -0.07596289308901304 -1.6996004730322074 0.0
765 77 1124.0 925.0 110.65201369900001 0.0 1.9000000000000001 0.1559619273253599 0.08937700757458901 False True -0.003005978168066083 3.6444302562135276 -0.07596289308901304 -1.6996004730322074 0.0
765 78 1136.0 937.0 112.070675601 0.0 1.9000000000000001 0.1559619273253599 0.08892059335517213 False True -0.003005978168066083 3.6444302562135276 -0.07596289308901304 -1.6996004730322074 0.0
765 79 1148.0 949.0 113.50807843500002 0.0 1.9000000000000001 0.1559619273253599 0.08996738048797129 False True -0.003005978168066083 3.6444302562135276 -0.07596289308901304 -1.6996004730322074 0.0
765 80 1152.0 953.0 114.93547260000003 0.0 1.9000000000000001 0.1559619273253599 0.08937700757458901 False True -0.003005978168066083 3.6444302562135276 -0.07596289308901304 -1.6996004730322074 0.0
765 81 1156.0 957.0 116.37170425900001 0.0 1.9000000000000001 0.1559619273253599 0.08859819710397843 False True -0.003005978168066083 3.6444302562135276 -0.07596289308901304 -1.6996004730322074 0.0
765 82 1168.0 969.0 117.810666922 0.0 1.9000000000000001 0.1559619273253599 0.08840986469221808 False True -0.003005978168066083 3.6444302562135276 -0.07596289308901304 -1.6996004730322074 0.0
765 83 1180.0 981.0 119.249470513 0.0 1.59 0.08840986469221808 0.08835562858346212 False True -0.003005978168066083 3.6444302562135276 -0.07596289308901304 -1.6996004730322074 0.0
765 84 1192.0 993.0 120.675627964 0.0 1.59 0.08840986469221808 0.0884355078304055 False True -0.003005978168066083 3.6444302562135276 -0.07596289308901304 -1.6996004730322074 0.0
765 85 1204.0 1005.0 122.08816978200002 0.0 1.59 0.08840986469221808 0.0886495080729514 False True -0.003005978168066083 3.6444302562135276 -0.07596289308901304 -1.6996004730322074 0.0
765 86 1216.0 1017.0 123.52637003800004 0.0 1.56 0.0886495080729514 0.088997621537656 False True -0.003005978168066083 3.6444302562135276 -0.07596289308901304 -1.6996004730322074 0.0
765 87 1228.0 1029.0 124.96299945600003 0.0 1.56 0.0886495080729514 0.0884355078304055 False True -0.003005978168066083 3.6444302562135276 -0.07596289308901304 -1.6996004730322074 0.0
765 88 1232.0 1033.0 126.40020581499999 0.0 1.56 0.0886495080729514 0.08947982703850053 False True -0.003005978168066083 3.6444302562135276 -0.07596289308901304 -1.6996004730322074 0.0
765 89 1244.0 1045.0 127.82921101 0.0 1.56 0.0886495080729514 0.09009608997901308 False True -0.003005978168066083 3.6444302562135276 -0.07596289308901304 -1.6996004730322074 0.0
765 90 1256.0 1057.0 129.26604322600002 0.0 1.56 0.0886495080729514 0.09084636235572832 False True -0.003005978168066083 3.6444302562135276 -0.07596289308901304 -1.6996004730322074 0.0
765 91 1268.0 1069.0 130.70248741400002 0.0 1.56 0.0886495080729514 0.08947982703850053 False True -0.003005978168066083 3.6444302562135276 -0.07596289308901304 -1.6996004730322074 0.0
765 92 1272.0 1073.0 132.141188773 0.0 1.56 0.0886495080729514 0.09173058276298274 False True -0.003005978168066083 3.6444302562135276 -0.07596289308901304 -1.6996004730322074 0.0
765 93 1284.0 1085.0 133.5785518 0.0 1.56 0.0886495080729514 0.09274867639906208 False True -0.003005978168066083 3.6444302562135276 -0.07596289308901304 -1.6996004730322074 0.0
765 94 1296.0 1097.0 135.038598202 0.0 1.56 0.0886495080729514 0.09390055507367959 False True -0.003005978168066083 3.6444302562135276 -0.07596289308901304 -1.6996004730322074 0.0
765 95 1308.0 1109.0 136.47666712899996 0.0 1.56 0.0886495080729514 0.09518611721679442 False True -0.003005978168066083 3.6444302562135276 -0.07596289308901304 -1.6996004730322074 0.0
765 96 1320.0 1121.0 137.91427967699997 0.0 1.56 0.0886495080729514 0.08947982703850053 False True -0.003005978168066083 3.6444302562135276 -0.07596289308901304 -1.6996004730322074 0.0
765 97 1324.0 1125.0 139.34264248799997 0.0 1.56 0.0886495080729514 0.09173058276298274 False True -0.003005978168066083 3.6444302562135276 -0.07596289308901304 -1.6996004730322074 0.0
765 98 1328.0 1129.0 140.79553187199997 0.0 1.56 0.0886495080729514 0.08947982703850053 False True -0.003005978168066083 3.6444302562135276 -0.07596289308901304 -1.6996004730322074 0.0
765 99 1332.0 1133.0 142.24999158699995 0.0 1.56 0.0886495080729514 0.0884355078304055 False True -0.003005978168066083 3.6444302562135276 -0.07596289308901304 -1.6996004730322074 0.0
765 100 1336.0 1137.0 143.69595269399997 0.0 1.57 0.0884355078304055 0.0886495080729514 False True -0.003005978168066083 3.6444302562135276 -0.07596289308901304 -1.6996004730322074 0.0
765 101 1340.0 1141.0 145.151954622 0.0 1.49 0.09390055507367959 0.0884355078304055 False True -0.003005978168066083 3.6444302562135276 -0.07596289308901304 -1.6996004730322074 0.0
765 102 1344.0 1145.0 146.608109803 0.0 1.49 0.09390055507367959 0.0884355078304055 False True -0.003005978168066083 3.6444302562135276 -0.07596289308901304 -1.6996004730322074 0.0
765 103 1348.0 1149.0 148.06356002999996 0.0 1.49 0.09390055507367959 0.0884355078304055 False True -0.003005978168066083 3.6444302562135276 -0.07596289308901304 -1.6996004730322074 0.0
765 104 1352.0 1153.0 149.51806632499995 0.0 1.57 0.0884355078304055 0.09390055507367959 False True -0.003005978168066083 3.6444302562135276 -0.07596289308901304 -1.6996004730322074 0.0
765 105 1356.0 1157.0 150.96193432999996 0.0 1.57 0.0884355078304055 0.09390055507367959 False True -0.003005978168066083 3.6444302562135276 -0.07596289308901304 -1.6996004730322074 0.0
765 106 1360.0 1161.0 152.41609329299996 0.0 1.57 0.0884355078304055 0.09390055507367959 False True -0.003005978168066083 3.6444302562135276 -0.07596289308901304 -1.6996004730322074 0.0
765 107 1364.0 1165.0 153.870305649 0.0 1.49 0.09390055507367959 0.09274867639906208 False True -0.003005978168066083 3.6444302562135276 -0.07596289308901304 -1.6996004730322074 0.0
765 108 1368.0 1169.0 155.32414059999996 0.0 1.49 0.09390055507367959 0.0884355078304055 False True -0.003005978168066083 3.6444302562135276 -0.07596289308901304 -1.6996004730322074 0.0
765 109 1372.0 1173.0 156.76734613899998 0.0 1.49 0.09390055507367959 0.08840986469221808 False True -0.003005978168066083 3.6444302562135276 -0.07596289308901304 -1.6996004730322074 0.0
765 110 1376.0 1177.0 158.22083427399997 0.0 1.49 0.09390055507367959 0.09173058276298274 False True -0.003005978168066083 3.6444302562135276 -0.07596289308901304 -1.6996004730322074 0.0
765 111 1380.0 1181.0 159.67424490899998 0.0 1.49 0.09390055507367959 0.09660524788876453 False True -0.003005978168066083 3.6444302562135276 -0.07596289308901304 -1.6996004730322074 0.0
765 112 1392.0 1193.0 161.12856570000002 0.0 1.49 0.09390055507367959 0.09815781879185162 False True -0.003005978168066083 3.6444302562135276 -0.07596289308901304 -1.6996004730322074 0.0
765 113 1404.0 1205.0 162.58082491 0.0 1.49 0.09390055507367959 0.09984368828303909 False True -0.003005978168066083 3.6444302562135276 -0.07596289308901304 -1.6996004730322074 0.0
765 114 1416.0 1217.0 164.03475654899995 0.0 1.45 0.09984368828303909 0.10166270138820091 False True -0.003005978168066083 3.6444302562135276 -0.07596289308901304 -1.6996004730322074 0.0
765 115 1428.0 1229.0 165.48859342499998 0.0 1.45 0.09984368828303909 0.10361468981760485 False True -0.003005978168066083 3.6444302562135276 -0.07596289308901304 -1.6996004730322074 0.0
765 116 1440.0 1241.0 166.943794777 0.0 1.45 0.09984368828303909 0.09390055507367959 False True -0.003005978168066083 3.6444302562135276 -0.07596289308901304 -1.6996004730322074 0.0
765 117 1444.0 1245.0 168.397735947 0.0 1.45 0.09984368828303909 0.10569947198272864 False True -0.003005978168066083 3.6444302562135276 -0.07596289308901304 -1.6996004730322074 0.0
765 118 1456.0 1257.0 169.852233427 0.0 1.45 0.09984368828303909 0.10791685301443416 False True -0.003005978168066083 3.6444302562135276 -0.07596289308901304 -1.6996004730322074 0.0
765 119 1468.0 1269.0 171.317478393 0.0 1.45 0.09984368828303909 0.11026662478244041 False True -0.003005978168066083 3.6444302562135276 -0.07596289308901304 -1.6996004730322074 0.0
765 120 1480.0 1281.0 172.771295647 0.0 1.45 0.09984368828303909 0.1127485659161473 False True -0.003005978168066083 3.6444302562135276 -0.07596289308901304 -1.6996004730322074 0.0
765 121 1492.0 1293.0 174.22626582599997 0.0 1.49 0.09390055507367959 0.10791685301443416 False True -0.003005978168066083 3.6444302562135276 -0.07596289308901304 -1.6996004730322074 0.0
765 122 1496.0 1297.0 175.68214425499997 0.0 1.49 0.09390055507367959 0.09660524788876453 False True -0.003005978168066083 3.6444302562135276 -0.07596289308901304 -1.6996004730322074 0.0
765 123 1500.0 1301.0 177.13588862799998 0.0 1.49 0.09390055507367959 0.09660524788876453 False True -0.003005978168066083 3.6444302562135276 -0.07596289308901304 -1.6996004730322074 0.0
765 124 1504.0 1305.0 178.58988137699998 0.0 1.47 0.09660524788876453 0.09390055507367959 False True -0.003005978168066083 3.6444302562135276 -0.07596289308901304 -1.6996004730322074 0.0
765 125 1508.0 1309.0 180.04324643 0.0 1.49 0.09390055507367959 0.09984368828303909 False True -0.003005978168066083 3.6444302562135276 -0.07596289308901304 -1.6996004730322074 0.0
765 126 1512.0 1313.0 181.49052538 0.0 1.49 0.09390055507367959 0.0884355078304055 False True -0.003005978168066083 3.6444302562135276 -0.07596289308901304 -1.6996004730322074 0.0
765 127 1516.0 1317.0 182.942200744 0.0 1.49 0.09390055507367959 0.09173058276298274 False True -0.003005978168066083 3.6444302562135276 -0.07596289308901304 -1.6996004730322074 0.0
765 128 1520.0 1321.0 184.38458262199998 0.0 1.49 0.09390055507367959 0.11536244182676172 False True -0.003005978168066083 3.6444302562135276 -0.07596289308901304 -1.6996004730322074 0.0
765 129 1532.0 1333.0 185.83786646899995 0.0 1.3800000000000001 0.11536244182676172 0.1181080047307698 False True -0.003005978168066083 3.6444302562135276 -0.07596289308901304 -1.6996004730322074 0.0
765 130 1544.0 1345.0 187.29026178599992 0.0 1.3800000000000001 0.11536244182676172 0.12098499367470059 False True -0.003005978168066083 3.6444302562135276 -0.07596289308901304 -1.6996004730322074 0.0
765 131 1556.0 1357.0 188.73247711099992 0.0 1.3800000000000001 0.11536244182676172 0.1239931345612361 False True -0.003005978168066083 3.6444302562135276 -0.07596289308901304 -1.6996004730322074 0.0
765 132 1568.0 1369.0 190.18407595299993 0.0 1.3800000000000001 0.11536244182676172 0.12098499367470059 False True -0.003005978168066083 3.6444302562135276 -0.07596289308901304 -1.6996004730322074 0.0
765 133 1572.0 1373.0 191.6134200219999 0.0 1.3800000000000001 0.11536244182676172 0.09390055507367959 False True -0.003005978168066083 3.6444302562135276 -0.07596289308901304 -1.6996004730322074 0.0
765 134 1576.0 1377.0 193.0473731549999 0.0 1.49 0.09390055507367959 0.12713214017661026 False True -0.003005978168066083 3.6444302562135276 -0.07596289308901304 -1.6996004730322074 0.0
765 135 1588.0 1389.0 194.4830117589999 0.0 1.49 0.09390055507367959 0.13040171021933036 False True -0.003005978168066083 3.6444302562135276 -0.07596289308901304 -1.6996004730322074 0.0
765 136 1600.0 1401.0 195.90569003399992 0.0 1.49 0.09390055507367959 0.12713214017661026 False True -0.003005978168066083 3.6444302562135276 -0.07596289308901304 -1.6996004730322074 0.0
765 137 1604.0 1405.0 197.34077857999995 0.0 1.49 0.09390055507367959 0.1338015313302137 False True -0.003005978168066083 3.6444302562135276 -0.07596289308901304 -1.6996004730322074 0.0
765 138 1616.0 1417.0 198.77744187099995 0.0 1.49 0.09390055507367959 0.13733127712372056 False True -0.003005978168066083 3.6444302562135276 -0.07596289308901304 -1.6996004730322074 0.0
765 139 1628.0 1429.0 200.2161963869999 0.0 1.49 0.09390055507367959 0.12098499367470059 False True -0.003005978168066083 3.6444302562135276 -0.07596289308901304 -1.6996004730322074 0.0
765 140 1632.0 1433.0 201.65482894199994 0.0 1.49 0.09390055507367959 0.12098499367470059 False True -0.003005978168066083 3.6444302562135276 -0.07596289308901304 -1.6996004730322074 0.0
765 141 1636.0 1437.0 203.09211748799999 0.0 1.49 0.09390055507367959 0.14099060822058807 False True -0.003005978168066083 3.6444302562135276 -0.07596289308901304 -1.6996004730322074 0.0
765 142 1648.0 1449.0 204.529716892 0.0 1.49 0.09390055507367959 0.14477917228177453 False True -0.003005978168066083 3.6444302562135276 -0.07596289308901304 -1.6996004730322074 0.0
765 143 1660.0 1461.0 205.96929710400002 0.0 1.49 0.09390055507367959 0.14869660404369286 False True -0.003005978168066083 3.6444302562135276 -0.07596289308901304 -1.6996004730322074 0.0
765 144 1672.0 1473.0 207.40962098700004 0.0 1.49 0.09390055507367959 0.11536244182676172 False True -0.003005978168066083 3.6444302562135276 -0.07596289308901304 -1.6996004730322074 0.0
765 145 1676.0 1477.0 208.85888918800003 0.0 1.49 0.09390055507367959 0.09984368828303909 False True -0.003005978168066083 3.6444302562135276 -0.07596289308901304 -1.6996004730322074 0.0
765 146 1680.0 1481.0 210.29592817100007 0.0 1.49 0.09390055507367959 0.10791685301443416 False True -0.003005978168066083 3.6444302562135276 -0.07596289308901304 -1.6996004730322074 0.0
765 147 1684.0 1485.0 211.73353972400008 0.0 1.49 0.09390055507367959 0.1338015313302137 False True -0.003005978168066083 3.6444302562135276 -0.07596289308901304 -1.6996004730322074 0.0
765 148 1688.0 1489.0 213.17027281600008 0.0 1.56 0.0886495080729514 0.08947982703850053 False True -0.003005978168066083 3.6444302562135276 -0.07596289308901304 -1.6996004730322074 0.0
765 149 1692.0 1493.0 214.60722672600008 0.0 1.56 0.0886495080729514 0.1338015313302137 False True -0.003005978168066083 3.6444302562135276 -0.07596289308901304 -1.6996004730322074 0.0
765 150 1696.0 1497.0 216.04444840700006 0.0 1.56 0.0886495080729514 0.12098499367470059 False True -0.003005978168066083 3.6444302562135276 -0.07596289308901304 -1.6996004730322074 0.0
765 151 1700.0 1501.0 217.48163117500002 0.0 1.49 0.09390055507367959 0.09984368828303909 False True -0.003005978168066083 3.6444302562135276 -0.07596289308901304 -1.6996004730322074 0.0
765 152 1704.0 1505.0 218.917862372 0.0 1.49 0.09390055507367959 0.09084636235572832 False True -0.003005978168066083 3.6444302562135276 -0.07596289308901304 -1.6996004730322074 0.0
765 153 1708.0 1509.0 220.35665418400004 0.0 1.52 0.09084636235572832 0.0886495080729514 False True -0.003005978168066083 3.6444302562135276 -0.07596289308901304 -1.6996004730322074 0.0
765 154 1712.0 1513.0 221.80479973500002 0.0 1.52 0.09084636235572832 0.10569947198272864 False True -0.003005978168066083 3.6444302562135276 -0.07596289308901304 -1.6996004730322074 0.0
765 155 1716.0 1517.0 223.24328648099998 0.0 1.52 0.09084636235572832 0.09984368828303909 False True -0.003005978168066083 3.6444302562135276 -0.07596289308901304 -1.6996004730322074 0.0
765 156 1720.0 1521.0 224.68127203 0.0 1.52 0.09084636235572832 0.09984368828303909 False True -0.003005978168066083 3.6444302562135276 -0.07596289308901304 -1.6996004730322074 0.0
765 157 1724.0 1525.0 226.129947733 0.0 1.52 0.09084636235572832 0.0884355078304055 False True -0.003005978168066083 3.6444302562135276 -0.07596289308901304 -1.6996004730322074 0.0
765 158 1728.0 1529.0 227.56853064299997 0.0 1.49 0.09390055507367959 0.14477917228177453 False True -0.003005978168066083 3.6444302562135276 -0.07596289308901304 -1.6996004730322074 0.0
765 159 1732.0 1533.0 229.01731567299998 0.0 1.49 0.09390055507367959 0.1527425253547308 False True -0.003005978168066083 3.6444302562135276 -0.07596289308901304 -1.6996004730322074 0.0
765 160 1744.0 1545.0 230.45611796099996 0.0 1.49 0.09390055507367959 0.15691654521306936 False True -0.003005978168066083 3.6444302562135276 -0.07596289308901304 -1.6996004730322074 0.0
765 161 1756.0 1557.0 231.906298237 0.0 1.49 0.09390055507367959 0.09084636235572832 False True -0.003005978168066083 3.6444302562135276 -0.07596289308901304 -1.6996004730322074 0.0
765 162 1760.0 1561.0 233.34569428599997 0.0 1.49 0.09390055507367959 0.12098499367470059 False True -0.003005978168066083 3.6444302562135276 -0.07596289308901304 -1.6996004730322074 0.0
765 163 1764.0 1565.0 234.78331319699993 0.0 1.36 0.12098499367470059 0.09984368828303909 False True -0.003005978168066083 3.6444302562135276 -0.07596289308901304 -1.6996004730322074 0.0
765 164 1768.0 1569.0 236.2322444109999 0.0 1.49 0.09390055507367959 0.12098499367470059 False True -0.003005978168066083 3.6444302562135276 -0.07596289308901304 -1.6996004730322074 0.0
765 165 1772.0 1573.0 237.67093627399987 0.0 1.49 0.09390055507367959 0.08840986469221808 False True -0.003005978168066083 3.6444302562135276 -0.07596289308901304 -1.6996004730322074 0.0
765 166 1776.0 1577.0 239.10733211299987 0.0 1.49 0.09390055507367959 0.08840986469221808 False True -0.003005978168066083 3.6444302562135276 -0.07596289308901304 -1.6996004730322074 0.0
765 167 1780.0 1581.0 240.53594202599987 0.0 1.49 0.09390055507367959 0.08840986469221808 False True -0.003005978168066083 3.6444302562135276 -0.07596289308901304 -1.6996004730322074 0.0
765 168 1784.0 1585.0 241.97472304799987 0.0 1.49 0.09390055507367959 0.12713214017661026 False True -0.003005978168066083 3.6444302562135276 -0.07596289308901304 -1.6996004730322074 0.0
765 169 1788.0 1589.0 243.4217729489999 0.0 1.49 0.09390055507367959 0.1612182598057837 False True -0.003005978168066083 3.6444302562135276 -0.07596289308901304 -1.6996004730322074 0.0
765 170 1800.0 1601.0 244.85944296599985 0.0 1.25 0.1612182598057837 0.09390055507367959 False True -0.003005978168066083 3.6444302562135276 -0.07596289308901304 -1.6996004730322074 0.0
765 171 1804.0 1605.0 246.30952809599984 0.0 1.25 0.1612182598057837 0.09084636235572832 False True -0.003005978168066083 3.6444302562135276 -0.07596289308901304 -1.6996004730322074 0.0
765 172 1808.0 1609.0 247.7499762719998 0.0 1.25 0.1612182598057837 0.09084636235572832 False True -0.003005978168066083 3.6444302562135276 -0.07596289308901304 -1.6996004730322074 0.0
765 173 1812.0 1613.0 249.20160227299976 0.0 1.25 0.1612182598057837 0.1656472525492255 False True -0.003005978168066083 3.6444302562135276 -0.07596289308901304 -1.6996004730322074 0.0
765 174 1824.0 1625.0 250.6540537539998 0.0 1.25 0.1612182598057837 0.0886495080729514 False True -0.003005978168066083 3.6444302562135276 -0.07596289308901304 -1.6996004730322074 0.0
765 175 1828.0 1629.0 252.10778344899984 0.0 1.49 0.09390055507367959 0.17020309413067544 False True -0.003005978168066083 3.6444302562135276 -0.07596289308901304 -1.6996004730322074 0.0
765 176 1840.0 1641.0 253.56100434499984 0.0 1.49 0.09390055507367959 0.1748853425512801 False True -0.003005978168066083 3.6444302562135276 -0.07596289308901304 -1.6996004730322074 0.0
765 177 1852.0 1653.0 255.01383330299984 0.0 1.49 0.09390055507367959 0.1796935431702491 False True -0.003005978168066083 3.6444302562135276 -0.07596289308901304 -1.6996004730322074 0.0
765 178 1864.0 1665.0 256.4548723419998 0.0 1.49 0.09390055507367959 0.1846272287503225 False True -0.003005978168066083 3.6444302562135276 -0.07596289308901304 -1.6996004730322074 0.0
765 179 1876.0 1677.0 257.90542280499983 0.0 1.49 0.09390055507367959 0.18968591950448166 False True -0.003005978168066083 3.6444302562135276 -0.07596289308901304 -1.6996004730322074 0.0
765 180 1888.0 1689.0 259.3570162739999 0.0 1.49 0.09390055507367959 0.1948691231439495 False True -0.003005978168066083 3.6444302562135276 -0.07596289308901304 -1.6996004730322074 0.0
765 181 1900.0 1701.0 260.79762150999983 0.0 1.49 0.09390055507367959 0.20017633492739384 False True -0.003005978168066083 3.6444302562135276 -0.07596289308901304 -1.6996004730322074 0.0
765 182 1912.0 1713.0 262.2476395699998 0.0 1.49 0.09390055507367959 0.20560703771142688 False True -0.003005978168066083 3.6444302562135276 -0.07596289308901304 -1.6996004730322074 0.0
765 183 1924.0 1725.0 263.68800610999983 0.0 1.45 0.09984368828303909 0.17020309413067544 False True -0.003005978168066083 3.6444302562135276 -0.07596289308901304 -1.6996004730322074 0.0
765 184 1928.0 1729.0 265.13832699799985 0.0 1.56 0.0886495080729514 0.08840986469221808 False True -0.003005978168066083 3.6444302562135276 -0.07596289308901304 -1.6996004730322074 0.0
765 185 1932.0 1733.0 266.5795091749998 0.0 1.59 0.08840986469221808 0.1846272287503225 False True -0.003005978168066083 3.6444302562135276 -0.07596289308901304 -1.6996004730322074 0.0
765 186 1936.0 1737.0 268.03017631799986 0.0 1.59 0.08840986469221808 0.09784304399196828 False True -0.003005978168066083 3.6444302562135276 -0.07596289308901304 -1.6996004730322074 0.0
765 187 1940.0 1741.0 269.47914117099987 0.0 1.59 0.08840986469221808 0.09784304399196828 False True -0.003005978168066083 3.6444302562135276 -0.07596289308901304 -1.6996004730322074 0.0
765 188 1944.0 1745.0 270.91839128499987 0.0 1.59 0.08840986469221808 0.09984368828303909 False True -0.003005978168066083 3.6444302562135276 -0.07596289308901304 -1.6996004730322074 0.0
765 189 1948.0 1749.0 272.36949613899986 0.0 1.59 0.08840986469221808 0.09984368828303909 False True -0.003005978168066083 3.6444302562135276 -0.07596289308901304 -1.6996004730322074 0.0
765 190 1952.0 1753.0 273.80738730699983 0.0 1.59 0.08840986469221808 0.2111607020022963 False True -0.003005978168066083 3.6444302562135276 -0.07596289308901304 -1.6996004730322074 0.0
765 191 1964.0 1765.0 275.2570853969998 0.0 1.59 0.08840986469221808 0.09009608997901308 False True -0.003005978168066083 3.6444302562135276 -0.07596289308901304 -1.6996004730322074 0.0
765 192 1968.0 1769.0 276.6939260559998 0.0 1.59 0.08840986469221808 0.09984368828303909 False True -0.003005978168066083 3.6444302562135276 -0.07596289308901304 -1.6996004730322074 0.0
765 193 1972.0 1773.0 278.13221723899983 0.0 1.59 0.08840986469221808 0.09984368828303909 False True -0.003005978168066083 3.6444302562135276 -0.07596289308901304 -1.6996004730322074 0.0
765 194 1976.0 1777.0 279.58233429499984 0.0 1.59 0.08840986469221808 0.11536244182676172 False True -0.003005978168066083 3.6444302562135276 -0.07596289308901304 -1.6996004730322074 0.0
765 195 1980.0 1781.0 281.0220854949998 0.0 1.59 0.08840986469221808 0.09274867639906208 False True -0.003005978168066083 3.6444302562135276 -0.07596289308901304 -1.6996004730322074 0.0
765 196 1984.0 1785.0 282.47156883399987 0.0 1.59 0.08840986469221808 0.10791685301443416 False True -0.003005978168066083 3.6444302562135276 -0.07596289308901304 -1.6996004730322074 0.0
765 197 1988.0 1789.0 283.92086206699986 0.0 1.59 0.08840986469221808 0.10791685301443416 False True -0.003005978168066083 3.6444302562135276 -0.07596289308901304 -1.6996004730322074 0.0
765 198 1992.0 1793.0 285.36132457899987 0.0 1.59 0.08840986469221808 0.08859819710397843 False True -0.003005978168066083 3.6444302562135276 -0.07596289308901304 -1.6996004730322074 0.0
765 199 1996.0 1797.0 286.8116103529999 0.0 1.59 0.08840986469221808 0.09660524788876453 False True -0.003005978168066083 3.6444302562135276 -0.07596289308901304 -1.6996004730322074 0.0
765 200 2000.0 1801.0 288.2480115989999 0.0 1.59 0.08840986469221808 0.09631774417394114 False True -0.003005978168066083 3.6444302562135276 -0.07596289308901304 -1.6996004730322074 0.0
765 201 2004.0 1805.0 289.6750120659999 0.0 1.59 0.08840986469221808 0.08859819710397843 False True -0.003005978168066083 3.6444302562135276 -0.07596289308901304 -1.6996004730322074 0.0
765 202 2008.0 1809.0 291.1061101739999 0.0 1.49 0.09390055507367959 0.1338015313302137 False True -0.003005978168066083 3.6444302562135276 -0.07596289308901304 -1.6996004730322074 0.0
765 203 2012.0 1813.0 292.5378397689999 0.0 1.49 0.09390055507367959 0.08996738048797129 False True -0.003005978168066083 3.6444302562135276 -0.07596289308901304 -1.6996004730322074 0.0
765 204 2016.0 1817.0 293.9597057069999 0.0 1.49 0.09390055507367959 0.08996738048797129 False True -0.003005978168066083 3.6444302562135276 -0.07596289308901304 -1.6996004730322074 0.0
765 205 2020.0 1821.0 295.3917320329999 0.0 1.49 0.09390055507367959 0.1612182598057837 False True -0.003005978168066083 3.6444302562135276 -0.07596289308901304 -1.6996004730322074 0.0
765 206 2024.0 1825.0 296.8148641159999 0.0 1.49 0.09390055507367959 0.10527241194702419 False True -0.003005978168066083 3.6444302562135276 -0.07596289308901304 -1.6996004730322074 0.0
765 207 2028.0 1829.0 298.2461743829999 0.0 1.49 0.09390055507367959 0.20017633492739384 False True -0.003005978168066083 3.6444302562135276 -0.07596289308901304 -1.6996004730322074 0.0
765 208 2032.0 1833.0 299.66009790999993 0.0 1.56 0.0886495080729514 0.12098499367470059 False True -0.003005978168066083 3.6444302562135276 -0.07596289308901304 -1.6996004730322074 0.0
765 209 2036.0 1837.0 301.0937769919999 0.0 1.9000000000000001 0.1559619273253599 0.12098499367470059 False True -0.003005978168066083 3.6444302562135276 -0.07596289308901304 -1.6996004730322074 0.0
765 210 2040.0 1841.0 302.5143644749999 0.0 1.9000000000000001 0.1559619273253599 0.09660524788876453 False True -0.003005978168066083 3.6444302562135276 -0.07596289308901304 -1.6996004730322074 0.0
765 211 2044.0 1845.0 303.92915327299994 0.0 1.9000000000000001 0.1559619273253599 0.1948691231439495 False True -0.003005978168066083 3.6444302562135276 -0.07596289308901304 -1.6996004730322074 0.0
765 212 2048.0 1849.0 305.35584570699996 0.0 1.49 0.09390055507367959 0.12098499367470059 False True -0.003005978168066083 3.6444302562135276 -0.07596289308901304 -1.6996004730322074 0.0
765 213 2052.0 1853.0 306.769279032 0.0 1.59 0.08840986469221808 0.09084636235572832 False True -0.003005978168066083 3.6444302562135276 -0.07596289308901304 -1.6996004730322074 0.0
765 214 2056.0 1857.0 308.173684501 0.0 1.59 0.08840986469221808 0.1612182598057837 False True -0.003005978168066083 3.6444302562135276 -0.07596289308901304 -1.6996004730322074 0.0
765 215 2060.0 1861.0 309.589632101 0.0 1.59 0.08840986469221808 0.1948691231439495 False True -0.003005978168066083 3.6444302562135276 -0.07596289308901304 -1.6996004730322074 0.0
765 216 2064.0 1865.0 311.004668703 0.0 1.9000000000000001 0.1559619273253599 0.14477917228177453 False True -0.003005978168066083 3.6444302562135276 -0.07596289308901304 -1.6996004730322074 0.0
765 217 2068.0 1869.0 312.421404747 0.0 1.9000000000000001 0.1559619273253599 0.09492561351131146 False True -0.003005978168066083 3.6444302562135276 -0.07596289308901304 -1.6996004730322074 0.0
765 218 2072.0 1873.0 313.837879434 0.0 1.49 0.09390055507367959 0.08996738048797129 False True -0.003005978168066083 3.6444302562135276 -0.07596289308901304 -1.6996004730322074 0.0
765 219 2076.0 1877.0 315.255437408 0.0 1.49 0.09390055507367959 0.12098499367470059 False True -0.003005978168066083 3.6444302562135276 -0.07596289308901304 -1.6996004730322074 0.0
765 220 2080.0 1881.0 316.673118492 0.0 1.36 0.12098499367470059 0.09984368828303909 False True -0.003005978168066083 3.6444302562135276 -0.07596289308901304 -1.6996004730322074 0.0
765 221 2084.0 1885.0 318.07937086400005 0.0 1.36 0.12098499367470059 0.0884355078304055 False True -0.003005978168066083 3.6444302562135276 -0.07596289308901304 -1.6996004730322074 0.0
765 222 2088.0 1889.0 319.49556777500004 0.0 1.49 0.09390055507367959 0.11026662478244041 False True -0.003005978168066083 3.6444302562135276 -0.07596289308901304 -1.6996004730322074 0.0
765 223 2092.0 1893.0 320.91561358300004 0.0 1.49 0.09390055507367959 0.1338015313302137 False True -0.003005978168066083 3.6444302562135276 -0.07596289308901304 -1.6996004730322074 0.0
765 224 2096.0 1897.0 322.34593573000006 0.0 1.49 0.09390055507367959 0.1338015313302137 False True -0.003005978168066083 3.6444302562135276 -0.07596289308901304 -1.6996004730322074 0.0
765 225 2100.0 1901.0 323.74949143200007 0.0 1.49 0.09390055507367959 0.08937700757458901 False True -0.003005978168066083 3.6444302562135276 -0.07596289308901304 -1.6996004730322074 0.0
765 226 2104.0 1905.0 325.15479234900005 0.0 1.49 0.09390055507367959 0.08937700757458901 False True -0.003005978168066083 3.6444302562135276 -0.07596289308901304 -1.6996004730322074 0.0
765 227 2108.0 1909.0 326.57092403700005 0.0 1.49 0.09390055507367959 0.08937700757458901 False True -0.003005978168066083 3.6444302562135276 -0.07596289308901304 -1.6996004730322074 0.0
765 228 2112.0 1913.0 327.96647508700005 0.0 1.49 0.09390055507367959 0.08947982703850053 False True -0.003005978168066083 3.6444302562135276 -0.07596289308901304 -1.6996004730322074 0.0
765 229 2116.0 1917.0 329.34240337700004 0.0 1.49 0.09390055507367959 0.10569947198272864 False True -0.003005978168066083 3.6444302562135276 -0.07596289308901304 -1.6996004730322074 0.0
765 230 2120.0 1921.0 330.72750615900003 0.0 1.49 0.09390055507367959 0.09173058276298274 False True -0.003005978168066083 3.6444302562135276 -0.07596289308901304 -1.6996004730322074 0.0
765 231 2124.0 1925.0 332.12425893600005 0.0 1.49 0.09390055507367959 0.0884355078304055 False True -0.003005978168066083 3.6444302562135276 -0.07596289308901304 -1.6996004730322074 0.0
765 232 2128.0 1929.0 333.521368369 0.0 1.49 0.09390055507367959 0.0884355078304055 False True -0.003005978168066083 3.6444302562135276 -0.07596289308901304 -1.6996004730322074 0.0
765 233 2132.0 1933.0 334.91071004800006 0.0 1.57 0.0884355078304055 0.0886495080729514 False True -0.003005978168066083 3.6444302562135276 -0.07596289308901304 -1.6996004730322074 0.0
765 234 2136.0 1937.0 336.31166134500006 0.0 1.57 0.0884355078304055 0.09084636235572832 False True -0.003005978168066083 3.6444302562135276 -0.07596289308901304 -1.6996004730322074 0.0
765 235 2140.0 1941.0 337.7130729450001 0.0 1.57 0.0884355078304055 0.09084636235572832 False True -0.003005978168066083 3.6444302562135276 -0.07596289308901304 -1.6996004730322074 0.0
765 236 2144.0 1945.0 339.1143010920001 0.0 1.57 0.0884355078304055 0.09084636235572832 False True -0.003005978168066083 3.6444302562135276 -0.07596289308901304 -1.6996004730322074 0.0
765 237 2148.0 1949.0 340.5154374380001 0.0 1.57 0.0884355078304055 0.1785378572343332 False True -0.003005978168066083 3.6444302562135276 -0.07596289308901304 -1.6996004730322074 0.0
765 238 2152.0 1953.0 341.91709261800014 0.0 1.49 0.09390055507367959 0.0884355078304055 False True -0.003005978168066083 3.6444302562135276 -0.07596289308901304 -1.6996004730322074 0.0
765 239 2156.0 1957.0 343.3290933610001 0.0 1.49 0.09390055507367959 0.1338015313302137 False True -0.003005978168066083 3.6444302562135276 -0.07596289308901304 -1.6996004730322074 0.0
765 240 2160.0 1961.0 344.7304285770001 0.0 1.49 0.09390055507367959 0.1338015313302137 False True -0.003005978168066083 3.6444302562135276 -0.07596289308901304 -1.6996004730322074 0.0
765 241 2164.0 1965.0 346.1319044510001 0.0 1.49 0.09390055507367959 0.1338015313302137 False True -0.003005978168066083 3.6444302562135276 -0.07596289308901304 -1.6996004730322074 0.0
765 242 2168.0 1969.0 347.53400681400007 0.0 1.49 0.09390055507367959 0.1338015313302137 False True -0.003005978168066083 3.6444302562135276 -0.07596289308901304 -1.6996004730322074 0.0
765 243 2172.0 1973.0 348.93504787000006 0.0 1.49 0.09390055507367959 0.1338015313302137 False True -0.003005978168066083 3.6444302562135276 -0.07596289308901304 -1.6996004730322074 0.0
765 244 2176.0 1977.0 350.33601476100006 0.0 1.49 0.09390055507367959 0.08947982703850053 False True -0.003005978168066083 3.6444302562135276 -0.07596289308901304 -1.6996004730322074 0.0
765 245 2180.0 1981.0 351.7364900440001 0.0 1.49 0.09390055507367959 0.08947982703850053 False True -0.003005978168066083 3.6444302562135276 -0.07596289308901304 -1.6996004730322074 0.0
765 246 2184.0 1985.0 353.1353772230001 0.0 1.49 0.09390055507367959 0.1846272287503225 False True -0.003005978168066083 3.6444302562135276 -0.07596289308901304 -1.6996004730322074 0.0
765 247 2188.0 1989.0 354.53323168100013 0.0 1.49 0.09390055507367959 0.14477917228177453 False True -0.003005978168066083 3.6444302562135276 -0.07596289308901304 -1.6996004730322074 0.0
765 248 2192.0 1993.0 355.9312532460001 0.0 1.49 0.09390055507367959 0.1338015313302137 False True -0.003005978168066083 3.6444302562135276 -0.07596289308901304 -1.6996004730322074 0.0
765 249 2196.0 1997.0 357.3260937560001 0.0 1.49 0.09390055507367959 0.22110972996273856 False True -0.003005978168066083 3.6444302562135276 -0.07596289308901304 -1.6996004730322074 0.0
