972 0 400.0 200.99999999999997 1.1517361389999792 0.0 1.9000000000000001 0.1735524549629767 0.16894971079279658 False True -0.0013132874844240443 3.3863973072987985 -0.14559243251070722 -1.5378478604425418 0.0
972 1 412.0 212.99999999999997 2.3516434649999667 0.0 1.8900000000000001 0.16894971079279658 0.1735524549629767 False True -0.0013132874844240443 3.3863973072987985 -0.14559243251070722 -1.5378478604425418 0.0
972 2 416.0 216.99999999999994 3.5510448109999686 0.0 1.8900000000000001 0.16894971079279658 0.1735524549629767 False True -0.0013132874844240443 3.3863973072987985 -0.14559243251070722 -1.5378478604425418 0.0
972 3 420.0 220.99999999999994 4.767834102999984 0.0 1.8900000000000001 0.16894971079279658 0.1735524549629767 False True -0.0013132874844240443 3.3863973072987985 -0.14559243251070722 -1.5378478604425418 0.0
972 4 424.0 224.99999999999994 5.966984610999987 0.0 1.8900000000000001 0.16894971079279658 0.17829643184449961 False True -0.0013132874844240443 3.3863973072987985 -0.14559243251070722 -1.5378478604425418 0.0
972 5 436.0 236.99999999999994 7.166553960999977 0.0 1.8900000000000001 0.16894971079279658 0.17829643184449961 False True -0.0013132874844240443 3.3863973072987985 -0.14559243251070722 -1.5378478604425418 0.0
972 6 440.0 240.99999999999994 8.374622064999954 0.0 1.8900000000000001 0.16894971079279658 0.17829643184449961 False True -0.0013132874844240443 3.3863973072987985 -0.14559243251070722 -1.5378478604425418 0.0
972 7 444.0 244.99999999999994 9.57473230599993 0.0 1.8900000000000001 0.16894971079279658 0.17829643184449961 False True -0.0013132874844240443 3.3863973072987985 -0.14559243251070722 -1.5378478604425418 0.0
972 8 448.0 248.99999999999994 10.773898400999911 0.0 1.8900000000000001 0.16894971079279658 0.16448867481794857 False True -0.0013132874844240443 3.3863973072987985 -0.14559243251070722 -1.5378478604425418 0.0
972 9 460.0 260.99999999999994 11.974160610999917 0.0 1.8900000000000001 0.16894971079279658 0.16016980835020128 False True -0.0013132874844240443 3.3863973072987985 -0.14559243251070722 -1.5378478604425418 0.0
972 10 472.0 272.99999999999994 13.175104396999927 0.0 1.87 0.16016980835020128 0.1559935584829672 False True -0.0013132874844240443 3.3863973072987985 -0.14559243251070722 -1.5378478604425418 0.0
972 11 484.0 284.99999999999994 14.385365399999927 0.0 1.87 0.16016980835020128 0.18318115182870434 False True -0.0013132874844240443 3.3863973072987985 -0.14559243251070722 -1.5378478604425418 0.0
972 12 496.0 296.99999999999994 15.585240055999918 0.0 1.87 0.16016980835020128 0.15196035804659344 False True -0.0013132874844240443 3.3863973072987985 -0.14559243251070722 -1.5378478604425418 0.0
972 13 508.0 308.99999999999994 16.774918518999925 0.0 1.87 0.16016980835020128 0.16448867481794857 False True -0.0013132874844240443 3.3863973072987985 -0.14559243251070722 -1.5378478604425418 0.0
972 14 512.0 312.99999999999994 17.97406163699992 0.0 1.87 0.16016980835020128 0.16448867481794857 False True -0.0013132874844240443 3.3863973072987985 -0.14559243251070722 -1.5378478604425418 0.0
972 15 516.0 316.99999999999994 19.17475700299994 0.0 1.87 0.16016980835020128 0.16448867481794857 False True -0.0013132874844240443 3.3863973072987985 -0.14559243251070722 -1.5378478604425418 0.0
972 16 520.0 320.99999999999994 20.393598625999942 0.0 1.87 0.16016980835020128 0.16448867481794857 False True -0.0013132874844240443 3.3863973072987985 -0.14559243251070722 -1.5378478604425418 0.0
972 17 524.0 324.99999999999994 21.594150939999963 0.0 1.87 0.16016980835020128 0.16894971079279658 False True -0.0013132874844240443 3.3863973072987985 -0.14559243251070722 -1.5378478604425418 0.0
972 18 528.0 328.99999999999994 22.794196339999957 0.0 1.87 0.16016980835020128 0.16894971079279658 False True -0.0013132874844240443 3.3863973072987985 -0.14559243251070722 -1.5378478604425418 0.0
972 19 532.0 332.99999999999994 24.00765858799994 0.0 1.87 0.16016980835020128 0.16894971079279658 False True -0.0013132874844240443 3.3863973072987985 -0.14559243251070722 -1.5378478604425418 0.0
972 20 536.0 336.99999999999994 25.21111783999993 0.0 1.8900000000000001 0.16894971079279658 0.16016980835020128 False True -0.0013132874844240443 3.3863973072987985 -0.14559243251070722 -1.5378478604425418 0.0
972 21 540.0 340.99999999999994 26.41245347499992 0.0 1.8900000000000001 0.16894971079279658 0.16016980835020128 False True -0.0013132874844240443 3.3863973072987985 -0.14559243251070722 -1.5378478604425418 0.0
972 22 544.0 344.99999999999994 27.613105282999925 0.0 1.87 0.16016980835020128 0.16894971079279658 False True -0.0013132874844240443 3.3863973072987985 -0.14559243251070722 -1.5378478604425418 0.0
972 23 548.0 348.99999999999994 28.824333100999922 0.0 1.87 0.16016980835020128 0.16894971079279658 False True -0.0013132874844240443 3.3863973072987985 -0.14559243251070722 -1.5378478604425418 0.0
972 24 552.0 352.99999999999994 30.02665330599993 0.0 1.9100000000000001 0.17829643184449961 0.16894971079279658 False True -0.0013132874844240443 3.3863973072987985 -0.14559243251070722 -1.5378478604425418 0.0
972 25 556.0 356.99999999999994 31.22823118599993 0.0 1.9100000000000001 0.17829643184449961 0.1559935584829672 False True -0.0013132874844240443 3.3863973072987985 -0.14559243251070722 -1.5378478604425418 0.0
972 26 560.0 360.99999999999994 32.42822050499993 0.0 1.87 0.16016980835020128 0.16448867481794857 False True -0.0013132874844240443 3.3863973072987985 -0.14559243251070722 -1.5378478604425418 0.0
972 27 564.0 364.99999999999994 33.63042081599991 0.0 1.87 0.16016980835020128 0.16448867481794857 False True -0.0013132874844240443 3.3863973072987985 -0.14559243251070722 -1.5378478604425418 0.0
972 28 568.0 368.99999999999994 34.83163076699989 0.0 1.87 0.16016980835020128 0.16894971079279658 False True -0.0013132874844240443 3.3863973072987985 -0.14559243251070722 -1.5378478604425418 0.0
972 29 572.0 372.99999999999994 36.032598695999894 0.0 1.87 0.16016980835020128 0.1559935584829672 False True -0.0013132874844240443 3.3863973072987985 -0.14559243251070722 -1.5378478604425418 0.0
972 30 576.0 376.99999999999994 37.24530808599988 0.0 1.87 0.16016980835020128 0.16894971079279658 False True -0.0013132874844240443 3.3863973072987985 -0.14559243251070722 -1.5378478604425418 0.0
972 31 580.0 380.99999999999994 38.44874282199987 0.0 1.87 0.16016980835020128 0.16894971079279658 False True -0.0013132874844240443 3.3863973072987985 -0.14559243251070722 -1.5378478604425418 0.0
972 32 584.0 384.99999999999994 39.664061237999874 0.0 1.8900000000000001 0.16894971079279658 0.16016980835020128 False True -0.0013132874844240443 3.3863973072987985 -0.14559243251070722 -1.5378478604425418 0.0
972 33 588.0 388.99999999999994 40.888299422999864 0.0 1.8900000000000001 0.16894971079279658 0.16016980835020128 False True -0.0013132874844240443 3.3863973072987985 -0.14559243251070722 -1.5378478604425418 0.0
972 34 592.0 392.99999999999994 42.10479653499985 0.0 1.87 0.16016980835020128 0.16894971079279658 False True -0.0013132874844240443 3.3863973072987985 -0.14559243251070722 -1.5378478604425418 0.0
972 35 596.0 396.99999999999994 43.324612289999834 0.0 1.8900000000000001 0.16894971079279658 0.16016980835020128 False True -0.0013132874844240443 3.3863973072987985 -0.14559243251070722 -1.5378478604425418 0.0
972 36 600.0 400.99999999999994 44.538689412999844 0.0 1.8900000000000001 0.16894971079279658 0.16016980835020128 False True -0.0013132874844240443 3.3863973072987985 -0.14559243251070722 -1.5378478604425418 0.0
972 37 604.0 404.99999999999994 45.74928924199983 0.0 1.8900000000000001 0.16894971079279658 0.16016980835020128 False True -0.0013132874844240443 3.3863973072987985 -0.14559243251070722 -1.5378478604425418 0.0
972 38 608.0 408.99999999999994 46.97051645599984 0.0 1.8900000000000001 0.16894971079279658 0.16016980835020128 False True -0.0013132874844240443 3.3863973072987985 -0.14559243251070722 -1.5378478604425418 0.0
972 39 612.0 412.99999999999994 61.855307287999864 0.0 1.8900000000000001 0.16894971079279658 0.16016980835020128 False True -0.0013132874844240443 3.3863973072987985 -0.14559243251070722 -1.5378478604425418 0.0
972 40 616.0 416.99999999999994 65.03583164199986 0.0 1.8900000000000001 0.16894971079279658 0.16016980835020128 False True -0.0013132874844240443 3.3863973072987985 -0.14559243251070722 -1.5378478604425418 0.0
972 41 620.0 420.99999999999994 67.56335942899986 0.0 1.8900000000000001 0.16894971079279658 0.16016980835020128 False True -0.0013132874844240443 3.3863973072987985 -0.14559243251070722 -1.5378478604425418 0.0
972 42 624.0 424.99999999999994 69.84391736099985 0.0 1.8900000000000001 0.16894971079279658 0.16016980835020128 False True -0.0013132874844240443 3.3863973072987985 -0.14559243251070722 -1.5378478604425418 0.0
972 43 628.0 428.99999999999994 72.01656740299984 0.0 1.8900000000000001 0.16894971079279658 0.16016980835020128 False True -0.0013132874844240443 3.3863973072987985 -0.14559243251070722 -1.5378478604425418 0.0
972 44 632.0 432.99999999999994 74.07536933999984 0.0 1.8900000000000001 0.16894971079279658 0.16016980835020128 False True -0.0013132874844240443 3.3863973072987985 -0.14559243251070722 -1.5378478604425418 0.0
972 45 636.0 436.99999999999994 76.01794763399982 0.0 1.8900000000000001 0.16894971079279658 0.16016980835020128 False True -0.0013132874844240443 3.3863973072987985 -0.14559243251070722 -1.5378478604425418 0.0
972 46 640.0 440.99999999999994 77.90590283199984 0.0 1.8900000000000001 0.16894971079279658 0.16016980835020128 False True -0.0013132874844240443 3.3863973072987985 -0.14559243251070722 -1.5378478604425418 0.0
972 47 644.0 444.99999999999994 79.69840870199985 0.0 1.8900000000000001 0.16894971079279658 0.16016980835020128 False True -0.0013132874844240443 3.3863973072987985 -0.14559243251070722 -1.5378478604425418 0.0
972 48 648.0 448.99999999999994 81.42824056199984 0.0 1.8900000000000001 0.16894971079279658 0.16016980835020128 False True -0.0013132874844240443 3.3863973072987985 -0.14559243251070722 -1.5378478604425418 0.0
972 49 652.0 452.99999999999994 83.11699684699985 0.0 1.8900000000000001 0.16894971079279658 0.16016980835020128 False True -0.0013132874844240443 3.3863973072987985 -0.14559243251070722 -1.5378478604425418 0.0
972 50 656.0 456.99999999999994 84.77001940599988 0.0 1.8900000000000001 0.16894971079279658 0.16016980835020128 False True -0.0013132874844240443 3.3863973072987985 -0.14559243251070722 -1.5378478604425418 0.0
972 51 660.0 460.99999999999994 86.39465246999987 0.0 1.8900000000000001 0.16894971079279658 0.16016980835020128 False True -0.0013132874844240443 3.3863973072987985 -0.14559243251070722 -1.5378478604425418 0.0
972 52 664.0 464.99999999999994 87.97434003099985 0.0 1.87 0.16016980835020128 0.16894971079279658 False True -0.0013132874844240443 3.3863973072987985 -0.14559243251070722 -1.5378478604425418 0.0
972 53 668.0 468.99999999999994 89.53034958599986 0.0 1.8900000000000001 0.16894971079279658 0.16016980835020128 False True -0.0013132874844240443 3.3863973072987985 -0.14559243251070722 -1.5378478604425418 0.0
972 54 672.0 472.99999999999994 91.05055394799987 0.0 1.87 0.16016980835020128 0.16894971079279658 False True -0.0013132874844240443 3.3863973072987985 -0.14559243251070722 -1.5378478604425418 0.0
972 55 676.0 476.99999999999994 92.53648755199987 0.0 1.8900000000000001 0.16894971079279658 0.16016980835020128 False True -0.0013132874844240443 3.3863973072987985 -0.14559243251070722 -1.5378478604425418 0.0
972 56 680.0 480.99999999999994 94.00175247799984 0.0 1.8900000000000001 0.16894971079279658 0.16016980835020128 False True -0.0013132874844240443 3.3863973072987985 -0.14559243251070722 -1.5378478604425418 0.0
972 57 684.0 484.99999999999994 95.44692737999986 0.0 1.8900000000000001 0.16894971079279658 0.16016980835020128 False True -0.0013132874844240443 3.3863973072987985 -0.14559243251070722 -1.5378478604425418 0.0
972 58 688.0 488.99999999999994 96.86804100999987 0.0 1.8900000000000001 0.16894971079279658 0.14807062556509248 False True -0.0013132874844240443 3.3863973072987985 -0.14559243251070722 -1.5378478604425418 0.0
972 59 700.0 500.99999999999994 98.24862237399986 0.0 1.8900000000000001 0.16894971079279658 0.1443247652142674 False True -0.0013132874844240443 3.3863973072987985 -0.14559243251070722 -1.5378478604425418 0.0
972 60 712.0 513.0 99.63221198999986 0.0 1.83 0.1443247652142674 0.14072316678131935 False True -0.0013132874844240443 3.3863973072987985 -0.14559243251070722 -1.5378478604425418 0.0
972 61 724.0 525.0 100.98761931699985 0.0 1.83 0.1443247652142674 0.13726620562584974 False True -0.0013132874844240443 3.3863973072987985 -0.14559243251070722 -1.5378478604425418 0.0
972 62 736.0 537.0 102.32489494799987 0.0 1.83 0.1443247652142674 0.14072316678131935 False True -0.0013132874844240443 3.3863973072987985 -0.14559243251070722 -1.5378478604425418 0.0
972 63 740.0 541.0 103.67461490499988 0.0 1.83 0.1443247652142674 0.13395424264233394 False True -0.0013132874844240443 3.3863973072987985 -0.14559243251070722 -1.5378478604425418 0.0
972 64 752.0 553.0 104.98877805599989 0.0 1.83 0.1443247652142674 0.13726620562584974 False True -0.0013132874844240443 3.3863973072987985 -0.14559243251070722 -1.5378478604425418 0.0
972 65 756.0 557.0 106.28295923499985 0.0 1.83 0.1443247652142674 0.13726620562584974 False True -0.0013132874844240443 3.3863973072987985 -0.14559243251070722 -1.5378478604425418 0.0
972 66 760.0 561.0 107.5652049799998 0.0 1.83 0.1443247652142674 0.13726620562584974 False True -0.0013132874844240443 3.3863973072987985 -0.14559243251070722 -1.5378478604425418 0.0
972 67 764.0 565.0 108.84143760799981 0.0 1.83 0.1443247652142674 0.13078762422403475 False True -0.0013132874844240443 3.3863973072987985 -0.14559243251070722 -1.5378478604425418 0.0
972 68 776.0 577.0 110.09837411699982 0.0 1.83 0.1443247652142674 0.12776668222835566 False True -0.0013132874844240443 3.3863973072987985 -0.14559243251070722 -1.5378478604425418 0.0
972 69 788.0 589.0 111.3414622749998 0.0 1.83 0.1443247652142674 0.12489173394366022 False True -0.0013132874844240443 3.3863973072987985 -0.14559243251070722 -1.5378478604425418 0.0
972 70 800.0 601.0 112.57939527299982 0.0 1.83 0.1443247652142674 0.12489173394366022 False True -0.0013132874844240443 3.3863973072987985 -0.14559243251070722 -1.5378478604425418 0.0
972 71 804.0 605.0 113.81624026899982 0.0 1.77 0.12489173394366022 0.1443247652142674 False True -0.0013132874844240443 3.3863973072987985 -0.14559243251070722 -1.5378478604425418 0.0
972 72 808.0 609.0 115.0402158719998 0.0 1.83 0.1443247652142674 0.12216308205754466 False True -0.0013132874844240443 3.3863973072987985 -0.14559243251070722 -1.5378478604425418 0.0
972 73 820.0 621.0 116.27452115599976 0.0 1.83 0.1443247652142674 0.11958101462656724 False True -0.0013132874844240443 3.3863973072987985 -0.14559243251070722 -1.5378478604425418 0.0
972 74 832.0 633.0 117.49521804999978 0.0 1.83 0.1443247652142674 0.12216308205754466 False True -0.0013132874844240443 3.3863973072987985 -0.14559243251070722 -1.5378478604425418 0.0
972 75 836.0 637.0 118.70081927299975 0.0 1.83 0.1443247652142674 0.12216308205754466 False True -0.0013132874844240443 3.3863973072987985 -0.14559243251070722 -1.5378478604425418 0.0
972 76 840.0 641.0 119.91539111599974 0.0 1.83 0.1443247652142674 0.11714580504744145 False True -0.0013132874844240443 3.3863973072987985 -0.14559243251070722 -1.5378478604425418 0.0
972 77 852.0 653.0 121.1157625679997 0.0 1.74 0.11714580504744145 0.1443247652142674 False True -0.0013132874844240443 3.3863973072987985 -0.14559243251070722 -1.5378478604425418 0.0
972 78 856.0 657.0 122.31483326499972 0.0 1.74 0.11714580504744145 0.1443247652142674 False True -0.0013132874844240443 3.3863973072987985 -0.14559243251070722 -1.5378478604425418 0.0
972 79 860.0 661.0 123.51740267699972 0.0 1.83 0.1443247652142674 0.11485771202970188 False True -0.0013132874844240443 3.3863973072987985 -0.14559243251070722 -1.5378478604425418 0.0
972 80 872.0 673.0 124.7166130759997 0.0 1.83 0.1443247652142674 0.11485771202970188 False True -0.0013132874844240443 3.3863973072987985 -0.14559243251070722 -1.5378478604425418 0.0
972 81 876.0 677.0 125.9325629379997 0.0 1.73 0.11485771202970188 0.11714580504744145 False True -0.0013132874844240443 3.3863973072987985 -0.14559243251070722 -1.5378478604425418 0.0
972 82 880.0 681.0 127.13666241699968 0.0 1.74 0.11714580504744145 0.1443247652142674 False True -0.0013132874844240443 3.3863973072987985 -0.14559243251070722 -1.5378478604425418 0.0
972 83 884.0 685.0 128.35231673399971 0.0 1.74 0.11714580504744145 0.11271697956982858 False True -0.0013132874844240443 3.3863973072987985 -0.14559243251070722 -1.5378478604425418 0.0
972 84 896.0 697.0 129.55631318699972 0.0 1.74 0.11714580504744145 0.1443247652142674 False True -0.0013132874844240443 3.3863973072987985 -0.14559243251070722 -1.5378478604425418 0.0
972 85 900.0 701.0 130.76033718399975 0.0 1.74 0.11714580504744145 0.11485771202970188 False True -0.0013132874844240443 3.3863973072987985 -0.14559243251070722 -1.5378478604425418 0.0
972 86 904.0 705.0 131.97453358599972 0.0 1.83 0.1443247652142674 0.11485771202970188 False True -0.0013132874844240443 3.3863973072987985 -0.14559243251070722 -1.5378478604425418 0.0
972 87 908.0 709.0 133.1774169789997 0.0 1.83 0.1443247652142674 0.11485771202970188 False True -0.0013132874844240443 3.3863973072987985 -0.14559243251070722 -1.5378478604425418 0.0
972 88 912.0 713.0 134.3933053819997 0.0 1.83 0.1443247652142674 0.11072383692684953 False True -0.0013132874844240443 3.3863973072987985 -0.14559243251070722 -1.5378478604425418 0.0
972 89 924.0 725.0 135.59520030799968 0.0 1.71 0.11072383692684953 0.1443247652142674 False True -0.0013132874844240443 3.3863973072987985 -0.14559243251070722 -1.5378478604425418 0.0
972 90 928.0 729.0 136.81907172799964 0.0 1.83 0.1443247652142674 0.10887849859941728 False True -0.0013132874844240443 3.3863973072987985 -0.14559243251070722 -1.5378478604425418 0.0
972 91 940.0 741.0 138.03226176199962 0.0 1.83 0.1443247652142674 0.107181164304356 False True -0.0013132874844240443 3.3863973072987985 -0.14559243251070722 -1.5378478604425418 0.0
972 92 952.0 753.0 139.2372276369996 0.0 1.83 0.1443247652142674 0.11714580504744145 False True -0.0013132874844240443 3.3863973072987985 -0.14559243251070722 -1.5378478604425418 0.0
972 93 956.0 757.0 140.4388953009996 0.0 1.74 0.11714580504744145 0.1443247652142674 False True -0.0013132874844240443 3.3863973072987985 -0.14559243251070722 -1.5378478604425418 0.0
972 94 960.0 761.0 141.6522772539996 0.0 1.74 0.11714580504744145 0.13395424264233394 False True -0.0013132874844240443 3.3863973072987985 -0.14559243251070722 -1.5378478604425418 0.0
972 95 964.0 765.0 142.87019372499964 0.0 1.8 0.13395424264233394 0.11714580504744145 False True -0.0013132874844240443 3.3863973072987985 -0.14559243251070722 -1.5378478604425418 0.0
972 96 968.0 769.0 144.07447619899966 0.0 1.8 0.13395424264233394 0.11958101462656724 False True -0.0013132874844240443 3.3863973072987985 -0.14559243251070722 -1.5378478604425418 0.0
972 97 972.0 773.0 145.27947270299967 0.0 1.8 0.13395424264233394 0.11958101462656724 False True -0.0013132874844240443 3.3863973072987985 -0.14559243251070722 -1.5378478604425418 0.0
972 98 976.0 777.0 146.47968990399966 0.0 1.8 0.13395424264233394 0.11958101462656724 False True -0.0013132874844240443 3.3863973072987985 -0.14559243251070722 -1.5378478604425418 0.0
972 99 980.0 781.0 147.69126380499966 0.0 1.8 0.13395424264233394 0.11958101462656724 False True -0.0013132874844240443 3.3863973072987985 -0.14559243251070722 -1.5378478604425418 0.0
972 100 984.0 785.0 148.89409211399965 0.0 1.83 0.1443247652142674 0.13395424264233394 False True -0.0013132874844240443 3.3863973072987985 -0.14559243251070722 -1.5378478604425418 0.0
972 101 988.0 789.0 150.09499158599965 0.0 1.74 0.11714580504744145 0.11485771202970188 False True -0.0013132874844240443 3.3863973072987985 -0.14559243251070722 -1.5378478604425418 0.0
972 102 992.0 793.0 151.29596623799966 0.0 1.74 0.11714580504744145 0.11485771202970188 False True -0.0013132874844240443 3.3863973072987985 -0.14559243251070722 -1.5378478604425418 0.0
972 103 996.0 797.0 152.49445840399966 0.0 1.74 0.11714580504744145 0.12216308205754466 False True -0.0013132874844240443 3.3863973072987985 -0.14559243251070722 -1.5378478604425418 0.0
972 104 1000.0 801.0 153.6953505739997 0.0 1.74 0.11714580504744145 0.10563201895669311 False True -0.0013132874844240443 3.3863973072987985 -0.14559243251070722 -1.5378478604425418 0.0
972 105 1012.0 813.0 154.89683969699968 0.0 1.74 0.11714580504744145 0.10423123265116407 False True -0.0013132874844240443 3.3863973072987985 -0.14559243251070722 -1.5378478604425418 0.0
972 106 1024.0 825.0 156.10989201699965 0.0 1.6700000000000002 0.10423123265116407 0.10297896064520709 False True -0.0013132874844240443 3.3863973072987985 -0.14559243251070722 -1.5378478604425418 0.0
972 107 1036.0 837.0 157.31020718499963 0.0 1.74 0.11714580504744145 0.10423123265116407 False True -0.0013132874844240443 3.3863973072987985 -0.14559243251070722 -1.5378478604425418 0.0
972 108 1040.0 841.0 158.51076912499963 0.0 1.6700000000000002 0.10423123265116407 0.11714580504744145 False True -0.0013132874844240443 3.3863973072987985 -0.14559243251070722 -1.5378478604425418 0.0
972 109 1044.0 845.0 159.70968367899962 0.0 1.74 0.11714580504744145 0.10423123265116407 False True -0.0013132874844240443 3.3863973072987985 -0.14559243251070722 -1.5378478604425418 0.0
972 110 1048.0 849.0 160.91251070199962 0.0 1.74 0.11714580504744145 0.10187534334343744 False True -0.0013132874844240443 3.3863973072987985 -0.14559243251070722 -1.5378478604425418 0.0
972 111 1060.0 861.0 162.11268482999964 0.0 1.74 0.11714580504744145 0.10297896064520709 False True -0.0013132874844240443 3.3863973072987985 -0.14559243251070722 -1.5378478604425418 0.0
972 112 1064.0 865.0 163.31342263199963 0.0 1.6600000000000001 0.10297896064520709 0.14072316678131935 False True -0.0013132874844240443 3.3863973072987985 -0.14559243251070722 -1.5378478604425418 0.0
972 113 1068.0 869.0 164.51727559099965 0.0 1.6500000000000001 0.10187534334343744 0.10297896064520709 False True -0.0013132874844240443 3.3863973072987985 -0.14559243251070722 -1.5378478604425418 0.0
972 114 1072.0 873.0 165.72714244599968 0.0 1.74 0.11714580504744145 0.10423123265116407 False True -0.0013132874844240443 3.3863973072987985 -0.14559243251070722 -1.5378478604425418 0.0
972 115 1076.0 877.0 166.93100929299965 0.0 1.74 0.11714580504744145 0.11072383692684953 False True -0.0013132874844240443 3.3863973072987985 -0.14559243251070722 -1.5378478604425418 0.0
972 116 1080.0 881.0 168.1443394619996 0.0 1.74 0.11714580504744145 0.10092050628360393 False True -0.0013132874844240443 3.3863973072987985 -0.14559243251070722 -1.5378478604425418 0.0
972 117 1092.0 893.0 169.35603850799959 0.0 1.74 0.11714580504744145 0.10011456012403822 False True -0.0013132874844240443 3.3863973072987985 -0.14559243251070722 -1.5378478604425418 0.0
972 118 1104.0 905.0 170.5704663179996 0.0 1.74 0.11714580504744145 0.09945760063258881 False True -0.0013132874844240443 3.3863973072987985 -0.14559243251070722 -1.5378478604425418 0.0
972 119 1116.0 917.0 171.7879156829996 0.0 1.62 0.09945760063258881 0.09894970867704403 False True -0.0013132874844240443 3.3863973072987985 -0.14559243251070722 -1.5378478604425418 0.0
972 120 1128.0 929.0 173.0047842709996 0.0 1.62 0.09945760063258881 0.11714580504744145 False True -0.0013132874844240443 3.3863973072987985 -0.14559243251070722 -1.5378478604425418 0.0
972 121 1132.0 933.0 174.23001817799963 0.0 1.62 0.09945760063258881 0.11714580504744145 False True -0.0013132874844240443 3.3863973072987985 -0.14559243251070722 -1.5378478604425418 0.0
972 122 1136.0 937.0 175.44451086699962 0.0 1.74 0.11714580504744145 0.09945760063258881 False True -0.0013132874844240443 3.3863973072987985 -0.14559243251070722 -1.5378478604425418 0.0
972 123 1140.0 941.0 176.6623265769996 0.0 1.74 0.11714580504744145 0.09945760063258881 False True -0.0013132874844240443 3.3863973072987985 -0.14559243251070722 -1.5378478604425418 0.0
972 124 1144.0 945.0 177.86451116899963 0.0 1.74 0.11714580504744145 0.13726620562584974 False True -0.0013132874844240443 3.3863973072987985 -0.14559243251070722 -1.5378478604425418 0.0
972 125 1148.0 949.0 179.06907394099966 0.0 1.74 0.11714580504744145 0.13726620562584974 False True -0.0013132874844240443 3.3863973072987985 -0.14559243251070722 -1.5378478604425418 0.0
972 126 1152.0 953.0 180.28189805799963 0.0 1.74 0.11714580504744145 0.12216308205754466 False True -0.0013132874844240443 3.3863973072987985 -0.14559243251070722 -1.5378478604425418 0.0
972 127 1156.0 957.0 181.48656173099965 0.0 1.74 0.11714580504744145 0.13395424264233394 False True -0.0013132874844240443 3.3863973072987985 -0.14559243251070722 -1.5378478604425418 0.0
972 128 1160.0 961.0 182.70237468399966 0.0 1.83 0.1443247652142674 0.12216308205754466 False True -0.0013132874844240443 3.3863973072987985 -0.14559243251070722 -1.5378478604425418 0.0
972 129 1164.0 965.0 183.90589494299968 0.0 1.62 0.09945760063258881 0.12216308205754466 False True -0.0013132874844240443 3.3863973072987985 -0.14559243251070722 -1.5378478604425418 0.0
972 130 1168.0 969.0 185.1239899419997 0.0 1.76 0.12216308205754466 0.09945760063258881 False True -0.0013132874844240443 3.3863973072987985 -0.14559243251070722 -1.5378478604425418 0.0
972 131 1172.0 973.0 186.32443571199968 0.0 1.62 0.09945760063258881 0.12216308205754466 False True -0.0013132874844240443 3.3863973072987985 -0.14559243251070722 -1.5378478604425418 0.0
972 132 1176.0 977.0 187.5263121699997 0.0 1.62 0.09945760063258881 0.12216308205754466 False True -0.0013132874844240443 3.3863973072987985 -0.14559243251070722 -1.5378478604425418 0.0
972 133 1180.0 981.0 188.72545266299971 0.0 1.62 0.09945760063258881 0.12216308205754466 False True -0.0013132874844240443 3.3863973072987985 -0.14559243251070722 -1.5378478604425418 0.0
972 134 1184.0 985.0 189.9289898019997 0.0 1.62 0.09945760063258881 0.11958101462656724 False True -0.0013132874844240443 3.3863973072987985 -0.14559243251070722 -1.5378478604425418 0.0
972 135 1188.0 989.0 191.14001213999973 0.0 1.62 0.09945760063258881 0.13726620562584974 False True -0.0013132874844240443 3.3863973072987985 -0.14559243251070722 -1.5378478604425418 0.0
972 136 1192.0 993.0 192.33972119599974 0.0 1.62 0.09945760063258881 0.13726620562584974 False True -0.0013132874844240443 3.3863973072987985 -0.14559243251070722 -1.5378478604425418 0.0
972 137 1196.0 997.0 193.53947653199975 0.0 1.62 0.09945760063258881 0.13726620562584974 False True -0.0013132874844240443 3.3863973072987985 -0.14559243251070722 -1.5378478604425418 0.0
972 138 1200.0 1001.0 194.74006916299976 0.0 1.62 0.09945760063258881 0.13726620562584974 False True -0.0013132874844240443 3.3863973072987985 -0.14559243251070722 -1.5378478604425418 0.0
972 139 1204.0 1005.0 195.94542571799974 0.0 1.62 0.09945760063258881 0.13726620562584974 False True -0.0013132874844240443 3.3863973072987985 -0.14559243251070722 -1.5378478604425418 0.0
972 140 1208.0 1009.0 211.43613366399973 0.0 1.62 0.09945760063258881 0.13726620562584974 False True -0.0013132874844240443 3.3863973072987985 -0.14559243251070722 -1.5378478604425418 0.0
972 141 1212.0 1013.0 214.62963380399975 0.0 1.62 0.09945760063258881 0.11271697956982858 False True -0.0013132874844240443 3.3863973072987985 -0.14559243251070722 -1.5378478604425418 0.0
972 142 1216.0 1017.0 217.15846627099978 0.0 1.62 0.09945760063258881 0.11271697956982858 False True -0.0013132874844240443 3.3863973072987985 -0.14559243251070722 -1.5378478604425418 0.0
972 143 1220.0 1021.0 219.45955596899978 0.0 1.62 0.09945760063258881 0.11271697956982858 False True -0.0013132874844240443 3.3863973072987985 -0.14559243251070722 -1.5378478604425418 0.0
972 144 1224.0 1025.0 221.5912603399998 0.0 1.62 0.09945760063258881 0.12489173394366022 False True -0.0013132874844240443 3.3863973072987985 -0.14559243251070722 -1.5378478604425418 0.0
972 145 1228.0 1029.0 223.60221696899976 0.0 1.62 0.09945760063258881 0.12489173394366022 False True -0.0013132874844240443 3.3863973072987985 -0.14559243251070722 -1.5378478604425418 0.0
972 146 1232.0 1033.0 225.4892333299997 0.0 1.62 0.09945760063258881 0.12489173394366022 False True -0.0013132874844240443 3.3863973072987985 -0.14559243251070722 -1.5378478604425418 0.0
972 147 1236.0 1037.0 227.30535132499972 0.0 1.62 0.09945760063258881 0.10011456012403822 False True -0.0013132874844240443 3.3863973072987985 -0.14559243251070722 -1.5378478604425418 0.0
972 148 1240.0 1041.0 229.0743578519997 0.0 1.62 0.09945760063258881 0.10011456012403822 False True -0.0013132874844240443 3.3863973072987985 -0.14559243251070722 -1.5378478604425418 0.0
972 149 1244.0 1045.0 230.7735095649997 0.0 1.62 0.09945760063258881 0.13078762422403475 False True -0.0013132874844240443 3.3863973072987985 -0.14559243251070722 -1.5378478604425418 0.0
972 150 1248.0 1049.0 232.4430981579997 0.0 1.62 0.09945760063258881 0.13078762422403475 False True -0.0013132874844240443 3.3863973072987985 -0.14559243251070722 -1.5378478604425418 0.0
972 151 1252.0 1053.0 234.08295662999973 0.0 1.62 0.09945760063258881 0.13078762422403475 False True -0.0013132874844240443 3.3863973072987985 -0.14559243251070722 -1.5378478604425418 0.0
972 152 1256.0 1057.0 235.70719156599972 0.0 1.62 0.09945760063258881 0.12216308205754466 False True -0.0013132874844240443 3.3863973072987985 -0.14559243251070722 -1.5378478604425418 0.0
972 153 1260.0 1061.0 237.2842278869997 0.0 1.62 0.09945760063258881 0.13395424264233394 False True -0.0013132874844240443 3.3863973072987985 -0.14559243251070722 -1.5378478604425418 0.0
972 154 1264.0 1065.0 238.83750645099974 0.0 1.62 0.09945760063258881 0.10423123265116407 False True -0.0013132874844240443 3.3863973072987985 -0.14559243251070722 -1.5378478604425418 0.0
972 155 1268.0 1069.0 240.34452297899975 0.0 1.62 0.09945760063258881 0.10423123265116407 False True -0.0013132874844240443 3.3863973072987985 -0.14559243251070722 -1.5378478604425418 0.0
972 156 1272.0 1073.0 241.83801564399977 0.0 1.62 0.09945760063258881 0.12776668222835566 False True -0.0013132874844240443 3.3863973072987985 -0.14559243251070722 -1.5378478604425418 0.0
972 157 1276.0 1077.0 243.29089170799978 0.0 1.62 0.09945760063258881 0.13726620562584974 False True -0.0013132874844240443 3.3863973072987985 -0.14559243251070722 -1.5378478604425418 0.0
972 158 1280.0 1081.0 244.73313109199978 0.0 1.62 0.09945760063258881 0.11271697956982858 False True -0.0013132874844240443 3.3863973072987985 -0.14559243251070722 -1.5378478604425418 0.0
972 159 1284.0 1085.0 246.15588847899977 0.0 1.62 0.09945760063258881 0.12216308205754466 False True -0.0013132874844240443 3.3863973072987985 -0.14559243251070722 -1.5378478604425418 0.0
972 160 1288.0 1089.0 247.55046486199979 0.0 1.76 0.12216308205754466 0.09945760063258881 False True -0.0013132874844240443 3.3863973072987985 -0.14559243251070722 -1.5378478604425418 0.0
972 161 1292.0 1093.0 248.92158999699978 0.0 1.76 0.12216308205754466 0.09945760063258881 False True -0.0013132874844240443 3.3863973072987985 -0.14559243251070722 -1.5378478604425418 0.0
972 162 1296.0 1097.0 250.2883540739998 0.0 1.76 0.12216308205754466 0.09945760063258881 False True -0.0013132874844240443 3.3863973072987985 -0.14559243251070722 -1.5378478604425418 0.0
972 163 1300.0 1101.0 251.63844081699983 0.0 1.76 0.12216308205754466 0.09945760063258881 False True -0.0013132874844240443 3.3863973072987985 -0.14559243251070722 -1.5378478604425418 0.0
972 164 1304.0 1105.0 252.97267786599986 0.0 1.76 0.12216308205754466 0.09945760063258881 False True -0.0013132874844240443 3.3863973072987985 -0.14559243251070722 -1.5378478604425418 0.0
972 165 1308.0 1109.0 254.29047163399986 0.0 1.76 0.12216308205754466 0.09945760063258881 False True -0.0013132874844240443 3.3863973072987985 -0.14559243251070722 -1.5378478604425418 0.0
972 166 1312.0 1113.0 255.60137606899985 0.0 1.76 0.12216308205754466 0.09945760063258881 False True -0.0013132874844240443 3.3863973072987985 -0.14559243251070722 -1.5378478604425418 0.0
972 167 1316.0 1117.0 256.90410634899985 0.0 1.76 0.12216308205754466 0.09945760063258881 False True -0.0013132874844240443 3.3863973072987985 -0.14559243251070722 -1.5378478604425418 0.0
972 168 1320.0 1121.0 258.18748991999985 0.0 1.76 0.12216308205754466 0.09945760063258881 False True -0.0013132874844240443 3.3863973072987985 -0.14559243251070722 -1.5378478604425418 0.0
972 169 1324.0 1125.0 259.4515690809999 0.0 1.76 0.12216308205754466 0.09945760063258881 False True -0.0013132874844240443 3.3863973072987985 -0.14559243251070722 -1.5378478604425418 0.0
972 170 1328.0 1129.0 260.72200013399987 0.0 1.76 0.12216308205754466 0.09945760063258881 False True -0.0013132874844240443 3.3863973072987985 -0.14559243251070722 -1.5378478604425418 0.0
972 171 1332.0 1133.0 261.9783315319999 0.0 1.76 0.12216308205754466 0.09945760063258881 False True -0.0013132874844240443 3.3863973072987985 -0.14559243251070722 -1.5378478604425418 0.0
972 172 1336.0 1137.0 263.22196012999996 0.0 1.76 0.12216308205754466 0.09945760063258881 False True -0.0013132874844240443 3.3863973072987985 -0.14559243251070722 -1.5378478604425418 0.0
972 173 1340.0 1141.0 264.462334013 0.0 1.76 0.12216308205754466 0.09945760063258881 False True -0.0013132874844240443 3.3863973072987985 -0.14559243251070722 -1.5378478604425418 0.0
972 174 1344.0 1145.0 265.699986337 0.0 1.76 0.12216308205754466 0.09945760063258881 False True -0.0013132874844240443 3.3863973072987985 -0.14559243251070722 -1.5378478604425418 0.0
972 175 1348.0 1149.0 266.93599745 0.0 1.76 0.12216308205754466 0.10887849859941728 False True -0.0013132874844240443 3.3863973072987985 -0.14559243251070722 -1.5378478604425418 0.0
972 176 1352.0 1153.0 268.16111499 0.0 1.76 0.12216308205754466 0.10887849859941728 False True -0.0013132874844240443 3.3863973072987985 -0.14559243251070722 -1.5378478604425418 0.0
972 177 1356.0 1157.0 269.39311990199997 0.0 1.76 0.12216308205754466 0.12489173394366022 False True -0.0013132874844240443 3.3863973072987985 -0.14559243251070722 -1.5378478604425418 0.0
972 178 1360.0 1161.0 270.61328253999994 0.0 1.76 0.12216308205754466 0.09945760063258881 False True -0.0013132874844240443 3.3863973072987985 -0.14559243251070722 -1.5378478604425418 0.0
972 179 1364.0 1165.0 271.82069651099994 0.0 1.76 0.12216308205754466 0.11485771202970188 False True -0.0013132874844240443 3.3863973072987985 -0.14559243251070722 -1.5378478604425418 0.0
972 180 1368.0 1169.0 273.03690161099996 0.0 1.76 0.12216308205754466 0.1882061112312123 False True -0.0013132874844240443 3.3863973072987985 -0.14559243251070722 -1.5378478604425418 0.0
972 181 1380.0 1181.0 274.254468031 0.0 1.93 0.1882061112312123 0.19337079234229462 False True -0.0013132874844240443 3.3863973072987985 -0.14559243251070722 -1.5378478604425418 0.0
972 182 1392.0 1193.0 275.477470894 0.0 1.93 0.1882061112312123 0.12216308205754466 False True -0.0013132874844240443 3.3863973072987985 -0.14559243251070722 -1.5378478604425418 0.0
972 183 1396.0 1197.0 276.69298883500005 0.0 1.76 0.12216308205754466 0.19867466347865273 False True -0.0013132874844240443 3.3863973072987985 -0.14559243251070722 -1.5378478604425418 0.0
972 184 1408.0 1209.0 277.9004189870001 0.0 1.95 0.19867466347865273 0.20411717903657514 False True -0.0013132874844240443 3.3863973072987985 -0.14559243251070722 -1.5378478604425418 0.0
972 185 1420.0 1221.0 279.1324338670001 0.0 1.95 0.19867466347865273 0.2096977795465047 False True -0.0013132874844240443 3.3863973072987985 -0.14559243251070722 -1.5378478604425418 0.0
972 186 1432.0 1233.0 280.35202509300007 0.0 1.95 0.19867466347865273 0.215415891728982 False True -0.0013132874844240443 3.3863973072987985 -0.14559243251070722 -1.5378478604425418 0.0
972 187 1444.0 1245.0 281.5754561120001 0.0 1.95 0.19867466347865273 0.2096977795465047 False True -0.0013132874844240443 3.3863973072987985 -0.14559243251070722 -1.5378478604425418 0.0
972 188 1448.0 1249.0 282.7944244020001 0.0 1.95 0.19867466347865273 0.2096977795465047 False True -0.0013132874844240443 3.3863973072987985 -0.14559243251070722 -1.5378478604425418 0.0
972 189 1452.0 1253.0 284.0097005550001 0.0 1.97 0.2096977795465047 0.19867466347865273 False True -0.0013132874844240443 3.3863973072987985 -0.14559243251070722 -1.5378478604425418 0.0
972 190 1456.0 1257.0 285.2276601130001 0.0 1.97 0.2096977795465047 0.12216308205754466 False True -0.0013132874844240443 3.3863973072987985 -0.14559243251070722 -1.5378478604425418 0.0
972 191 1460.0 1261.0 286.44621691600014 0.0 1.76 0.12216308205754466 0.19867466347865273 False True -0.0013132874844240443 3.3863973072987985 -0.14559243251070722 -1.5378478604425418 0.0
972 192 1464.0 1265.0 287.65424390200013 0.0 1.95 0.19867466347865273 0.12216308205754466 False True -0.0013132874844240443 3.3863973072987985 -0.14559243251070722 -1.5378478604425418 0.0
972 193 1468.0 1269.0 288.87898934600014 0.0 1.95 0.19867466347865273 0.2212709285519649 False True -0.0013132874844240443 3.3863973072987985 -0.14559243251070722 -1.5378478604425418 0.0
972 194 1480.0 1281.0 290.0888228330001 0.0 1.95 0.19867466347865273 0.22726228928954792 False True -0.0013132874844240443 3.3863973072987985 -0.14559243251070722 -1.5378478604425418 0.0
972 195 1492.0 1293.0 291.32489166300013 0.0 1.95 0.19867466347865273 0.23338935958202361 False True -0.0013132874844240443 3.3863973072987985 -0.14559243251070722 -1.5378478604425418 0.0
972 196 1504.0 1305.0 292.54452395000015 0.0 1.95 0.19867466347865273 0.12216308205754466 False True -0.0013132874844240443 3.3863973072987985 -0.14559243251070722 -1.5378478604425418 0.0
972 197 1508.0 1309.0 293.75095903000016 0.0 1.76 0.12216308205754466 0.2096977795465047 False True -0.0013132874844240443 3.3863973072987985 -0.14559243251070722 -1.5378478604425418 0.0
972 198 1512.0 1313.0 294.96978820500016 0.0 1.76 0.12216308205754466 0.22726228928954792 False True -0.0013132874844240443 3.3863973072987985 -0.14559243251070722 -1.5378478604425418 0.0
972 199 1516.0 1317.0 296.1868169830002 0.0 1.76 0.12216308205754466 0.22726228928954792 False True -0.0013132874844240443 3.3863973072987985 -0.14559243251070722 -1.5378478604425418 0.0
972 200 1520.0 1321.0 297.4037884390002 0.0 1.76 0.12216308205754466 0.23965151149731165 False True -0.0013132874844240443 3.3863973072987985 -0.14559243251070722 -1.5378478604425418 0.0
972 201 1532.0 1333.0 298.6115130650002 0.0 1.76 0.12216308205754466 0.2460481035937696 False True -0.0013132874844240443 3.3863973072987985 -0.14559243251070722 -1.5378478604425418 0.0
972 202 1544.0 1345.0 299.83036412500024 0.0 1.76 0.12216308205754466 0.25257848098431623 False True -0.0013132874844240443 3.3863973072987985 -0.14559243251070722 -1.5378478604425418 0.0
972 203 1556.0 1357.0 301.04859480100026 0.0 1.76 0.12216308205754466 0.19867466347865273 False True -0.0013132874844240443 3.3863973072987985 -0.14559243251070722 -1.5378478604425418 0.0
972 204 1560.0 1361.0 302.26793939700025 0.0 1.76 0.12216308205754466 0.1882061112312123 False True -0.0013132874844240443 3.3863973072987985 -0.14559243251070722 -1.5378478604425418 0.0
972 205 1564.0 1365.0 303.48574311800024 0.0 1.76 0.12216308205754466 0.2096977795465047 False True -0.0013132874844240443 3.3863973072987985 -0.14559243251070722 -1.5378478604425418 0.0
972 206 1568.0 1369.0 304.69222452100024 0.0 1.76 0.12216308205754466 0.1882061112312123 False True -0.0013132874844240443 3.3863973072987985 -0.14559243251070722 -1.5378478604425418 0.0
972 207 1572.0 1373.0 305.91145206600027 0.0 1.76 0.12216308205754466 0.25924197540193594 False True -0.0013132874844240443 3.3863973072987985 -0.14559243251070722 -1.5378478604425418 0.0
972 208 1584.0 1385.0 307.1291969010003 0.0 1.76 0.12216308205754466 0.2660379052664933 False True -0.0013132874844240443 3.3863973072987985 -0.14559243251070722 -1.5378478604425418 0.0
972 209 1596.0 1397.0 308.34680126400025 0.0 1.76 0.12216308205754466 0.27296557575289715 False True -0.0013132874844240443 3.3863973072987985 -0.14559243251070722 -1.5378478604425418 0.0
972 210 1608.0 1409.0 309.56439011100025 0.0 1.76 0.12216308205754466 0.2800242788605823 False True -0.0013132874844240443 3.3863973072987985 -0.14559243251070722 -1.5378478604425418 0.0
972 211 1620.0 1421.0 310.78475800800027 0.0 1.76 0.12216308205754466 0.2872132934842986 False True -0.0013132874844240443 3.3863973072987985 -0.14559243251070722 -1.5378478604425418 0.0
972 212 1632.0 1433.0 312.00441846600023 0.0 1.76 0.12216308205754466 0.29453188548623616 False True -0.0013132874844240443 3.3863973072987985 -0.14559243251070722 -1.5378478604425418 0.0
972 213 1644.0 1445.0 313.22305877500025 0.0 1.76 0.12216308205754466 0.19867466347865273 False True -0.0013132874844240443 3.3863973072987985 -0.14559243251070722 -1.5378478604425418 0.0
972 214 1648.0 1449.0 314.4436315200003 0.0 1.76 0.12216308205754466 0.19867466347865273 False True -0.0013132874844240443 3.3863973072987985 -0.14559243251070722 -1.5378478604425418 0.0
972 215 1652.0 1453.0 315.6631152050003 0.0 1.76 0.12216308205754466 0.19867466347865273 False True -0.0013132874844240443 3.3863973072987985 -0.14559243251070722 -1.5378478604425418 0.0
972 216 1656.0 1457.0 316.8824804690003 0.0 1.76 0.12216308205754466 0.19867466347865273 False True -0.0013132874844240443 3.3863973072987985 -0.14559243251070722 -1.5378478604425418 0.0
972 217 1660.0 1461.0 318.0903096780003 0.0 1.76 0.12216308205754466 0.19867466347865273 False True -0.0013132874844240443 3.3863973072987985 -0.14559243251070722 -1.5378478604425418 0.0
972 218 1664.0 1465.0 319.31051732800034 0.0 1.76 0.12216308205754466 0.1882061112312123 False True -0.0013132874844240443 3.3863973072987985 -0.14559243251070722 -1.5378478604425418 0.0
972 219 1668.0 1469.0 320.53243320500036 0.0 1.76 0.12216308205754466 0.22726228928954792 False True -0.0013132874844240443 3.3863973072987985 -0.14559243251070722 -1.5378478604425418 0.0
972 220 1672.0 1473.0 321.74817697100036 0.0 1.76 0.12216308205754466 0.19867466347865273 False True -0.0013132874844240443 3.3863973072987985 -0.14559243251070722 -1.5378478604425418 0.0
972 221 1676.0 1477.0 322.96865964600033 0.0 1.76 0.12216308205754466 0.2660379052664933 False True -0.0013132874844240443 3.3863973072987985 -0.14559243251070722 -1.5378478604425418 0.0
972 222 1680.0 1481.0 324.18753997400034 0.0 1.76 0.12216308205754466 0.2660379052664933 False True -0.0013132874844240443 3.3863973072987985 -0.14559243251070722 -1.5378478604425418 0.0
972 223 1684.0 1485.0 325.40622037800034 0.0 1.76 0.12216308205754466 0.2660379052664933 False True -0.0013132874844240443 3.3863973072987985 -0.14559243251070722 -1.5378478604425418 0.0
972 224 1688.0 1489.0 326.6278001560003 0.0 1.76 0.12216308205754466 0.2660379052664933 False True -0.0013132874844240443 3.3863973072987985 -0.14559243251070722 -1.5378478604425418 0.0
972 225 1692.0 1493.0 327.84576116600033 0.0 1.76 0.12216308205754466 0.2660379052664933 False True -0.0013132874844240443 3.3863973072987985 -0.14559243251070722 -1.5378478604425418 0.0
972 226 1696.0 1497.0 329.0638933950003 0.0 1.76 0.12216308205754466 0.2660379052664933 False True -0.0013132874844240443 3.3863973072987985 -0.14559243251070722 -1.5378478604425418 0.0
972 227 1700.0 1501.0 330.28319483700034 0.0 1.76 0.12216308205754466 0.2660379052664933 False True -0.0013132874844240443 3.3863973072987985 -0.14559243251070722 -1.5378478604425418 0.0
972 228 1704.0 1505.0 331.5019264250003 0.0 1.76 0.12216308205754466 0.2660379052664933 False True -0.0013132874844240443 3.3863973072987985 -0.14559243251070722 -1.5378478604425418 0.0
972 229 1708.0 1509.0 332.7203136080003 0.0 2.0599999999999996 0.2660379052664933 0.12216308205754466 False True -0.0013132874844240443 3.3863973072987985 -0.14559243251070722 -1.5378478604425418 0.0
972 230 1712.0 1513.0 333.92768345300027 0.0 1.76 0.12216308205754466 0.2660379052664933 False True -0.0013132874844240443 3.3863973072987985 -0.14559243251070722 -1.5378478604425418 0.0
972 231 1716.0 1517.0 335.14684767400024 0.0 1.76 0.12216308205754466 0.2660379052664933 False True -0.0013132874844240443 3.3863973072987985 -0.14559243251070722 -1.5378478604425418 0.0
972 232 1720.0 1521.0 336.36595468300027 0.0 1.76 0.12216308205754466 0.2660379052664933 False True -0.0013132874844240443 3.3863973072987985 -0.14559243251070722 -1.5378478604425418 0.0
972 233 1724.0 1525.0 337.5859729910003 0.0 1.76 0.12216308205754466 0.2660379052664933 False True -0.0013132874844240443 3.3863973072987985 -0.14559243251070722 -1.5378478604425418 0.0
972 234 1728.0 1529.0 338.80484567500025 0.0 1.76 0.12216308205754466 0.2660379052664933 False True -0.0013132874844240443 3.3863973072987985 -0.14559243251070722 -1.5378478604425418 0.0
972 235 1732.0 1533.0 340.02211637800025 0.0 2.0599999999999996 0.2660379052664933 0.12216308205754466 False True -0.0013132874844240443 3.3863973072987985 -0.14559243251070722 -1.5378478604425418 0.0
972 236 1736.0 1537.0 341.24195617700025 0.0 1.76 0.12216308205754466 0.10423123265116407 False True -0.0013132874844240443 3.3863973072987985 -0.14559243251070722 -1.5378478604425418 0.0
972 237 1740.0 1541.0 342.4485038670002 0.0 1.76 0.12216308205754466 0.10423123265116407 False True -0.0013132874844240443 3.3863973072987985 -0.14559243251070722 -1.5378478604425418 0.0
972 238 1744.0 1545.0 343.66258797500024 0.0 1.76 0.12216308205754466 0.10423123265116407 False True -0.0013132874844240443 3.3863973072987985 -0.14559243251070722 -1.5378478604425418 0.0
972 239 1748.0 1549.0 344.8817165870002 0.0 1.6700000000000002 0.10423123265116407 0.12216308205754466 False True -0.0013132874844240443 3.3863973072987985 -0.14559243251070722 -1.5378478604425418 0.0
972 240 1752.0 1553.0 359.4254503890002 0.0 1.76 0.12216308205754466 0.10423123265116407 False True -0.0013132874844240443 3.3863973072987985 -0.14559243251070722 -1.5378478604425418 0.0
972 241 1756.0 1557.0 363.7508579950002 0.0 1.6700000000000002 0.10423123265116407 0.12216308205754466 False True -0.0013132874844240443 3.3863973072987985 -0.14559243251070722 -1.5378478604425418 0.0
972 242 1760.0 1561.0 366.56514934000023 0.0 1.76 0.12216308205754466 0.10423123265116407 False True -0.0013132874844240443 3.3863973072987985 -0.14559243251070722 -1.5378478604425418 0.0
972 243 1764.0 1565.0 369.02105268500014 0.0 1.76 0.12216308205754466 0.10423123265116407 False True -0.0013132874844240443 3.3863973072987985 -0.14559243251070722 -1.5378478604425418 0.0
972 244 1768.0 1569.0 371.25668978200014 0.0 1.76 0.12216308205754466 0.12489173394366022 False True -0.0013132874844240443 3.3863973072987985 -0.14559243251070722 -1.5378478604425418 0.0
972 245 1772.0 1573.0 373.3534685450001 0.0 1.76 0.12216308205754466 0.09945760063258881 False True -0.0013132874844240443 3.3863973072987985 -0.14559243251070722 -1.5378478604425418 0.0
972 246 1776.0 1577.0 375.3406793120002 0.0 1.76 0.12216308205754466 0.09945760063258881 False True -0.0013132874844240443 3.3863973072987985 -0.14559243251070722 -1.5378478604425418 0.0
972 247 1780.0 1581.0 377.2252193020002 0.0 1.76 0.12216308205754466 0.09945760063258881 False True -0.0013132874844240443 3.3863973072987985 -0.14559243251070722 -1.5378478604425418 0.0
972 248 1784.0 1585.0 379.0327112820002 0.0 1.76 0.12216308205754466 0.19867466347865273 False True -0.0013132874844240443 3.3863973072987985 -0.14559243251070722 -1.5378478604425418 0.0
972 249 1788.0 1589.0 380.77730351700023 0.0 1.76 0.12216308205754466 0.09945760063258881 False True -0.0013132874844240443 3.3863973072987985 -0.14559243251070722 -1.5378478604425418 0.0
972 250 1792.0 1593.0 382.4837833970002 0.0 1.76 0.12216308205754466 0.10297896064520709 False True -0.0013132874844240443 3.3863973072987985 -0.14559243251070722 -1.5378478604425418 0.0
972 251 1796.0 1597.0 384.15160253300024 0.0 1.76 0.12216308205754466 0.2096977795465047 False True -0.0013132874844240443 3.3863973072987985 -0.14559243251070722 -1.5378478604425418 0.0
972 252 1800.0 1601.0 385.78471501400026 0.0 1.76 0.12216308205754466 0.2096977795465047 False True -0.0013132874844240443 3.3863973072987985 -0.14559243251070722 -1.5378478604425418 0.0
972 253 1804.0 1605.0 387.37903794400023 0.0 1.76 0.12216308205754466 0.2212709285519649 False True -0.0013132874844240443 3.3863973072987985 -0.14559243251070722 -1.5378478604425418 0.0
972 254 1808.0 1609.0 388.9327513870002 0.0 1.76 0.12216308205754466 0.2212709285519649 False True -0.0013132874844240443 3.3863973072987985 -0.14559243251070722 -1.5378478604425418 0.0
972 255 1812.0 1613.0 390.4515548760002 0.0 1.76 0.12216308205754466 0.2212709285519649 False True -0.0013132874844240443 3.3863973072987985 -0.14559243251070722 -1.5378478604425418 0.0
972 256 1816.0 1617.0 391.9367067470002 0.0 1.76 0.12216308205754466 0.2212709285519649 False True -0.0013132874844240443 3.3863973072987985 -0.14559243251070722 -1.5378478604425418 0.0
972 257 1820.0 1621.0 393.40068293300016 0.0 1.76 0.12216308205754466 0.19337079234229462 False True -0.0013132874844240443 3.3863973072987985 -0.14559243251070722 -1.5378478604425418 0.0
972 258 1824.0 1625.0 394.84516168700014 0.0 1.76 0.12216308205754466 0.19337079234229462 False True -0.0013132874844240443 3.3863973072987985 -0.14559243251070722 -1.5378478604425418 0.0
972 259 1828.0 1629.0 396.2708550920002 0.0 1.76 0.12216308205754466 0.19337079234229462 False True -0.0013132874844240443 3.3863973072987985 -0.14559243251070722 -1.5378478604425418 0.0
972 260 1832.0 1633.0 397.6773481300001 0.0 1.76 0.12216308205754466 0.30197930776942894 False True -0.0013132874844240443 3.3863973072987985 -0.14559243251070722 -1.5378478604425418 0.0
972 261 1844.0 1645.0 399.0641000450001 0.0 2.11 0.30197930776942894 0.12216308205754466 False True -0.0013132874844240443 3.3863973072987985 -0.14559243251070722 -1.5378478604425418 0.0
972 262 1848.0 1649.0 400.433217219 0.0 2.11 0.30197930776942894 0.12216308205754466 False True -0.0013132874844240443 3.3863973072987985 -0.14559243251070722 -1.5378478604425418 0.0
972 263 1852.0 1653.0 401.7564735900001 0.0 2.11 0.30197930776942894 0.309554800352465 False True -0.0013132874844240443 3.3863973072987985 -0.14559243251070722 -1.5378478604425418 0.0
972 264 1864.0 1665.0 403.0585933490001 0.0 2.11 0.30197930776942894 0.12216308205754466 False True -0.0013132874844240443 3.3863973072987985 -0.14559243251070722 -1.5378478604425418 0.0
972 265 1868.0 1669.0 404.34449625500014 0.0 2.11 0.30197930776942894 0.12216308205754466 False True -0.0013132874844240443 3.3863973072987985 -0.14559243251070722 -1.5378478604425418 0.0
972 266 1872.0 1673.0 405.6326458580002 0.0 1.76 0.12216308205754466 0.30197930776942894 False True -0.0013132874844240443 3.3863973072987985 -0.14559243251070722 -1.5378478604425418 0.0
972 267 1876.0 1677.0 406.90312968500024 0.0 1.76 0.12216308205754466 0.31725759044548596 False True -0.0013132874844240443 3.3863973072987985 -0.14559243251070722 -1.5378478604425418 0.0
972 268 1888.0 1689.0 408.16068861000025 0.0 1.76 0.12216308205754466 0.3250868925274637 False True -0.0013132874844240443 3.3863973072987985 -0.14559243251070722 -1.5378478604425418 0.0
972 269 1900.0 1701.0 409.4058565230003 0.0 1.76 0.12216308205754466 0.33304190842474796 False True -0.0013132874844240443 3.3863973072987985 -0.14559243251070722 -1.5378478604425418 0.0
972 270 1912.0 1713.0 410.6602829800003 0.0 1.76 0.12216308205754466 0.30197930776942894 False True -0.0013132874844240443 3.3863973072987985 -0.14559243251070722 -1.5378478604425418 0.0
972 271 1916.0 1717.0 411.90114858800035 0.0 1.76 0.12216308205754466 0.30197930776942894 False True -0.0013132874844240443 3.3863973072987985 -0.14559243251070722 -1.5378478604425418 0.0
972 272 1920.0 1721.0 413.1394561260003 0.0 2.11 0.30197930776942894 0.12216308205754466 False True -0.0013132874844240443 3.3863973072987985 -0.14559243251070722 -1.5378478604425418 0.0
972 273 1924.0 1725.0 414.3907616340003 0.0 2.11 0.30197930776942894 0.12216308205754466 False True -0.0013132874844240443 3.3863973072987985 -0.14559243251070722 -1.5378478604425418 0.0
972 274 1928.0 1729.0 415.63036048800035 0.0 1.76 0.12216308205754466 0.30197930776942894 False True -0.0013132874844240443 3.3863973072987985 -0.14559243251070722 -1.5378478604425418 0.0
972 275 1932.0 1733.0 416.8709876120003 0.0 1.76 0.12216308205754466 0.10297896064520709 False True -0.0013132874844240443 3.3863973072987985 -0.14559243251070722 -1.5378478604425418 0.0
972 276 1936.0 1737.0 418.1115642810003 0.0 1.76 0.12216308205754466 0.13395424264233394 False True -0.0013132874844240443 3.3863973072987985 -0.14559243251070722 -1.5378478604425418 0.0
972 277 1940.0 1741.0 419.34795356900025 0.0 1.76 0.12216308205754466 0.13395424264233394 False True -0.0013132874844240443 3.3863973072987985 -0.14559243251070722 -1.5378478604425418 0.0
972 278 1944.0 1745.0 420.56608341600025 0.0 1.76 0.12216308205754466 0.2660379052664933 False True -0.0013132874844240443 3.3863973072987985 -0.14559243251070722 -1.5378478604425418 0.0
972 279 1948.0 1749.0 421.7907744770002 0.0 1.76 0.12216308205754466 0.1882061112312123 False True -0.0013132874844240443 3.3863973072987985 -0.14559243251070722 -1.5378478604425418 0.0
972 280 1952.0 1753.0 423.0166424290002 0.0 1.76 0.12216308205754466 0.1882061112312123 False True -0.0013132874844240443 3.3863973072987985 -0.14559243251070722 -1.5378478604425418 0.0
972 281 1956.0 1757.0 424.22904331800027 0.0 1.76 0.12216308205754466 0.1882061112312123 False True -0.0013132874844240443 3.3863973072987985 -0.14559243251070722 -1.5378478604425418 0.0
972 282 1960.0 1761.0 425.4474498040002 0.0 1.76 0.12216308205754466 0.10297896064520709 False True -0.0013132874844240443 3.3863973072987985 -0.14559243251070722 -1.5378478604425418 0.0
972 283 1964.0 1765.0 426.66787506700024 0.0 1.76 0.12216308205754466 0.2096977795465047 False True -0.0013132874844240443 3.3863973072987985 -0.14559243251070722 -1.5378478604425418 0.0
972 284 1968.0 1769.0 427.9022524700002 0.0 1.76 0.12216308205754466 0.2212709285519649 False True -0.0013132874844240443 3.3863973072987985 -0.14559243251070722 -1.5378478604425418 0.0
972 285 1972.0 1773.0 429.12514382600017 0.0 1.76 0.12216308205754466 0.2212709285519649 False True -0.0013132874844240443 3.3863973072987985 -0.14559243251070722 -1.5378478604425418 0.0
972 286 1976.0 1777.0 430.34746376100014 0.0 1.76 0.12216308205754466 0.2212709285519649 False True -0.0013132874844240443 3.3863973072987985 -0.14559243251070722 -1.5378478604425418 0.0
972 287 1980.0 1781.0 431.5693227950001 0.0 1.76 0.12216308205754466 0.19867466347865273 False True -0.0013132874844240443 3.3863973072987985 -0.14559243251070722 -1.5378478604425418 0.0
972 288 1984.0 1785.0 432.79130506000007 0.0 1.76 0.12216308205754466 0.13726620562584974 False True -0.0013132874844240443 3.3863973072987985 -0.14559243251070722 -1.5378478604425418 0.0
972 289 1988.0 1789.0 434.023406102 0.0 1.76 0.12216308205754466 0.13726620562584974 False True -0.0013132874844240443 3.3863973072987985 -0.14559243251070722 -1.5378478604425418 0.0
972 290 1992.0 1793.0 435.2476450300001 0.0 1.76 0.12216308205754466 0.13726620562584974 False True -0.0013132874844240443 3.3863973072987985 -0.14559243251070722 -1.5378478604425418 0.0
972 291 1996.0 1797.0 436.48582912700016 0.0 1.76 0.12216308205754466 0.13726620562584974 False True -0.0013132874844240443 3.3863973072987985 -0.14559243251070722 -1.5378478604425418 0.0
972 292 2000.0 1801.0 437.72531297400025 0.0 1.76 0.12216308205754466 0.13726620562584974 False True -0.0013132874844240443 3.3863973072987985 -0.14559243251070722 -1.5378478604425418 0.0
972 293 2004.0 1805.0 438.9621305230003 0.0 1.76 0.12216308205754466 0.13726620562584974 False True -0.0013132874844240443 3.3863973072987985 -0.14559243251070722 -1.5378478604425418 0.0
972 294 2008.0 1809.0 440.1876829560004 0.0 1.76 0.12216308205754466 0.13726620562584974 False True -0.0013132874844240443 3.3863973072987985 -0.14559243251070722 -1.5378478604425418 0.0
972 295 2012.0 1813.0 441.42531485100045 0.0 1.81 0.13726620562584974 0.12216308205754466 False True -0.0013132874844240443 3.3863973072987985 -0.14559243251070722 -1.5378478604425418 0.0
972 296 2016.0 1817.0 442.6619254930004 0.0 1.81 0.13726620562584974 0.12216308205754466 False True -0.0013132874844240443 3.3863973072987985 -0.14559243251070722 -1.5378478604425418 0.0
972 297 2020.0 1821.0 443.90048623000047 0.0 1.81 0.13726620562584974 0.12216308205754466 False True -0.0013132874844240443 3.3863973072987985 -0.14559243251070722 -1.5378478604425418 0.0
972 298 2024.0 1825.0 445.1275564620004 0.0 1.81 0.13726620562584974 0.09945760063258881 False True -0.0013132874844240443 3.3863973072987985 -0.14559243251070722 -1.5378478604425418 0.0
972 299 2028.0 1829.0 446.38139112400034 0.0 1.81 0.13726620562584974 0.12216308205754466 False True -0.0013132874844240443 3.3863973072987985 -0.14559243251070722 -1.5378478604425418 0.0
972 300 2032.0 1833.0 447.6087749600003 0.0 1.81 0.13726620562584974 0.1443247652142674 False True -0.0013132874844240443 3.3863973072987985 -0.14559243251070722 -1.5378478604425418 0.0
972 301 2036.0 1837.0 448.84507242900025 0.0 1.81 0.13726620562584974 0.12216308205754466 False True -0.0013132874844240443 3.3863973072987985 -0.14559243251070722 -1.5378478604425418 0.0
972 302 2040.0 1841.0 450.0826272020002 0.0 1.81 0.13726620562584974 0.12216308205754466 False True -0.0013132874844240443 3.3863973072987985 -0.14559243251070722 -1.5378478604425418 0.0
972 303 2044.0 1845.0 451.3076521880002 0.0 1.81 0.13726620562584974 0.12216308205754466 False True -0.0013132874844240443 3.3863973072987985 -0.14559243251070722 -1.5378478604425418 0.0
972 304 2048.0 1849.0 452.5470733820002 0.0 1.81 0.13726620562584974 0.12489173394366022 False True -0.0013132874844240443 3.3863973072987985 -0.14559243251070722 -1.5378478604425418 0.0
972 305 2052.0 1853.0 453.8009934130002 0.0 1.81 0.13726620562584974 0.12489173394366022 False True -0.0013132874844240443 3.3863973072987985 -0.14559243251070722 -1.5378478604425418 0.0
972 306 2056.0 1857.0 455.0454742010002 0.0 1.81 0.13726620562584974 0.12489173394366022 False True -0.0013132874844240443 3.3863973072987985 -0.14559243251070722 -1.5378478604425418 0.0
972 307 2060.0 1861.0 456.28356871800014 0.0 1.77 0.12489173394366022 0.13726620562584974 False True -0.0013132874844240443 3.3863973072987985 -0.14559243251070722 -1.5378478604425418 0.0
972 308 2064.0 1865.0 457.52586240500005 0.0 1.81 0.13726620562584974 0.12489173394366022 False True -0.0013132874844240443 3.3863973072987985 -0.14559243251070722 -1.5378478604425418 0.0
972 309 2068.0 1869.0 458.76506845600005 0.0 1.81 0.13726620562584974 0.12489173394366022 False True -0.0013132874844240443 3.3863973072987985 -0.14559243251070722 -1.5378478604425418 0.0
972 310 2072.0 1873.0 460.003778715 0.0 1.81 0.13726620562584974 0.12489173394366022 False True -0.0013132874844240443 3.3863973072987985 -0.14559243251070722 -1.5378478604425418 0.0
972 311 2076.0 1877.0 461.237623883 0.0 1.81 0.13726620562584974 0.12489173394366022 False True -0.0013132874844240443 3.3863973072987985 -0.14559243251070722 -1.5378478604425418 0.0
972 312 2080.0 1881.0 462.47475584800003 0.0 1.81 0.13726620562584974 0.14072316678131935 False True -0.0013132874844240443 3.3863973072987985 -0.14559243251070722 -1.5378478604425418 0.0
972 313 2084.0 1885.0 463.71368737000006 0.0 1.81 0.13726620562584974 0.10011456012403822 False True -0.0013132874844240443 3.3863973072987985 -0.14559243251070722 -1.5378478604425418 0.0
972 314 2088.0 1889.0 464.957048497 0.0 1.81 0.13726620562584974 0.11072383692684953 False True -0.0013132874844240443 3.3863973072987985 -0.14559243251070722 -1.5378478604425418 0.0
972 315 2092.0 1893.0 466.21093671399996 0.0 1.81 0.13726620562584974 0.10887849859941728 False True -0.0013132874844240443 3.3863973072987985 -0.14559243251070722 -1.5378478604425418 0.0
972 316 2096.0 1897.0 467.4522427729999 0.0 1.76 0.12216308205754466 0.13726620562584974 False True -0.0013132874844240443 3.3863973072987985 -0.14559243251070722 -1.5378478604425418 0.0
972 317 2100.0 1901.0 468.6945170489999 0.0 1.81 0.13726620562584974 0.11714580504744145 False True -0.0013132874844240443 3.3863973072987985 -0.14559243251070722 -1.5378478604425418 0.0
972 318 2104.0 1905.0 469.93455496099995 0.0 1.81 0.13726620562584974 0.1443247652142674 False True -0.0013132874844240443 3.3863973072987985 -0.14559243251070722 -1.5378478604425418 0.0
972 319 2108.0 1909.0 471.168396791 0.0 1.81 0.13726620562584974 0.10423123265116407 False True -0.0013132874844240443 3.3863973072987985 -0.14559243251070722 -1.5378478604425418 0.0
972 320 2112.0 1913.0 472.3957592169999 0.0 1.76 0.12216308205754466 0.10887849859941728 False True -0.0013132874844240443 3.3863973072987985 -0.14559243251070722 -1.5378478604425418 0.0
972 321 2116.0 1917.0 473.6331049479999 0.0 1.76 0.12216308205754466 0.10563201895669311 False True -0.0013132874844240443 3.3863973072987985 -0.14559243251070722 -1.5378478604425418 0.0
972 322 2120.0 1921.0 474.8679938059999 0.0 1.76 0.12216308205754466 0.13395424264233394 False True -0.0013132874844240443 3.3863973072987985 -0.14559243251070722 -1.5378478604425418 0.0
972 323 2124.0 1925.0 476.0925190839999 0.0 1.76 0.12216308205754466 0.30197930776942894 False True -0.0013132874844240443 3.3863973072987985 -0.14559243251070722 -1.5378478604425418 0.0
972 324 2128.0 1929.0 477.33064900799997 0.0 1.76 0.12216308205754466 0.30197930776942894 False True -0.0013132874844240443 3.3863973072987985 -0.14559243251070722 -1.5378478604425418 0.0
972 325 2132.0 1933.0 478.57001893700004 0.0 1.76 0.12216308205754466 0.30197930776942894 False True -0.0013132874844240443 3.3863973072987985 -0.14559243251070722 -1.5378478604425418 0.0
972 326 2136.0 1937.0 479.80727648199996 0.0 1.76 0.12216308205754466 0.30197930776942894 False True -0.0013132874844240443 3.3863973072987985 -0.14559243251070722 -1.5378478604425418 0.0
972 327 2140.0 1941.0 481.0460802449999 0.0 1.76 0.12216308205754466 0.2096977795465047 False True -0.0013132874844240443 3.3863973072987985 -0.14559243251070722 -1.5378478604425418 0.0
972 328 2144.0 1945.0 482.273573191 0.0 1.76 0.12216308205754466 0.31725759044548596 False True -0.0013132874844240443 3.3863973072987985 -0.14559243251070722 -1.5378478604425418 0.0
972 329 2148.0 1949.0 483.51078183500005 0.0 1.76 0.12216308205754466 0.19867466347865273 False True -0.0013132874844240443 3.3863973072987985 -0.14559243251070722 -1.5378478604425418 0.0
972 330 2152.0 1953.0 484.7482647430001 0.0 1.76 0.12216308205754466 0.19867466347865273 False True -0.0013132874844240443 3.3863973072987985 -0.14559243251070722 -1.5378478604425418 0.0
972 331 2156.0 1957.0 485.9731518920001 0.0 1.76 0.12216308205754466 0.19867466347865273 False True -0.0013132874844240443 3.3863973072987985 -0.14559243251070722 -1.5378478604425418 0.0
972 332 2160.0 1961.0 487.20514278800016 0.0 1.76 0.12216308205754466 0.19867466347865273 False True -0.0013132874844240443 3.3863973072987985 -0.14559243251070722 -1.5378478604425418 0.0
972 333 2164.0 1965.0 488.4311831290002 0.0 1.76 0.12216308205754466 0.10423123265116407 False True -0.0013132874844240443 3.3863973072987985 -0.14559243251070722 -1.5378478604425418 0.0
972 334 2168.0 1969.0 489.6652847850002 0.0 1.76 0.12216308205754466 0.10423123265116407 False True -0.0013132874844240443 3.3863973072987985 -0.14559243251070722 -1.5378478604425418 0.0
972 335 2172.0 1973.0 490.8843515480002 0.0 1.76 0.12216308205754466 0.10423123265116407 False True -0.0013132874844240443 3.3863973072987985 -0.14559243251070722 -1.5378478604425418 0.0
972 336 2176.0 1977.0 492.10498842600026 0.0 1.76 0.12216308205754466 0.10423123265116407 False True -0.0013132874844240443 3.3863973072987985 -0.14559243251070722 -1.5378478604425418 0.0
972 337 2180.0 1981.0 493.3239999800002 0.0 1.6700000000000002 0.10423123265116407 0.12216308205754466 False True -0.0013132874844240443 3.3863973072987985 -0.14559243251070722 -1.5378478604425418 0.0
972 338 2184.0 1985.0 494.5464417560002 0.0 1.6700000000000002 0.10423123265116407 0.12216308205754466 False True -0.0013132874844240443 3.3863973072987985 -0.14559243251070722 -1.5378478604425418 0.0
972 339 2188.0 1989.0 495.7700266140002 0.0 1.6700000000000002 0.10423123265116407 0.12216308205754466 False True -0.0013132874844240443 3.3863973072987985 -0.14559243251070722 -1.5378478604425418 0.0
972 340 2192.0 1993.0 510.2584586210001 0.0 1.6700000000000002 0.10423123265116407 0.12216308205754466 False True -0.0013132874844240443 3.3863973072987985 -0.14559243251070722 -1.5378478604425418 0.0
972 341 2196.0 1997.0 513.95211406 0.0 1.76 0.12216308205754466 0.10423123265116407 False True -0.0013132874844240443 3.3863973072987985 -0.14559243251070722 -1.5378478604425418 0.0
