934 0 400.0 200.99999999999997 1.1428500680000013 0.0 7.15 0.2869391991091409 0.08186575028061757 False True 0.014309998203131667 3.305535362732371 -0.08165742544446548 -1.533405657286317 0.0
934 1 412.0 212.99999999999997 2.3408445059999963 0.0 7.15 0.2869391991091409 0.29467855623650124 False True 0.014309998203131667 3.305535362732371 -0.08165742544446548 -1.533405657286317 0.0
934 2 424.0 224.99999999999997 3.540193101 0.0 1.48 0.08298654780195143 0.08086150262887778 False True 0.014309998203131667 3.305535362732371 -0.08165742544446548 -1.533405657286317 0.0
934 3 436.0 236.99999999999997 4.740488545999995 0.0 1.5 0.08086150262887778 0.0799738933990052 False True 0.014309998203131667 3.305535362732371 -0.08165742544446548 -1.533405657286317 0.0
934 4 448.0 248.99999999999997 5.941942073999996 0.0 1.48 0.08298654780195143 0.0842237949845257 False True 0.014309998203131667 3.305535362732371 -0.08165742544446548 -1.533405657286317 0.0
934 5 460.0 261.0 7.142021705000019 0.0 1.5 0.08086150262887778 0.07920299947834075 False True 0.014309998203131667 3.305535362732371 -0.08165742544446548 -1.533405657286317 0.0
934 6 472.0 273.0 8.360385945000019 0.0 1.5 0.08086150262887778 0.08557737997393657 False True 0.014309998203131667 3.305535362732371 -0.08165742544446548 -1.533405657286317 0.0
934 7 484.0 285.0 9.56309884800001 0.0 1.46 0.08557737997393657 0.0870471792809052 False True 0.014309998203131667 3.305535362732371 -0.08165742544446548 -1.533405657286317 0.0
934 8 496.0 297.0 10.763081146000019 0.0 1.46 0.08557737997393657 0.07854888608160503 False True 0.014309998203131667 3.305535362732371 -0.08165742544446548 -1.533405657286317 0.0
934 9 508.0 309.0 11.961625783000017 0.0 1.46 0.08557737997393657 0.07801160674437839 False True 0.014309998203131667 3.305535362732371 -0.08165742544446548 -1.533405657286317 0.0
934 10 520.0 321.0 13.16144304300002 0.0 1.5 0.08086150262887778 0.07759120331774151 False True 0.014309998203131667 3.305535362732371 -0.08165742544446548 -1.533405657286317 0.0
934 11 532.0 333.0 14.38020756000003 0.0 1.5 0.08086150262887778 0.2792889718699139 False True 0.014309998203131667 3.305535362732371 -0.08165742544446548 -1.533405657286317 0.0
934 12 544.0 345.0 15.599165820000024 0.0 1.5 0.08086150262887778 0.27172862697219347 False True 0.014309998203131667 3.305535362732371 -0.08165742544446548 -1.533405657286317 0.0
934 13 556.0 357.0 16.80478747600003 0.0 1.5 0.08086150262887778 0.07854888608160503 False True 0.014309998203131667 3.305535362732371 -0.08165742544446548 -1.533405657286317 0.0
934 14 560.0 361.0 18.022241912000027 0.0 1.46 0.08557737997393657 0.30250628188443923 False True 0.014309998203131667 3.305535362732371 -0.08165742544446548 -1.533405657286317 0.0
934 15 572.0 373.0 19.238999198000045 0.0 1.46 0.08557737997393657 0.08863305779363073 False True 0.014309998203131667 3.305535362732371 -0.08165742544446548 -1.533405657286317 0.0
934 16 584.0 385.0 20.476211171000045 0.0 1.44 0.08863305779363073 0.09033486879130641 False True 0.014309998203131667 3.305535362732371 -0.08165742544446548 -1.533405657286317 0.0
934 17 596.0 397.0 21.68545277000004 0.0 1.44 0.08863305779363073 0.09215245395878055 False True 0.014309998203131667 3.305535362732371 -0.08165742544446548 -1.533405657286317 0.0
934 18 608.0 409.0 22.903709117000034 0.0 1.44 0.08863305779363073 0.09408564340240147 False True 0.014309998203131667 3.305535362732371 -0.08165742544446548 -1.533405657286317 0.0
934 19 620.0 421.0 24.13498635000002 0.0 1.44 0.08863305779363073 0.09613425566699464 False True 0.014309998203131667 3.305535362732371 -0.08165742544446548 -1.533405657286317 0.0
934 20 632.0 433.0 25.354940606000014 0.0 1.44 0.08863305779363073 0.09829809775401756 False True 0.014309998203131667 3.305535362732371 -0.08165742544446548 -1.533405657286317 0.0
934 21 644.0 445.0 26.574239045000013 0.0 1.42 0.09215245395878055 0.1005769651408501 False True 0.014309998203131667 3.305535362732371 -0.08165742544446548 -1.533405657286317 0.0
934 22 656.0 457.0 27.793962839000017 0.0 1.42 0.09215245395878055 0.26425890787994516 False True 0.014309998203131667 3.305535362732371 -0.08165742544446548 -1.533405657286317 0.0
934 23 668.0 469.0 29.022517464000003 0.0 1.44 0.08863305779363073 0.2568805489933706 False True 0.014309998203131667 3.305535362732371 -0.08165742544446548 -1.533405657286317 0.0
934 24 680.0 481.0 30.240338393000002 0.0 1.44 0.08863305779363073 0.09033486879130641 False True 0.014309998203131667 3.305535362732371 -0.08165742544446548 -1.533405657286317 0.0
934 25 684.0 485.0 31.462062976 0.0 1.46 0.08557737997393657 0.08863305779363073 False True 0.014309998203131667 3.305535362732371 -0.08165742544446548 -1.533405657286317 0.0
934 26 688.0 489.0 32.69662727099998 0.0 1.46 0.08557737997393657 0.24959427557547115 False True 0.014309998203131667 3.305535362732371 -0.08165742544446548 -1.533405657286317 0.0
934 27 700.0 501.0 33.91857679599997 0.0 1.44 0.08863305779363073 0.10297064180125841 False True 0.014309998203131667 3.305535362732371 -0.08165742544446548 -1.533405657286317 0.0
934 28 712.0 513.0 35.152892803999976 0.0 1.44 0.08863305779363073 0.10547890022698474 False True 0.014309998203131667 3.305535362732371 -0.08165742544446548 -1.533405657286317 0.0
934 29 724.0 525.0 36.37647851899999 0.0 1.44 0.08863305779363073 0.10810150145051105 False True 0.014309998203131667 3.305535362732371 -0.08165742544446548 -1.533405657286317 0.0
934 30 736.0 537.0 37.61109299899999 0.0 1.44 0.08863305779363073 0.11083819506894642 False True 0.014309998203131667 3.305535362732371 -0.08165742544446548 -1.533405657286317 0.0
934 31 748.0 549.0 38.836131137999985 0.0 1.35 0.10810150145051105 0.11368871926906733 False True 0.014309998203131667 3.305535362732371 -0.08165742544446548 -1.533405657286317 0.0
934 32 760.0 561.0 40.070585041999976 0.0 1.37 0.10297064180125841 0.11665280085350477 False True 0.014309998203131667 3.305535362732371 -0.08165742544446548 -1.533405657286317 0.0
934 33 772.0 573.0 41.31400246499996 0.0 1.37 0.10297064180125841 0.11973015526806127 False True 0.014309998203131667 3.305535362732371 -0.08165742544446548 -1.533405657286317 0.0
934 34 784.0 585.0 42.54804630499996 0.0 1.31 0.11973015526806127 0.12292048663016228 False True 0.014309998203131667 3.305535362732371 -0.08165742544446548 -1.533405657286317 0.0
934 35 796.0 597.0 43.766906800999976 0.0 1.37 0.10297064180125841 0.12622348775845008 False True 0.014309998203131667 3.305535362732371 -0.08165742544446548 -1.533405657286317 0.0
934 36 808.0 609.0 45.003357577999964 0.0 1.37 0.10297064180125841 0.1296388402035014 False True 0.014309998203131667 3.305535362732371 -0.08165742544446548 -1.533405657286317 0.0
934 37 820.0 621.0 46.23577947399997 0.0 1.44 0.08863305779363073 0.133166214279667 False True 0.014309998203131667 3.305535362732371 -0.08165742544446548 -1.533405657286317 0.0
934 38 832.0 633.0 47.47145945999995 0.0 1.27 0.133166214279667 0.1368052690980433 False True 0.014309998203131667 3.305535362732371 -0.08165742544446548 -1.533405657286317 0.0
934 39 844.0 645.0 48.708158779999934 0.0 1.29 0.12622348775845008 0.14055565260056163 False True 0.014309998203131667 3.305535362732371 -0.08165742544446548 -1.533405657286317 0.0
934 40 856.0 657.0 49.93160113199991 0.0 1.29 0.12622348775845008 0.14441700159519505 False True 0.014309998203131667 3.305535362732371 -0.08165742544446548 -1.533405657286317 0.0
934 41 868.0 669.0 51.16554451399992 0.0 1.29 0.12622348775845008 0.14838894179227252 False True 0.014309998203131667 3.305535362732371 -0.08165742544446548 -1.533405657286317 0.0
934 42 880.0 681.0 52.39977884299992 0.0 1.29 0.12622348775845008 0.15247108784191266 False True 0.014309998203131667 3.305535362732371 -0.08165742544446548 -1.533405657286317 0.0
934 43 892.0 693.0 53.632655798999906 0.0 1.23 0.14838894179227252 0.1566630433725564 False True 0.014309998203131667 3.305535362732371 -0.08165742544446548 -1.533405657286317 0.0
934 44 904.0 705.0 54.85664715099992 0.0 1.23 0.14838894179227252 0.16096440103060697 False True 0.014309998203131667 3.305535362732371 -0.08165742544446548 -1.533405657286317 0.0
934 45 916.0 717.0 56.10941583899992 0.0 1.29 0.12622348775845008 0.1653747425211542 False True 0.014309998203131667 3.305535362732371 -0.08165742544446548 -1.533405657286317 0.0
934 46 928.0 729.0 57.342093108999904 0.0 1.23 0.14838894179227252 0.16989363864982257 False True 0.014309998203131667 3.305535362732371 -0.08165742544446548 -1.533405657286317 0.0
934 47 940.0 741.0 58.56549773799989 0.0 1.23 0.14838894179227252 0.1745206493656686 False True 0.014309998203131667 3.305535362732371 -0.08165742544446548 -1.533405657286317 0.0
934 48 952.0 753.0 59.79974413199989 0.0 1.23 0.14838894179227252 0.17925532380520792 False True 0.014309998203131667 3.305535362732371 -0.08165742544446548 -1.533405657286317 0.0
934 49 964.0 765.0 61.02032085499991 0.0 1.31 0.11973015526806127 0.18409720033748136 False True 0.014309998203131667 3.305535362732371 -0.08165742544446548 -1.533405657286317 0.0
934 50 976.0 777.0 62.25177632799989 0.0 1.27 0.133166214279667 0.1890458066102281 False True 0.014309998203131667 3.305535362732371 -0.08165742544446548 -1.533405657286317 0.0
934 51 988.0 789.0 63.45814345699989 0.0 1.44 0.08863305779363073 0.11665280085350477 False True 0.014309998203131667 3.305535362732371 -0.08165742544446548 -1.533405657286317 0.0
934 52 992.0 793.0 64.66179837999988 0.0 1.44 0.08863305779363073 0.19410065959712455 False True 0.014309998203131667 3.305535362732371 -0.08165742544446548 -1.533405657286317 0.0
934 53 1004.0 805.0 65.8764111079999 0.0 1.44 0.08863305779363073 0.19926126564607635 False True 0.014309998203131667 3.305535362732371 -0.08165742544446548 -1.533405657286317 0.0
934 54 1016.0 817.0 67.0817927819999 0.0 1.44 0.08863305779363073 0.20452712052859073 False True 0.014309998203131667 3.305535362732371 -0.08165742544446548 -1.533405657286317 0.0
934 55 1028.0 829.0 68.2987937319999 0.0 1.44 0.08863305779363073 0.20989770949019165 False True 0.014309998203131667 3.305535362732371 -0.08165742544446548 -1.533405657286317 0.0
934 56 1040.0 841.0 69.5172653329999 0.0 1.44 0.08863305779363073 0.2153725073019047 False True 0.014309998203131667 3.305535362732371 -0.08165742544446548 -1.533405657286317 0.0
934 57 1052.0 853.0 70.7376304499999 0.0 1.44 0.08863305779363073 0.22095097831277657 False True 0.014309998203131667 3.305535362732371 -0.08165742544446548 -1.533405657286317 0.0
934 58 1064.0 865.0 71.9563913429999 0.0 1.44 0.08863305779363073 0.2266325765034312 False True 0.014309998203131667 3.305535362732371 -0.08165742544446548 -1.533405657286317 0.0
934 59 1076.0 877.0 73.17524583199989 0.0 1.42 0.09215245395878055 0.23241674554068517 False True 0.014309998203131667 3.305535362732371 -0.08165742544446548 -1.533405657286317 0.0
934 60 1088.0 889.0 74.40453811899991 0.0 1.1500000000000001 0.18409720033748136 0.1296388402035014 False True 0.014309998203131667 3.305535362732371 -0.08165742544446548 -1.533405657286317 0.0
934 61 1092.0 893.0 75.62756158999989 0.0 1.23 0.14838894179227252 0.1296388402035014 False True 0.014309998203131667 3.305535362732371 -0.08165742544446548 -1.533405657286317 0.0
934 62 1096.0 897.0 76.84520399199988 0.0 1.28 0.1296388402035014 0.11665280085350477 False True 0.014309998203131667 3.305535362732371 -0.08165742544446548 -1.533405657286317 0.0
934 63 1100.0 901.0 78.06511984699986 0.0 1.28 0.1296388402035014 0.0771011331541416 False True 0.014309998203131667 3.305535362732371 -0.08165742544446548 -1.533405657286317 0.0
934 64 1112.0 913.0 79.29278996299988 0.0 1.28 0.1296388402035014 0.07728770596409472 False True 0.014309998203131667 3.305535362732371 -0.08165742544446548 -1.533405657286317 0.0
934 65 1124.0 925.0 80.51035061799988 0.0 1.28 0.1296388402035014 0.07703149166503923 False True 0.014309998203131667 3.305535362732371 -0.08165742544446548 -1.533405657286317 0.0
934 66 1136.0 937.0 81.72911241399987 0.0 1.57 0.0771011331541416 0.1296388402035014 False True 0.014309998203131667 3.305535362732371 -0.08165742544446548 -1.533405657286317 0.0
934 67 1140.0 941.0 82.94697050799985 0.0 1.57 0.0771011331541416 0.1296388402035014 False True 0.014309998203131667 3.305535362732371 -0.08165742544446548 -1.533405657286317 0.0
934 68 1144.0 945.0 84.17653698099986 0.0 1.57 0.0771011331541416 0.07707877657972502 False True 0.014309998203131667 3.305535362732371 -0.08165742544446548 -1.533405657286317 0.0
934 69 1156.0 957.0 85.39548127499987 0.0 1.57 0.0771011331541416 0.07724297128740083 False True 0.014309998203131667 3.305535362732371 -0.08165742544446548 -1.533405657286317 0.0
934 70 1168.0 969.0 86.61278147799985 0.0 1.57 0.0771011331541416 0.07752404748520308 False True 0.014309998203131667 3.305535362732371 -0.08165742544446548 -1.533405657286317 0.0
934 71 1180.0 981.0 87.83154313599985 0.0 1.61 0.07752404748520308 0.07792196518102487 False True 0.014309998203131667 3.305535362732371 -0.08165742544446548 -1.533405657286317 0.0
934 72 1192.0 993.0 89.05113971199984 0.0 1.61 0.07752404748520308 0.078436672697519 False True 0.014309998203131667 3.305535362732371 -0.08165742544446548 -1.533405657286317 0.0
934 73 1204.0 1005.0 90.27929990199985 0.0 1.61 0.07752404748520308 0.07906810667726537 False True 0.014309998203131667 3.305535362732371 -0.08165742544446548 -1.533405657286317 0.0
934 74 1216.0 1017.0 91.50244763199984 0.0 1.61 0.07752404748520308 0.07981619208910587 False True 0.014309998203131667 3.305535362732371 -0.08165742544446548 -1.533405657286317 0.0
934 75 1228.0 1029.0 92.74746986499986 0.0 1.61 0.07752404748520308 0.08068084223564775 False True 0.014309998203131667 3.305535362732371 -0.08165742544446548 -1.533405657286317 0.0
934 76 1240.0 1041.0 93.98223915699984 0.0 1.61 0.07752404748520308 0.08166195876193341 False True 0.014309998203131667 3.305535362732371 -0.08165742544446548 -1.533405657286317 0.0
934 77 1252.0 1053.0 95.20489236699984 0.0 1.61 0.07752404748520308 0.08275943166527354 False True 0.014309998203131667 3.305535362732371 -0.08165742544446548 -1.533405657286317 0.0
934 78 1264.0 1065.0 96.43893334199987 0.0 1.61 0.07752404748520308 0.08397313930624975 False True 0.014309998203131667 3.305535362732371 -0.08165742544446548 -1.533405657286317 0.0
934 79 1276.0 1077.0 97.69061437899987 0.0 1.61 0.07752404748520308 0.08530294842087853 False True 0.014309998203131667 3.305535362732371 -0.08165742544446548 -1.533405657286317 0.0
934 80 1288.0 1089.0 98.92379329899987 0.0 1.7 0.08530294842087853 0.07752404748520308 False True 0.014309998203131667 3.305535362732371 -0.08165742544446548 -1.533405657286317 0.0
934 81 1292.0 1093.0 100.16884680699988 0.0 1.7 0.08530294842087853 0.08674871413393426 False True 0.014309998203131667 3.305535362732371 -0.08165742544446548 -1.533405657286317 0.0
934 82 1304.0 1105.0 101.40314018499987 0.0 1.7 0.08530294842087853 0.08831027997343974 False True 0.014309998203131667 3.305535362732371 -0.08165742544446548 -1.533405657286317 0.0
934 83 1316.0 1117.0 102.63663133599988 0.0 1.7 0.08530294842087853 0.08998747788631074 False True 0.014309998203131667 3.305535362732371 -0.08165742544446548 -1.533405657286317 0.0
934 84 1328.0 1129.0 103.86727837299989 0.0 1.7 0.08530294842087853 0.0917801282551638 False True 0.014309998203131667 3.305535362732371 -0.08165742544446548 -1.533405657286317 0.0
934 85 1340.0 1141.0 105.1018398709999 0.0 1.7 0.08530294842087853 0.0936880399162758 False True 0.014309998203131667 3.305535362732371 -0.08165742544446548 -1.533405657286317 0.0
934 86 1352.0 1153.0 106.33624979899989 0.0 1.61 0.07752404748520308 0.09571101017869892 False True 0.014309998203131667 3.305535362732371 -0.08165742544446548 -1.533405657286317 0.0
934 87 1364.0 1165.0 107.56986165399988 0.0 1.61 0.07752404748520308 0.08275943166527354 False True 0.014309998203131667 3.305535362732371 -0.08165742544446548 -1.533405657286317 0.0
934 88 1368.0 1169.0 108.80354826399989 0.0 1.61 0.07752404748520308 0.09784882484453318 False True 0.014309998203131667 3.305535362732371 -0.08165742544446548 -1.533405657286317 0.0
934 89 1380.0 1181.0 110.03815883099989 0.0 1.61 0.07752404748520308 0.10010125823034201 False True 0.014309998203131667 3.305535362732371 -0.08165742544446548 -1.533405657286317 0.0
934 90 1392.0 1193.0 111.26123763899989 0.0 1.7 0.08530294842087853 0.08831027997343974 False True 0.014309998203131667 3.305535362732371 -0.08165742544446548 -1.533405657286317 0.0
934 91 1396.0 1197.0 112.49441236899986 0.0 1.7 0.08530294842087853 0.08275943166527354 False True 0.014309998203131667 3.305535362732371 -0.08165742544446548 -1.533405657286317 0.0
934 92 1400.0 1201.0 113.72816241599986 0.0 1.61 0.07752404748520308 0.07981619208910587 False True 0.014309998203131667 3.305535362732371 -0.08165742544446548 -1.533405657286317 0.0
934 93 1404.0 1205.0 114.96133902099984 0.0 1.61 0.07752404748520308 0.1024680731897215 False True 0.014309998203131667 3.305535362732371 -0.08165742544446548 -1.533405657286317 0.0
934 94 1416.0 1217.0 116.19605088899985 0.0 1.61 0.07752404748520308 0.10494902113701643 False True 0.014309998203131667 3.305535362732371 -0.08165742544446548 -1.533405657286317 0.0
934 95 1428.0 1229.0 117.43174070399985 0.0 1.61 0.07752404748520308 0.1075438420721778 False True 0.014309998203131667 3.305535362732371 -0.08165742544446548 -1.533405657286317 0.0
934 96 1440.0 1241.0 118.67803770499984 0.0 1.61 0.07752404748520308 0.11025226460675878 False True 0.014309998203131667 3.305535362732371 -0.08165742544446548 -1.533405657286317 0.0
934 97 1452.0 1253.0 119.91216774999984 0.0 1.61 0.07752404748520308 0.11307400599105934 False True 0.014309998203131667 3.305535362732371 -0.08165742544446548 -1.533405657286317 0.0
934 98 1464.0 1265.0 121.13694901599985 0.0 1.61 0.07752404748520308 0.11600877214239894 False True 0.014309998203131667 3.305535362732371 -0.08165742544446548 -1.533405657286317 0.0
934 99 1476.0 1277.0 122.37100490299986 0.0 1.61 0.07752404748520308 0.11905625767451729 False True 0.014309998203131667 3.305535362732371 -0.08165742544446548 -1.533405657286317 0.0
934 100 1488.0 1289.0 123.61999727099987 0.0 1.61 0.07752404748520308 0.12221614592812786 False True 0.014309998203131667 3.305535362732371 -0.08165742544446548 -1.533405657286317 0.0
934 101 1500.0 1301.0 124.85659228599988 0.0 1.61 0.07752404748520308 0.12548810900256427 False True 0.014309998203131667 3.305535362732371 -0.08165742544446548 -1.533405657286317 0.0
934 102 1512.0 1313.0 126.10486430799989 0.0 1.61 0.07752404748520308 0.12887180778858778 False True 0.014309998203131667 3.305535362732371 -0.08165742544446548 -1.533405657286317 0.0
934 103 1524.0 1325.0 127.3548772399999 0.0 1.61 0.07752404748520308 0.13236689200228743 False True 0.014309998203131667 3.305535362732371 -0.08165742544446548 -1.533405657286317 0.0
934 104 1536.0 1337.0 128.5933830809999 0.0 1.61 0.07752404748520308 0.13597300022010844 False True 0.014309998203131667 3.305535362732371 -0.08165742544446548 -1.533405657286317 0.0
934 105 1548.0 1349.0 129.84083375499992 0.0 1.61 0.07752404748520308 0.13968975991499788 False True 0.014309998203131667 3.305535362732371 -0.08165742544446548 -1.533405657286317 0.0
934 106 1560.0 1361.0 131.0791996229999 0.0 1.61 0.07752404748520308 0.1435167874936578 False True 0.014309998203131667 3.305535362732371 -0.08165742544446548 -1.533405657286317 0.0
934 107 1572.0 1373.0 132.32882372599988 0.0 1.61 0.07752404748520308 0.14745368833489916 False True 0.014309998203131667 3.305535362732371 -0.08165742544446548 -1.533405657286317 0.0
934 108 1584.0 1385.0 133.57717966799987 0.0 1.61 0.07752404748520308 0.13597300022010844 False True 0.014309998203131667 3.305535362732371 -0.08165742544446548 -1.533405657286317 0.0
934 109 1588.0 1389.0 134.81732498899987 0.0 1.61 0.07752404748520308 0.13597300022010844 False True 0.014309998203131667 3.305535362732371 -0.08165742544446548 -1.533405657286317 0.0
934 110 1592.0 1393.0 136.06380321299986 0.0 1.61 0.07752404748520308 0.15150005682910336 False True 0.014309998203131667 3.305535362732371 -0.08165742544446548 -1.533405657286317 0.0
934 111 1604.0 1405.0 137.31341671999985 0.0 1.61 0.07752404748520308 0.15565547641879052 False True 0.014309998203131667 3.305535362732371 -0.08165742544446548 -1.533405657286317 0.0
934 112 1616.0 1417.0 138.55216654099985 0.0 1.61 0.07752404748520308 0.1599195196402661 False True 0.014309998203131667 3.305535362732371 -0.08165742544446548 -1.533405657286317 0.0
934 113 1628.0 1429.0 139.80151160799983 0.0 1.61 0.07752404748520308 0.1642917481663729 False True 0.014309998203131667 3.305535362732371 -0.08165742544446548 -1.533405657286317 0.0
934 114 1640.0 1441.0 141.05176815799985 0.0 1.61 0.07752404748520308 0.16877171285032078 False True 0.014309998203131667 3.305535362732371 -0.08165742544446548 -1.533405657286317 0.0
934 115 1652.0 1453.0 142.29057115399985 0.0 1.61 0.07752404748520308 0.17335895377059488 False True 0.014309998203131667 3.305535362732371 -0.08165742544446548 -1.533405657286317 0.0
934 116 1664.0 1465.0 143.53975378499985 0.0 1.61 0.07752404748520308 0.17805300027696042 False True 0.014309998203131667 3.305535362732371 -0.08165742544446548 -1.533405657286317 0.0
934 117 1676.0 1477.0 144.77759104399985 0.0 1.61 0.07752404748520308 0.18285337103751892 False True 0.014309998203131667 3.305535362732371 -0.08165742544446548 -1.533405657286317 0.0
934 118 1688.0 1489.0 146.0259061109998 0.0 1.61 0.07752404748520308 0.18775957408683594 False True 0.014309998203131667 3.305535362732371 -0.08165742544446548 -1.533405657286317 0.0
934 119 1700.0 1501.0 147.27668800399982 0.0 1.61 0.07752404748520308 0.19277110687515153 False True 0.014309998203131667 3.305535362732371 -0.08165742544446548 -1.533405657286317 0.0
934 120 1712.0 1513.0 148.51626117499984 0.0 1.61 0.07752404748520308 0.1978874563186187 False True 0.014309998203131667 3.305535362732371 -0.08165742544446548 -1.533405657286317 0.0
934 121 1724.0 1525.0 149.76630251099982 0.0 1.61 0.07752404748520308 0.20310809885062425 False True 0.014309998203131667 3.305535362732371 -0.08165742544446548 -1.533405657286317 0.0
934 122 1736.0 1537.0 151.01457095299986 0.0 1.61 0.07752404748520308 0.2084325004741359 False True 0.014309998203131667 3.305535362732371 -0.08165742544446548 -1.533405657286317 0.0
934 123 1748.0 1549.0 152.25311907399987 0.0 1.61 0.07752404748520308 0.21386011681510658 False True 0.014309998203131667 3.305535362732371 -0.08165742544446548 -1.533405657286317 0.0
934 124 1760.0 1561.0 153.50167801199984 0.0 2.07 0.21386011681510658 0.21939039317691142 False True 0.014309998203131667 3.305535362732371 -0.08165742544446548 -1.533405657286317 0.0
934 125 1772.0 1573.0 154.73850989499988 0.0 2.0799999999999996 0.21939039317691142 0.22502276459580875 False True 0.014309998203131667 3.305535362732371 -0.08165742544446548 -1.533405657286317 0.0
934 126 1784.0 1585.0 155.98810942199992 0.0 2.0799999999999996 0.21939039317691142 0.23075665589744795 False True 0.014309998203131667 3.305535362732371 -0.08165742544446548 -1.533405657286317 0.0
934 127 1796.0 1597.0 157.22440061599997 0.0 2.0799999999999996 0.21939039317691142 0.13597300022010844 False True 0.014309998203131667 3.305535362732371 -0.08165742544446548 -1.533405657286317 0.0
934 128 1800.0 1601.0 158.47486267799997 0.0 1.9000000000000001 0.13597300022010844 0.23659148175437886 False True 0.014309998203131667 3.305535362732371 -0.08165742544446548 -1.533405657286317 0.0
934 129 1812.0 1613.0 159.71390826599992 0.0 1.61 0.07752404748520308 0.24252664674458507 False True 0.014309998203131667 3.305535362732371 -0.08165742544446548 -1.533405657286317 0.0
934 130 1824.0 1625.0 160.9601722779999 0.0 1.61 0.07752404748520308 0.24856154541102696 False True 0.014309998203131667 3.305535362732371 -0.08165742544446548 -1.533405657286317 0.0
934 131 1836.0 1637.0 162.19833732699988 0.0 1.61 0.07752404748520308 0.25469556232218593 False True 0.014309998203131667 3.305535362732371 -0.08165742544446548 -1.533405657286317 0.0
934 132 1848.0 1649.0 163.44322885399987 0.0 1.61 0.07752404748520308 0.26092807213360375 False True 0.014309998203131667 3.305535362732371 -0.08165742544446548 -1.533405657286317 0.0
934 133 1860.0 1661.0 164.69154548999984 0.0 1.61 0.07752404748520308 0.26725843965042306 False True 0.014309998203131667 3.305535362732371 -0.08165742544446548 -1.533405657286317 0.0
934 134 1872.0 1673.0 165.92943884699986 0.0 1.61 0.07752404748520308 0.27368601989090036 False True 0.014309998203131667 3.305535362732371 -0.08165742544446548 -1.533405657286317 0.0
934 135 1884.0 1685.0 167.17807101599988 0.0 1.61 0.07752404748520308 0.28021015815090533 False True 0.014309998203131667 3.305535362732371 -0.08165742544446548 -1.533405657286317 0.0
934 136 1896.0 1697.0 168.4265160739999 0.0 1.61 0.07752404748520308 0.2868301900693947 False True 0.014309998203131667 3.305535362732371 -0.08165742544446548 -1.533405657286317 0.0
934 137 1908.0 1709.0 169.6646004729999 0.0 1.61 0.07752404748520308 0.2935454416948396 False True 0.014309998203131667 3.305535362732371 -0.08165742544446548 -1.533405657286317 0.0
934 138 1920.0 1721.0 170.91178822299986 0.0 1.61 0.07752404748520308 0.30035522955262717 False True 0.014309998203131667 3.305535362732371 -0.08165742544446548 -1.533405657286317 0.0
934 139 1932.0 1733.0 172.16040834699987 0.0 1.61 0.07752404748520308 0.30725886071340314 False True 0.014309998203131667 3.305535362732371 -0.08165742544446548 -1.533405657286317 0.0
934 140 1944.0 1745.0 173.41103024099988 0.0 1.61 0.07752404748520308 0.23530084007746319 False True 0.014309998203131667 3.305535362732371 -0.08165742544446548 -1.533405657286317 0.0
934 141 1956.0 1757.0 174.6502776679999 0.0 1.9000000000000001 0.13597300022010844 0.2424008036795214 False True 0.014309998203131667 3.305535362732371 -0.08165742544446548 -1.533405657286317 0.0
934 142 1968.0 1769.0 175.8991104719999 0.0 1.9000000000000001 0.13597300022010844 0.22829508218922992 False True 0.014309998203131667 3.305535362732371 -0.08165742544446548 -1.533405657286317 0.0
934 143 1980.0 1781.0 177.14734329099986 0.0 1.61 0.07752404748520308 0.22138421801300404 False True 0.014309998203131667 3.305535362732371 -0.08165742544446548 -1.533405657286317 0.0
934 144 1992.0 1793.0 178.39519376399983 0.0 1.61 0.07752404748520308 0.21456892605642347 False True 0.014309998203131667 3.305535362732371 -0.08165742544446548 -1.533405657286317 0.0
934 145 2004.0 1805.0 179.6323026409998 0.0 1.61 0.07752404748520308 0.18775957408683594 False True 0.014309998203131667 3.305535362732371 -0.08165742544446548 -1.533405657286317 0.0
934 146 2008.0 1809.0 180.88250188499978 0.0 2.02 0.18775957408683594 0.07707877657972502 False True 0.014309998203131667 3.305535362732371 -0.08165742544446548 -1.533405657286317 0.0
934 147 2012.0 1813.0 182.11932067899977 0.0 1.61 0.07752404748520308 0.2012277249738377 False True 0.014309998203131667 3.305535362732371 -0.08165742544446548 -1.533405657286317 0.0
934 148 2024.0 1825.0 183.36707274699978 0.0 1.61 0.07752404748520308 0.20784987526872095 False True 0.014309998203131667 3.305535362732371 -0.08165742544446548 -1.533405657286317 0.0
934 149 2036.0 1837.0 184.60408366699983 0.0 7.26 0.20784987526872095 0.19470312480448837 False True 0.014309998203131667 3.305535362732371 -0.08165742544446548 -1.533405657286317 0.0
934 150 2048.0 1849.0 185.8525644519998 0.0 1.61 0.07752404748520308 0.18827671463719833 False True 0.014309998203131667 3.305535362732371 -0.08165742544446548 -1.533405657286317 0.0
934 151 2060.0 1861.0 187.0902998639998 0.0 1.61 0.07752404748520308 0.17572097465101288 False True 0.014309998203131667 3.305535362732371 -0.08165742544446548 -1.533405657286317 0.0
934 152 2072.0 1873.0 188.3387502929998 0.0 1.61 0.07752404748520308 0.18194912452831719 False True 0.014309998203131667 3.305535362732371 -0.08165742544446548 -1.533405657286317 0.0
934 153 2084.0 1885.0 189.5863465559998 0.0 1.61 0.07752404748520308 0.16959287523325456 False True 0.014309998203131667 3.305535362732371 -0.08165742544446548 -1.533405657286317 0.0
934 154 2096.0 1897.0 190.8260352539998 0.0 1.61 0.07752404748520308 0.1635654264967885 False True 0.014309998203131667 3.305535362732371 -0.08165742544446548 -1.533405657286317 0.0
934 155 2108.0 1909.0 192.0746930869998 0.0 1.61 0.07752404748520308 0.15763921859712565 False True 0.014309998203131667 3.305535362732371 -0.08165742544446548 -1.533405657286317 0.0
934 156 2120.0 1921.0 193.3238908029998 0.0 1.61 0.07752404748520308 0.1518148315645075 False True 0.014309998203131667 3.305535362732371 -0.08165742544446548 -1.533405657286317 0.0
934 157 2132.0 1933.0 194.56157904699978 0.0 1.61 0.07752404748520308 0.14609283524592745 False True 0.014309998203131667 3.305535362732371 -0.08165742544446548 -1.533405657286317 0.0
934 158 2144.0 1945.0 195.80846905299978 0.0 1.61 0.07752404748520308 0.15763921859712565 False True 0.014309998203131667 3.305535362732371 -0.08165742544446548 -1.533405657286317 0.0
934 159 2148.0 1949.0 197.05951016199975 0.0 1.61 0.07752404748520308 0.15763921859712565 False True 0.014309998203131667 3.305535362732371 -0.08165742544446548 -1.533405657286317 0.0
934 160 2152.0 1953.0 198.31197715699977 0.0 1.61 0.07752404748520308 0.08068084223564775 False True 0.014309998203131667 3.305535362732371 -0.08165742544446548 -1.533405657286317 0.0
934 161 2156.0 1957.0 199.5657790429998 0.0 1.61 0.07752404748520308 0.24429051958799403 False True 0.014309998203131667 3.305535362732371 -0.08165742544446548 -1.533405657286317 0.0
934 162 2168.0 1969.0 200.82978262099982 0.0 1.04 0.24429051958799403 0.23830291883316881 False True 0.014309998203131667 3.305535362732371 -0.08165742544446548 -1.533405657286317 0.0
934 163 2180.0 1981.0 202.08355749499987 0.0 1.61 0.07752404748520308 0.2503789608684235 False True 0.014309998203131667 3.305535362732371 -0.08165742544446548 -1.533405657286317 0.0
934 164 2192.0 1993.0 203.3326894789999 0.0 1.61 0.07752404748520308 0.2565676456525745 False True 0.014309998203131667 3.305535362732371 -0.08165742544446548 -1.533405657286317 0.0
