546 0 400.0 200.99999999999994 1.1389313960000038 0.0 8.08 0.033505607148275184 0.03047432438582113 False True -0.004118676258420531 5.285244947574124 -0.02394597487554849 -2.5570882351072206 0.0
546 1 412.0 212.99999999999994 2.377905290000001 0.0 8.07 0.03047432438582113 0.02758511179032301 False True -0.004118676258420531 5.285244947574124 -0.02394597487554849 -2.5570882351072206 0.0
546 2 424.0 224.99999999999994 3.6211873759999946 0.0 8.07 0.03047432438582113 0.03667864118030717 False True -0.004118676258420531 5.285244947574124 -0.02394597487554849 -2.5570882351072206 0.0
546 3 436.0 236.99999999999994 4.860395216000001 0.0 8.07 0.03047432438582113 0.02483827405068508 False True -0.004118676258420531 5.285244947574124 -0.02394597487554849 -2.5570882351072206 0.0
546 4 448.0 248.99999999999994 6.100687615999988 0.0 8.07 0.03047432438582113 0.02223410161686691 False True -0.004118676258420531 5.285244947574124 -0.02394597487554849 -2.5570882351072206 0.0
546 5 460.0 260.99999999999994 7.349412002999969 0.0 8.07 0.03047432438582113 0.01977287067083891 False True -0.004118676258420531 5.285244947574124 -0.02394597487554849 -2.5570882351072206 0.0
546 6 472.0 272.99999999999994 8.59474139599999 0.0 8.07 0.03047432438582113 0.01745484309896806 False True -0.004118676258420531 5.285244947574124 -0.02394597487554849 -2.5570882351072206 0.0
546 7 484.0 284.99999999999994 9.830942973999981 0.0 8.02 0.01745484309896806 0.015280266465823629 False True -0.004118676258420531 5.285244947574124 -0.02394597487554849 -2.5570882351072206 0.0
546 8 496.0 296.99999999999994 11.077569434999958 0.0 8.02 0.01745484309896806 0.013249373989425993 False True -0.004118676258420531 5.285244947574124 -0.02394597487554849 -2.5570882351072206 0.0
546 9 508.0 308.99999999999994 12.296443181999962 0.0 8.02 0.01745484309896806 0.04344861661396296 False True -0.004118676258420531 5.285244947574124 -0.02394597487554849 -2.5570882351072206 0.0
546 10 520.0 320.99999999999994 13.520610738999977 0.0 8.02 0.01745484309896806 0.03999309340795094 False True -0.004118676258420531 5.285244947574124 -0.02394597487554849 -2.5570882351072206 0.0
546 11 532.0 332.99999999999994 14.740546413999965 0.0 8.02 0.01745484309896806 0.04704484947254134 False True -0.004118676258420531 5.285244947574124 -0.02394597487554849 -2.5570882351072206 0.0
546 12 544.0 344.99999999999994 15.973052439999947 0.0 8.02 0.01745484309896806 0.050781416585457054 False True -0.004118676258420531 5.285244947574124 -0.02394597487554849 -2.5570882351072206 0.0
546 13 556.0 356.99999999999994 17.211116639999943 0.0 8.02 0.01745484309896806 0.03047432438582113 False True -0.004118676258420531 5.285244947574124 -0.02394597487554849 -2.5570882351072206 0.0
546 14 560.0 360.99999999999994 18.43524404599995 0.0 8.02 0.01745484309896806 0.054657928519598616 False True -0.004118676258420531 5.285244947574124 -0.02394597487554849 -2.5570882351072206 0.0
546 15 572.0 372.99999999999994 19.659130277999964 0.0 8.02 0.01745484309896806 0.05867398184590565 False True -0.004118676258420531 5.285244947574124 -0.02394597487554849 -2.5570882351072206 0.0
546 16 584.0 384.99999999999994 20.895484787999976 0.0 8.02 0.01745484309896806 0.06282915917972112 False True -0.004118676258420531 5.285244947574124 -0.02394597487554849 -2.5570882351072206 0.0
546 17 596.0 396.99999999999994 22.153472208999972 0.0 8.02 0.01745484309896806 0.054657928519598616 False True -0.004118676258420531 5.285244947574124 -0.02394597487554849 -2.5570882351072206 0.0
546 18 600.0 400.99999999999994 23.390798837999967 0.0 8.02 0.01745484309896806 0.054657928519598616 False True -0.004118676258420531 5.285244947574124 -0.02394597487554849 -2.5570882351072206 0.0
546 19 604.0 404.99999999999994 24.618169018999964 0.0 8.02 0.01745484309896806 0.03047432438582113 False True -0.004118676258420531 5.285244947574124 -0.02394597487554849 -2.5570882351072206 0.0
546 20 608.0 408.99999999999994 25.853902079999983 0.0 8.02 0.01745484309896806 0.04344861661396296 False True -0.004118676258420531 5.285244947574124 -0.02394597487554849 -2.5570882351072206 0.0
546 21 612.0 412.99999999999994 27.091031353999995 0.0 8.02 0.01745484309896806 0.02223410161686691 False True -0.004118676258420531 5.285244947574124 -0.02394597487554849 -2.5570882351072206 0.0
546 22 616.0 416.99999999999994 28.316687349000006 0.0 8.02 0.01745484309896806 0.04704484947254134 False True -0.004118676258420531 5.285244947574124 -0.02394597487554849 -2.5570882351072206 0.0
546 23 620.0 420.99999999999994 29.55539859999999 0.0 8.02 0.01745484309896806 0.04704484947254134 False True -0.004118676258420531 5.285244947574124 -0.02394597487554849 -2.5570882351072206 0.0
546 24 624.0 424.99999999999994 30.79942406699999 0.0 8.02 0.01745484309896806 0.04704484947254134 False True -0.004118676258420531 5.285244947574124 -0.02394597487554849 -2.5570882351072206 0.0
546 25 628.0 428.99999999999994 32.05182955099997 0.0 8.02 0.01745484309896806 0.04704484947254134 False True -0.004118676258420531 5.285244947574124 -0.02394597487554849 -2.5570882351072206 0.0
546 26 632.0 432.99999999999994 33.27772275999999 0.0 8.02 0.01745484309896806 0.04704484947254134 False True -0.004118676258420531 5.285244947574124 -0.02394597487554849 -2.5570882351072206 0.0
546 27 636.0 436.99999999999994 34.525159363 0.0 8.02 0.01745484309896806 0.03999309340795094 False True -0.004118676258420531 5.285244947574124 -0.02394597487554849 -2.5570882351072206 0.0
546 28 640.0 440.99999999999994 35.76082482999999 0.0 8.02 0.01745484309896806 0.02758511179032301 False True -0.004118676258420531 5.285244947574124 -0.02394597487554849 -2.5570882351072206 0.0
546 29 644.0 444.99999999999994 36.98557796099999 0.0 8.02 0.01745484309896806 0.02223410161686691 False True -0.004118676258420531 5.285244947574124 -0.02394597487554849 -2.5570882351072206 0.0
546 30 648.0 448.99999999999994 38.22266821100001 0.0 8.02 0.01745484309896806 0.033505607148275184 False True -0.004118676258420531 5.285244947574124 -0.02394597487554849 -2.5570882351072206 0.0
546 31 652.0 452.99999999999994 39.45984550200001 0.0 8.02 0.01745484309896806 0.03047432438582113 False True -0.004118676258420531 5.285244947574124 -0.02394597487554849 -2.5570882351072206 0.0
546 32 656.0 456.99999999999994 40.681280629000014 0.0 8.02 0.01745484309896806 0.03047432438582113 False True -0.004118676258420531 5.285244947574124 -0.02394597487554849 -2.5570882351072206 0.0
546 33 660.0 460.99999999999994 41.914445717999996 0.0 8.02 0.01745484309896806 0.033505607148275184 False True -0.004118676258420531 5.285244947574124 -0.02394597487554849 -2.5570882351072206 0.0
546 34 664.0 464.99999999999994 43.13681526799999 0.0 8.02 0.01745484309896806 0.03047432438582113 False True -0.004118676258420531 5.285244947574124 -0.02394597487554849 -2.5570882351072206 0.0
546 35 668.0 468.99999999999994 44.362112010999994 0.0 8.02 0.01745484309896806 0.00961950250770165 False True -0.004118676258420531 5.285244947574124 -0.02394597487554849 -2.5570882351072206 0.0
546 36 680.0 480.99999999999994 45.59558787 0.0 7.9799999999999995 0.00961950250770165 0.008020918002958016 False True -0.004118676258420531 5.285244947574124 -0.02394597487554849 -2.5570882351072206 0.0
546 37 692.0 492.99999999999994 46.82069941899999 0.0 7.97 0.008020918002958016 0.00961950250770165 False True -0.004118676258420531 5.285244947574124 -0.02394597487554849 -2.5570882351072206 0.0
546 38 696.0 496.99999999999994 48.073288029999986 0.0 7.97 0.008020918002958016 0.006566806616671757 False True -0.004118676258420531 5.285244947574124 -0.02394597487554849 -2.5570882351072206 0.0
546 39 708.0 508.99999999999994 49.29535292 0.0 7.9799999999999995 0.00961950250770165 0.011362384517920618 False True -0.004118676258420531 5.285244947574124 -0.02394597487554849 -2.5570882351072206 0.0
546 40 720.0 521.0 50.517693431 0.0 7.97 0.008020918002958016 0.01745484309896806 False True -0.004118676258420531 5.285244947574124 -0.02394597487554849 -2.5570882351072206 0.0
546 41 724.0 525.0 51.753938541999986 0.0 8.02 0.01745484309896806 0.005257329513059536 False True -0.004118676258420531 5.285244947574124 -0.02394597487554849 -2.5570882351072206 0.0
546 42 736.0 537.0 52.98997799099999 0.0 8.02 0.01745484309896806 0.004092633391456042 False True -0.004118676258420531 5.285244947574124 -0.02394597487554849 -2.5570882351072206 0.0
546 43 748.0 549.0 54.21322148399997 0.0 7.94 0.004092633391456042 0.0030728504716405736 False True -0.004118676258420531 5.285244947574124 -0.02394597487554849 -2.5570882351072206 0.0
546 44 760.0 561.0 55.44793132099997 0.0 7.94 0.004092633391456042 0.0021980984806197145 False True -0.004118676258420531 5.285244947574124 -0.02394597487554849 -2.5570882351072206 0.0
546 45 772.0 573.0 56.684000261999984 0.0 8.02 0.01745484309896806 0.004092633391456042 False True -0.004118676258420531 5.285244947574124 -0.02394597487554849 -2.5570882351072206 0.0
546 46 776.0 577.0 57.90754752699999 0.0 8.02 0.01745484309896806 0.00961950250770165 False True -0.004118676258420531 5.285244947574124 -0.02394597487554849 -2.5570882351072206 0.0
546 47 780.0 581.0 59.143969406999986 0.0 8.02 0.01745484309896806 0.00961950250770165 False True -0.004118676258420531 5.285244947574124 -0.02394597487554849 -2.5570882351072206 0.0
546 48 784.0 585.0 60.365250256999985 0.0 8.02 0.01745484309896806 0.011362384517920618 False True -0.004118676258420531 5.285244947574124 -0.02394597487554849 -2.5570882351072206 0.0
546 49 788.0 589.0 61.588184316999985 0.0 7.99 0.011362384517920618 0.01745484309896806 False True -0.004118676258420531 5.285244947574124 -0.02394597487554849 -2.5570882351072206 0.0
546 50 792.0 593.0 62.825667098999986 0.0 8.02 0.01745484309896806 0.011362384517920618 False True -0.004118676258420531 5.285244947574124 -0.02394597487554849 -2.5570882351072206 0.0
546 51 796.0 597.0 64.04909047299998 0.0 8.02 0.01745484309896806 0.011362384517920618 False True -0.004118676258420531 5.285244947574124 -0.02394597487554849 -2.5570882351072206 0.0
546 52 800.0 601.0 65.28246837299997 0.0 7.99 0.011362384517920618 0.03047432438582113 False True -0.004118676258420531 5.285244947574124 -0.02394597487554849 -2.5570882351072206 0.0
546 53 804.0 605.0 66.50730536699996 0.0 8.02 0.01745484309896806 0.008020918002958016 False True -0.004118676258420531 5.285244947574124 -0.02394597487554849 -2.5570882351072206 0.0
546 54 808.0 609.0 67.74166674399996 0.0 7.97 0.008020918002958016 0.011362384517920618 False True -0.004118676258420531 5.285244947574124 -0.02394597487554849 -2.5570882351072206 0.0
546 55 812.0 613.0 68.97843694999995 0.0 7.97 0.008020918002958016 0.004092633391456042 False True -0.004118676258420531 5.285244947574124 -0.02394597487554849 -2.5570882351072206 0.0
546 56 816.0 617.0 70.20230028099996 0.0 7.97 0.008020918002958016 0.004092633391456042 False True -0.004118676258420531 5.285244947574124 -0.02394597487554849 -2.5570882351072206 0.0
546 57 820.0 621.0 71.43759073699997 0.0 7.97 0.008020918002958016 0.004092633391456042 False True -0.004118676258420531 5.285244947574124 -0.02394597487554849 -2.5570882351072206 0.0
546 58 824.0 625.0 72.66464808599997 0.0 7.97 0.008020918002958016 0.033505607148275184 False True -0.004118676258420531 5.285244947574124 -0.02394597487554849 -2.5570882351072206 0.0
546 59 828.0 629.0 73.898145468 0.0 7.97 0.008020918002958016 0.04704484947254134 False True -0.004118676258420531 5.285244947574124 -0.02394597487554849 -2.5570882351072206 0.0
546 60 832.0 633.0 75.12150751599998 0.0 7.97 0.008020918002958016 0.02758511179032301 False True -0.004118676258420531 5.285244947574124 -0.02394597487554849 -2.5570882351072206 0.0
546 61 836.0 637.0 76.35627350499999 0.0 7.97 0.008020918002958016 0.004092633391456042 False True -0.004118676258420531 5.285244947574124 -0.02394597487554849 -2.5570882351072206 0.0
546 62 840.0 641.0 77.591160484 0.0 7.94 0.004092633391456042 0.008020918002958016 False True -0.004118676258420531 5.285244947574124 -0.02394597487554849 -2.5570882351072206 0.0
546 63 844.0 645.0 78.80752110499998 0.0 7.97 0.008020918002958016 0.004092633391456042 False True -0.004118676258420531 5.285244947574124 -0.02394597487554849 -2.5570882351072206 0.0
546 64 848.0 649.0 80.01973656299995 0.0 8.02 0.01745484309896806 0.00961950250770165 False True -0.004118676258420531 5.285244947574124 -0.02394597487554849 -2.5570882351072206 0.0
546 65 852.0 653.0 81.23450888499994 0.0 8.02 0.01745484309896806 0.00961950250770165 False True -0.004118676258420531 5.285244947574124 -0.02394597487554849 -2.5570882351072206 0.0
546 66 856.0 657.0 82.45011878299994 0.0 8.02 0.01745484309896806 0.07155514680505272 False True -0.004118676258420531 5.285244947574124 -0.02394597487554849 -2.5570882351072206 0.0
546 67 868.0 669.0 83.65412669499992 0.0 8.02 0.01745484309896806 0.06712302922252218 False True -0.004118676258420531 5.285244947574124 -0.02394597487554849 -2.5570882351072206 0.0
546 68 880.0 681.0 84.87521268199993 0.0 8.02 0.01745484309896806 0.07612505293184114 False True -0.004118676258420531 5.285244947574124 -0.02394597487554849 -2.5570882351072206 0.0
546 69 892.0 693.0 86.09256280199995 0.0 8.02 0.01745484309896806 0.08083227482709529 False True -0.004118676258420531 5.285244947574124 -0.02394597487554849 -2.5570882351072206 0.0
546 70 904.0 705.0 87.31113143299996 0.0 8.02 0.01745484309896806 0.08567632598197984 False True -0.004118676258420531 5.285244947574124 -0.02394597487554849 -2.5570882351072206 0.0
546 71 916.0 717.0 88.53159823999997 0.0 8.02 0.01745484309896806 0.09065670620327626 False True -0.004118676258420531 5.285244947574124 -0.02394597487554849 -2.5570882351072206 0.0
546 72 928.0 729.0 89.74985495999996 0.0 8.02 0.01745484309896806 0.08083227482709529 False True -0.004118676258420531 5.285244947574124 -0.02394597487554849 -2.5570882351072206 0.0
546 73 932.0 733.0 90.97001482799996 0.0 8.02 0.01745484309896806 0.06712302922252218 False True -0.004118676258420531 5.285244947574124 -0.02394597487554849 -2.5570882351072206 0.0
546 74 936.0 737.0 92.19111826199997 0.0 8.02 0.01745484309896806 0.1010243849517143 False True -0.004118676258420531 5.285244947574124 -0.02394597487554849 -2.5570882351072206 0.0
546 75 948.0 749.0 93.41090131699997 0.0 8.02 0.01745484309896806 0.11193103777355388 False True -0.004118676258420531 5.285244947574124 -0.02394597487554849 -2.5570882351072206 0.0
546 76 960.0 761.0 94.63633363299996 0.0 8.26 0.11193103777355388 0.11758508505236115 False True -0.004118676258420531 5.285244947574124 -0.02394597487554849 -2.5570882351072206 0.0
546 77 972.0 773.0 95.85539827899996 0.0 8.26 0.11193103777355388 0.10641061512743544 False True -0.004118676258420531 5.285244947574124 -0.02394597487554849 -2.5570882351072206 0.0
546 78 984.0 785.0 97.07667604699995 0.0 8.26 0.11193103777355388 0.12337217576221764 False True -0.004118676258420531 5.285244947574124 -0.02394597487554849 -2.5570882351072206 0.0
546 79 996.0 797.0 98.29412482799995 0.0 8.26 0.11193103777355388 0.13534309619890975 False True -0.004118676258420531 5.285244947574124 -0.02394597487554849 -2.5570882351072206 0.0
546 80 1008.0 809.0 99.51124621999995 0.0 8.02 0.01745484309896806 0.12929171539567258 False True -0.004118676258420531 5.285244947574124 -0.02394597487554849 -2.5570882351072206 0.0
546 81 1020.0 821.0 100.72999178799995 0.0 8.29 0.12929171539567258 0.14152569723252895 False True -0.004118676258420531 5.285244947574124 -0.02394597487554849 -2.5570882351072206 0.0
546 82 1032.0 833.0 101.94625825899996 0.0 8.02 0.01745484309896806 0.12929171539567258 False True -0.004118676258420531 5.285244947574124 -0.02394597487554849 -2.5570882351072206 0.0
546 83 1036.0 837.0 103.16464148299997 0.0 8.02 0.01745484309896806 0.15428201067923406 False True -0.004118676258420531 5.285244947574124 -0.02394597487554849 -2.5570882351072206 0.0
546 84 1048.0 849.0 104.38417712299997 0.0 8.02 0.01745484309896806 0.09577290166338244 False True -0.004118676258420531 5.285244947574124 -0.02394597487554849 -2.5570882351072206 0.0
546 85 1060.0 861.0 105.59119185599997 0.0 8.02 0.01745484309896806 0.09577290166338244 False True -0.004118676258420531 5.285244947574124 -0.02394597487554849 -2.5570882351072206 0.0
546 86 1064.0 865.0 106.80941284999997 0.0 8.02 0.01745484309896806 0.14783888443363136 False True -0.004118676258420531 5.285244947574124 -0.02394597487554849 -2.5570882351072206 0.0
546 87 1076.0 877.0 108.02902903299997 0.0 8.02 0.01745484309896806 0.12929171539567258 False True -0.004118676258420531 5.285244947574124 -0.02394597487554849 -2.5570882351072206 0.0
546 88 1080.0 881.0 109.24492074699998 0.0 8.02 0.01745484309896806 0.12929171539567258 False True -0.004118676258420531 5.285244947574124 -0.02394597487554849 -2.5570882351072206 0.0
546 89 1084.0 885.0 110.46304178599999 0.0 8.02 0.01745484309896806 0.1675554269011185 False True -0.004118676258420531 5.285244947574124 -0.02394597487554849 -2.5570882351072206 0.0
546 90 1096.0 897.0 111.68223961199999 0.0 8.02 0.01745484309896806 0.1608544158509717 False True -0.004118676258420531 5.285244947574124 -0.02394597487554849 -2.5570882351072206 0.0
546 91 1108.0 909.0 112.88954202 0.0 8.02 0.01745484309896806 0.18134051020400369 False True -0.004118676258420531 5.285244947574124 -0.02394597487554849 -2.5570882351072206 0.0
546 92 1120.0 921.0 114.10540123799998 0.0 8.02 0.01745484309896806 0.17438435791988396 False True -0.004118676258420531 5.285244947574124 -0.02394597487554849 -2.5570882351072206 0.0
546 93 1132.0 933.0 115.32294997799997 0.0 8.02 0.01745484309896806 0.18842317232661387 False True -0.004118676258420531 5.285244947574124 -0.02394597487554849 -2.5570882351072206 0.0
546 94 1144.0 945.0 116.53016590399997 0.0 8.02 0.01745484309896806 0.2029651171899533 False True -0.004118676258420531 5.285244947574124 -0.02394597487554849 -2.5570882351072206 0.0
546 95 1156.0 957.0 117.76061027299997 0.0 8.02 0.01745484309896806 0.19563162020838992 False True -0.004118676258420531 5.285244947574124 -0.02394597487554849 -2.5570882351072206 0.0
546 96 1168.0 969.0 118.96998674899999 0.0 8.02 0.01745484309896806 0.21042291410553735 False True -0.004118676258420531 5.285244947574124 -0.02394597487554849 -2.5570882351072206 0.0
546 97 1180.0 981.0 120.18887483399999 0.0 8.02 0.01745484309896806 0.2257083489945099 False True -0.004118676258420531 5.285244947574124 -0.02394597487554849 -2.5570882351072206 0.0
546 98 1192.0 993.0 121.40862996199996 0.0 8.02 0.01745484309896806 0.09577290166338244 False True -0.004118676258420531 5.285244947574124 -0.02394597487554849 -2.5570882351072206 0.0
546 99 1196.0 997.0 122.62648707599996 0.0 8.02 0.01745484309896806 0.21800424935790588 False True -0.004118676258420531 5.285244947574124 -0.02394597487554849 -2.5570882351072206 0.0
546 100 1208.0 1009.0 123.84404841099996 0.0 8.02 0.01745484309896806 0.11193103777355388 False True -0.004118676258420531 5.285244947574124 -0.02394597487554849 -2.5570882351072206 0.0
546 101 1212.0 1013.0 125.06418661399996 0.0 8.02 0.01745484309896806 0.11193103777355388 False True -0.004118676258420531 5.285244947574124 -0.02394597487554849 -2.5570882351072206 0.0
546 102 1216.0 1017.0 126.28330926999996 0.0 8.26 0.11193103777355388 0.14783888443363136 False True -0.004118676258420531 5.285244947574124 -0.02394597487554849 -2.5570882351072206 0.0
546 103 1220.0 1021.0 127.50060747099994 0.0 8.26 0.11193103777355388 0.24148168429923617 False True -0.004118676258420531 5.285244947574124 -0.02394597487554849 -2.5570882351072206 0.0
546 104 1232.0 1033.0 128.72505337599992 0.0 8.26 0.11193103777355388 0.249549310988374 False True -0.004118676258420531 5.285244947574124 -0.02394597487554849 -2.5570882351072206 0.0
546 105 1244.0 1045.0 129.9408207829999 0.0 8.26 0.11193103777355388 0.2577364842646704 False True -0.004118676258420531 5.285244947574124 -0.02394597487554849 -2.5570882351072206 0.0
546 106 1256.0 1057.0 131.14743588899992 0.0 8.26 0.11193103777355388 0.2660423695843558 False True -0.004118676258420531 5.285244947574124 -0.02394597487554849 -2.5570882351072206 0.0
546 107 1268.0 1069.0 132.31356750499995 0.0 8.26 0.11193103777355388 0.27446612053098024 False True -0.004118676258420531 5.285244947574124 -0.02394597487554849 -2.5570882351072206 0.0
546 108 1280.0 1081.0 133.49780598399994 0.0 8.48 0.2660423695843558 0.11193103777355388 False True -0.004118676258420531 5.285244947574124 -0.02394597487554849 -2.5570882351072206 0.0
546 109 1284.0 1085.0 134.68991845199994 0.0 8.26 0.11193103777355388 0.2660423695843558 False True -0.004118676258420531 5.285244947574124 -0.02394597487554849 -2.5570882351072206 0.0
546 110 1288.0 1089.0 135.86873376799994 0.0 8.26 0.11193103777355388 0.2830068789000452 False True -0.004118676258420531 5.285244947574124 -0.02394597487554849 -2.5570882351072206 0.0
546 111 1300.0 1101.0 137.05154214499996 0.0 8.26 0.11193103777355388 0.29166377478482214 False True -0.004118676258420531 5.285244947574124 -0.02394597487554849 -2.5570882351072206 0.0
546 112 1312.0 1113.0 138.24732875199996 0.0 8.26 0.11193103777355388 0.23353442678487396 False True -0.004118676258420531 5.285244947574124 -0.02394597487554849 -2.5570882351072206 0.0
546 113 1324.0 1125.0 139.43444350399997 0.0 8.26 0.11193103777355388 0.249549310988374 False True -0.004118676258420531 5.285244947574124 -0.02394597487554849 -2.5570882351072206 0.0
546 114 1328.0 1129.0 140.63496887199997 0.0 8.26 0.11193103777355388 0.2660423695843558 False True -0.004118676258420531 5.285244947574124 -0.02394597487554849 -2.5570882351072206 0.0
546 115 1332.0 1133.0 141.834002755 0.0 8.26 0.11193103777355388 0.3093224414865529 False True -0.004118676258420531 5.285244947574124 -0.02394597487554849 -2.5570882351072206 0.0
546 116 1344.0 1145.0 143.03351047799995 0.0 8.26 0.11193103777355388 0.3004359266633411 False True -0.004118676258420531 5.285244947574124 -0.02394597487554849 -2.5570882351072206 0.0
546 117 1356.0 1157.0 144.246990791 0.0 8.26 0.11193103777355388 0.32743493067235274 False True -0.004118676258420531 5.285244947574124 -0.02394597487554849 -2.5570882351072206 0.0
546 118 1368.0 1169.0 145.44594371500003 0.0 8.26 0.11193103777355388 0.3366590621108413 False True -0.004118676258420531 5.285244947574124 -0.02394597487554849 -2.5570882351072206 0.0
546 119 1380.0 1181.0 146.64498002000002 0.0 8.26 0.11193103777355388 0.31832241476761225 False True -0.004118676258420531 5.285244947574124 -0.02394597487554849 -2.5570882351072206 0.0
546 120 1392.0 1193.0 147.83245579 0.0 8.26 0.11193103777355388 0.35543840750796457 False True -0.004118676258420531 5.285244947574124 -0.02394597487554849 -2.5570882351072206 0.0
546 121 1404.0 1205.0 149.00745527 0.0 8.02 0.01745484309896806 0.11193103777355388 False True -0.004118676258420531 5.285244947574124 -0.02394597487554849 -2.5570882351072206 0.0
546 122 1408.0 1209.0 150.20087849300003 0.0 8.26 0.11193103777355388 0.011362384517920618 False True -0.004118676258420531 5.285244947574124 -0.02394597487554849 -2.5570882351072206 0.0
546 123 1412.0 1213.0 151.38311285000006 0.0 8.26 0.11193103777355388 0.011362384517920618 False True -0.004118676258420531 5.285244947574124 -0.02394597487554849 -2.5570882351072206 0.0
546 124 1416.0 1217.0 152.57633283700008 0.0 8.02 0.01745484309896806 0.04704484947254134 False True -0.004118676258420531 5.285244947574124 -0.02394597487554849 -2.5570882351072206 0.0
546 125 1420.0 1221.0 153.76099753800005 0.0 8.02 0.01745484309896806 0.00961950250770165 False True -0.004118676258420531 5.285244947574124 -0.02394597487554849 -2.5570882351072206 0.0
546 126 1424.0 1225.0 154.94265891200004 0.0 8.02 0.01745484309896806 0.14783888443363136 False True -0.004118676258420531 5.285244947574124 -0.02394597487554849 -2.5570882351072206 0.0
546 127 1428.0 1229.0 156.13726726000007 0.0 8.02 0.01745484309896806 0.08083227482709529 False True -0.004118676258420531 5.285244947574124 -0.02394597487554849 -2.5570882351072206 0.0
546 128 1432.0 1233.0 157.32125505800005 0.0 8.02 0.01745484309896806 0.34599387083010913 False True -0.004118676258420531 5.285244947574124 -0.02394597487554849 -2.5570882351072206 0.0
546 129 1444.0 1245.0 158.50409321800007 0.0 8.02 0.01745484309896806 0.02758511179032301 False True -0.004118676258420531 5.285244947574124 -0.02394597487554849 -2.5570882351072206 0.0
546 130 1448.0 1249.0 159.69779642800003 0.0 8.02 0.01745484309896806 0.2029651171899533 False True -0.004118676258420531 5.285244947574124 -0.02394597487554849 -2.5570882351072206 0.0
546 131 1452.0 1253.0 160.89741128100005 0.0 8.02 0.01745484309896806 0.12929171539567258 False True -0.004118676258420531 5.285244947574124 -0.02394597487554849 -2.5570882351072206 0.0
546 132 1456.0 1257.0 162.09308075800007 0.0 8.02 0.01745484309896806 0.12929171539567258 False True -0.004118676258420531 5.285244947574124 -0.02394597487554849 -2.5570882351072206 0.0
546 133 1460.0 1261.0 163.27626608800003 0.0 8.02 0.01745484309896806 0.004092633391456042 False True -0.004118676258420531 5.285244947574124 -0.02394597487554849 -2.5570882351072206 0.0
546 134 1464.0 1265.0 164.45867552800004 0.0 8.02 0.01745484309896806 0.011362384517920618 False True -0.004118676258420531 5.285244947574124 -0.02394597487554849 -2.5570882351072206 0.0
546 135 1468.0 1269.0 165.65218365700005 0.0 8.02 0.01745484309896806 0.011362384517920618 False True -0.004118676258420531 5.285244947574124 -0.02394597487554849 -2.5570882351072206 0.0
546 136 1472.0 1273.0 166.847706724 0.0 8.02 0.01745484309896806 0.011362384517920618 False True -0.004118676258420531 5.285244947574124 -0.02394597487554849 -2.5570882351072206 0.0
546 137 1476.0 1277.0 168.02983010600005 0.0 8.02 0.01745484309896806 0.011362384517920618 False True -0.004118676258420531 5.285244947574124 -0.02394597487554849 -2.5570882351072206 0.0
546 138 1480.0 1281.0 169.21054721000004 0.0 7.99 0.011362384517920618 0.01745484309896806 False True -0.004118676258420531 5.285244947574124 -0.02394597487554849 -2.5570882351072206 0.0
546 139 1484.0 1285.0 170.39307711300003 0.0 8.02 0.01745484309896806 0.011362384517920618 False True -0.004118676258420531 5.285244947574124 -0.02394597487554849 -2.5570882351072206 0.0
546 140 1488.0 1289.0 171.588462378 0.0 8.02 0.01745484309896806 0.011362384517920618 False True -0.004118676258420531 5.285244947574124 -0.02394597487554849 -2.5570882351072206 0.0
546 141 1492.0 1293.0 172.774043413 0.0 8.02 0.01745484309896806 0.011362384517920618 False True -0.004118676258420531 5.285244947574124 -0.02394597487554849 -2.5570882351072206 0.0
546 142 1496.0 1297.0 173.95572254699997 0.0 8.02 0.01745484309896806 0.033505607148275184 False True -0.004118676258420531 5.285244947574124 -0.02394597487554849 -2.5570882351072206 0.0
546 143 1500.0 1301.0 175.14892634999998 0.0 8.02 0.01745484309896806 0.011362384517920618 False True -0.004118676258420531 5.285244947574124 -0.02394597487554849 -2.5570882351072206 0.0
546 144 1504.0 1305.0 176.34765774999997 0.0 8.02 0.01745484309896806 0.04344861661396296 False True -0.004118676258420531 5.285244947574124 -0.02394597487554849 -2.5570882351072206 0.0
546 145 1508.0 1309.0 177.53601720899994 0.0 8.02 0.01745484309896806 0.04704484947254134 False True -0.004118676258420531 5.285244947574124 -0.02394597487554849 -2.5570882351072206 0.0
546 146 1512.0 1313.0 178.72418285799992 0.0 8.02 0.01745484309896806 0.04704484947254134 False True -0.004118676258420531 5.285244947574124 -0.02394597487554849 -2.5570882351072206 0.0
546 147 1516.0 1317.0 179.9253067839999 0.0 8.02 0.01745484309896806 0.04704484947254134 False True -0.004118676258420531 5.285244947574124 -0.02394597487554849 -2.5570882351072206 0.0
546 148 1520.0 1321.0 181.1243736939999 0.0 8.02 0.01745484309896806 0.006566806616671757 False True -0.004118676258420531 5.285244947574124 -0.02394597487554849 -2.5570882351072206 0.0
546 149 1524.0 1325.0 182.33992013799988 0.0 8.02 0.01745484309896806 0.02758511179032301 False True -0.004118676258420531 5.285244947574124 -0.02394597487554849 -2.5570882351072206 0.0
546 150 1528.0 1329.0 183.53709679499988 0.0 8.02 0.01745484309896806 0.054657928519598616 False True -0.004118676258420531 5.285244947574124 -0.02394597487554849 -2.5570882351072206 0.0
546 151 1532.0 1333.0 184.73463091599987 0.0 8.02 0.01745484309896806 0.14783888443363136 False True -0.004118676258420531 5.285244947574124 -0.02394597487554849 -2.5570882351072206 0.0
546 152 1536.0 1337.0 185.92317248399988 0.0 8.32 0.14783888443363136 0.01745484309896806 False True -0.004118676258420531 5.285244947574124 -0.02394597487554849 -2.5570882351072206 0.0
546 153 1540.0 1341.0 187.1223696839999 0.0 8.32 0.14783888443363136 0.01745484309896806 False True -0.004118676258420531 5.285244947574124 -0.02394597487554849 -2.5570882351072206 0.0
546 154 1544.0 1345.0 188.32144804699985 0.0 8.32 0.14783888443363136 0.01745484309896806 False True -0.004118676258420531 5.285244947574124 -0.02394597487554849 -2.5570882351072206 0.0
546 155 1548.0 1349.0 189.52166069499984 0.0 8.32 0.14783888443363136 0.01745484309896806 False True -0.004118676258420531 5.285244947574124 -0.02394597487554849 -2.5570882351072206 0.0
546 156 1552.0 1353.0 190.72012043499987 0.0 8.32 0.14783888443363136 0.01745484309896806 False True -0.004118676258420531 5.285244947574124 -0.02394597487554849 -2.5570882351072206 0.0
546 157 1556.0 1357.0 191.91975092799984 0.0 8.32 0.14783888443363136 0.3844207280340488 False True -0.004118676258420531 5.285244947574124 -0.02394597487554849 -2.5570882351072206 0.0
546 158 1568.0 1369.0 193.1219271799998 0.0 8.32 0.14783888443363136 0.37465281267524925 False True -0.004118676258420531 5.285244947574124 -0.02394597487554849 -2.5570882351072206 0.0
546 159 1580.0 1381.0 194.3372042139998 0.0 8.32 0.14783888443363136 0.01745484309896806 False True -0.004118676258420531 5.285244947574124 -0.02394597487554849 -2.5570882351072206 0.0
546 160 1584.0 1385.0 195.55203977399984 0.0 8.32 0.14783888443363136 0.404273021207043 False True -0.004118676258420531 5.285244947574124 -0.02394597487554849 -2.5570882351072206 0.0
546 161 1596.0 1397.0 196.75618711099983 0.0 8.02 0.01745484309896806 0.3942944652854857 False True -0.004118676258420531 5.285244947574124 -0.02394597487554849 -2.5570882351072206 0.0
546 162 1608.0 1409.0 197.96888342199983 0.0 8.02 0.01745484309896806 0.14783888443363136 False True -0.004118676258420531 5.285244947574124 -0.02394597487554849 -2.5570882351072206 0.0
546 163 1612.0 1413.0 199.17162949099983 0.0 8.02 0.01745484309896806 0.14783888443363136 False True -0.004118676258420531 5.285244947574124 -0.02394597487554849 -2.5570882351072206 0.0
546 164 1616.0 1417.0 200.3850134419998 0.0 8.02 0.01745484309896806 0.14783888443363136 False True -0.004118676258420531 5.285244947574124 -0.02394597487554849 -2.5570882351072206 0.0
546 165 1620.0 1421.0 201.58938412099982 0.0 8.32 0.14783888443363136 0.11193103777355388 False True -0.004118676258420531 5.285244947574124 -0.02394597487554849 -2.5570882351072206 0.0
546 166 1624.0 1425.0 202.80227058799986 0.0 8.32 0.14783888443363136 0.01745484309896806 False True -0.004118676258420531 5.285244947574124 -0.02394597487554849 -2.5570882351072206 0.0
546 167 1628.0 1429.0 204.00635030699985 0.0 8.32 0.14783888443363136 0.01745484309896806 False True -0.004118676258420531 5.285244947574124 -0.02394597487554849 -2.5570882351072206 0.0
546 168 1632.0 1433.0 205.22061618299986 0.0 8.02 0.01745484309896806 0.42454052385495433 False True -0.004118676258420531 5.285244947574124 -0.02394597487554849 -2.5570882351072206 0.0
546 169 1644.0 1445.0 206.43609955999986 0.0 8.02 0.01745484309896806 0.4452150023621952 False True -0.004118676258420531 5.285244947574124 -0.02394597487554849 -2.5570882351072206 0.0
546 170 1656.0 1457.0 207.64135874399986 0.0 8.02 0.01745484309896806 0.4557022399483623 False True -0.004118676258420531 5.285244947574124 -0.02394597487554849 -2.5570882351072206 0.0
546 171 1668.0 1469.0 208.85640655099982 0.0 8.02 0.01745484309896806 0.4348274121259511 False True -0.004118676258420531 5.285244947574124 -0.02394597487554849 -2.5570882351072206 0.0
546 172 1680.0 1481.0 210.07106083599982 0.0 8.02 0.01745484309896806 0.4143553820928276 False True -0.004118676258420531 5.285244947574124 -0.02394597487554849 -2.5570882351072206 0.0
546 173 1692.0 1493.0 211.27472169599983 0.0 8.02 0.01745484309896806 0.00961950250770165 False True -0.004118676258420531 5.285244947574124 -0.02394597487554849 -2.5570882351072206 0.0
546 174 1696.0 1497.0 212.48993183299982 0.0 8.26 0.11193103777355388 0.008020918002958016 False True -0.004118676258420531 5.285244947574124 -0.02394597487554849 -2.5570882351072206 0.0
546 175 1700.0 1501.0 213.70466693599982 0.0 8.26 0.11193103777355388 0.04704484947254134 False True -0.004118676258420531 5.285244947574124 -0.02394597487554849 -2.5570882351072206 0.0
546 176 1704.0 1505.0 214.91881110499983 0.0 8.12 0.04704484947254134 0.11193103777355388 False True -0.004118676258420531 5.285244947574124 -0.02394597487554849 -2.5570882351072206 0.0
546 177 1708.0 1509.0 216.12472477399982 0.0 8.12 0.04704484947254134 0.01745484309896806 False True -0.004118676258420531 5.285244947574124 -0.02394597487554849 -2.5570882351072206 0.0
546 178 1712.0 1513.0 217.33848818699985 0.0 8.12 0.04704484947254134 0.01745484309896806 False True -0.004118676258420531 5.285244947574124 -0.02394597487554849 -2.5570882351072206 0.0
546 179 1716.0 1517.0 218.55325606599988 0.0 8.02 0.01745484309896806 0.04704484947254134 False True -0.004118676258420531 5.285244947574124 -0.02394597487554849 -2.5570882351072206 0.0
546 180 1720.0 1521.0 219.75699521599986 0.0 8.02 0.01745484309896806 0.05867398184590565 False True -0.004118676258420531 5.285244947574124 -0.02394597487554849 -2.5570882351072206 0.0
546 181 1724.0 1525.0 220.9715967739999 0.0 8.02 0.01745484309896806 0.08083227482709529 False True -0.004118676258420531 5.285244947574124 -0.02394597487554849 -2.5570882351072206 0.0
546 182 1728.0 1529.0 222.18595012699987 0.0 8.02 0.01745484309896806 0.08083227482709529 False True -0.004118676258420531 5.285244947574124 -0.02394597487554849 -2.5570882351072206 0.0
546 183 1732.0 1533.0 223.39086087799987 0.0 8.02 0.01745484309896806 0.08083227482709529 False True -0.004118676258420531 5.285244947574124 -0.02394597487554849 -2.5570882351072206 0.0
546 184 1736.0 1537.0 224.60646482499985 0.0 8.02 0.01745484309896806 0.08083227482709529 False True -0.004118676258420531 5.285244947574124 -0.02394597487554849 -2.5570882351072206 0.0
546 185 1740.0 1541.0 225.82009836699987 0.0 8.02 0.01745484309896806 0.4769713889844352 False True -0.004118676258420531 5.285244947574124 -0.02394597487554849 -2.5570882351072206 0.0
546 186 1752.0 1553.0 227.02448821099986 0.0 8.02 0.01745484309896806 0.49862622490992603 False True -0.004118676258420531 5.285244947574124 -0.02394597487554849 -2.5570882351072206 0.0
546 187 1764.0 1565.0 228.23928279399988 0.0 8.02 0.01745484309896806 0.5206579591055845 False True -0.004118676258420531 5.285244947574124 -0.02394597487554849 -2.5570882351072206 0.0
546 188 1776.0 1577.0 229.4525952939999 0.0 8.02 0.01745484309896806 0.5095955349441282 False True -0.004118676258420531 5.285244947574124 -0.02394597487554849 -2.5570882351072206 0.0
546 189 1788.0 1589.0 230.6564012819999 0.0 8.02 0.01745484309896806 0.5430576521724878 False True -0.004118676258420531 5.285244947574124 -0.02394597487554849 -2.5570882351072206 0.0
546 190 1800.0 1601.0 231.8704224169999 0.0 8.02 0.01745484309896806 0.5318123752850289 False True -0.004118676258420531 5.285244947574124 -0.02394597487554849 -2.5570882351072206 0.0
546 191 1812.0 1613.0 233.0921158059999 0.0 8.02 0.01745484309896806 0.5658162175076636 False True -0.004118676258420531 5.285244947574124 -0.02394597487554849 -2.5570882351072206 0.0
546 192 1824.0 1625.0 234.30640075599993 0.0 8.02 0.01745484309896806 0.5889244249386054 False True -0.004118676258420531 5.285244947574124 -0.02394597487554849 -2.5570882351072206 0.0
546 193 1836.0 1637.0 235.52214987999994 0.0 8.02 0.01745484309896806 0.4877511417993145 False True -0.004118676258420531 5.285244947574124 -0.02394597487554849 -2.5570882351072206 0.0
546 194 1848.0 1649.0 236.72676114399994 0.0 8.02 0.01745484309896806 0.249549310988374 False True -0.004118676258420531 5.285244947574124 -0.02394597487554849 -2.5570882351072206 0.0
546 195 1852.0 1653.0 237.94170263799995 0.0 8.02 0.01745484309896806 0.249549310988374 False True -0.004118676258420531 5.285244947574124 -0.02394597487554849 -2.5570882351072206 0.0
546 196 1856.0 1657.0 239.15584644099997 0.0 8.459999999999999 0.249549310988374 0.01745484309896806 False True -0.004118676258420531 5.285244947574124 -0.02394597487554849 -2.5570882351072206 0.0
546 197 1860.0 1661.0 240.35850102299995 0.0 8.02 0.01745484309896806 0.249549310988374 False True -0.004118676258420531 5.285244947574124 -0.02394597487554849 -2.5570882351072206 0.0
546 198 1864.0 1665.0 241.57213634199994 0.0 8.02 0.01745484309896806 0.249549310988374 False True -0.004118676258420531 5.285244947574124 -0.02394597487554849 -2.5570882351072206 0.0
546 199 1868.0 1669.0 242.77613311399992 0.0 8.02 0.01745484309896806 0.07155514680505272 False True -0.004118676258420531 5.285244947574124 -0.02394597487554849 -2.5570882351072206 0.0
546 200 1872.0 1673.0 243.98972772399995 0.0 8.02 0.01745484309896806 0.07155514680505272 False True -0.004118676258420531 5.285244947574124 -0.02394597487554849 -2.5570882351072206 0.0
546 201 1876.0 1677.0 245.194601538 0.0 8.02 0.01745484309896806 0.36499171184792545 False True -0.004118676258420531 5.285244947574124 -0.02394597487554849 -2.5570882351072206 0.0
546 202 1888.0 1689.0 246.409492121 0.0 8.02 0.01745484309896806 0.01977287067083891 False True -0.004118676258420531 5.285244947574124 -0.02394597487554849 -2.5570882351072206 0.0
546 203 1892.0 1693.0 247.61430436099997 0.0 8.02 0.01745484309896806 0.6242217807034428 False True -0.004118676258420531 5.285244947574124 -0.02394597487554849 -2.5570882351072206 0.0
546 204 1904.0 1705.0 248.82769378199995 0.0 8.02 0.01745484309896806 0.6602525224589791 False True -0.004118676258420531 5.285244947574124 -0.02394597487554849 -2.5570882351072206 0.0
546 205 1916.0 1717.0 250.03044551499997 0.0 8.02 0.01745484309896806 0.6969837958726876 False True -0.004118676258420531 5.285244947574124 -0.02394597487554849 -2.5570882351072206 0.0
546 206 1928.0 1729.0 251.24416557099997 0.0 8.02 0.01745484309896806 0.7343821160520775 False True -0.004118676258420531 5.285244947574124 -0.02394597487554849 -2.5570882351072206 0.0
546 207 1940.0 1741.0 252.44860697199996 0.0 8.02 0.01745484309896806 0.6481628026591874 False True -0.004118676258420531 5.285244947574124 -0.02394597487554849 -2.5570882351072206 0.0
546 208 1952.0 1753.0 253.66440237599997 0.0 8.02 0.01745484309896806 0.6724200843000799 False True -0.004118676258420531 5.285244947574124 -0.02394597487554849 -2.5570882351072206 0.0
546 209 1964.0 1765.0 254.87962978799996 0.0 8.02 0.01745484309896806 0.006566806616671757 False True -0.004118676258420531 5.285244947574124 -0.02394597487554849 -2.5570882351072206 0.0
546 210 1968.0 1769.0 256.0848984569999 0.0 8.02 0.01745484309896806 0.02758511179032301 False True -0.004118676258420531 5.285244947574124 -0.02394597487554849 -2.5570882351072206 0.0
546 211 1972.0 1773.0 257.2988624189999 0.0 8.02 0.01745484309896806 0.02758511179032301 False True -0.004118676258420531 5.285244947574124 -0.02394597487554849 -2.5570882351072206 0.0
546 212 1976.0 1777.0 258.5144511029999 0.0 8.02 0.01745484309896806 0.02758511179032301 False True -0.004118676258420531 5.285244947574124 -0.02394597487554849 -2.5570882351072206 0.0
546 213 1980.0 1781.0 259.72036817699984 0.0 8.02 0.01745484309896806 0.02758511179032301 False True -0.004118676258420531 5.285244947574124 -0.02394597487554849 -2.5570882351072206 0.0
546 214 1984.0 1785.0 260.93516918299986 0.0 8.02 0.01745484309896806 0.00044498772170225084 False True -0.004118676258420531 5.285244947574124 -0.02394597487554849 -2.5570882351072206 0.0
546 215 1996.0 1797.0 262.1502189089998 0.0 8.02 0.01745484309896806 0.0001512464788631069 False True -0.004118676258420531 5.285244947574124 -0.02394597487554849 -2.5570882351072206 0.0
546 216 2008.0 1809.0 263.3646595599998 0.0 8.02 0.01745484309896806 2.907046983629144e-06 False True -0.004118676258420531 5.285244947574124 -0.02394597487554849 -2.5570882351072206 0.0
546 217 2020.0 1821.0 264.5802210179998 0.0 7.87 2.907046983629144e-06 0.0 False True -0.004118676258420531 5.285244947574124 -0.02394597487554849 -2.5570882351072206 0.0
546 218 2032.0 1833.0 265.7866158369998 0.0 7.87 2.907046983629144e-06 0.00014254136715605406 False True -0.004118676258420531 5.285244947574124 -0.02394597487554849 -2.5570882351072206 0.0
546 219 2044.0 1845.0 267.0014494329998 0.0 7.87 2.907046983629144e-06 0.0004305326314063471 False True -0.004118676258420531 5.285244947574124 -0.02394597487554849 -2.5570882351072206 0.0
546 220 2056.0 1857.0 268.2183815959998 0.0 7.84 0.0004305326314063471 0.0008639607292572382 False True -0.004118676258420531 5.285244947574124 -0.02394597487554849 -2.5570882351072206 0.0
546 221 2068.0 1869.0 269.4469741339998 0.0 7.84 0.0004305326314063471 2.907046983629144e-06 False True -0.004118676258420531 5.285244947574124 -0.02394597487554849 -2.5570882351072206 0.0
546 222 2072.0 1873.0 270.66672724599977 0.0 7.84 0.0004305326314063471 2.907046983629144e-06 False True -0.004118676258420531 5.285244947574124 -0.02394597487554849 -2.5570882351072206 0.0
546 223 2076.0 1877.0 271.88724603499975 0.0 7.87 2.907046983629144e-06 0.0014427980520860374 False True -0.004118676258420531 5.285244947574124 -0.02394597487554849 -2.5570882351072206 0.0
546 224 2088.0 1889.0 273.11660995199975 0.0 7.87 2.907046983629144e-06 0.0021670024488878305 False True -0.004118676258420531 5.285244947574124 -0.02394597487554849 -2.5570882351072206 0.0
546 225 2100.0 1901.0 274.33643578299973 0.0 7.87 2.907046983629144e-06 0.0008840856599294391 False True -0.004118676258420531 5.285244947574124 -0.02394597487554849 -2.5570882351072206 0.0
546 226 2112.0 1913.0 275.5561097209997 0.0 7.87 2.907046983629144e-06 0.0 False True -0.004118676258420531 5.285244947574124 -0.02394597487554849 -2.5570882351072206 0.0
546 227 2116.0 1917.0 276.7852057789997 0.0 7.87 2.907046983629144e-06 0.0004305326314063471 False True -0.004118676258420531 5.285244947574124 -0.02394597487554849 -2.5570882351072206 0.0
546 228 2120.0 1921.0 278.0051308609997 0.0 7.87 2.907046983629144e-06 0.00014254136715605406 False True -0.004118676258420531 5.285244947574124 -0.02394597487554849 -2.5570882351072206 0.0
546 229 2124.0 1925.0 279.2243922989997 0.0 7.87 2.907046983629144e-06 0.0004305326314063471 False True -0.004118676258420531 5.285244947574124 -0.02394597487554849 -2.5570882351072206 0.0
546 230 2128.0 1929.0 280.43761671899966 0.0 7.84 0.0004305326314063471 2.907046983629144e-06 False True -0.004118676258420531 5.285244947574124 -0.02394597487554849 -2.5570882351072206 0.0
546 231 2132.0 1933.0 281.66743184599966 0.0 7.87 2.907046983629144e-06 0.0001512464788631069 False True -0.004118676258420531 5.285244947574124 -0.02394597487554849 -2.5570882351072206 0.0
546 232 2136.0 1937.0 282.88619689499967 0.0 7.87 2.907046983629144e-06 0.0001512464788631069 False True -0.004118676258420531 5.285244947574124 -0.02394597487554849 -2.5570882351072206 0.0
546 233 2140.0 1941.0 284.11530704499967 0.0 7.88 0.0001512464788631069 2.907046983629144e-06 False True -0.004118676258420531 5.285244947574124 -0.02394597487554849 -2.5570882351072206 0.0
546 234 2144.0 1945.0 285.33387217599966 0.0 7.88 0.0001512464788631069 2.907046983629144e-06 False True -0.004118676258420531 5.285244947574124 -0.02394597487554849 -2.5570882351072206 0.0
546 235 2148.0 1949.0 286.5648554709997 0.0 7.88 0.0001512464788631069 2.907046983629144e-06 False True -0.004118676258420531 5.285244947574124 -0.02394597487554849 -2.5570882351072206 0.0
546 236 2152.0 1953.0 287.7853530109997 0.0 7.87 2.907046983629144e-06 0.0001512464788631069 False True -0.004118676258420531 5.285244947574124 -0.02394597487554849 -2.5570882351072206 0.0
546 237 2156.0 1957.0 289.0138161879997 0.0 7.88 0.0001512464788631069 2.907046983629144e-06 False True -0.004118676258420531 5.285244947574124 -0.02394597487554849 -2.5570882351072206 0.0
546 238 2160.0 1961.0 290.23428452299964 0.0 7.88 0.0001512464788631069 2.907046983629144e-06 False True -0.004118676258420531 5.285244947574124 -0.02394597487554849 -2.5570882351072206 0.0
546 239 2164.0 1965.0 291.46513485999964 0.0 7.88 0.0001512464788631069 2.907046983629144e-06 False True -0.004118676258420531 5.285244947574124 -0.02394597487554849 -2.5570882351072206 0.0
546 240 2168.0 1969.0 292.69516563099967 0.0 7.88 0.0001512464788631069 2.907046983629144e-06 False True -0.004118676258420531 5.285244947574124 -0.02394597487554849 -2.5570882351072206 0.0
546 241 2172.0 1973.0 293.91435876999964 0.0 7.87 2.907046983629144e-06 0.0001512464788631069 False True -0.004118676258420531 5.285244947574124 -0.02394597487554849 -2.5570882351072206 0.0
546 242 2176.0 1977.0 295.14498406399963 0.0 7.87 2.907046983629144e-06 0.0001512464788631069 False True -0.004118676258420531 5.285244947574124 -0.02394597487554849 -2.5570882351072206 0.0
546 243 2180.0 1981.0 296.36478309499967 0.0 7.87 2.907046983629144e-06 0.00405127117528377 False True -0.004118676258420531 5.285244947574124 -0.02394597487554849 -2.5570882351072206 0.0
546 244 2192.0 1993.0 297.59526239599967 0.0 7.79 0.00405127117528377 2.907046983629144e-06 False True -0.004118676258420531 5.285244947574124 -0.02394597487554849 -2.5570882351072206 0.0
546 245 2196.0 1997.0 298.81622441099967 0.0 7.87 2.907046983629144e-06 0.005211178536208512 False True -0.004118676258420531 5.285244947574124 -0.02394597487554849 -2.5570882351072206 0.0
