770 0 400.0 200.99999999999994 1.1330346200000037 0.0 1.59 0.08062456676692527 0.08057510664404423 False True 0.0049533342043380744 3.551554838514585 -0.05609529227727408 -1.6718741434016506 0.0
770 1 412.0 212.99999999999994 2.3293302570000094 0.0 1.58 0.08057510664404423 0.08064795179204778 False True 0.0049533342043380744 3.551554838514585 -0.05609529227727408 -1.6718741434016506 0.0
770 2 424.0 224.99999999999994 3.5144194870000263 0.0 1.58 0.08057510664404423 0.08084310735419399 False True 0.0049533342043380744 3.551554838514585 -0.05609529227727408 -1.6718741434016506 0.0
770 3 436.0 236.99999999999994 4.710486487000026 0.0 1.58 0.08057510664404423 0.08079631478576016 False True 0.0049533342043380744 3.551554838514585 -0.05609529227727408 -1.6718741434016506 0.0
770 4 448.0 248.99999999999994 5.894801031000043 0.0 1.58 0.08057510664404423 0.06400797779720749 False True 0.0049533342043380744 3.551554838514585 -0.05609529227727408 -1.6718741434016506 0.0
770 5 460.0 260.99999999999994 7.088291806000029 0.0 1.58 0.08057510664404423 0.05642142765967643 False True 0.0049533342043380744 3.551554838514585 -0.05609529227727408 -1.6718741434016506 0.0
770 6 472.0 272.99999999999994 8.291635522000036 0.0 1.58 0.08057510664404423 0.05280356507728516 False True 0.0049533342043380744 3.551554838514585 -0.05609529227727408 -1.6718741434016506 0.0
770 7 484.0 284.99999999999994 9.487610825000047 0.0 1.58 0.08057510664404423 0.04930311283942487 False True 0.0049533342043380744 3.551554838514585 -0.05609529227727408 -1.6718741434016506 0.0
770 8 496.0 296.99999999999994 10.671243271000037 0.0 1.58 0.08057510664404423 0.05642142765967643 False True 0.0049533342043380744 3.551554838514585 -0.05609529227727408 -1.6718741434016506 0.0
770 9 500.0 300.99999999999994 11.866574552000031 0.0 7.56 0.05642142765967643 0.08057510664404423 False True 0.0049533342043380744 3.551554838514585 -0.05609529227727408 -1.6718741434016506 0.0
770 10 504.0 304.99999999999994 13.052152462000038 0.0 7.56 0.05642142765967643 0.2535517641539302 False True 0.0049533342043380744 3.551554838514585 -0.05609529227727408 -1.6718741434016506 0.0
770 11 516.0 316.99999999999994 14.24883346300004 0.0 7.56 0.05642142765967643 0.26869760902365264 False True 0.0049533342043380744 3.551554838514585 -0.05609529227727408 -1.6718741434016506 0.0
770 12 528.0 328.99999999999994 15.445639165000046 0.0 7.56 0.05642142765967643 0.1977423219903934 False True 0.0049533342043380744 3.551554838514585 -0.05609529227727408 -1.6718741434016506 0.0
770 13 540.0 340.99999999999994 16.631676912000046 0.0 7.56 0.05642142765967643 0.20302970913148907 False True 0.0049533342043380744 3.551554838514585 -0.05609529227727408 -1.6718741434016506 0.0
770 14 552.0 352.99999999999994 17.82703888200004 0.0 1.58 0.08057510664404423 0.2084277142038861 False True 0.0049533342043380744 3.551554838514585 -0.05609529227727408 -1.6718741434016506 0.0
770 15 564.0 364.99999999999994 19.02608954300004 0.0 7.56 0.05642142765967643 0.18750145583215425 False True 0.0049533342043380744 3.551554838514585 -0.05609529227727408 -1.6718741434016506 0.0
770 16 576.0 376.99999999999994 20.229566211000048 0.0 1.1300000000000001 0.20302970913148907 0.05642142765967643 False True 0.0049533342043380744 3.551554838514585 -0.05609529227727408 -1.6718741434016506 0.0
770 17 580.0 380.99999999999994 21.42882706000006 0.0 7.56 0.05642142765967643 0.06797593308945962 False True 0.0049533342043380744 3.551554838514585 -0.05609529227727408 -1.6718741434016506 0.0
770 18 592.0 392.99999999999994 22.627845507000075 0.0 7.56 0.05642142765967643 0.07205983427369553 False True 0.0049533342043380744 3.551554838514585 -0.05609529227727408 -1.6718741434016506 0.0
770 19 604.0 404.99999999999994 23.828867714000097 0.0 7.52 0.07205983427369553 0.05642142765967643 False True 0.0049533342043380744 3.551554838514585 -0.05609529227727408 -1.6718741434016506 0.0
770 20 608.0 408.99999999999994 25.027689866000117 0.0 7.56 0.05642142765967643 0.07625928615280603 False True 0.0049533342043380744 3.551554838514585 -0.05609529227727408 -1.6718741434016506 0.0
770 21 620.0 420.99999999999994 26.22673281900012 0.0 7.52 0.07205983427369553 0.08057388197338516 False True 0.0049533342043380744 3.551554838514585 -0.05609529227727408 -1.6718741434016506 0.0
770 22 632.0 432.99999999999994 27.42661258300012 0.0 7.56 0.05642142765967643 0.08500320346641689 False True 0.0049533342043380744 3.551554838514585 -0.05609529227727408 -1.6718741434016506 0.0
770 23 644.0 444.99999999999994 28.62726093600014 0.0 7.56 0.05642142765967643 0.07205983427369553 False True 0.0049533342043380744 3.551554838514585 -0.05609529227727408 -1.6718741434016506 0.0
770 24 648.0 448.99999999999994 29.842975698000146 0.0 7.5 0.08057388197338516 0.05280356507728516 False True 0.0049533342043380744 3.551554838514585 -0.05609529227727408 -1.6718741434016506 0.0
770 25 652.0 452.99999999999994 31.043441229000138 0.0 7.57 0.05280356507728516 0.08954682088909052 False True 0.0049533342043380744 3.551554838514585 -0.05609529227727408 -1.6718741434016506 0.0
770 26 664.0 464.99999999999994 32.24471567000012 0.0 7.57 0.05280356507728516 0.09420429306777978 False True 0.0049533342043380744 3.551554838514585 -0.05609529227727408 -1.6718741434016506 0.0
770 27 676.0 476.99999999999994 33.4560444950001 0.0 7.47 0.09420429306777978 0.09897516744215824 False True 0.0049533342043380744 3.551554838514585 -0.05609529227727408 -1.6718741434016506 0.0
770 28 688.0 488.99999999999994 34.657422478000115 0.0 7.47 0.09420429306777978 0.1088552558758615 False True 0.0049533342043380744 3.551554838514585 -0.05609529227727408 -1.6718741434016506 0.0
770 29 700.0 500.99999999999994 35.85611378800013 0.0 7.47 0.09420429306777978 0.10385898011046 False True 0.0049533342043380744 3.551554838514585 -0.05609529227727408 -1.6718741434016506 0.0
770 30 712.0 513.0 37.05421526800012 0.0 7.47 0.09420429306777978 0.11396350829400624 False True 0.0049533342043380744 3.551554838514585 -0.05609529227727408 -1.6718741434016506 0.0
770 31 724.0 525.0 38.27362761600011 0.0 7.47 0.09420429306777978 0.12451394136642567 False True 0.0049533342043380744 3.551554838514585 -0.05609529227727408 -1.6718741434016506 0.0
770 32 736.0 537.0 39.4715476720001 0.0 7.47 0.09420429306777978 0.119183239721653 False True 0.0049533342043380744 3.551554838514585 -0.05609529227727408 -1.6718741434016506 0.0
770 33 748.0 549.0 40.67281338300012 0.0 7.47 0.09420429306777978 0.1355061646986261 False True 0.0049533342043380744 3.551554838514585 -0.05609529227727408 -1.6718741434016506 0.0
770 34 760.0 561.0 41.87207605800012 0.0 7.47 0.09420429306777978 0.12995509333770933 False True 0.0049533342043380744 3.551554838514585 -0.05609529227727408 -1.6718741434016506 0.0
770 35 772.0 573.0 43.079788529000126 0.0 7.47 0.09420429306777978 0.21955345743601337 False True 0.0049533342043380744 3.551554838514585 -0.05609529227727408 -1.6718741434016506 0.0
770 36 784.0 585.0 44.27743720400011 0.0 7.47 0.09420429306777978 0.21393580978349208 False True 0.0049533342043380744 3.551554838514585 -0.05609529227727408 -1.6718741434016506 0.0
770 37 796.0 597.0 45.47962831400011 0.0 7.47 0.09420429306777978 0.22528010777080842 False True 0.0049533342043380744 3.551554838514585 -0.05609529227727408 -1.6718741434016506 0.0
770 38 808.0 609.0 46.693138899000104 0.0 7.47 0.09420429306777978 0.23111520049582324 False True 0.0049533342043380744 3.551554838514585 -0.05609529227727408 -1.6718741434016506 0.0
770 39 820.0 621.0 47.90911538800009 0.0 7.47 0.09420429306777978 0.23705816447361125 False True 0.0049533342043380744 3.551554838514585 -0.05609529227727408 -1.6718741434016506 0.0
770 40 832.0 633.0 49.12392125800008 0.0 7.4399999999999995 0.1088552558758615 0.09420429306777978 False True 0.0049533342043380744 3.551554838514585 -0.05609529227727408 -1.6718741434016506 0.0
770 41 836.0 637.0 50.339330601000086 0.0 7.47 0.09420429306777978 0.08109032109569246 False True 0.0049533342043380744 3.551554838514585 -0.05609529227727408 -1.6718741434016506 0.0
770 42 848.0 649.0 51.5428157800001 0.0 7.47 0.09420429306777978 0.08150654386489199 False True 0.0049533342043380744 3.551554838514585 -0.05609529227727408 -1.6718741434016506 0.0
770 43 860.0 661.0 52.7573618210001 0.0 7.47 0.09420429306777978 0.042655775005777316 False True 0.0049533342043380744 3.551554838514585 -0.05609529227727408 -1.6718741434016506 0.0
770 44 872.0 673.0 53.97261160000011 0.0 7.47 0.09420429306777978 0.04592040779220054 False True 0.0049533342043380744 3.551554838514585 -0.05609529227727408 -1.6718741434016506 0.0
770 45 884.0 685.0 55.17715818500011 0.0 7.47 0.09420429306777978 0.03648196742243216 False True 0.0049533342043380744 3.551554838514585 -0.05609529227727408 -1.6718741434016506 0.0
770 46 896.0 697.0 56.3912480110001 0.0 7.47 0.09420429306777978 0.03950952774187385 False True 0.0049533342043380744 3.551554838514585 -0.05609529227727408 -1.6718741434016506 0.0
770 47 908.0 709.0 57.6059039750001 0.0 7.61 0.03950952774187385 0.03357338359948052 False True 0.0049533342043380744 3.551554838514585 -0.05609529227727408 -1.6718741434016506 0.0
770 48 920.0 721.0 58.8202767250001 0.0 7.63 0.03357338359948052 0.030784053926178293 False True 0.0049533342043380744 3.551554838514585 -0.05609529227727408 -1.6718741434016506 0.0
770 49 932.0 733.0 60.0351998190001 0.0 7.63 0.03357338359948052 0.028114244129045136 False True 0.0049533342043380744 3.551554838514585 -0.05609529227727408 -1.6718741434016506 0.0
770 50 944.0 745.0 61.23983098800011 0.0 7.65 0.028114244129045136 0.02556420798139606 False True 0.0049533342043380744 3.551554838514585 -0.05609529227727408 -1.6718741434016506 0.0
770 51 956.0 757.0 62.455156211000116 0.0 7.65 0.028114244129045136 0.023134187277956443 False True 0.0049533342043380744 3.551554838514585 -0.05609529227727408 -1.6718741434016506 0.0
770 52 968.0 769.0 63.6696009500001 0.0 7.67 0.023134187277956443 0.02082441181068949 False True 0.0049533342043380744 3.551554838514585 -0.05609529227727408 -1.6718741434016506 0.0
770 53 980.0 781.0 64.8847065860001 0.0 7.67 0.023134187277956443 0.01863509934581339 False True 0.0049533342043380744 3.551554838514585 -0.05609529227727408 -1.6718741434016506 0.0
770 54 992.0 793.0 66.09962427500011 0.0 7.67 0.023134187277956443 0.016566455602024403 False True 0.0049533342043380744 3.551554838514585 -0.05609529227727408 -1.6718741434016506 0.0
770 55 1004.0 805.0 67.3149669720001 0.0 7.67 0.023134187277956443 0.01461867422992813 False True 0.0049533342043380744 3.551554838514585 -0.05609529227727408 -1.6718741434016506 0.0
770 56 1016.0 817.0 68.5194339110001 0.0 7.67 0.023134187277956443 0.012791936792670176 False True 0.0049533342043380744 3.551554838514585 -0.05609529227727408 -1.6718741434016506 0.0
770 57 1028.0 829.0 69.73381504500011 0.0 7.72 0.012791936792670176 0.011086412747782602 False True 0.0049533342043380744 3.551554838514585 -0.05609529227727408 -1.6718741434016506 0.0
770 58 1040.0 841.0 70.94924122300009 0.0 7.72 0.012791936792670176 0.009502259430239567 False True 0.0049533342043380744 3.551554838514585 -0.05609529227727408 -1.6718741434016506 0.0
770 59 1052.0 853.0 72.1644979640001 0.0 7.72 0.012791936792670176 0.008039622036720049 False True 0.0049533342043380744 3.551554838514585 -0.05609529227727408 -1.6718741434016506 0.0
770 60 1064.0 865.0 73.3797644920001 0.0 7.72 0.012791936792670176 0.006698633611090628 False True 0.0049533342043380744 3.551554838514585 -0.05609529227727408 -1.6718741434016506 0.0
770 61 1076.0 877.0 74.5936468480001 0.0 7.72 0.012791936792670176 0.00547941503110186 False True 0.0049533342043380744 3.551554838514585 -0.05609529227727408 -1.6718741434016506 0.0
770 62 1088.0 889.0 75.8077605120001 0.0 7.74 0.009502259430239567 0.004382074996296034 False True 0.0049533342043380744 3.551554838514585 -0.05609529227727408 -1.6718741434016506 0.0
770 63 1100.0 901.0 77.0102873810001 0.0 7.74 0.009502259430239567 0.0034067100171437147 False True 0.0049533342043380744 3.551554838514585 -0.05609529227727408 -1.6718741434016506 0.0
770 64 1112.0 913.0 78.19962157300009 0.0 7.74 0.009502259430239567 0.0025534044053873344 False True 0.0049533342043380744 3.551554838514585 -0.05609529227727408 -1.6718741434016506 0.0
770 65 1124.0 925.0 79.38070469800007 0.0 7.67 0.023134187277956443 0.001822230265611395 False True 0.0049533342043380744 3.551554838514585 -0.05609529227727408 -1.6718741434016506 0.0
770 66 1136.0 937.0 80.56398183600007 0.0 7.81 0.001822230265611395 0.0012132474880338416 False True 0.0049533342043380744 3.551554838514585 -0.05609529227727408 -1.6718741434016506 0.0
770 67 1148.0 949.0 81.73074577600005 0.0 7.81 0.001822230265611395 0.006698633611090628 False True 0.0049533342043380744 3.551554838514585 -0.05609529227727408 -1.6718741434016506 0.0
770 68 1152.0 953.0 82.90711801500004 0.0 7.81 0.001822230265611395 0.006698633611090628 False True 0.0049533342043380744 3.551554838514585 -0.05609529227727408 -1.6718741434016506 0.0
770 69 1156.0 957.0 84.08452334900005 0.0 7.81 0.001822230265611395 0.0007265037425131785 False True 0.0049533342043380744 3.551554838514585 -0.05609529227727408 -1.6718741434016506 0.0
770 70 1168.0 969.0 85.26432214600004 0.0 7.83 0.0007265037425131785 0.001822230265611395 False True 0.0049533342043380744 3.551554838514585 -0.05609529227727408 -1.6718741434016506 0.0
770 71 1172.0 973.0 86.44590086100004 0.0 7.83 0.0007265037425131785 0.00036203447378871416 False True 0.0049533342043380744 3.551554838514585 -0.05609529227727408 -1.6718741434016506 0.0
770 72 1184.0 985.0 87.64843324800003 0.0 7.83 0.0007265037425131785 0.00011986289792459424 False True 0.0049533342043380744 3.551554838514585 -0.05609529227727408 -1.6718741434016506 0.0
770 73 1196.0 997.0 88.86088533000003 0.0 7.83 0.0007265037425131785 0.0 False True 0.0049533342043380744 3.551554838514585 -0.05609529227727408 -1.6718741434016506 0.0
770 74 1208.0 1009.0 90.06318856700005 0.0 7.83 0.0007265037425131785 2.4445329998782766e-06 False True 0.0049533342043380744 3.551554838514585 -0.05609529227727408 -1.6718741434016506 0.0
770 75 1220.0 1021.0 91.28099111300003 0.0 7.83 0.0007265037425131785 0.00012718301794857528 False True 0.0049533342043380744 3.551554838514585 -0.05609529227727408 -1.6718741434016506 0.0
770 76 1232.0 1033.0 92.50846810300004 0.0 7.83 0.0007265037425131785 0.00037418974525269433 False True 0.0049533342043380744 3.551554838514585 -0.05609529227727408 -1.6718741434016506 0.0
770 77 1244.0 1045.0 93.72446044600005 0.0 7.83 0.0007265037425131785 0.0007434267772716472 False True 0.0049533342043380744 3.551554838514585 -0.05609529227727408 -1.6718741434016506 0.0
770 78 1256.0 1057.0 94.94280724800007 0.0 7.83 0.0007265037425131785 0.0012348439521148123 False True 0.0049533342043380744 3.551554838514585 -0.05609529227727408 -1.6718741434016506 0.0
770 79 1268.0 1069.0 96.17159841500006 0.0 7.83 0.0007265037425131785 0.0018483788886511764 False True 0.0049533342043380744 3.551554838514585 -0.05609529227727408 -1.6718741434016506 0.0
770 80 1280.0 1081.0 97.38908698800006 0.0 7.91 0.0012348439521148123 0.0025839569927553615 False True 0.0049533342043380744 3.551554838514585 -0.05609529227727408 -1.6718741434016506 0.0
770 81 1292.0 1093.0 98.61883339300005 0.0 7.83 0.0007265037425131785 0.0034414914647607022 False True 0.0049533342043380744 3.551554838514585 -0.05609529227727408 -1.6718741434016506 0.0
770 82 1304.0 1105.0 99.83412901000005 0.0 7.83 0.0007265037425131785 0.001822230265611395 False True 0.0049533342043380744 3.551554838514585 -0.05609529227727408 -1.6718741434016506 0.0
770 83 1308.0 1109.0 101.05010861200006 0.0 7.83 0.0007265037425131785 0.0044208833081411025 False True 0.0049533342043380744 3.551554838514585 -0.05609529227727408 -1.6718741434016506 0.0
770 84 1320.0 1121.0 102.26776131200006 0.0 7.83 0.0007265037425131785 0.005522021339411898 False True 0.0049533342043380744 3.551554838514585 -0.05609529227727408 -1.6718741434016506 0.0
770 85 1332.0 1133.0 103.49422783900005 0.0 7.83 0.0007265037425131785 0.001822230265611395 False True 0.0049533342043380744 3.551554838514585 -0.05609529227727408 -1.6718741434016506 0.0
770 86 1336.0 1137.0 104.71214459100003 0.0 7.9 0.0007434267772716472 0.00037418974525269433 False True 0.0049533342043380744 3.551554838514585 -0.05609529227727408 -1.6718741434016506 0.0
770 87 1340.0 1141.0 105.93541104000002 0.0 7.89 0.00037418974525269433 0.001822230265611395 False True 0.0049533342043380744 3.551554838514585 -0.05609529227727408 -1.6718741434016506 0.0
770 88 1344.0 1145.0 107.15563684900002 0.0 7.89 0.00037418974525269433 0.001822230265611395 False True 0.0049533342043380744 3.551554838514585 -0.05609529227727408 -1.6718741434016506 0.0
770 89 1348.0 1149.0 108.37354362700003 0.0 7.81 0.001822230265611395 0.006744782199244282 False True 0.0049533342043380744 3.551554838514585 -0.05609529227727408 -1.6718741434016506 0.0
770 90 1360.0 1161.0 109.58889969000003 0.0 7.97 0.006744782199244282 0.00808903036480417 False True 0.0049533342043380744 3.551554838514585 -0.05609529227727408 -1.6718741434016506 0.0
770 91 1372.0 1173.0 110.80720768700004 0.0 7.81 0.001822230265611395 0.009554618163304635 False True 0.0049533342043380744 3.551554838514585 -0.05609529227727408 -1.6718741434016506 0.0
770 92 1384.0 1185.0 112.02440469400005 0.0 7.81 0.001822230265611395 0.011141385786770819 False True 0.0049533342043380744 3.551554838514585 -0.05609529227727408 -1.6718741434016506 0.0
770 93 1396.0 1197.0 113.27292159600003 0.0 7.81 0.001822230265611395 0.012849161308018423 False True 0.0049533342043380744 3.551554838514585 -0.05609529227727408 -1.6718741434016506 0.0
770 94 1408.0 1209.0 114.48847538900003 0.0 8.01 0.012849161308018423 0.014677760697853367 False True 0.0049533342043380744 3.551554838514585 -0.05609529227727408 -1.6718741434016506 0.0
770 95 1420.0 1221.0 115.70689590900002 0.0 8.01 0.012849161308018423 0.016626987843467632 False True 0.0049533342043380744 3.551554838514585 -0.05609529227727408 -1.6718741434016506 0.0
770 96 1432.0 1233.0 116.93373919700002 0.0 8.03 0.016626987843467632 0.018696634568054118 False True 0.0049533342043380744 3.551554838514585 -0.05609529227727408 -1.6718741434016506 0.0
770 97 1444.0 1245.0 118.15178909700003 0.0 8.03 0.016626987843467632 0.020886480651619847 False True 0.0049533342043380744 3.551554838514585 -0.05609529227727408 -1.6718741434016506 0.0
770 98 1456.0 1257.0 119.36832863900003 0.0 8.05 0.020886480651619847 0.023196293853012737 False True 0.0049533342043380744 3.551554838514585 -0.05609529227727408 -1.6718741434016506 0.0
770 99 1468.0 1269.0 120.58431153000004 0.0 8.03 0.016626987843467632 0.025625829933142396 False True 0.0049533342043380744 3.551554838514585 -0.05609529227727408 -1.6718741434016506 0.0
770 100 1480.0 1281.0 121.80135088700004 0.0 8.07 0.025625829933142396 0.028174832679403634 False True 0.0049533342043380744 3.551554838514585 -0.05609529227727408 -1.6718741434016506 0.0
770 101 1492.0 1293.0 123.02886855600005 0.0 8.08 0.028174832679403634 0.030843033931299373 False True 0.0049533342043380744 3.551554838514585 -0.05609529227727408 -1.6718741434016506 0.0
770 102 1504.0 1305.0 124.24678673700006 0.0 8.08 0.028174832679403634 0.033630153607253285 False True 0.0049533342043380744 3.551554838514585 -0.05609529227727408 -1.6718741434016506 0.0
770 103 1516.0 1317.0 125.46278905600005 0.0 8.1 0.033630153607253285 0.028174832679403634 False True 0.0049533342043380744 3.551554838514585 -0.05609529227727408 -1.6718741434016506 0.0
770 104 1520.0 1321.0 126.67858707300005 0.0 8.08 0.028174832679403634 0.036535899732620745 False True 0.0049533342043380744 3.551554838514585 -0.05609529227727408 -1.6718741434016506 0.0
770 105 1532.0 1333.0 127.90651784000005 0.0 8.08 0.028174832679403634 0.033630153607253285 False True 0.0049533342043380744 3.551554838514585 -0.05609529227727408 -1.6718741434016506 0.0
770 106 1536.0 1337.0 129.12476619800006 0.0 8.08 0.028174832679403634 0.03955996846888405 False True 0.0049533342043380744 3.551554838514585 -0.05609529227727408 -1.6718741434016506 0.0
770 107 1548.0 1349.0 130.34593058900006 0.0 8.08 0.028174832679403634 0.042702044144035105 False True 0.0049533342043380744 3.551554838514585 -0.05609529227727408 -1.6718741434016506 0.0
770 108 1560.0 1361.0 131.55400231600004 0.0 8.08 0.028174832679403634 0.0459617992841467 False True 0.0049533342043380744 3.551554838514585 -0.05609529227727408 -1.6718741434016506 0.0
770 109 1572.0 1373.0 132.800649884 0.0 8.08 0.028174832679403634 0.04933889464611174 False True 0.0049533342043380744 3.551554838514585 -0.05609529227727408 -1.6718741434016506 0.0
770 110 1584.0 1385.0 134.01742877799995 0.0 8.08 0.028174832679403634 0.05283297925157541 False True 0.0049533342043380744 3.551554838514585 -0.05609529227727408 -1.6718741434016506 0.0
770 111 1596.0 1397.0 135.23421969399993 0.0 8.08 0.028174832679403634 0.05644369042202651 False True 0.0049533342043380744 3.551554838514585 -0.05609529227727408 -1.6718741434016506 0.0
770 112 1608.0 1409.0 136.4620741779999 0.0 8.07 0.025625829933142396 0.0459617992841467 False True 0.0049533342043380744 3.551554838514585 -0.05609529227727408 -1.6718741434016506 0.0
770 113 1612.0 1413.0 137.67994357899988 0.0 8.08 0.028174832679403634 0.0459617992841467 False True 0.0049533342043380744 3.551554838514585 -0.05609529227727408 -1.6718741434016506 0.0
770 114 1616.0 1417.0 138.90750025399984 0.0 8.14 0.0459617992841467 0.028174832679403634 False True 0.0049533342043380744 3.551554838514585 -0.05609529227727408 -1.6718741434016506 0.0
770 115 1620.0 1421.0 140.12404362799987 0.0 8.08 0.028174832679403634 0.060170653815067705 False True 0.0049533342043380744 3.551554838514585 -0.05609529227727408 -1.6718741434016506 0.0
770 116 1632.0 1433.0 141.34136604899987 0.0 8.08 0.028174832679403634 0.06401348346185037 False True 0.0049533342043380744 3.551554838514585 -0.05609529227727408 -1.6718741434016506 0.0
770 117 1644.0 1445.0 142.55988363399985 0.0 8.08 0.028174832679403634 0.06797178180566767 False True 0.0049533342043380744 3.551554838514585 -0.05609529227727408 -1.6718741434016506 0.0
770 118 1656.0 1457.0 143.7762768079998 0.0 8.08 0.028174832679403634 0.07204513974171002 False True 0.0049533342043380744 3.551554838514585 -0.05609529227727408 -1.6718741434016506 0.0
770 119 1668.0 1469.0 145.0049916609998 0.0 8.08 0.028174832679403634 0.07623313665798323 False True 0.0049533342043380744 3.551554838514585 -0.05609529227727408 -1.6718741434016506 0.0
770 120 1680.0 1481.0 146.2219269369998 0.0 8.08 0.028174832679403634 0.08053534047735311 False True 0.0049533342043380744 3.551554838514585 -0.05609529227727408 -1.6718741434016506 0.0
770 121 1692.0 1493.0 147.43918916599984 0.0 8.08 0.028174832679403634 0.08495130770076906 False True 0.0049533342043380744 3.551554838514585 -0.05609529227727408 -1.6718741434016506 0.0
770 122 1704.0 1505.0 148.66614036999982 0.0 8.24 0.08495130770076906 0.0894805834516044 False True 0.0049533342043380744 3.551554838514585 -0.05609529227727408 -1.6718741434016506 0.0
770 123 1716.0 1517.0 149.88334426999984 0.0 8.24 0.08495130770076906 0.09412270152114621 False True 0.0049533342043380744 3.551554838514585 -0.05609529227727408 -1.6718741434016506 0.0
770 124 1728.0 1529.0 151.11160520699985 0.0 8.08 0.028174832679403634 0.06401348346185037 False True 0.0049533342043380744 3.551554838514585 -0.05609529227727408 -1.6718741434016506 0.0
770 125 1732.0 1533.0 152.34545822799987 0.0 8.07 0.025625829933142396 0.033630153607253285 False True 0.0049533342043380744 3.551554838514585 -0.05609529227727408 -1.6718741434016506 0.0
770 126 1736.0 1537.0 153.57962137199985 0.0 8.1 0.033630153607253285 0.04933889464611174 False True 0.0049533342043380744 3.551554838514585 -0.05609529227727408 -1.6718741434016506 0.0
770 127 1740.0 1541.0 154.81285422299982 0.0 8.1 0.033630153607253285 0.011141385786770819 False True 0.0049533342043380744 3.551554838514585 -0.05609529227727408 -1.6718741434016506 0.0
770 128 1744.0 1545.0 156.04422538499978 0.0 8.1 0.033630153607253285 0.09887718441521408 False True 0.0049533342043380744 3.551554838514585 -0.05609529227727408 -1.6718741434016506 0.0
770 129 1756.0 1557.0 157.27629609099978 0.0 8.1 0.033630153607253285 0.10374354340191076 False True 0.0049533342043380744 3.551554838514585 -0.05609529227727408 -1.6718741434016506 0.0
770 130 1768.0 1569.0 158.50915402099974 0.0 8.1 0.033630153607253285 0.10872127856049531 False True 0.0049533342043380744 3.551554838514585 -0.05609529227727408 -1.6718741434016506 0.0
770 131 1780.0 1581.0 159.7415528029997 0.0 8.1 0.033630153607253285 0.11380987883137084 False True 0.0049533342043380744 3.551554838514585 -0.05609529227727408 -1.6718741434016506 0.0
770 132 1792.0 1593.0 160.9896300039997 0.0 8.1 0.033630153607253285 0.11900882206719568 False True 0.0049533342043380744 3.551554838514585 -0.05609529227727408 -1.6718741434016506 0.0
770 133 1804.0 1605.0 162.2270809419997 0.0 8.1 0.033630153607253285 0.12431757508509075 False True 0.0049533342043380744 3.551554838514585 -0.05609529227727408 -1.6718741434016506 0.0
770 134 1816.0 1617.0 163.47065270099966 0.0 8.1 0.033630153607253285 0.129735593719965 False True 0.0049533342043380744 3.551554838514585 -0.05609529227727408 -1.6718741434016506 0.0
770 135 1828.0 1629.0 164.72330771899965 0.0 8.08 0.028174832679403634 0.13526232287892273 False True 0.0049533342043380744 3.551554838514585 -0.05609529227727408 -1.6718741434016506 0.0
770 136 1840.0 1641.0 165.9698138339997 0.0 8.1 0.033630153607253285 0.1408971965967816 False True 0.0049533342043380744 3.551554838514585 -0.05609529227727408 -1.6718741434016506 0.0
770 137 1852.0 1653.0 167.2076018149997 0.0 8.1 0.033630153607253285 0.14663963809266153 False True 0.0049533342043380744 3.551554838514585 -0.05609529227727408 -1.6718741434016506 0.0
770 138 1864.0 1665.0 168.45805766999968 0.0 8.1 0.033630153607253285 0.15248905982766248 False True 0.0049533342043380744 3.551554838514585 -0.05609529227727408 -1.6718741434016506 0.0
770 139 1876.0 1677.0 169.70552405099966 0.0 8.1 0.033630153607253285 0.15844486356362208 False True 0.0049533342043380744 3.551554838514585 -0.05609529227727408 -1.6718741434016506 0.0
770 140 1888.0 1689.0 170.95553585699963 0.0 8.24 0.08495130770076906 0.03955996846888405 False True 0.0049533342043380744 3.551554838514585 -0.05609529227727408 -1.6718741434016506 0.0
770 141 1892.0 1693.0 172.1927454619996 0.0 8.08 0.028174832679403634 0.170673170949444 False True 0.0049533342043380744 3.551554838514585 -0.05609529227727408 -1.6718741434016506 0.0
770 142 1904.0 1705.0 173.44311364099963 0.0 8.08 0.028174832679403634 0.16450644042293583 False True 0.0049533342043380744 3.551554838514585 -0.05609529227727408 -1.6718741434016506 0.0
770 143 1916.0 1717.0 174.6909752989996 0.0 8.08 0.028174832679403634 0.1769444251703773 False True 0.0049533342043380744 3.551554838514585 -0.05609529227727408 -1.6718741434016506 0.0
770 144 1928.0 1729.0 175.95387055699962 0.0 8.08 0.028174832679403634 0.1833195626593556 False True 0.0049533342043380744 3.551554838514585 -0.05609529227727408 -1.6718741434016506 0.0
770 145 1940.0 1741.0 177.2068183699996 0.0 8.08 0.028174832679403634 0.14693588693022497 False True 0.0049533342043380744 3.551554838514585 -0.05609529227727408 -1.6718741434016506 0.0
770 146 1952.0 1753.0 178.4431494739996 0.0 8.08 0.028174832679403634 0.14116661351913692 False True 0.0049533342043380744 3.551554838514585 -0.05609529227727408 -1.6718741434016506 0.0
770 147 1964.0 1765.0 179.69084462999962 0.0 8.08 0.028174832679403634 0.15281342117919633 False True 0.0049533342043380744 3.551554838514585 -0.05609529227727408 -1.6718741434016506 0.0
770 148 1976.0 1777.0 180.94058165999957 0.0 8.08 0.028174832679403634 0.15879864168604085 False True 0.0049533342043380744 3.551554838514585 -0.05609529227727408 -1.6718741434016506 0.0
770 149 1988.0 1789.0 182.20111858999957 0.0 8.08 0.028174832679403634 0.16489096310089912 False True 0.0049533342043380744 3.551554838514585 -0.05609529227727408 -1.6718741434016506 0.0
770 150 2000.0 1801.0 183.45457498299953 0.0 8.08 0.028174832679403634 0.1710897893625854 False True 0.0049533342043380744 3.551554838514585 -0.05609529227727408 -1.6718741434016506 0.0
770 151 2012.0 1813.0 184.72029669899956 0.0 8.1 0.033630153607253285 0.042702044144035105 False True 0.0049533342043380744 3.551554838514585 -0.05609529227727408 -1.6718741434016506 0.0
770 152 2016.0 1817.0 185.98929066999955 0.0 8.1 0.033630153607253285 0.18380451898384703 False True 0.0049533342043380744 3.551554838514585 -0.05609529227727408 -1.6718741434016506 0.0
770 153 2028.0 1829.0 187.24310899899956 0.0 8.1 0.033630153607253285 0.17739451375821436 False True 0.0049533342043380744 3.551554838514585 -0.05609529227727408 -1.6718741434016506 0.0
770 154 2040.0 1841.0 188.50737958499957 0.0 8.07 0.025625829933142396 0.19031917720624056 False True 0.0049533342043380744 3.551554838514585 -0.05609529227727408 -1.6718741434016506 0.0
770 155 2052.0 1853.0 189.75911845899958 0.0 8.07 0.025625829933142396 0.2036598890395162 False True 0.0049533342043380744 3.551554838514585 -0.05609529227727408 -1.6718741434016506 0.0
770 156 2064.0 1865.0 191.04833006299958 0.0 8.07 0.025625829933142396 0.21741141841771391 False True 0.0049533342043380744 3.551554838514585 -0.05609529227727408 -1.6718741434016506 0.0
770 157 2076.0 1877.0 192.30430185899957 0.0 8.07 0.025625829933142396 0.2244395600525667 False True 0.0049533342043380744 3.551554838514585 -0.05609529227727408 -1.6718741434016506 0.0
770 158 2088.0 1889.0 193.56771902199955 0.0 8.07 0.025625829933142396 0.23156837015791493 False True 0.0049533342043380744 3.551554838514585 -0.05609529227727408 -1.6718741434016506 0.0
770 159 2100.0 1901.0 194.82148631299953 0.0 8.07 0.025625829933142396 0.2104846349076229 False True 0.0049533342043380744 3.551554838514585 -0.05609529227727408 -1.6718741434016506 0.0
770 160 2112.0 1913.0 196.08678939499953 0.0 8.07 0.025625829933142396 0.19693785012562132 False True 0.0049533342043380744 3.551554838514585 -0.05609529227727408 -1.6718741434016506 0.0
770 161 2124.0 1925.0 197.3423062509995 0.0 8.08 0.028174832679403634 0.1777091129414935 False True 0.0049533342043380744 3.551554838514585 -0.05609529227727408 -1.6718741434016506 0.0
770 162 2136.0 1937.0 198.6098332559995 0.0 8.08 0.028174832679403634 0.18254897614307333 False True 0.0049533342043380744 3.551554838514585 -0.05609529227727408 -1.6718741434016506 0.0
770 163 2148.0 1949.0 199.87504009499952 0.0 7.81 0.001822230265611395 0.172982337831593 False True 0.0049533342043380744 3.551554838514585 -0.05609529227727408 -1.6718741434016506 0.0
770 164 2160.0 1961.0 201.1270051329995 0.0 7.83 0.0007265037425131785 0.2244395600525667 False True 0.0049533342043380744 3.551554838514585 -0.05609529227727408 -1.6718741434016506 0.0
770 165 2164.0 1965.0 202.37808195299948 0.0 8.08 0.028174832679403634 0.16836911110760922 False True 0.0049533342043380744 3.551554838514585 -0.05609529227727408 -1.6718741434016506 0.0
770 166 2176.0 1977.0 203.63956176499948 0.0 8.1 0.033630153607253285 0.03955996846888405 False True 0.0049533342043380744 3.551554838514585 -0.05609529227727408 -1.6718741434016506 0.0
770 167 2180.0 1981.0 204.8892748279995 0.0 8.24 0.08495130770076906 0.0012348439521148123 False True 0.0049533342043380744 3.551554838514585 -0.05609529227727408 -1.6718741434016506 0.0
770 168 2184.0 1985.0 206.13742815099948 0.0 7.89 0.00037418974525269433 0.05283297925157541 False True 0.0049533342043380744 3.551554838514585 -0.05609529227727408 -1.6718741434016506 0.0
770 169 2188.0 1989.0 207.3826453729995 0.0 8.08 0.028174832679403634 0.15948508716950202 False True 0.0049533342043380744 3.551554838514585 -0.05609529227727408 -1.6718741434016506 0.0
