111 0 200.0 201 0.5714002430000003 8.24 0.0831949626521067 0.16755255476836217 False True -0.02039518268987957 1.473222967725044 0.14780373701422309 -0.29501623187418735 0.6471979368541232 0.25622740550902706
111 1 212.0 213 1.1535703590000002 8.24 0.0831949626521067 0.10302866456028723 False True -0.02039518268987957 1.473222967725044 0.14780373701422309 -0.29501623187418735 0.6471979368541232 0.25622740550902706
111 2 224.0 225 1.776605875 8.24 0.0831949626521067 2.3360387308372377 True False -0.02039518268987957 1.473222967725044 0.14780373701422309 -0.29501623187418735 0.6471979368541232 0.25622740550902706
111 3 224.0 225 2.16711241 8.24 0.0831949626521067 2.3360387308372377 False True -0.02039518268987957 1.473222967725044 0.14780373701422309 -0.29501623187418735 0.6471979368541232 0.25622740550902706
111 4 236.0 237 2.7780704970000003 8.24 0.0831949626521067 2.3453911921058905 True False -0.02039518268987957 1.473222967725044 0.14780373701422309 -0.29501623187418735 0.6471979368541232 0.25622740550902706
111 5 236.0 237 3.136867416 8.24 0.0831949626521067 2.3453911921058905 False True -0.02039518268987957 1.473222967725044 0.14780373701422309 -0.29501623187418735 0.6471979368541232 0.25622740550902706
111 6 248.0 249 3.719152583 8.24 0.0831949626521067 2.331198340440006 True False -0.02039518268987957 1.473222967725044 0.14780373701422309 -0.29501623187418735 0.6471979368541232 0.25622740550902706
111 7 248.0 249 4.0969977570000005 8.24 0.0831949626521067 2.331198340440006 False True -0.02039518268987957 1.473222967725044 0.14780373701422309 -0.29501623187418735 0.6471979368541232 0.25622740550902706
111 8 260.0 261 4.6838361410000005 8.24 0.0831949626521067 2.349902302725001 True False -0.02039518268987957 1.473222967725044 0.14780373701422309 -0.29501623187418735 0.6471979368541232 0.25622740550902706
111 9 260.0 261 5.024416681000001 8.24 0.0831949626521067 2.349902302725001 False True -0.02039518268987957 1.473222967725044 0.14780373701422309 -0.29501623187418735 0.6471979368541232 0.25622740550902706
111 10 272.0 273 5.600374409000001 8.24 0.0831949626521067 2.3543027115049195 True False -0.02039518268987957 1.473222967725044 0.14780373701422309 -0.29501623187418735 0.6471979368541232 0.25622740550902706
111 11 272.0 273 5.980131297000002 8.24 0.0831949626521067 2.3543027115049195 False True -0.02039518268987957 1.473222967725044 0.14780373701422309 -0.29501623187418735 0.6471979368541232 0.25622740550902706
111 12 284.0 285 6.581249762000002 8.24 0.0831949626521067 2.3585919658983174 True False -0.02039518268987957 1.473222967725044 0.14780373701422309 -0.29501623187418735 0.6471979368541232 0.25622740550902706
111 13 284.0 285 6.935692930000002 8.24 0.0831949626521067 2.3585919658983174 False True -0.02039518268987957 1.473222967725044 0.14780373701422309 -0.29501623187418735 0.6471979368541232 0.25622740550902706
111 14 296.0 297 7.518074616000003 8.24 0.0831949626521067 2.362769624471963 True False -0.02039518268987957 1.473222967725044 0.14780373701422309 -0.29501623187418735 0.6471979368541232 0.25622740550902706
111 15 296.0 297 7.893431306000004 8.24 0.0831949626521067 2.362769624471963 False True -0.02039518268987957 1.473222967725044 0.14780373701422309 -0.29501623187418735 0.6471979368541232 0.25622740550902706
111 16 308.0 309 8.476175485000004 8.24 0.0831949626521067 2.3668352569508646 True False -0.02039518268987957 1.473222967725044 0.14780373701422309 -0.29501623187418735 0.6471979368541232 0.25622740550902706
111 17 308.0 310 8.819543366000005 8.24 0.0831949626521067 2.3668352569508646 False True -0.02039518268987957 1.473222967725044 0.14780373701422309 -0.29501623187418735 0.6471979368541232 0.25622740550902706
111 18 320.0 322 9.412490411000006 8.24 0.0831949626521067 2.370788444261291 True False -0.02039518268987957 1.473222967725044 0.14780373701422309 -0.29501623187418735 0.6471979368541232 0.25622740550902706
111 19 320.0 322 9.779212486000004 8.24 0.0831949626521067 2.370788444261291 False True -0.02039518268987957 1.473222967725044 0.14780373701422309 -0.29501623187418735 0.6471979368541232 0.25622740550902706
111 20 332.0 334 10.373293148000004 8.24 0.0831949626521067 2.3746287785726867 True False -0.02039518268987957 1.473222967725044 0.14780373701422309 -0.29501623187418735 0.6471979368541232 0.25622740550902706
111 21 332.0 334 10.720064063000004 8.24 0.0831949626521067 2.3746287785726867 False True -0.02039518268987957 1.473222967725044 0.14780373701422309 -0.29501623187418735 0.6471979368541232 0.25622740550902706
111 22 344.0 346 11.321039273000004 8.24 0.0831949626521067 2.378355863338447 True False -0.02039518268987957 1.473222967725044 0.14780373701422309 -0.29501623187418735 0.6471979368541232 0.25622740550902706
111 23 344.0 346 11.701342506000003 8.24 0.0831949626521067 2.378355863338447 False True -0.02039518268987957 1.473222967725044 0.14780373701422309 -0.29501623187418735 0.6471979368541232 0.25622740550902706
111 24 356.0 358 12.297342063000002 8.24 0.0831949626521067 2.381969313335577 True False -0.02039518268987957 1.473222967725044 0.14780373701422309 -0.29501623187418735 0.6471979368541232 0.25622740550902706
111 25 356.0 358 12.652203534000003 8.24 0.0831949626521067 2.381969313335577 False True -0.02039518268987957 1.473222967725044 0.14780373701422309 -0.29501623187418735 0.6471979368541232 0.25622740550902706
111 26 368.0 370 13.237440337000004 8.24 0.0831949626521067 2.385468754703216 True False -0.02039518268987957 1.473222967725044 0.14780373701422309 -0.29501623187418735 0.6471979368541232 0.25622740550902706
111 27 368.0 370 13.618697168000004 8.24 0.0831949626521067 2.385468754703216 False True -0.02039518268987957 1.473222967725044 0.14780373701422309 -0.29501623187418735 0.6471979368541232 0.25622740550902706
111 28 380.0 382 14.219274440000007 8.24 0.0831949626521067 2.3888538249800124 True False -0.02039518268987957 1.473222967725044 0.14780373701422309 -0.29501623187418735 0.6471979368541232 0.25622740550902706
111 29 380.0 382 14.577739660000006 8.24 0.0831949626521067 2.3888538249800124 False True -0.02039518268987957 1.473222967725044 0.14780373701422309 -0.29501623187418735 0.6471979368541232 0.25622740550902706
111 30 392.0 394 15.237335034000004 8.24 0.0831949626521067 2.326249168612175 True False -0.02039518268987957 1.473222967725044 0.14780373701422309 -0.29501623187418735 0.6471979368541232 0.25622740550902706
111 31 392.0 394 15.618192562000004 8.24 0.0831949626521067 2.326249168612175 False True -0.02039518268987957 1.473222967725044 0.14780373701422309 -0.29501623187418735 0.6471979368541232 0.25622740550902706
111 32 404.0 406 16.215319185000002 8.24 0.0831949626521067 2.322785159982333 True False -0.02039518268987957 1.473222967725044 0.14780373701422309 -0.29501623187418735 0.6471979368541232 0.25622740550902706
111 33 404.0 406 16.559137290000002 8.24 0.0831949626521067 2.322785159982333 False True -0.02039518268987957 1.473222967725044 0.14780373701422309 -0.29501623187418735 0.6471979368541232 0.25622740550902706
111 34 416.0 418 17.152861204 8.24 0.0831949626521067 2.3278245517359033 True False -0.02039518268987957 1.473222967725044 0.14780373701422309 -0.29501623187418735 0.6471979368541232 0.25622740550902706
111 35 416.0 418 17.519618831 8.24 0.0831949626521067 2.3278245517359033 False True -0.02039518268987957 1.473222967725044 0.14780373701422309 -0.29501623187418735 0.6471979368541232 0.25622740550902706
111 36 428.0 430 18.131627775 8.24 0.0831949626521067 2.332754432023449 True False -0.02039518268987957 1.473222967725044 0.14780373701422309 -0.29501623187418735 0.6471979368541232 0.25622740550902706
111 37 428.0 431 18.493352559999998 8.24 0.0831949626521067 2.332754432023449 False True -0.02039518268987957 1.473222967725044 0.14780373701422309 -0.29501623187418735 0.6471979368541232 0.25622740550902706
111 38 440.0 443 19.08022882 8.24 0.0831949626521067 2.3375743204716444 True False -0.02039518268987957 1.473222967725044 0.14780373701422309 -0.29501623187418735 0.6471979368541232 0.25622740550902706
111 39 440.0 443 19.460147526999997 8.24 0.0831949626521067 2.3375743204716444 False True -0.02039518268987957 1.473222967725044 0.14780373701422309 -0.29501623187418735 0.6471979368541232 0.25622740550902706
111 40 452.0 455 20.058693447999996 8.24 0.0831949626521067 2.3422837477050025 True False -0.02039518268987957 1.473222967725044 0.14780373701422309 -0.29501623187418735 0.6471979368541232 0.25622740550902706
111 41 452.0 455 20.411140850999995 8.24 0.0831949626521067 2.3422837477050025 False True -0.02039518268987957 1.473222967725044 0.14780373701422309 -0.29501623187418735 0.6471979368541232 0.25622740550902706
111 42 464.0 467 20.979895804999995 8.24 0.0831949626521067 2.346882255392796 True False -0.02039518268987957 1.473222967725044 0.14780373701422309 -0.29501623187418735 0.6471979368541232 0.25622740550902706
111 43 464.0 467 21.357643121999995 8.24 0.0831949626521067 2.346882255392796 False True -0.02039518268987957 1.473222967725044 0.14780373701422309 -0.29501623187418735 0.6471979368541232 0.25622740550902706
111 44 476.0 479 21.973273628999994 8.24 0.0831949626521067 2.3513693962949045 True False -0.02039518268987957 1.473222967725044 0.14780373701422309 -0.29501623187418735 0.6471979368541232 0.25622740550902706
111 45 476.0 479 22.369494868999993 8.24 0.0831949626521067 2.3513693962949045 False True -0.02039518268987957 1.473222967725044 0.14780373701422309 -0.29501623187418735 0.6471979368541232 0.25622740550902706
111 46 488.0 491 22.951546362999995 8.24 0.0831949626521067 2.355744734306532 True False -0.02039518268987957 1.473222967725044 0.14780373701422309 -0.29501623187418735 0.6471979368541232 0.25622740550902706
111 47 488.0 491 23.326748897999995 8.24 0.0831949626521067 2.355744734306532 False True -0.02039518268987957 1.473222967725044 0.14780373701422309 -0.29501623187418735 0.6471979368541232 0.25622740550902706
111 48 500.0 503 23.911992827999995 8.24 0.0831949626521067 2.312379818270241 True False -0.02039518268987957 1.473222967725044 0.14780373701422309 -0.29501623187418735 0.6471979368541232 0.25622740550902706
111 49 500.0 503 24.254387902999998 8.24 0.0831949626521067 2.312379818270241 False True -0.02039518268987957 1.473222967725044 0.14780373701422309 -0.29501623187418735 0.6471979368541232 0.25622740550902706
111 50 512.0 515 24.8349428 8.24 0.0831949626521067 2.307014883609718 True False -0.02039518268987957 1.473222967725044 0.14780373701422309 -0.29501623187418735 0.6471979368541232 0.25622740550902706
111 51 512.0 515 25.212475829 8.24 0.0831949626521067 2.307014883609718 False True -0.02039518268987957 1.473222967725044 0.14780373701422309 -0.29501623187418735 0.6471979368541232 0.25622740550902706
111 52 524.0 527 25.811498288 8.24 0.0831949626521067 2.301542467977639 True False -0.02039518268987957 1.473222967725044 0.14780373701422309 -0.29501623187418735 0.6471979368541232 0.25622740550902706
111 53 524.0 527 26.166760057 8.24 0.0831949626521067 2.301542467977639 False True -0.02039518268987957 1.473222967725044 0.14780373701422309 -0.29501623187418735 0.6471979368541232 0.25622740550902706
111 54 536.0 539 26.750877446 8.24 0.0831949626521067 2.2959631059940993 True False -0.02039518268987957 1.473222967725044 0.14780373701422309 -0.29501623187418735 0.6471979368541232 0.25622740550902706
111 55 536.0 539 27.130962240000002 8.24 0.0831949626521067 2.2959631059940993 False True -0.02039518268987957 1.473222967725044 0.14780373701422309 -0.29501623187418735 0.6471979368541232 0.25622740550902706
111 56 548.0 551 27.729842653000002 8.24 0.0831949626521067 2.29027734297248 True False -0.02039518268987957 1.473222967725044 0.14780373701422309 -0.29501623187418735 0.6471979368541232 0.25622740550902706
111 57 548.0 552 28.075721226000002 8.24 0.0831949626521067 2.29027734297248 False True -0.02039518268987957 1.473222967725044 0.14780373701422309 -0.29501623187418735 0.6471979368541232 0.25622740550902706
111 58 560.0 564 28.667273002000005 8.24 0.0831949626521067 2.2844857348649192 True False -0.02039518268987957 1.473222967725044 0.14780373701422309 -0.29501623187418735 0.6471979368541232 0.25622740550902706
111 59 560.0 564 29.035654897000008 8.24 0.0831949626521067 2.2844857348649192 False True -0.02039518268987957 1.473222967725044 0.14780373701422309 -0.29501623187418735 0.6471979368541232 0.25622740550902706
111 60 572.0 576 29.634819603000008 8.24 0.0831949626521067 2.278588848206708 True False -0.02039518268987957 1.473222967725044 0.14780373701422309 -0.29501623187418735 0.6471979368541232 0.25622740550902706
111 61 572.0 576 29.990724394000004 8.24 0.0831949626521067 2.278588848206708 False True -0.02039518268987957 1.473222967725044 0.14780373701422309 -0.29501623187418735 0.6471979368541232 0.25622740550902706
111 62 584.0 588 30.59662674700001 8.24 0.0831949626521067 2.272587260059651 True False -0.02039518268987957 1.473222967725044 0.14780373701422309 -0.29501623187418735 0.6471979368541232 0.25622740550902706
111 63 584.0 588 31.003326971000007 8.24 0.0831949626521067 2.272587260059651 False True -0.02039518268987957 1.473222967725044 0.14780373701422309 -0.29501623187418735 0.6471979368541232 0.25622740550902706
111 64 596.0 600 31.614066000000008 8.24 0.0831949626521067 2.2664815579543425 True False -0.02039518268987957 1.473222967725044 0.14780373701422309 -0.29501623187418735 0.6471979368541232 0.25622740550902706
111 65 596.0 600 31.95840154900001 8.24 0.0831949626521067 2.2664815579543425 False True -0.02039518268987957 1.473222967725044 0.14780373701422309 -0.29501623187418735 0.6471979368541232 0.25622740550902706
111 66 608.0 612 32.542946797000006 8.24 0.0831949626521067 2.2602723398314275 True False -0.02039518268987957 1.473222967725044 0.14780373701422309 -0.29501623187418735 0.6471979368541232 0.25622740550902706
111 67 608.0 612 32.919611286000006 8.24 0.0831949626521067 2.2602723398314275 False True -0.02039518268987957 1.473222967725044 0.14780373701422309 -0.29501623187418735 0.6471979368541232 0.25622740550902706
111 68 620.0 624 33.51867165 8.24 0.0831949626521067 2.2539602139818067 True False -0.02039518268987957 1.473222967725044 0.14780373701422309 -0.29501623187418735 0.6471979368541232 0.25622740550902706
111 69 620.0 624 33.876279634999996 8.24 0.0831949626521067 2.2539602139818067 False True -0.02039518268987957 1.473222967725044 0.14780373701422309 -0.29501623187418735 0.6471979368541232 0.25622740550902706
111 70 632.0 636 34.474695984 8.24 0.0831949626521067 2.3211917227706684 True False -0.02039518268987957 1.473222967725044 0.14780373701422309 -0.29501623187418735 0.6471979368541232 0.25622740550902706
111 71 632.0 636 34.854370339999996 8.24 0.0831949626521067 2.3211917227706684 False True -0.02039518268987957 1.473222967725044 0.14780373701422309 -0.29501623187418735 0.6471979368541232 0.25622740550902706
111 72 644.0 648 35.441471031999995 8.24 0.0831949626521067 2.316026521158467 True False -0.02039518268987957 1.473222967725044 0.14780373701422309 -0.29501623187418735 0.6471979368541232 0.25622740550902706
111 73 644.0 648 35.793335078999995 8.24 0.0831949626521067 2.316026521158467 False True -0.02039518268987957 1.473222967725044 0.14780373701422309 -0.29501623187418735 0.6471979368541232 0.25622740550902706
111 74 656.0 660 36.37547265999999 8.24 0.0831949626521067 2.310754092792787 True False -0.02039518268987957 1.473222967725044 0.14780373701422309 -0.29501623187418735 0.6471979368541232 0.25622740550902706
111 75 656.0 660 36.75358798499999 8.24 0.0831949626521067 2.310754092792787 False True -0.02039518268987957 1.473222967725044 0.14780373701422309 -0.29501623187418735 0.6471979368541232 0.25622740550902706
111 76 668.0 672 37.353367474999985 8.24 0.0831949626521067 2.3053749774121854 True False -0.02039518268987957 1.473222967725044 0.14780373701422309 -0.29501623187418735 0.6471979368541232 0.25622740550902706
111 77 668.0 673 37.69963341199998 8.24 0.0831949626521067 2.3053749774121854 False True -0.02039518268987957 1.473222967725044 0.14780373701422309 -0.29501623187418735 0.6471979368541232 0.25622740550902706
111 78 680.0 685 38.29803509699998 8.24 0.0831949626521067 2.392124173140383 True False -0.02039518268987957 1.473222967725044 0.14780373701422309 -0.29501623187418735 0.6471979368541232 0.25622740550902706
111 79 680.0 685 38.68150443099998 8.24 0.0831949626521067 2.392124173140383 False True -0.02039518268987957 1.473222967725044 0.14780373701422309 -0.29501623187418735 0.6471979368541232 0.25622740550902706
111 80 692.0 697 39.28294477699998 8.24 0.0831949626521067 2.3952794596296005 True False -0.02039518268987957 1.473222967725044 0.14780373701422309 -0.29501623187418735 0.6471979368541232 0.25622740550902706
111 81 692.0 697 39.637900669999986 8.24 0.0831949626521067 2.3952794596296005 False True -0.02039518268987957 1.473222967725044 0.14780373701422309 -0.29501623187418735 0.6471979368541232 0.25622740550902706
111 82 704.0 709 40.21825476499998 8.24 0.0831949626521067 2.398319356397765 True False -0.02039518268987957 1.473222967725044 0.14780373701422309 -0.29501623187418735 0.6471979368541232 0.25622740550902706
111 83 704.0 709 40.59713688199998 8.24 0.0831949626521067 2.398319356397765 False True -0.02039518268987957 1.473222967725044 0.14780373701422309 -0.29501623187418735 0.6471979368541232 0.25622740550902706
111 84 716.0 721 41.18599824499998 8.24 0.0831949626521067 2.401243546932593 True False -0.02039518268987957 1.473222967725044 0.14780373701422309 -0.29501623187418735 0.6471979368541232 0.25622740550902706
111 85 716.0 721 41.541681927999974 8.24 0.0831949626521067 2.401243546932593 False True -0.02039518268987957 1.473222967725044 0.14780373701422309 -0.29501623187418735 0.6471979368541232 0.25622740550902706
111 86 728.0 733 42.13724599299997 8.24 0.0831949626521067 2.404051726291082 True False -0.02039518268987957 1.473222967725044 0.14780373701422309 -0.29501623187418735 0.6471979368541232 0.25622740550902706
111 87 728.0 733 42.50410855799997 8.24 0.0831949626521067 2.404051726291082 False True -0.02039518268987957 1.473222967725044 0.14780373701422309 -0.29501623187418735 0.6471979368541232 0.25622740550902706
111 88 740.0 745 43.10080245899997 8.24 0.0831949626521067 2.36000784450182 True False -0.02039518268987957 1.473222967725044 0.14780373701422309 -0.29501623187418735 0.6471979368541232 0.25622740550902706
111 89 740.0 745 43.44452432599997 8.24 0.0831949626521067 2.36000784450182 False True -0.02039518268987957 1.473222967725044 0.14780373701422309 -0.29501623187418735 0.6471979368541232 0.25622740550902706
111 90 752.0 757 44.04038676999997 8.24 0.0831949626521067 2.364158313176331 True False -0.02039518268987957 1.473222967725044 0.14780373701422309 -0.29501623187418735 0.6471979368541232 0.25622740550902706
111 91 752.0 757 44.417032234999965 8.24 0.0831949626521067 2.364158313176331 False True -0.02039518268987957 1.473222967725044 0.14780373701422309 -0.29501623187418735 0.6471979368541232 0.25622740550902706
111 92 764.0 769 45.01623647099997 8.24 0.0831949626521067 2.368195737888434 True False -0.02039518268987957 1.473222967725044 0.14780373701422309 -0.29501623187418735 0.6471979368541232 0.25622740550902706
111 93 764.0 769 45.36154212999997 8.24 0.0831949626521067 2.368195737888434 False True -0.02039518268987957 1.473222967725044 0.14780373701422309 -0.29501623187418735 0.6471979368541232 0.25622740550902706
111 94 776.0 781 45.956458123999965 8.24 0.0831949626521067 2.372119727499532 True False -0.02039518268987957 1.473222967725044 0.14780373701422309 -0.29501623187418735 0.6471979368541232 0.25622740550902706
111 95 776.0 781 46.32198878199997 8.24 0.0831949626521067 2.372119727499532 False True -0.02039518268987957 1.473222967725044 0.14780373701422309 -0.29501623187418735 0.6471979368541232 0.25622740550902706
111 96 788.0 793 46.935582931999974 8.24 0.0831949626521067 2.375929902213188 True False -0.02039518268987957 1.473222967725044 0.14780373701422309 -0.29501623187418735 0.6471979368541232 0.25622740550902706
111 97 788.0 794 47.28292344599997 8.24 0.0831949626521067 2.375929902213188 False True -0.02039518268987957 1.473222967725044 0.14780373701422309 -0.29501623187418735 0.6471979368541232 0.25622740550902706
111 98 800.0 806 47.87996236699997 8.24 0.0831949626521067 2.379625893613103 True False -0.02039518268987957 1.473222967725044 0.14780373701422309 -0.29501623187418735 0.6471979368541232 0.25622740550902706
111 99 800.0 806 48.260989980999966 8.24 0.0831949626521067 2.379625893613103 False True -0.02039518268987957 1.473222967725044 0.14780373701422309 -0.29501623187418735 0.6471979368541232 0.25622740550902706
111 100 812.0 818 48.862807444999966 8.24 0.0831949626521067 2.3832073446999456 True False -0.02039518268987957 1.473222967725044 0.14780373701422309 -0.29501623187418735 0.6471979368541232 0.25622740550902706
111 101 812.0 818 49.23429752599997 8.24 0.0831949626521067 2.3832073446999456 False True -0.02039518268987957 1.473222967725044 0.14780373701422309 -0.29501623187418735 0.6471979368541232 0.25622740550902706
111 102 824.0 830 49.82279188099997 8.24 0.0831949626521067 2.3866739099270684 True False -0.02039518268987957 1.473222967725044 0.14780373701422309 -0.29501623187418735 0.6471979368541232 0.25622740550902706
111 103 824.0 830 50.20199878199997 8.24 0.0831949626521067 2.3866739099270684 False True -0.02039518268987957 1.473222967725044 0.14780373701422309 -0.29501623187418735 0.6471979368541232 0.25622740550902706
111 104 836.0 842 50.814529957999966 8.24 0.0831949626521067 2.3900252552350523 True False -0.02039518268987957 1.473222967725044 0.14780373701422309 -0.29501623187418735 0.6471979368541232 0.25622740550902706
111 105 836.0 842 51.16216569599997 8.24 0.0831949626521067 2.3900252552350523 False True -0.02039518268987957 1.473222967725044 0.14780373701422309 -0.29501623187418735 0.6471979368541232 0.25622740550902706
111 106 848.0 854 51.75670778399997 8.24 0.0831949626521067 2.3932610580851152 True False -0.02039518268987957 1.473222967725044 0.14780373701422309 -0.29501623187418735 0.6471979368541232 0.25622740550902706
111 107 848.0 854 52.12330593699998 8.24 0.0831949626521067 2.3932610580851152 False True -0.02039518268987957 1.473222967725044 0.14780373701422309 -0.29501623187418735 0.6471979368541232 0.25622740550902706
111 108 860.0 866 52.735012237999975 8.24 0.0831949626521067 2.396381007491364 True False -0.02039518268987957 1.473222967725044 0.14780373701422309 -0.29501623187418735 0.6471979368541232 0.25622740550902706
111 109 860.0 866 53.09470861099997 8.24 0.0831949626521067 2.396381007491364 False True -0.02039518268987957 1.473222967725044 0.14780373701422309 -0.29501623187418735 0.6471979368541232 0.25622740550902706
111 110 872.0 878 53.695787075999974 8.24 0.0831949626521067 2.399384804051894 True False -0.02039518268987957 1.473222967725044 0.14780373701422309 -0.29501623187418735 0.6471979368541232 0.25622740550902706
111 111 872.0 878 54.081905866999975 8.24 0.0831949626521067 2.399384804051894 False True -0.02039518268987957 1.473222967725044 0.14780373701422309 -0.29501623187418735 0.6471979368541232 0.25622740550902706
111 112 884.0 890 54.69998853399998 8.24 0.0831949626521067 2.402272159978732 True False -0.02039518268987957 1.473222967725044 0.14780373701422309 -0.29501623187418735 0.6471979368541232 0.25622740550902706
111 113 884.0 890 55.06107153199998 8.24 0.0831949626521067 2.402272159978732 False True -0.02039518268987957 1.473222967725044 0.14780373701422309 -0.29501623187418735 0.6471979368541232 0.25622740550902706
111 114 896.0 902 55.661599482999975 8.24 0.0831949626521067 2.4050427991266083 True False -0.02039518268987957 1.473222967725044 0.14780373701422309 -0.29501623187418735 0.6471979368541232 0.25622740550902706
111 115 896.0 902 56.04021056799997 8.24 0.0831949626521067 2.4050427991266083 False True -0.02039518268987957 1.473222967725044 0.14780373701422309 -0.29501623187418735 0.6471979368541232 0.25622740550902706
111 116 908.0 914 56.655806362999975 8.24 0.0831949626521067 2.4076964570205805 True False -0.02039518268987957 1.473222967725044 0.14780373701422309 -0.29501623187418735 0.6471979368541232 0.25622740550902706
111 117 908.0 915 57.017136418999975 8.24 0.0831949626521067 2.4076964570205805 False True -0.02039518268987957 1.473222967725044 0.14780373701422309 -0.29501623187418735 0.6471979368541232 0.25622740550902706
111 118 920.0 927 57.61686938299997 8.24 0.0831949626521067 2.4102328808824716 True False -0.02039518268987957 1.473222967725044 0.14780373701422309 -0.29501623187418735 0.6471979368541232 0.25622740550902706
111 119 920.0 927 57.99603302799997 8.24 0.0831949626521067 2.4102328808824716 False True -0.02039518268987957 1.473222967725044 0.14780373701422309 -0.29501623187418735 0.6471979368541232 0.25622740550902706
111 120 932.0 939 58.60197148799997 8.24 0.0831949626521067 2.412651829656152 True False -0.02039518268987957 1.473222967725044 0.14780373701422309 -0.29501623187418735 0.6471979368541232 0.25622740550902706
111 121 932.0 939 58.962268163999966 8.24 0.0831949626521067 2.412651829656152 False True -0.02039518268987957 1.473222967725044 0.14780373701422309 -0.29501623187418735 0.6471979368541232 0.25622740550902706
111 122 944.0 951 59.57259770799996 8.24 0.0831949626521067 2.4149530740316436 True False -0.02039518268987957 1.473222967725044 0.14780373701422309 -0.29501623187418735 0.6471979368541232 0.25622740550902706
111 123 944.0 951 59.94094580199996 8.24 0.0831949626521067 2.4149530740316436 False True -0.02039518268987957 1.473222967725044 0.14780373701422309 -0.29501623187418735 0.6471979368541232 0.25622740550902706
111 124 956.0 963 60.55768132499996 8.24 0.0831949626521067 2.4171363964680554 True False -0.02039518268987957 1.473222967725044 0.14780373701422309 -0.29501623187418735 0.6471979368541232 0.25622740550902706
111 125 956.0 963 60.91717490899996 8.24 0.0831949626521067 2.4171363964680554 False True -0.02039518268987957 1.473222967725044 0.14780373701422309 -0.29501623187418735 0.6471979368541232 0.25622740550902706
111 126 968.0 975 61.50047944799996 8.24 0.0831949626521067 2.4192015912153306 True False -0.02039518268987957 1.473222967725044 0.14780373701422309 -0.29501623187418735 0.6471979368541232 0.25622740550902706
111 127 968.0 975 61.903152707999965 8.24 0.0831949626521067 2.4192015912153306 False True -0.02039518268987957 1.473222967725044 0.14780373701422309 -0.29501623187418735 0.6471979368541232 0.25622740550902706
111 128 980.0 987 62.48276914999997 8.24 0.0831949626521067 2.299889725422577 True False -0.02039518268987957 1.473222967725044 0.14780373701422309 -0.29501623187418735 0.6471979368541232 0.25622740550902706
111 129 980.0 987 62.85927287099997 8.24 0.0831949626521067 2.299889725422577 False True -0.02039518268987957 1.473222967725044 0.14780373701422309 -0.29501623187418735 0.6471979368541232 0.25622740550902706
111 130 992.0 999 63.51360930199998 8.24 0.0831949626521067 2.294298897842201 True False -0.02039518268987957 1.473222967725044 0.14780373701422309 -0.29501623187418735 0.6471979368541232 0.25622740550902706
111 131 992.0 999 63.88110481999999 8.24 0.0831949626521067 2.294298897842201 False True -0.02039518268987957 1.473222967725044 0.14780373701422309 -0.29501623187418735 0.6471979368541232 0.25622740550902706
111 132 1004.0 1011 64.49537809499999 8.24 0.0831949626521067 2.2886030662455217 True False -0.02039518268987957 1.473222967725044 0.14780373701422309 -0.29501623187418735 0.6471979368541232 0.25622740550902706
111 133 1004.0 1011 64.84109137499999 8.24 0.0831949626521067 2.2886030662455217 False True -0.02039518268987957 1.473222967725044 0.14780373701422309 -0.29501623187418735 0.6471979368541232 0.25622740550902706
111 134 1016.0 1023 65.418064889 8.24 0.0831949626521067 2.282802812706062 True False -0.02039518268987957 1.473222967725044 0.14780373701422309 -0.29501623187418735 0.6471979368541232 0.25622740550902706
111 135 1016.0 1023 65.774221558 8.24 0.0831949626521067 2.282802812706062 False True -0.02039518268987957 1.473222967725044 0.14780373701422309 -0.29501623187418735 0.6471979368541232 0.25622740550902706
111 136 1028.0 1035 66.373881129 8.24 0.0831949626521067 2.2768987297382055 True False -0.02039518268987957 1.473222967725044 0.14780373701422309 -0.29501623187418735 0.6471979368541232 0.25622740550902706
111 137 1028.0 1036 66.73456706900001 8.24 0.0831949626521067 2.2768987297382055 False True -0.02039518268987957 1.473222967725044 0.14780373701422309 -0.29501623187418735 0.6471979368541232 0.25622740550902706
111 138 1040.0 1048 67.333365912 8.24 0.0831949626521067 2.270891420237942 True False -0.02039518268987957 1.473222967725044 0.14780373701422309 -0.29501623187418735 0.6471979368541232 0.25622740550902706
111 139 1040.0 1048 67.716465248 8.24 0.0831949626521067 2.270891420237942 False True -0.02039518268987957 1.473222967725044 0.14780373701422309 -0.29501623187418735 0.6471979368541232 0.25622740550902706
111 140 1052.0 1060 68.32057756500001 8.24 0.0831949626521067 2.2647814974225815 True False -0.02039518268987957 1.473222967725044 0.14780373701422309 -0.29501623187418735 0.6471979368541232 0.25622740550902706
111 141 1052.0 1060 68.673476901 8.24 0.0831949626521067 2.2647814974225815 False True -0.02039518268987957 1.473222967725044 0.14780373701422309 -0.29501623187418735 0.6471979368541232 0.25622740550902706
111 142 1064.0 1072 69.250415785 8.24 0.0831949626521067 2.247545798985803 True False -0.02039518268987957 1.473222967725044 0.14780373701422309 -0.29501623187418735 0.6471979368541232 0.25622740550902706
111 143 1064.0 1072 69.596797508 8.24 0.0831949626521067 2.247545798985803 False True -0.02039518268987957 1.473222967725044 0.14780373701422309 -0.29501623187418735 0.6471979368541232 0.25622740550902706
111 144 1076.0 1084 70.199316353 8.24 0.0831949626521067 2.25856958476943 True False -0.02039518268987957 1.473222967725044 0.14780373701422309 -0.29501623187418735 0.6471979368541232 0.25622740550902706
111 145 1076.0 1084 70.572859491 8.24 0.0831949626521067 2.25856958476943 False True -0.02039518268987957 1.473222967725044 0.14780373701422309 -0.29501623187418735 0.6471979368541232 0.25622740550902706
111 146 1088.0 1096 71.195254747 8.24 0.0831949626521067 2.2522563159534403 True False -0.02039518268987957 1.473222967725044 0.14780373701422309 -0.29501623187418735 0.6471979368541232 0.25622740550902706
111 147 1088.0 1096 71.61560149 8.24 0.0831949626521067 2.2522563159534403 False True -0.02039518268987957 1.473222967725044 0.14780373701422309 -0.29501623187418735 0.6471979368541232 0.25622740550902706
111 148 1100.0 1108 72.203619525 8.24 0.0831949626521067 2.2458423347838505 True False -0.02039518268987957 1.473222967725044 0.14780373701422309 -0.29501623187418735 0.6471979368541232 0.25622740550902706
111 149 1100.0 1108 72.557231577 8.24 0.0831949626521067 2.2458423347838505 False True -0.02039518268987957 1.473222967725044 0.14780373701422309 -0.29501623187418735 0.6471979368541232 0.25622740550902706
111 150 1112.0 1120 73.15518851499999 8.24 0.0831949626521067 2.2393282951398032 True False -0.02039518268987957 1.473222967725044 0.14780373701422309 -0.29501623187418735 0.6471979368541232 0.25622740550902706
111 151 1112.0 1120 73.515954204 8.24 0.0831949626521067 2.2393282951398032 False True -0.02039518268987957 1.473222967725044 0.14780373701422309 -0.29501623187418735 0.6471979368541232 0.25622740550902706
111 152 1124.0 1132 74.12012431599999 8.24 0.0831949626521067 2.2327148609049545 True False -0.02039518268987957 1.473222967725044 0.14780373701422309 -0.29501623187418735 0.6471979368541232 0.25622740550902706
111 153 1124.0 1132 74.49838440199999 8.24 0.0831949626521067 2.2327148609049545 False True -0.02039518268987957 1.473222967725044 0.14780373701422309 -0.29501623187418735 0.6471979368541232 0.25622740550902706
111 154 1136.0 1144 75.12154151699998 8.24 0.0831949626521067 2.241029723651302 True False -0.02039518268987957 1.473222967725044 0.14780373701422309 -0.29501623187418735 0.6471979368541232 0.25622740550902706
111 155 1136.0 1144 75.51616038099998 8.24 0.0831949626521067 2.241029723651302 False True -0.02039518268987957 1.473222967725044 0.14780373701422309 -0.29501623187418735 0.6471979368541232 0.25622740550902706
111 156 1148.0 1156 76.11940167699998 8.24 0.0831949626521067 2.234412626950885 True False -0.02039518268987957 1.473222967725044 0.14780373701422309 -0.29501623187418735 0.6471979368541232 0.25622740550902706
111 157 1148.0 1157 76.47875245099998 8.24 0.0831949626521067 2.234412626950885 False True -0.02039518268987957 1.473222967725044 0.14780373701422309 -0.29501623187418735 0.6471979368541232 0.25622740550902706
111 158 1160.0 1169 77.05791820899998 8.24 0.0831949626521067 2.2276951579579105 True False -0.02039518268987957 1.473222967725044 0.14780373701422309 -0.29501623187418735 0.6471979368541232 0.25622740550902706
111 159 1160.0 1169 77.41865898299997 8.24 0.0831949626521067 2.2276951579579105 False True -0.02039518268987957 1.473222967725044 0.14780373701422309 -0.29501623187418735 0.6471979368541232 0.25622740550902706
111 160 1172.0 1181 78.03936664799997 8.24 0.0831949626521067 2.220877975781628 True False -0.02039518268987957 1.473222967725044 0.14780373701422309 -0.29501623187418735 0.6471979368541232 0.25622740550902706
111 161 1172.0 1181 78.41533499099997 8.24 0.0831949626521067 2.220877975781628 False True -0.02039518268987957 1.473222967725044 0.14780373701422309 -0.29501623187418735 0.6471979368541232 0.25622740550902706
111 162 1184.0 1193 79.02082033599997 8.24 0.0831949626521067 2.421148464334827 True False -0.02039518268987957 1.473222967725044 0.14780373701422309 -0.29501623187418735 0.6471979368541232 0.25622740550902706
111 163 1184.0 1193 79.41861525799997 8.24 0.0831949626521067 2.421148464334827 False True -0.02039518268987957 1.473222967725044 0.14780373701422309 -0.29501623187418735 0.6471979368541232 0.25622740550902706
111 164 1196.0 1205 80.02304205699997 8.24 0.0831949626521067 2.422976833718708 True False -0.02039518268987957 1.473222967725044 0.14780373701422309 -0.29501623187418735 0.6471979368541232 0.25622740550902706
111 165 1196.0 1205 80.38213484799998 8.24 0.0831949626521067 2.422976833718708 False True -0.02039518268987957 1.473222967725044 0.14780373701422309 -0.29501623187418735 0.6471979368541232 0.25622740550902706
111 166 1208.0 1217 80.96242457899997 8.24 0.0831949626521067 2.424686529108155 True False -0.02039518268987957 1.473222967725044 0.14780373701422309 -0.29501623187418735 0.6471979368541232 0.25622740550902706
111 167 1208.0 1217 81.33600070499998 8.24 0.0831949626521067 2.424686529108155 False True -0.02039518268987957 1.473222967725044 0.14780373701422309 -0.29501623187418735 0.6471979368541232 0.25622740550902706
111 168 1220.0 1229 81.93901546799997 8.24 0.0831949626521067 2.426277392110389 True False -0.02039518268987957 1.473222967725044 0.14780373701422309 -0.29501623187418735 0.6471979368541232 0.25622740550902706
111 169 1220.0 1229 82.29944732099996 8.24 0.0831949626521067 2.426277392110389 False True -0.02039518268987957 1.473222967725044 0.14780373701422309 -0.29501623187418735 0.6471979368541232 0.25622740550902706
111 170 1232.0 1241 82.89383731199996 8.24 0.0831949626521067 2.4277492762145174 True False -0.02039518268987957 1.473222967725044 0.14780373701422309 -0.29501623187418735 0.6471979368541232 0.25622740550902706
111 171 1232.0 1241 83.25641434199996 8.24 0.0831949626521067 2.4277492762145174 False True -0.02039518268987957 1.473222967725044 0.14780373701422309 -0.29501623187418735 0.6471979368541232 0.25622740550902706
111 172 1244.0 1253 83.89294224299996 8.24 0.0831949626521067 2.4291020468061775 True False -0.02039518268987957 1.473222967725044 0.14780373701422309 -0.29501623187418735 0.6471979368541232 0.25622740550902706
111 173 1244.0 1253 84.26223253799996 8.24 0.0831949626521067 2.4291020468061775 False True -0.02039518268987957 1.473222967725044 0.14780373701422309 -0.29501623187418735 0.6471979368541232 0.25622740550902706
111 174 1256.0 1265 84.87722639899997 8.24 0.0831949626521067 2.430335581181004 True False -0.02039518268987957 1.473222967725044 0.14780373701422309 -0.29501623187418735 0.6471979368541232 0.25622740550902706
111 175 1256.0 1265 85.24190423799996 8.24 0.0831949626521067 2.430335581181004 False True -0.02039518268987957 1.473222967725044 0.14780373701422309 -0.29501623187418735 0.6471979368541232 0.25622740550902706
111 176 1268.0 1277 85.83824533799996 8.24 0.0831949626521067 2.4314497685568957 True False -0.02039518268987957 1.473222967725044 0.14780373701422309 -0.29501623187418735 0.6471979368541232 0.25622740550902706
111 177 1268.0 1278 86.19671390799996 8.24 0.0831949626521067 2.4314497685568957 False True -0.02039518268987957 1.473222967725044 0.14780373701422309 -0.29501623187418735 0.6471979368541232 0.25622740550902706
111 178 1280.0 1290 86.79264297699997 8.24 0.0831949626521067 2.4324445100850953 True False -0.02039518268987957 1.473222967725044 0.14780373701422309 -0.29501623187418735 0.6471979368541232 0.25622740550902706
111 179 1280.0 1290 87.15392069199997 8.24 0.0831949626521067 2.4324445100850953 False True -0.02039518268987957 1.473222967725044 0.14780373701422309 -0.29501623187418735 0.6471979368541232 0.25622740550902706
111 180 1292.0 1302 87.75830144899997 8.24 0.0831949626521067 2.4333197188600724 True False -0.02039518268987957 1.473222967725044 0.14780373701422309 -0.29501623187418735 0.6471979368541232 0.25622740550902706
111 181 1292.0 1302 88.13684833199997 8.24 0.0831949626521067 2.4333197188600724 False True -0.02039518268987957 1.473222967725044 0.14780373701422309 -0.29501623187418735 0.6471979368541232 0.25622740550902706
111 182 1304.0 1314 88.73887576699998 8.24 0.0831949626521067 2.434075319928218 True False -0.02039518268987957 1.473222967725044 0.14780373701422309 -0.29501623187418735 0.6471979368541232 0.25622740550902706
111 183 1304.0 1314 89.11454025499998 8.24 0.0831949626521067 2.434075319928218 False True -0.02039518268987957 1.473222967725044 0.14780373701422309 -0.29501623187418735 0.6471979368541232 0.25622740550902706
111 184 1316.0 1326 89.70141787699998 8.24 0.0831949626521067 2.434711250295337 True False -0.02039518268987957 1.473222967725044 0.14780373701422309 -0.29501623187418735 0.6471979368541232 0.25622740550902706
111 185 1316.0 1326 90.06129379199999 8.24 0.0831949626521067 2.434711250295337 False True -0.02039518268987957 1.473222967725044 0.14780373701422309 -0.29501623187418735 0.6471979368541232 0.25622740550902706
111 186 1328.0 1338 90.67269624599999 8.24 0.0831949626521067 2.435227458932945 True False -0.02039518268987957 1.473222967725044 0.14780373701422309 -0.29501623187418735 0.6471979368541232 0.25622740550902706
111 187 1328.0 1338 91.037441721 8.24 0.0831949626521067 2.435227458932945 False True -0.02039518268987957 1.473222967725044 0.14780373701422309 -0.29501623187418735 0.6471979368541232 0.25622740550902706
111 188 1340.0 1350 91.65672732899999 8.24 0.0831949626521067 2.435623906783378 True False -0.02039518268987957 1.473222967725044 0.14780373701422309 -0.29501623187418735 0.6471979368541232 0.25622740550902706
111 189 1340.0 1350 92.03925920399999 8.24 0.0831949626521067 2.435623906783378 False True -0.02039518268987957 1.473222967725044 0.14780373701422309 -0.29501623187418735 0.6471979368541232 0.25622740550902706
111 190 1352.0 1362 92.65651105799998 8.24 0.0831949626521067 2.4359005667636926 True False -0.02039518268987957 1.473222967725044 0.14780373701422309 -0.29501623187418735 0.6471979368541232 0.25622740550902706
111 191 1352.0 1362 93.03293884899998 8.24 0.0831949626521067 2.4359005667636926 False True -0.02039518268987957 1.473222967725044 0.14780373701422309 -0.29501623187418735 0.6471979368541232 0.25622740550902706
111 192 1364.0 1374 93.61924265299997 8.24 0.0831949626521067 2.436057423768381 True False -0.02039518268987957 1.473222967725044 0.14780373701422309 -0.29501623187418735 0.6471979368541232 0.25622740550902706
111 193 1364.0 1374 93.97820792799997 8.24 0.0831949626521067 2.436057423768381 False True -0.02039518268987957 1.473222967725044 0.14780373701422309 -0.29501623187418735 0.6471979368541232 0.25622740550902706
111 194 1376.0 1386 94.57714096799998 8.24 0.0831949626521067 2.436094474670871 True False -0.02039518268987957 1.473222967725044 0.14780373701422309 -0.29501623187418735 0.6471979368541232 0.25622740550902706
111 195 1376.0 1386 94.95368600099998 8.24 0.0831949626521067 2.436094474670871 False True -0.02039518268987957 1.473222967725044 0.14780373701422309 -0.29501623187418735 0.6471979368541232 0.25622740550902706
111 196 1388.0 1398 95.56097442599997 8.24 0.0831949626521067 2.436011728323847 True False -0.02039518268987957 1.473222967725044 0.14780373701422309 -0.29501623187418735 0.6471979368541232 0.25622740550902706
111 197 1388.0 1399 95.95241626099997 8.24 0.0831949626521067 2.436011728323847 False True -0.02039518268987957 1.473222967725044 0.14780373701422309 -0.29501623187418735 0.6471979368541232 0.25622740550902706
111 198 1400.0 1411 96.57308290099996 8.24 0.0831949626521067 2.4358092055583653 True False -0.02039518268987957 1.473222967725044 0.14780373701422309 -0.29501623187418735 0.6471979368541232 0.25622740550902706
111 199 1400.0 1411 96.93918997599997 8.24 0.0831949626521067 2.4358092055583653 False True -0.02039518268987957 1.473222967725044 0.14780373701422309 -0.29501623187418735 0.6471979368541232 0.25622740550902706
111 200 1412.0 1423 97.53829344799996 8.24 0.0831949626521067 2.435486939181766 True False -0.02039518268987957 1.473222967725044 0.14780373701422309 -0.29501623187418735 0.6471979368541232 0.25622740550902706
111 201 1412.0 1423 97.89528059299997 8.24 0.0831949626521067 2.435486939181766 False True -0.02039518268987957 1.473222967725044 0.14780373701422309 -0.29501623187418735 0.6471979368541232 0.25622740550902706
111 202 1424.0 1435 98.51314207299995 8.24 0.0831949626521067 2.4350449739743967 True False -0.02039518268987957 1.473222967725044 0.14780373701422309 -0.29501623187418735 0.6471979368541232 0.25622740550902706
111 203 1424.0 1435 98.89704535399996 8.24 0.0831949626521067 2.4350449739743967 False True -0.02039518268987957 1.473222967725044 0.14780373701422309 -0.29501623187418735 0.6471979368541232 0.25622740550902706
111 204 1436.0 1447 99.53382124299996 8.24 0.0831949626521067 2.43448336668513 True False -0.02039518268987957 1.473222967725044 0.14780373701422309 -0.29501623187418735 0.6471979368541232 0.25622740550902706
111 205 1436.0 1447 99.91584222499996 8.24 0.0831949626521067 2.43448336668513 False True -0.02039518268987957 1.473222967725044 0.14780373701422309 -0.29501623187418735 0.6471979368541232 0.25622740550902706
111 206 1448.0 1459 100.53259771499997 8.24 0.0831949626521067 2.4338021860256953 True False -0.02039518268987957 1.473222967725044 0.14780373701422309 -0.29501623187418735 0.6471979368541232 0.25622740550902706
111 207 1448.0 1459 100.90042234399996 8.24 0.0831949626521067 2.4338021860256953 False True -0.02039518268987957 1.473222967725044 0.14780373701422309 -0.29501623187418735 0.6471979368541232 0.25622740550902706
111 208 1460.0 1471 101.53134568999997 8.24 0.0831949626521067 2.4330015126638034 True False -0.02039518268987957 1.473222967725044 0.14780373701422309 -0.29501623187418735 0.6471979368541232 0.25622740550902706
111 209 1460.0 1471 101.91162133799996 8.24 0.0831949626521067 2.4330015126638034 False True -0.02039518268987957 1.473222967725044 0.14780373701422309 -0.29501623187418735 0.6471979368541232 0.25622740550902706
111 210 1472.0 1483 102.51663814299997 8.24 0.0831949626521067 2.432081439215078 True False -0.02039518268987957 1.473222967725044 0.14780373701422309 -0.29501623187418735 0.6471979368541232 0.25622740550902706
111 211 1472.0 1483 102.89194627099997 8.24 0.0831949626521067 2.432081439215078 False True -0.02039518268987957 1.473222967725044 0.14780373701422309 -0.29501623187418735 0.6471979368541232 0.25622740550902706
111 212 1484.0 1495 103.47821052599996 8.24 0.0831949626521067 2.4310420702338025 True False -0.02039518268987957 1.473222967725044 0.14780373701422309 -0.29501623187418735 0.6471979368541232 0.25622740550902706
111 213 1484.0 1495 103.85114732599996 8.24 0.0831949626521067 2.4310420702338025 False True -0.02039518268987957 1.473222967725044 0.14780373701422309 -0.29501623187418735 0.6471979368541232 0.25622740550902706
111 214 1496.0 1507 104.45897076399997 8.24 0.0831949626521067 2.4298835222024557 True False -0.02039518268987957 1.473222967725044 0.14780373701422309 -0.29501623187418735 0.6471979368541232 0.25622740550902706
111 215 1496.0 1507 104.83578251899998 8.24 0.0831949626521067 2.4298835222024557 False True -0.02039518268987957 1.473222967725044 0.14780373701422309 -0.29501623187418735 0.6471979368541232 0.25622740550902706
111 216 1508.0 1519 105.45727127699998 8.24 0.0831949626521067 2.428605923520068 True False -0.02039518268987957 1.473222967725044 0.14780373701422309 -0.29501623187418735 0.6471979368541232 0.25622740550902706
111 217 1508.0 1520 105.83922459199998 8.24 0.0831949626521067 2.428605923520068 False True -0.02039518268987957 1.473222967725044 0.14780373701422309 -0.29501623187418735 0.6471979368541232 0.25622740550902706
111 218 1520.0 1532 106.45505498299998 8.24 0.0831949626521067 2.4272094144893788 True False -0.02039518268987957 1.473222967725044 0.14780373701422309 -0.29501623187418735 0.6471979368541232 0.25622740550902706
111 219 1520.0 1532 106.83236508999998 8.24 0.0831949626521067 2.4272094144893788 False True -0.02039518268987957 1.473222967725044 0.14780373701422309 -0.29501623187418735 0.6471979368541232 0.25622740550902706
111 220 1532.0 1544 107.43381567499998 8.24 0.0831949626521067 2.4256941473028157 True False -0.02039518268987957 1.473222967725044 0.14780373701422309 -0.29501623187418735 0.6471979368541232 0.25622740550902706
111 221 1532.0 1544 107.79737175299998 8.24 0.0831949626521067 2.4256941473028157 False True -0.02039518268987957 1.473222967725044 0.14780373701422309 -0.29501623187418735 0.6471979368541232 0.25622740550902706
111 222 1544.0 1556 108.41119641699997 8.24 0.0831949626521067 2.4240602860272626 True False -0.02039518268987957 1.473222967725044 0.14780373701422309 -0.29501623187418735 0.6471979368541232 0.25622740550902706
111 223 1544.0 1556 108.78015981899998 8.24 0.0831949626521067 2.4240602860272626 False True -0.02039518268987957 1.473222967725044 0.14780373701422309 -0.29501623187418735 0.6471979368541232 0.25622740550902706
111 224 1556.0 1568 109.39684715799997 8.24 0.0831949626521067 2.422308006587661 True False -0.02039518268987957 1.473222967725044 0.14780373701422309 -0.29501623187418735 0.6471979368541232 0.25622740550902706
111 225 1556.0 1568 109.77875869199997 8.24 0.0831949626521067 2.422308006587661 False True -0.02039518268987957 1.473222967725044 0.14780373701422309 -0.29501623187418735 0.6471979368541232 0.25622740550902706
111 226 1568.0 1580 110.39563809399998 8.24 0.0831949626521067 2.420437496749417 True False -0.02039518268987957 1.473222967725044 0.14780373701422309 -0.29501623187418735 0.6471979368541232 0.25622740550902706
111 227 1568.0 1580 110.77721579299998 8.24 0.0831949626521067 2.420437496749417 False True -0.02039518268987957 1.473222967725044 0.14780373701422309 -0.29501623187418735 0.6471979368541232 0.25622740550902706
111 228 1580.0 1592 111.37380928699999 8.24 0.0831949626521067 2.418448956099626 True False -0.02039518268987957 1.473222967725044 0.14780373701422309 -0.29501623187418735 0.6471979368541232 0.25622740550902706
111 229 1580.0 1592 111.73529122099998 8.24 0.0831949626521067 2.418448956099626 False True -0.02039518268987957 1.473222967725044 0.14780373701422309 -0.29501623187418735 0.6471979368541232 0.25622740550902706
111 230 1592.0 1604 112.34958515599999 8.24 0.0831949626521067 2.4163425960271048 True False -0.02039518268987957 1.473222967725044 0.14780373701422309 -0.29501623187418735 0.6471979368541232 0.25622740550902706
111 231 1592.0 1604 112.718269036 8.24 0.0831949626521067 2.4163425960271048 False True -0.02039518268987957 1.473222967725044 0.14780373701422309 -0.29501623187418735 0.6471979368541232 0.25622740550902706
111 232 1604.0 1616 113.351650694 8.24 0.0831949626521067 2.4141186397012713 True False -0.02039518268987957 1.473222967725044 0.14780373701422309 -0.29501623187418735 0.6471979368541232 0.25622740550902706
111 233 1604.0 1616 113.73091160499999 8.24 0.0831949626521067 2.4141186397012713 False True -0.02039518268987957 1.473222967725044 0.14780373701422309 -0.29501623187418735 0.6471979368541232 0.25622740550902706
111 234 1616.0 1628 114.33391133299999 8.24 0.0831949626521067 2.4117773220498098 True False -0.02039518268987957 1.473222967725044 0.14780373701422309 -0.29501623187418735 0.6471979368541232 0.25622740550902706
111 235 1616.0 1628 114.69742605399999 8.24 0.0831949626521067 2.4117773220498098 False True -0.02039518268987957 1.473222967725044 0.14780373701422309 -0.29501623187418735 0.6471979368541232 0.25622740550902706
111 236 1628.0 1640 115.29266488499998 8.24 0.0831949626521067 2.4093188897351885 True False -0.02039518268987957 1.473222967725044 0.14780373701422309 -0.29501623187418735 0.6471979368541232 0.25622740550902706
111 237 1628.0 1641 115.65822071099997 8.24 0.0831949626521067 2.4093188897351885 False True -0.02039518268987957 1.473222967725044 0.14780373701422309 -0.29501623187418735 0.6471979368541232 0.25622740550902706
111 238 1640.0 1653 116.27102216999998 8.24 0.0831949626521067 2.406743601129992 True False -0.02039518268987957 1.473222967725044 0.14780373701422309 -0.29501623187418735 0.6471979368541232 0.25622740550902706
111 239 1640.0 1653 116.63504846999997 8.24 0.0831949626521067 2.406743601129992 False True -0.02039518268987957 1.473222967725044 0.14780373701422309 -0.29501623187418735 0.6471979368541232 0.25622740550902706
111 240 1652.0 1665 117.25554307999997 8.24 0.0831949626521067 2.2139617495012596 True False -0.02039518268987957 1.473222967725044 0.14780373701422309 -0.29501623187418735 0.6471979368541232 0.25622740550902706
111 241 1652.0 1665 117.63542780899996 8.24 0.0831949626521067 2.2139617495012596 False True -0.02039518268987957 1.473222967725044 0.14780373701422309 -0.29501623187418735 0.6471979368541232 0.25622740550902706
111 242 1664.0 1677 118.24977665299997 8.24 0.0831949626521067 2.2069471580990867 True False -0.02039518268987957 1.473222967725044 0.14780373701422309 -0.29501623187418735 0.6471979368541232 0.25622740550902706
111 243 1664.0 1677 118.61271700799998 8.24 0.0831949626521067 2.2069471580990867 False True -0.02039518268987957 1.473222967725044 0.14780373701422309 -0.29501623187418735 0.6471979368541232 0.25622740550902706
111 244 1676.0 1689 119.21118983499997 8.24 0.0831949626521067 2.1998348903925597 True False -0.02039518268987957 1.473222967725044 0.14780373701422309 -0.29501623187418735 0.6471979368541232 0.25622740550902706
111 245 1676.0 1689 119.57282670899997 8.24 0.0831949626521067 2.1998348903925597 False True -0.02039518268987957 1.473222967725044 0.14780373701422309 -0.29501623187418735 0.6471979368541232 0.25622740550902706
111 246 1688.0 1701 120.17719420499996 8.24 0.0831949626521067 2.1926256449654162 True False -0.02039518268987957 1.473222967725044 0.14780373701422309 -0.29501623187418735 0.6471979368541232 0.25622740550902706
111 247 1688.0 1701 120.55303792499997 8.24 0.0831949626521067 2.1926256449654162 False True -0.02039518268987957 1.473222967725044 0.14780373701422309 -0.29501623187418735 0.6471979368541232 0.25622740550902706
111 248 1700.0 1713 121.17463912999996 8.24 0.0831949626521067 2.185320130097815 True False -0.02039518268987957 1.473222967725044 0.14780373701422309 -0.29501623187418735 0.6471979368541232 0.25622740550902706
111 249 1700.0 1713 121.55547000499996 8.24 0.0831949626521067 2.185320130097815 False True -0.02039518268987957 1.473222967725044 0.14780373701422309 -0.29501623187418735 0.6471979368541232 0.25622740550902706
111 250 1712.0 1725 122.16859410399995 8.24 0.0831949626521067 2.1779190636955255 True False -0.02039518268987957 1.473222967725044 0.14780373701422309 -0.29501623187418735 0.6471979368541232 0.25622740550902706
111 251 1712.0 1725 122.53339534999995 8.24 0.0831949626521067 2.1779190636955255 False True -0.02039518268987957 1.473222967725044 0.14780373701422309 -0.29501623187418735 0.6471979368541232 0.25622740550902706
111 252 1724.0 1737 123.12957769699996 8.24 0.0831949626521067 2.1704231732181167 True False -0.02039518268987957 1.473222967725044 0.14780373701422309 -0.29501623187418735 0.6471979368541232 0.25622740550902706
111 253 1724.0 1737 123.49180471799995 8.24 0.0831949626521067 2.1704231732181167 False True -0.02039518268987957 1.473222967725044 0.14780373701422309 -0.29501623187418735 0.6471979368541232 0.25622740550902706
111 254 1736.0 1749 124.12433873499995 8.24 0.0831949626521067 2.162833195606226 True False -0.02039518268987957 1.473222967725044 0.14780373701422309 -0.29501623187418735 0.6471979368541232 0.25622740550902706
111 255 1736.0 1749 124.48807463299995 8.24 0.0831949626521067 2.162833195606226 False True -0.02039518268987957 1.473222967725044 0.14780373701422309 -0.29501623187418735 0.6471979368541232 0.25622740550902706
111 256 1748.0 1761 125.10346532999996 8.24 0.0831949626521067 2.1551498772078634 True False -0.02039518268987957 1.473222967725044 0.14780373701422309 -0.29501623187418735 0.6471979368541232 0.25622740550902706
111 257 1748.0 1762 125.48082049499996 8.24 0.0831949626521067 2.1551498772078634 False True -0.02039518268987957 1.473222967725044 0.14780373701422309 -0.29501623187418735 0.6471979368541232 0.25622740550902706
111 258 1760.0 1774 126.08153994299997 8.24 0.0831949626521067 2.1473739737037727 True False -0.02039518268987957 1.473222967725044 0.14780373701422309 -0.29501623187418735 0.6471979368541232 0.25622740550902706
111 259 1760.0 1774 126.45687747199997 8.24 0.0831949626521067 2.1473739737037727 False True -0.02039518268987957 1.473222967725044 0.14780373701422309 -0.29501623187418735 0.6471979368541232 0.25622740550902706
111 260 1772.0 1786 127.04469873499997 8.24 0.0831949626521067 2.1395062500318676 True False -0.02039518268987957 1.473222967725044 0.14780373701422309 -0.29501623187418735 0.6471979368541232 0.25622740550902706
111 261 1772.0 1786 127.41682425599996 8.24 0.0831949626521067 2.1395062500318676 False True -0.02039518268987957 1.473222967725044 0.14780373701422309 -0.29501623187418735 0.6471979368541232 0.25622740550902706
111 262 1784.0 1798 128.01958387299996 8.24 0.0831949626521067 2.1315474803107364 True False -0.02039518268987957 1.473222967725044 0.14780373701422309 -0.29501623187418735 0.6471979368541232 0.25622740550902706
111 263 1784.0 1798 128.39520317499995 8.24 0.0831949626521067 2.1315474803107364 False True -0.02039518268987957 1.473222967725044 0.14780373701422309 -0.29501623187418735 0.6471979368541232 0.25622740550902706
111 264 1796.0 1810 129.01080021399994 8.24 0.0831949626521067 2.1234984477622336 True False -0.02039518268987957 1.473222967725044 0.14780373701422309 -0.29501623187418735 0.6471979368541232 0.25622740550902706
111 265 1796.0 1810 129.39979340199994 8.24 0.0831949626521067 2.1234984477622336 False True -0.02039518268987957 1.473222967725044 0.14780373701422309 -0.29501623187418735 0.6471979368541232 0.25622740550902706
111 266 1808.0 1822 129.99894588899994 8.24 0.0831949626521067 2.115359944633155 True False -0.02039518268987957 1.473222967725044 0.14780373701422309 -0.29501623187418735 0.6471979368541232 0.25622740550902706
111 267 1808.0 1822 130.35817567799992 8.24 0.0831949626521067 2.115359944633155 False True -0.02039518268987957 1.473222967725044 0.14780373701422309 -0.29501623187418735 0.6471979368541232 0.25622740550902706
111 268 1820.0 1834 130.94554943099993 8.24 0.0831949626521067 1.954083216326494 True False -0.02039518268987957 1.473222967725044 0.14780373701422309 -0.29501623187418735 0.6471979368541232 0.25622740550902706
111 269 1820.0 1834 131.30629909799995 8.24 0.0831949626521067 1.954083216326494 False True -0.02039518268987957 1.473222967725044 0.14780373701422309 -0.29501623187418735 0.6471979368541232 0.25622740550902706
111 270 1832.0 1846 131.90502018799995 8.24 0.0831949626521067 1.9444815737754793 True False -0.02039518268987957 1.473222967725044 0.14780373701422309 -0.29501623187418735 0.6471979368541232 0.25622740550902706
111 271 1832.0 1846 132.28044834099995 8.24 0.0831949626521067 1.9444815737754793 False True -0.02039518268987957 1.473222967725044 0.14780373701422309 -0.29501623187418735 0.6471979368541232 0.25622740550902706
111 272 1844.0 1858 132.88262204499995 8.24 0.0831949626521067 1.9348104696939257 True False -0.02039518268987957 1.473222967725044 0.14780373701422309 -0.29501623187418735 0.6471979368541232 0.25622740550902706
111 273 1844.0 1858 133.26003432999994 8.24 0.0831949626521067 1.9348104696939257 False True -0.02039518268987957 1.473222967725044 0.14780373701422309 -0.29501623187418735 0.6471979368541232 0.25622740550902706
111 274 1856.0 1870 133.85819085199992 8.24 0.0831949626521067 1.9250708836231953 True False -0.02039518268987957 1.473222967725044 0.14780373701422309 -0.29501623187418735 0.6471979368541232 0.25622740550902706
111 275 1856.0 1870 134.22027062899994 8.24 0.0831949626521067 1.9250708836231953 False True -0.02039518268987957 1.473222967725044 0.14780373701422309 -0.29501623187418735 0.6471979368541232 0.25622740550902706
111 276 1868.0 1882 134.80374290099994 8.24 0.0831949626521067 1.97307423349299 True False -0.02039518268987957 1.473222967725044 0.14780373701422309 -0.29501623187418735 0.6471979368541232 0.25622740550902706
111 277 1868.0 1883 135.16416810199993 8.24 0.0831949626521067 1.97307423349299 False True -0.02039518268987957 1.473222967725044 0.14780373701422309 -0.29501623187418735 0.6471979368541232 0.25622740550902706
111 278 1880.0 1895 135.76575525699994 8.24 0.0831949626521067 1.982461684138337 True False -0.02039518268987957 1.473222967725044 0.14780373701422309 -0.29501623187418735 0.6471979368541232 0.25622740550902706
111 279 1880.0 1895 136.14021422899995 8.24 0.0831949626521067 1.982461684138337 False True -0.02039518268987957 1.473222967725044 0.14780373701422309 -0.29501623187418735 0.6471979368541232 0.25622740550902706
111 280 1892.0 1907 136.74652154099996 8.24 0.0831949626521067 1.9917758255052755 True False -0.02039518268987957 1.473222967725044 0.14780373701422309 -0.29501623187418735 0.6471979368541232 0.25622740550902706
111 281 1892.0 1907 137.12437438399996 8.24 0.0831949626521067 1.9917758255052755 False True -0.02039518268987957 1.473222967725044 0.14780373701422309 -0.29501623187418735 0.6471979368541232 0.25622740550902706
111 282 1904.0 1919 137.73712782299998 8.24 0.0831949626521067 1.9152638019515447 True False -0.02039518268987957 1.473222967725044 0.14780373701422309 -0.29501623187418735 0.6471979368541232 0.25622740550902706
111 283 1904.0 1919 138.101391101 8.24 0.0831949626521067 1.9152638019515447 False True -0.02039518268987957 1.473222967725044 0.14780373701422309 -0.29501623187418735 0.6471979368541232 0.25622740550902706
111 284 1916.0 1931 138.685798326 8.24 0.0831949626521067 2.1071327721160147 True False -0.02039518268987957 1.473222967725044 0.14780373701422309 -0.29501623187418735 0.6471979368541232 0.25622740550902706
111 285 1916.0 1931 139.046266339 8.24 0.0831949626521067 2.1071327721160147 False True -0.02039518268987957 1.473222967725044 0.14780373701422309 -0.29501623187418735 0.6471979368541232 0.25622740550902706
111 286 1928.0 1943 139.657704738 8.24 0.0831949626521067 2.0988177402689274 True False -0.02039518268987957 1.473222967725044 0.14780373701422309 -0.29501623187418735 0.6471979368541232 0.25622740550902706
111 287 1928.0 1943 140.022236216 8.24 0.0831949626521067 2.0988177402689274 False True -0.02039518268987957 1.473222967725044 0.14780373701422309 -0.29501623187418735 0.6471979368541232 0.25622740550902706
111 288 1940.0 1955 140.637334322 8.24 0.0831949626521067 2.0904156679346015 True False -0.02039518268987957 1.473222967725044 0.14780373701422309 -0.29501623187418735 0.6471979368541232 0.25622740550902706
111 289 1940.0 1955 141.004796345 8.24 0.0831949626521067 2.0904156679346015 False True -0.02039518268987957 1.473222967725044 0.14780373701422309 -0.29501623187418735 0.6471979368541232 0.25622740550902706
111 290 1952.0 1967 141.620383609 8.24 0.0831949626521067 2.081927382658455 True False -0.02039518268987957 1.473222967725044 0.14780373701422309 -0.29501623187418735 0.6471979368541232 0.25622740550902706
111 291 1952.0 1967 141.98618535799997 8.24 0.0831949626521067 2.081927382658455 False True -0.02039518268987957 1.473222967725044 0.14780373701422309 -0.29501623187418735 0.6471979368541232 0.25622740550902706
111 292 1964.0 1979 142.58551092199997 8.24 0.0831949626521067 2.0733537206058674 True False -0.02039518268987957 1.473222967725044 0.14780373701422309 -0.29501623187418735 0.6471979368541232 0.25622740550902706
111 293 1964.0 1979 142.95898550999996 8.24 0.0831949626521067 2.0733537206058674 False True -0.02039518268987957 1.473222967725044 0.14780373701422309 -0.29501623187418735 0.6471979368541232 0.25622740550902706
111 294 1976.0 1991 143.56381804899996 8.24 0.0831949626521067 2.064695526478552 True False -0.02039518268987957 1.473222967725044 0.14780373701422309 -0.29501623187418735 0.6471979368541232 0.25622740550902706
111 295 1976.0 1991 143.94054866299996 8.24 0.0831949626521067 2.064695526478552 False True -0.02039518268987957 1.473222967725044 0.14780373701422309 -0.29501623187418735 0.6471979368541232 0.25622740550902706
