854 0 400.0 200.99999999999997 1.3708512470000187 0.0 8.05 0.01563503188866654 0.20926544103550088 False True 0.0033415102226220157 1.2385151490587119 -0.40064336108314197 -0.007773716809875194 0.0
854 1 412.0 212.99999999999997 2.7771952740000074 0.0 8.05 0.01563503188866654 0.013995774709876759 False True 0.0033415102226220157 1.2385151490587119 -0.40064336108314197 -0.007773716809875194 0.0
854 2 424.0 224.99999999999997 4.1871658569999965 0.0 8.05 0.01563503188866654 0.017364093077241644 False True 0.0033415102226220157 1.2385151490587119 -0.40064336108314197 -0.007773716809875194 0.0
854 3 436.0 236.99999999999997 5.6077546540000185 0.0 8.06 0.017364093077241644 0.019182775445089346 False True 0.0033415102226220157 1.2385151490587119 -0.40064336108314197 -0.007773716809875194 0.0
854 4 448.0 248.99999999999997 7.031843956000017 0.0 8.06 0.017364093077241644 0.02109088719866053 False True 0.0033415102226220157 1.2385151490587119 -0.40064336108314197 -0.007773716809875194 0.0
854 5 460.0 261.0 8.480781178 0.0 8.06 0.017364093077241644 0.129489712186782 False True 0.0033415102226220157 1.2385151490587119 -0.40064336108314197 -0.007773716809875194 0.0
854 6 472.0 273.0 9.904809583999992 0.0 8.06 0.017364093077241644 0.13665102852160138 False True 0.0033415102226220157 1.2385151490587119 -0.40064336108314197 -0.007773716809875194 0.0
854 7 484.0 285.0 11.329628308999986 0.0 8.06 0.017364093077241644 0.14035831550586159 False True 0.0033415102226220157 1.2385151490587119 -0.40064336108314197 -0.007773716809875194 0.0
854 8 496.0 297.0 12.753818717999991 0.0 8.05 0.01563503188866654 0.017364093077241644 False True 0.0033415102226220157 1.2385151490587119 -0.40064336108314197 -0.007773716809875194 0.0
854 9 500.0 301.0 14.204642217999975 0.0 8.06 0.017364093077241644 0.1260363804291629 False True 0.0033415102226220157 1.2385151490587119 -0.40064336108314197 -0.007773716809875194 0.0
854 10 512.0 313.0 15.62863478199995 0.0 8.06 0.017364093077241644 0.02308822760055033 False True 0.0033415102226220157 1.2385151490587119 -0.40064336108314197 -0.007773716809875194 0.0
854 11 524.0 325.0 17.053085976999967 0.0 8.06 0.017364093077241644 0.025174586989569262 False True 0.0033415102226220157 1.2385151490587119 -0.40064336108314197 -0.007773716809875194 0.0
854 12 536.0 337.0 18.47761841299996 0.0 8.1 0.025174586989569262 0.017364093077241644 False True 0.0033415102226220157 1.2385151490587119 -0.40064336108314197 -0.007773716809875194 0.0
854 13 540.0 341.0 19.892889752999963 0.0 8.06 0.017364093077241644 0.025174586989569262 False True 0.0033415102226220157 1.2385151490587119 -0.40064336108314197 -0.007773716809875194 0.0
854 14 544.0 345.0 21.337093331999966 0.0 8.06 0.017364093077241644 0.027349746801711483 False True 0.0033415102226220157 1.2385151490587119 -0.40064336108314197 -0.007773716809875194 0.0
854 15 556.0 357.0 22.761605825999993 0.0 8.06 0.017364093077241644 0.10364430799487138 False True 0.0033415102226220157 1.2385151490587119 -0.40064336108314197 -0.007773716809875194 0.0
854 16 568.0 369.0 24.18665297999999 0.0 8.06 0.017364093077241644 0.10937817063884436 False True 0.0033415102226220157 1.2385151490587119 -0.40064336108314197 -0.007773716809875194 0.0
854 17 580.0 381.0 25.611734023999986 0.0 8.06 0.017364093077241644 0.20430871393623037 False True 0.0033415102226220157 1.2385151490587119 -0.40064336108314197 -0.007773716809875194 0.0
854 18 592.0 393.0 27.02583465699999 0.0 8.06 0.017364093077241644 0.2142982864549904 False True 0.0033415102226220157 1.2385151490587119 -0.40064336108314197 -0.007773716809875194 0.0
854 19 604.0 405.0 28.449692276000007 0.0 8.06 0.017364093077241644 0.14414954256417628 False True 0.0033415102226220157 1.2385151490587119 -0.40064336108314197 -0.007773716809875194 0.0
854 20 616.0 417.0 29.900882677999988 0.0 8.06 0.017364093077241644 0.004101735958847244 False True 0.0033415102226220157 1.2385151490587119 -0.40064336108314197 -0.007773716809875194 0.0
854 21 628.0 429.0 31.32401937200001 0.0 8.06 0.017364093077241644 0.005014408691766503 False True 0.0033415102226220157 1.2385151490587119 -0.40064336108314197 -0.007773716809875194 0.0
854 22 640.0 441.0 32.747481411000024 0.0 7.76 0.005014408691766503 0.017364093077241644 False True 0.0033415102226220157 1.2385151490587119 -0.40064336108314197 -0.007773716809875194 0.0
854 23 644.0 445.0 34.160957344000025 0.0 7.76 0.005014408691766503 0.00601823490580236 False True 0.0033415102226220157 1.2385151490587119 -0.40064336108314197 -0.007773716809875194 0.0
854 24 656.0 457.0 35.57966626800001 0.0 7.76 0.005014408691766503 0.007113124115270985 False True 0.0033415102226220157 1.2385151490587119 -0.40064336108314197 -0.007773716809875194 0.0
854 25 668.0 469.0 36.97543741000001 0.0 7.76 0.005014408691766503 0.007113124115270985 False True 0.0033415102226220157 1.2385151490587119 -0.40064336108314197 -0.007773716809875194 0.0
854 26 672.0 473.0 38.376945104000015 0.0 7.74 0.007113124115270985 0.005014408691766503 False True 0.0033415102226220157 1.2385151490587119 -0.40064336108314197 -0.007773716809875194 0.0
854 27 676.0 477.0 39.77173891000001 0.0 7.76 0.005014408691766503 0.007113124115270985 False True 0.0033415102226220157 1.2385151490587119 -0.40064336108314197 -0.007773716809875194 0.0
854 28 680.0 481.0 41.200649763 0.0 8.06 0.017364093077241644 0.005014408691766503 False True 0.0033415102226220157 1.2385151490587119 -0.40064336108314197 -0.007773716809875194 0.0
854 29 684.0 485.0 42.600355389000015 0.0 8.06 0.017364093077241644 0.008298976727276317 False True 0.0033415102226220157 1.2385151490587119 -0.40064336108314197 -0.007773716809875194 0.0
854 30 696.0 497.0 43.99292292800001 0.0 7.7299999999999995 0.008298976727276317 0.009575684051668793 False True 0.0033415102226220157 1.2385151490587119 -0.40064336108314197 -0.007773716809875194 0.0
854 31 708.0 509.0 45.399123935000034 0.0 7.7299999999999995 0.008298976727276317 0.010943128311912515 False True 0.0033415102226220157 1.2385151490587119 -0.40064336108314197 -0.007773716809875194 0.0
854 32 720.0 521.0 46.80809242800004 0.0 8.06 0.017364093077241644 0.008298976727276317 False True 0.0033415102226220157 1.2385151490587119 -0.40064336108314197 -0.007773716809875194 0.0
854 33 724.0 525.0 48.22918485400004 0.0 7.7299999999999995 0.008298976727276317 0.012401182656865746 False True 0.0033415102226220157 1.2385151490587119 -0.40064336108314197 -0.007773716809875194 0.0
854 34 736.0 537.0 49.63940949400006 0.0 7.76 0.005014408691766503 0.007113124115270985 False True 0.0033415102226220157 1.2385151490587119 -0.40064336108314197 -0.007773716809875194 0.0
854 35 740.0 541.0 51.05038174500007 0.0 7.74 0.007113124115270985 0.005014408691766503 False True 0.0033415102226220157 1.2385151490587119 -0.40064336108314197 -0.007773716809875194 0.0
854 36 744.0 545.0 52.45624395400009 0.0 7.74 0.007113124115270985 0.004101735958847244 False True 0.0033415102226220157 1.2385151490587119 -0.40064336108314197 -0.007773716809875194 0.0
854 37 748.0 549.0 53.84822663700007 0.0 7.74 0.007113124115270985 0.013949711173464972 False True 0.0033415102226220157 1.2385151490587119 -0.40064336108314197 -0.007773716809875194 0.0
854 38 760.0 561.0 55.23250692600004 0.0 7.74 0.007113124115270985 0.015588568900314147 False True 0.0033415102226220157 1.2385151490587119 -0.40064336108314197 -0.007773716809875194 0.0
854 39 772.0 573.0 56.64303976300005 0.0 7.74 0.007113124115270985 0.01731760184218402 False True 0.0033415102226220157 1.2385151490587119 -0.40064336108314197 -0.007773716809875194 0.0
854 40 784.0 585.0 58.03062253500005 0.0 7.74 0.007113124115270985 0.01913664698540932 False True 0.0033415102226220157 1.2385151490587119 -0.40064336108314197 -0.007773716809875194 0.0
854 41 796.0 597.0 59.43421904400006 0.0 7.74 0.007113124115270985 0.0025501672896410545 False True 0.0033415102226220157 1.2385151490587119 -0.40064336108314197 -0.007773716809875194 0.0
854 42 808.0 609.0 60.83697683800008 0.0 7.74 0.007113124115270985 0.01731760184218402 False True 0.0033415102226220157 1.2385151490587119 -0.40064336108314197 -0.007773716809875194 0.0
854 43 812.0 613.0 62.225111876000085 0.0 7.74 0.007113124115270985 0.01731760184218402 False True 0.0033415102226220157 1.2385151490587119 -0.40064336108314197 -0.007773716809875194 0.0
854 44 816.0 617.0 63.60780317300009 0.0 7.74 0.007113124115270985 0.0019114067117763285 False True 0.0033415102226220157 1.2385151490587119 -0.40064336108314197 -0.007773716809875194 0.0
854 45 828.0 629.0 64.98536747800011 0.0 7.74 0.007113124115270985 0.015588568900314147 False True 0.0033415102226220157 1.2385151490587119 -0.40064336108314197 -0.007773716809875194 0.0
854 46 832.0 633.0 66.39113846000012 0.0 7.68 0.015588568900314147 0.01731760184218402 False True 0.0033415102226220157 1.2385151490587119 -0.40064336108314197 -0.007773716809875194 0.0
854 47 836.0 637.0 67.78011265900014 0.0 7.68 0.015588568900314147 0.007113124115270985 False True 0.0033415102226220157 1.2385151490587119 -0.40064336108314197 -0.007773716809875194 0.0
854 48 840.0 641.0 69.17469313400014 0.0 7.68 0.015588568900314147 0.007113124115270985 False True 0.0033415102226220157 1.2385151490587119 -0.40064336108314197 -0.007773716809875194 0.0
854 49 844.0 645.0 70.58377113700013 0.0 7.67 0.01731760184218402 0.0013640703183337819 False True 0.0033415102226220157 1.2385151490587119 -0.40064336108314197 -0.007773716809875194 0.0
854 50 856.0 657.0 72.00392500600015 0.0 7.74 0.007113124115270985 0.015588568900314147 False True 0.0033415102226220157 1.2385151490587119 -0.40064336108314197 -0.007773716809875194 0.0
854 51 860.0 661.0 73.39450041300015 0.0 7.68 0.015588568900314147 0.000908202941445884 False True 0.0033415102226220157 1.2385151490587119 -0.40064336108314197 -0.007773716809875194 0.0
854 52 872.0 673.0 74.75883238300014 0.0 7.68 0.015588568900314147 0.005014408691766503 False True 0.0033415102226220157 1.2385151490587119 -0.40064336108314197 -0.007773716809875194 0.0
854 53 876.0 677.0 76.15023879400016 0.0 7.7299999999999995 0.008298976727276317 0.009575684051668793 False True 0.0033415102226220157 1.2385151490587119 -0.40064336108314197 -0.007773716809875194 0.0
854 54 880.0 681.0 77.53540096100016 0.0 7.7299999999999995 0.008298976727276317 0.017364093077241644 False True 0.0033415102226220157 1.2385151490587119 -0.40064336108314197 -0.007773716809875194 0.0
854 55 884.0 685.0 78.91060816400017 0.0 7.76 0.005014408691766503 0.012446495390065914 False True 0.0033415102226220157 1.2385151490587119 -0.40064336108314197 -0.007773716809875194 0.0
854 56 896.0 697.0 80.29859588200017 0.0 7.74 0.007113124115270985 0.01098735877972606 False True 0.0033415102226220157 1.2385151490587119 -0.40064336108314197 -0.007773716809875194 0.0
854 57 908.0 709.0 81.68755626300018 0.0 7.74 0.007113124115270985 0.01098735877972606 False True 0.0033415102226220157 1.2385151490587119 -0.40064336108314197 -0.007773716809875194 0.0
854 58 912.0 713.0 83.07708842000017 0.0 8.06 0.017364093077241644 0.00961852071415908 False True 0.0033415102226220157 1.2385151490587119 -0.40064336108314197 -0.007773716809875194 0.0
854 59 924.0 725.0 84.46564825700017 0.0 7.76 0.005014408691766503 0.008340127997896485 False True 0.0033415102226220157 1.2385151490587119 -0.40064336108314197 -0.007773716809875194 0.0
854 60 936.0 737.0 85.85446626200016 0.0 7.72 0.009575684051668793 0.007152318390016311 False True 0.0033415102226220157 1.2385151490587119 -0.40064336108314197 -0.007773716809875194 0.0
854 61 948.0 749.0 87.23274915400017 0.0 7.99 0.007152318390016311 0.006055220590372491 False True 0.0033415102226220157 1.2385151490587119 -0.40064336108314197 -0.007773716809875194 0.0
854 62 960.0 761.0 88.62171412600017 0.0 7.99 0.007152318390016311 0.006055220590372491 False True 0.0033415102226220157 1.2385151490587119 -0.40064336108314197 -0.007773716809875194 0.0
854 63 964.0 765.0 90.01046990500015 0.0 7.99 0.007152318390016311 0.005048954226719677 False True 0.0033415102226220157 1.2385151490587119 -0.40064336108314197 -0.007773716809875194 0.0
854 64 976.0 777.0 91.40024285800015 0.0 7.99 0.007152318390016311 0.009575684051668793 False True 0.0033415102226220157 1.2385151490587119 -0.40064336108314197 -0.007773716809875194 0.0
854 65 980.0 781.0 92.78976441800017 0.0 7.72 0.009575684051668793 0.004133629842752197 False True 0.0033415102226220157 1.2385151490587119 -0.40064336108314197 -0.007773716809875194 0.0
854 66 992.0 793.0 94.1800861520002 0.0 7.72 0.009575684051668793 0.003309348887051449 False True 0.0033415102226220157 1.2385151490587119 -0.40064336108314197 -0.007773716809875194 0.0
854 67 1004.0 805.0 95.5733102790002 0.0 7.72 0.009575684051668793 0.0025762037029409377 False True 0.0033415102226220157 1.2385151490587119 -0.40064336108314197 -0.007773716809875194 0.0
854 68 1016.0 817.0 96.95905699900021 0.0 7.94 0.0025762037029409377 0.001934277519249742 False True 0.0033415102226220157 1.2385151490587119 -0.40064336108314197 -0.007773716809875194 0.0
854 69 1028.0 829.0 98.33854121300021 0.0 7.94 0.0025762037029409377 0.0013836444419925706 False True 0.0033415102226220157 1.2385151490587119 -0.40064336108314197 -0.007773716809875194 0.0
854 70 1040.0 841.0 99.71387375500021 0.0 7.94 0.0025762037029409377 0.0009243694469582539 False True 0.0033415102226220157 1.2385151490587119 -0.40064336108314197 -0.007773716809875194 0.0
854 71 1052.0 853.0 101.1362201560002 0.0 7.94 0.0025762037029409377 0.0009243694469582539 False True 0.0033415102226220157 1.2385151490587119 -0.40064336108314197 -0.007773716809875194 0.0
854 72 1056.0 857.0 102.52701123900022 0.0 7.94 0.0025762037029409377 0.0009243694469582539 False True 0.0033415102226220157 1.2385151490587119 -0.40064336108314197 -0.007773716809875194 0.0
854 73 1060.0 861.0 103.9184112010002 0.0 7.94 0.0025762037029409377 0.0005565083732107516 False True 0.0033415102226220157 1.2385151490587119 -0.40064336108314197 -0.007773716809875194 0.0
854 74 1072.0 873.0 105.31105407800018 0.0 7.94 0.0025762037029409377 0.14802433984104407 False True 0.0033415102226220157 1.2385151490587119 -0.40064336108314197 -0.007773716809875194 0.0
854 75 1084.0 885.0 106.71655087300019 0.0 7.94 0.0025762037029409377 0.0009243694469582539 False True 0.0033415102226220157 1.2385151490587119 -0.40064336108314197 -0.007773716809875194 0.0
854 76 1088.0 889.0 108.1220895100002 0.0 7.94 0.0025762037029409377 0.0009243694469582539 False True 0.0033415102226220157 1.2385151490587119 -0.40064336108314197 -0.007773716809875194 0.0
854 77 1092.0 893.0 109.5289348830002 0.0 7.91 0.0009243694469582539 0.0025762037029409377 False True 0.0033415102226220157 1.2385151490587119 -0.40064336108314197 -0.007773716809875194 0.0
854 78 1096.0 897.0 110.93464375400018 0.0 7.91 0.0009243694469582539 0.0025762037029409377 False True 0.0033415102226220157 1.2385151490587119 -0.40064336108314197 -0.007773716809875194 0.0
854 79 1100.0 901.0 112.34235631000021 0.0 7.91 0.0009243694469582539 0.0025762037029409377 False True 0.0033415102226220157 1.2385151490587119 -0.40064336108314197 -0.007773716809875194 0.0
854 80 1104.0 905.0 113.73753222800022 0.0 7.91 0.0009243694469582539 0.0025762037029409377 False True 0.0033415102226220157 1.2385151490587119 -0.40064336108314197 -0.007773716809875194 0.0
854 81 1108.0 909.0 115.14307890200021 0.0 7.91 0.0009243694469582539 0.0025762037029409377 False True 0.0033415102226220157 1.2385151490587119 -0.40064336108314197 -0.007773716809875194 0.0
854 82 1112.0 913.0 116.54794426300018 0.0 7.91 0.0009243694469582539 0.0025762037029409377 False True 0.0033415102226220157 1.2385151490587119 -0.40064336108314197 -0.007773716809875194 0.0
854 83 1116.0 917.0 117.9527977710002 0.0 7.91 0.0009243694469582539 0.1519823291230893 False True 0.0033415102226220157 1.2385151490587119 -0.40064336108314197 -0.007773716809875194 0.0
854 84 1128.0 929.0 119.34829322900023 0.0 7.94 0.0025762037029409377 0.19942861018291053 False True 0.0033415102226220157 1.2385151490587119 -0.40064336108314197 -0.007773716809875194 0.0
854 85 1140.0 941.0 120.74370431800023 0.0 7.94 0.0025762037029409377 0.021045532314190336 False True 0.0033415102226220157 1.2385151490587119 -0.40064336108314197 -0.007773716809875194 0.0
854 86 1152.0 953.0 122.13840639400021 0.0 7.72 0.009575684051668793 0.023044076827797227 False True 0.0033415102226220157 1.2385151490587119 -0.40064336108314197 -0.007773716809875194 0.0
854 87 1164.0 965.0 123.54023750100023 0.0 7.91 0.0009243694469582539 0.003309348887051449 False True 0.0033415102226220157 1.2385151490587119 -0.40064336108314197 -0.007773716809875194 0.0
854 88 1168.0 969.0 124.92796123300022 0.0 7.91 0.0009243694469582539 0.003309348887051449 False True 0.0033415102226220157 1.2385151490587119 -0.40064336108314197 -0.007773716809875194 0.0
854 89 1172.0 973.0 126.30347839400022 0.0 7.95 0.003309348887051449 0.0025762037029409377 False True 0.0033415102226220157 1.2385151490587119 -0.40064336108314197 -0.007773716809875194 0.0
854 90 1176.0 977.0 127.71153209200023 0.0 7.91 0.0009243694469582539 0.025132090558664895 False True 0.0033415102226220157 1.2385151490587119 -0.40064336108314197 -0.007773716809875194 0.0
854 91 1188.0 989.0 129.10165498900025 0.0 7.91 0.0009243694469582539 0.0273093745913955 False True 0.0033415102226220157 1.2385151490587119 -0.40064336108314197 -0.007773716809875194 0.0
854 92 1200.0 1001.0 130.50157884700027 0.0 7.91 0.0009243694469582539 0.029575721082644182 False True 0.0033415102226220157 1.2385151490587119 -0.40064336108314197 -0.007773716809875194 0.0
854 93 1212.0 1013.0 131.8942380750003 0.0 7.91 0.0009243694469582539 0.03193091328190756 False True 0.0033415102226220157 1.2385151490587119 -0.40064336108314197 -0.007773716809875194 0.0
854 94 1224.0 1025.0 133.29752767600027 0.0 7.91 0.0009243694469582539 0.03437472555319869 False True 0.0033415102226220157 1.2385151490587119 -0.40064336108314197 -0.007773716809875194 0.0
854 95 1236.0 1037.0 134.70436849600028 0.0 7.91 0.0009243694469582539 0.036906923397606914 False True 0.0033415102226220157 1.2385151490587119 -0.40064336108314197 -0.007773716809875194 0.0
854 96 1248.0 1049.0 136.09906492300027 0.0 7.91 0.0009243694469582539 0.12266838386171773 False True 0.0033415102226220157 1.2385151490587119 -0.40064336108314197 -0.007773716809875194 0.0
854 97 1260.0 1061.0 137.50446700200027 0.0 7.91 0.0009243694469582539 0.11938605001262095 False True 0.0033415102226220157 1.2385151490587119 -0.40064336108314197 -0.007773716809875194 0.0
854 98 1272.0 1073.0 138.91131775700026 0.0 7.91 0.0009243694469582539 0.11618969784291346 False True 0.0033415102226220157 1.2385151490587119 -0.40064336108314197 -0.007773716809875194 0.0
854 99 1284.0 1085.0 140.33908290800028 0.0 8.06 0.017364093077241644 0.11307963771461496 False True 0.0033415102226220157 1.2385151490587119 -0.40064336108314197 -0.007773716809875194 0.0
854 100 1296.0 1097.0 141.7350551840003 0.0 7.74 0.007113124115270985 0.11005617135968568 False True 0.0033415102226220157 1.2385151490587119 -0.40064336108314197 -0.007773716809875194 0.0
854 101 1308.0 1109.0 143.14402510000028 0.0 7.74 0.007113124115270985 0.0002801079175099876 False True 0.0033415102226220157 1.2385151490587119 -0.40064336108314197 -0.007773716809875194 0.0
854 102 1320.0 1121.0 144.56705056000024 0.0 7.74 0.007113124115270985 0.0002801079175099876 False True 0.0033415102226220157 1.2385151490587119 -0.40064336108314197 -0.007773716809875194 0.0
854 103 1324.0 1125.0 145.9918918340002 0.0 7.89 0.0002801079175099876 9.520562963625013e-05 False True 0.0033415102226220157 1.2385151490587119 -0.40064336108314197 -0.007773716809875194 0.0
854 104 1336.0 1137.0 147.4062513450002 0.0 7.89 0.0002801079175099876 0.007113124115270985 False True 0.0033415102226220157 1.2385151490587119 -0.40064336108314197 -0.007773716809875194 0.0
854 105 1340.0 1141.0 148.82666985700016 0.0 7.74 0.007113124115270985 1.8299086401150286e-06 False True 0.0033415102226220157 1.2385151490587119 -0.40064336108314197 -0.007773716809875194 0.0
854 106 1352.0 1153.0 150.23273930400015 0.0 7.74 0.007113124115270985 0.10090762981777525 False True 0.0033415102226220157 1.2385151490587119 -0.40064336108314197 -0.007773716809875194 0.0
854 107 1364.0 1165.0 151.62832024100013 0.0 7.74 0.007113124115270985 0.029613479592009467 False True 0.0033415102226220157 1.2385151490587119 -0.40064336108314197 -0.007773716809875194 0.0
854 108 1376.0 1177.0 153.03448750300012 0.0 7.74 0.007113124115270985 0.03196554905727767 False True 0.0033415102226220157 1.2385151490587119 -0.40064336108314197 -0.007773716809875194 0.0
854 109 1388.0 1189.0 154.43987069200014 0.0 7.74 0.007113124115270985 0.034405710059745874 False True 0.0033415102226220157 1.2385151490587119 -0.40064336108314197 -0.007773716809875194 0.0
854 110 1400.0 1201.0 155.84741560400013 0.0 7.74 0.007113124115270985 0.036933708651566866 False True 0.0033415102226220157 1.2385151490587119 -0.40064336108314197 -0.007773716809875194 0.0
854 111 1412.0 1213.0 157.25387811900012 0.0 7.74 0.007113124115270985 0.03954928210021708 False True 0.0033415102226220157 1.2385151490587119 -0.40064336108314197 -0.007773716809875194 0.0
854 112 1424.0 1225.0 158.66191303500014 0.0 7.74 0.007113124115270985 0.04225215891476502 False True 0.0033415102226220157 1.2385151490587119 -0.40064336108314197 -0.007773716809875194 0.0
854 113 1436.0 1237.0 160.06912211300013 0.0 7.74 0.007113124115270985 0.045042058873022116 False True 0.0033415102226220157 1.2385151490587119 -0.40064336108314197 -0.007773716809875194 0.0
854 114 1448.0 1249.0 161.4758441800001 0.0 7.91 0.0009243694469582539 0.0002801079175099876 False True 0.0033415102226220157 1.2385151490587119 -0.40064336108314197 -0.007773716809875194 0.0
854 115 1452.0 1253.0 162.87139569300015 0.0 7.91 0.0009243694469582539 0.04791869304956543 False True 0.0033415102226220157 1.2385151490587119 -0.40064336108314197 -0.007773716809875194 0.0
854 116 1464.0 1265.0 164.28997683900016 0.0 7.74 0.007113124115270985 0.05088176384462729 False True 0.0033415102226220157 1.2385151490587119 -0.40064336108314197 -0.007773716809875194 0.0
854 117 1476.0 1277.0 165.6942673920001 0.0 7.68 0.015588568900314147 0.003309348887051449 False True 0.0033415102226220157 1.2385151490587119 -0.40064336108314197 -0.007773716809875194 0.0
854 118 1480.0 1281.0 167.0928307710001 0.0 7.68 0.015588568900314147 0.05393096501385519 False True 0.0033415102226220157 1.2385151490587119 -0.40064336108314197 -0.007773716809875194 0.0
854 119 1492.0 1293.0 168.5002701970001 0.0 7.94 0.0025762037029409377 0.05393096501385519 False True 0.0033415102226220157 1.2385151490587119 -0.40064336108314197 -0.007773716809875194 0.0
854 120 1496.0 1297.0 169.9075628400001 0.0 7.68 0.015588568900314147 0.057065981698941885 False True 0.0033415102226220157 1.2385151490587119 -0.40064336108314197 -0.007773716809875194 0.0
854 121 1508.0 1309.0 171.31453382800012 0.0 7.68 0.015588568900314147 0.1123747630575939 False True 0.0033415102226220157 1.2385151490587119 -0.40064336108314197 -0.007773716809875194 0.0
854 122 1520.0 1321.0 172.72162083500015 0.0 7.68 0.015588568900314147 0.11545738709720525 False True 0.0033415102226220157 1.2385151490587119 -0.40064336108314197 -0.007773716809875194 0.0
854 123 1532.0 1333.0 174.12916483900014 0.0 1.93 0.11545738709720525 0.015588568900314147 False True 0.0033415102226220157 1.2385151490587119 -0.40064336108314197 -0.007773716809875194 0.0
854 124 1536.0 1337.0 175.51682608400014 0.0 7.68 0.015588568900314147 0.11862572516218602 False True 0.0033415102226220157 1.2385151490587119 -0.40064336108314197 -0.007773716809875194 0.0
854 125 1548.0 1349.0 176.93578557200019 0.0 7.68 0.015588568900314147 0.12187945108478314 False True 0.0033415102226220157 1.2385151490587119 -0.40064336108314197 -0.007773716809875194 0.0
854 126 1560.0 1361.0 178.3232781260002 0.0 7.68 0.015588568900314147 0.12521823015759254 False True 0.0033415102226220157 1.2385151490587119 -0.40064336108314197 -0.007773716809875194 0.0
854 127 1572.0 1373.0 179.6909204100002 0.0 7.68 0.015588568900314147 0.10711959184985495 False True 0.0033415102226220157 1.2385151490587119 -0.40064336108314197 -0.007773716809875194 0.0
854 128 1584.0 1385.0 181.08084825300014 0.0 7.68 0.015588568900314147 0.10427018356731027 False True 0.0033415102226220157 1.2385151490587119 -0.40064336108314197 -0.007773716809875194 0.0
854 129 1596.0 1397.0 182.4697872610001 0.0 8.06 0.017364093077241644 0.10427018356731027 False True 0.0033415102226220157 1.2385151490587119 -0.40064336108314197 -0.007773716809875194 0.0
854 130 1600.0 1401.0 183.87362502300013 0.0 7.76 0.005014408691766503 0.10150822217626307 False True 0.0033415102226220157 1.2385151490587119 -0.40064336108314197 -0.007773716809875194 0.0
854 131 1612.0 1413.0 185.27907883400016 0.0 1.28 0.10150822217626307 0.09883397459538146 False True 0.0033415102226220157 1.2385151490587119 -0.40064336108314197 -0.007773716809875194 0.0
854 132 1624.0 1425.0 186.6863162180002 0.0 7.76 0.005014408691766503 0.09624769897109807 False True 0.0033415102226220157 1.2385151490587119 -0.40064336108314197 -0.007773716809875194 0.0
854 133 1636.0 1437.0 188.0945946470002 0.0 7.76 0.005014408691766503 0.09374964465179304 False True 0.0033415102226220157 1.2385151490587119 -0.40064336108314197 -0.007773716809875194 0.0
854 134 1648.0 1449.0 189.50066586400024 0.0 1.31 0.09374964465179304 0.10150822217626307 False True 0.0033415102226220157 1.2385151490587119 -0.40064336108314197 -0.007773716809875194 0.0
854 135 1652.0 1453.0 190.90782131800026 0.0 1.31 0.09374964465179304 0.0009243694469582539 False True 0.0033415102226220157 1.2385151490587119 -0.40064336108314197 -0.007773716809875194 0.0
854 136 1656.0 1457.0 192.31463652100027 0.0 1.31 0.09374964465179304 0.008298976727276317 False True 0.0033415102226220157 1.2385151490587119 -0.40064336108314197 -0.007773716809875194 0.0
854 137 1660.0 1461.0 193.72181522600025 0.0 7.7299999999999995 0.008298976727276317 0.09134005216286342 False True 0.0033415102226220157 1.2385151490587119 -0.40064336108314197 -0.007773716809875194 0.0
854 138 1672.0 1473.0 195.12884785200023 0.0 7.7299999999999995 0.008298976727276317 0.08901915318267092 False True 0.0033415102226220157 1.2385151490587119 -0.40064336108314197 -0.007773716809875194 0.0
854 139 1684.0 1485.0 196.53586818600022 0.0 7.7299999999999995 0.008298976727276317 0.08678717051936972 False True 0.0033415102226220157 1.2385151490587119 -0.40064336108314197 -0.007773716809875194 0.0
854 140 1696.0 1497.0 197.94708842100025 0.0 7.91 0.0009243694469582539 0.08464431808862888 False True 0.0033415102226220157 1.2385151490587119 -0.40064336108314197 -0.007773716809875194 0.0
854 141 1708.0 1509.0 199.3675780060003 0.0 7.76 0.005014408691766503 0.0825908008922427 False True 0.0033415102226220157 1.2385151490587119 -0.40064336108314197 -0.007773716809875194 0.0
854 142 1720.0 1521.0 200.77845702200025 0.0 1.36 0.0825908008922427 0.005014408691766503 False True 0.0033415102226220157 1.2385151490587119 -0.40064336108314197 -0.007773716809875194 0.0
854 143 1724.0 1525.0 202.19892235000023 0.0 7.76 0.005014408691766503 0.08062681499762626 False True 0.0033415102226220157 1.2385151490587119 -0.40064336108314197 -0.007773716809875194 0.0
854 144 1736.0 1537.0 203.62033619800022 0.0 7.76 0.005014408691766503 0.07875254751820847 False True 0.0033415102226220157 1.2385151490587119 -0.40064336108314197 -0.007773716809875194 0.0
854 145 1748.0 1549.0 205.03137369300023 0.0 7.74 0.007113124115270985 0.07696817659472817 False True 0.0033415102226220157 1.2385151490587119 -0.40064336108314197 -0.007773716809875194 0.0
854 146 1760.0 1561.0 206.46998878000025 0.0 1.3900000000000001 0.07696817659472817 0.07527387137740997 False True 0.0033415102226220157 1.2385151490587119 -0.40064336108314197 -0.007773716809875194 0.0
854 147 1772.0 1573.0 207.89451176300028 0.0 1.3900000000000001 0.07696817659472817 0.006055220590372491 False True 0.0033415102226220157 1.2385151490587119 -0.40064336108314197 -0.007773716809875194 0.0
854 148 1776.0 1577.0 209.33342359900033 0.0 7.74 0.007113124115270985 0.07366979200905935 False True 0.0033415102226220157 1.2385151490587119 -0.40064336108314197 -0.007773716809875194 0.0
854 149 1788.0 1589.0 210.77728305300033 0.0 8.06 0.017364093077241644 0.07215608960903912 False True 0.0033415102226220157 1.2385151490587119 -0.40064336108314197 -0.007773716809875194 0.0
854 150 1800.0 1601.0 212.22263408200033 0.0 8.06 0.017364093077241644 0.07073290625816506 False True 0.0033415102226220157 1.2385151490587119 -0.40064336108314197 -0.007773716809875194 0.0
854 151 1812.0 1613.0 213.67763432800032 0.0 8.06 0.017364093077241644 0.06940037498449046 False True 0.0033415102226220157 1.2385151490587119 -0.40064336108314197 -0.007773716809875194 0.0
854 152 1824.0 1625.0 215.12169218700032 0.0 8.06 0.017364093077241644 0.06815861975001285 False True 0.0033415102226220157 1.2385151490587119 -0.40064336108314197 -0.007773716809875194 0.0
854 153 1836.0 1637.0 216.5772091380003 0.0 8.06 0.017364093077241644 0.06700775543826733 False True 0.0033415102226220157 1.2385151490587119 -0.40064336108314197 -0.007773716809875194 0.0
854 154 1848.0 1649.0 218.03556067300028 0.0 1.46 0.06700775543826733 0.017364093077241644 False True 0.0033415102226220157 1.2385151490587119 -0.40064336108314197 -0.007773716809875194 0.0
854 155 1852.0 1653.0 219.49453998800024 0.0 8.06 0.017364093077241644 0.06594788784284694 False True 0.0033415102226220157 1.2385151490587119 -0.40064336108314197 -0.007773716809875194 0.0
854 156 1864.0 1665.0 220.95378417200024 0.0 8.06 0.017364093077241644 0.15602312387687495 False True 0.0033415102226220157 1.2385151490587119 -0.40064336108314197 -0.007773716809875194 0.0
854 157 1876.0 1677.0 222.41324363300023 0.0 8.06 0.017364093077241644 0.16014632928756167 False True 0.0033415102226220157 1.2385151490587119 -0.40064336108314197 -0.007773716809875194 0.0
854 158 1888.0 1689.0 223.8727911880002 0.0 8.06 0.017364093077241644 0.16435154229838317 False True 0.0033415102226220157 1.2385151490587119 -0.40064336108314197 -0.007773716809875194 0.0
854 159 1900.0 1701.0 225.3311496060002 0.0 8.06 0.017364093077241644 0.1946256271380648 False True 0.0033415102226220157 1.2385151490587119 -0.40064336108314197 -0.007773716809875194 0.0
854 160 1912.0 1713.0 226.80136941400016 0.0 8.06 0.017364093077241644 0.18990025445127745 False True 0.0033415102226220157 1.2385151490587119 -0.40064336108314197 -0.007773716809875194 0.0
854 161 1924.0 1725.0 228.2631290640002 0.0 7.74 0.007113124115270985 0.18525297401022364 False True 0.0033415102226220157 1.2385151490587119 -0.40064336108314197 -0.007773716809875194 0.0
854 162 1936.0 1737.0 229.7231009400002 0.0 7.94 0.0025762037029409377 0.06700775543826733 False True 0.0033415102226220157 1.2385151490587119 -0.40064336108314197 -0.007773716809875194 0.0
854 163 1940.0 1741.0 231.19487905600025 0.0 8.06 0.017364093077241644 0.06700775543826733 False True 0.0033415102226220157 1.2385151490587119 -0.40064336108314197 -0.007773716809875194 0.0
854 164 1944.0 1745.0 232.65590360400026 0.0 7.76 0.005014408691766503 0.18068425989248388 False True 0.0033415102226220157 1.2385151490587119 -0.40064336108314197 -0.007773716809875194 0.0
854 165 1956.0 1757.0 234.13054025900024 0.0 7.76 0.005014408691766503 0.09825816729859461 False True 0.0033415102226220157 1.2385151490587119 -0.40064336108314197 -0.007773716809875194 0.0
854 166 1968.0 1769.0 235.59183981700025 0.0 1.28 0.10150822217626307 0.09374964465179304 False True 0.0033415102226220157 1.2385151490587119 -0.40064336108314197 -0.007773716809875194 0.0
854 167 1972.0 1773.0 237.08173544200028 0.0 7.91 0.0009243694469582539 0.09569619471236154 False True 0.0033415102226220157 1.2385151490587119 -0.40064336108314197 -0.007773716809875194 0.0
854 168 1984.0 1785.0 238.48409115900031 0.0 7.91 0.0009243694469582539 0.09322197758425271 False True 0.0033415102226220157 1.2385151490587119 -0.40064336108314197 -0.007773716809875194 0.0
854 169 1996.0 1797.0 239.93564309200033 0.0 7.76 0.005014408691766503 0.09083577266304531 False True 0.0033415102226220157 1.2385151490587119 -0.40064336108314197 -0.007773716809875194 0.0
854 170 2008.0 1809.0 241.39089309000033 0.0 8.06 0.017364093077241644 0.08853782789542843 False True 0.0033415102226220157 1.2385151490587119 -0.40064336108314197 -0.007773716809875194 0.0
854 171 2020.0 1821.0 242.8506343850003 0.0 8.06 0.017364093077241644 0.08632838240122383 False True 0.0033415102226220157 1.2385151490587119 -0.40064336108314197 -0.007773716809875194 0.0
854 172 2032.0 1833.0 244.32335252600026 0.0 8.06 0.017364093077241644 0.08420766644946219 False True 0.0033415102226220157 1.2385151490587119 -0.40064336108314197 -0.007773716809875194 0.0
854 173 2044.0 1845.0 245.78683523900023 0.0 1.81 0.08420766644946219 0.08217590143536214 False True 0.0033415102226220157 1.2385151490587119 -0.40064336108314197 -0.007773716809875194 0.0
854 174 2056.0 1857.0 247.27626941700024 0.0 1.81 0.08420766644946219 0.08023329985819255 False True 0.0033415102226220157 1.2385151490587119 -0.40064336108314197 -0.007773716809875194 0.0
854 175 2068.0 1869.0 248.75140804400027 0.0 1.8 0.08217590143536214 0.08420766644946219 False True 0.0033415102226220157 1.2385151490587119 -0.40064336108314197 -0.007773716809875194 0.0
854 176 2072.0 1873.0 250.2284357160003 0.0 8.06 0.017364093077241644 0.07838006530001801 False True 0.0033415102226220157 1.2385151490587119 -0.40064336108314197 -0.007773716809875194 0.0
854 177 2084.0 1885.0 251.6922485870003 0.0 1.78 0.07838006530001801 0.025174586989569262 False True 0.0033415102226220157 1.2385151490587119 -0.40064336108314197 -0.007773716809875194 0.0
854 178 2088.0 1889.0 253.16275202600033 0.0 8.1 0.025174586989569262 0.013949711173464972 False True 0.0033415102226220157 1.2385151490587119 -0.40064336108314197 -0.007773716809875194 0.0
854 179 2092.0 1893.0 254.60483294600036 0.0 8.06 0.017364093077241644 0.0766163924053438 False True 0.0033415102226220157 1.2385151490587119 -0.40064336108314197 -0.007773716809875194 0.0
854 180 2104.0 1905.0 256.0234512770004 0.0 8.1 0.025174586989569262 0.013949711173464972 False True 0.0033415102226220157 1.2385151490587119 -0.40064336108314197 -0.007773716809875194 0.0
854 181 2108.0 1909.0 257.4437209540004 0.0 8.06 0.017364093077241644 0.07494246686165233 False True 0.0033415102226220157 1.2385151490587119 -0.40064336108314197 -0.007773716809875194 0.0
854 182 2120.0 1921.0 258.8622445070004 0.0 8.06 0.017364093077241644 0.07335846538083324 False True 0.0033415102226220157 1.2385151490587119 -0.40064336108314197 -0.007773716809875194 0.0
854 183 2132.0 1933.0 260.2831504070004 0.0 7.94 0.0025762037029409377 0.07186455568151141 False True 0.0033415102226220157 1.2385151490587119 -0.40064336108314197 -0.007773716809875194 0.0
854 184 2144.0 1945.0 261.70503992700037 0.0 7.94 0.0025762037029409377 0.07046089647227868 False True 0.0033415102226220157 1.2385151490587119 -0.40064336108314197 -0.007773716809875194 0.0
854 185 2156.0 1957.0 263.12840671400033 0.0 7.94 0.0025762037029409377 0.06914763743581998 False True 0.0033415102226220157 1.2385151490587119 -0.40064336108314197 -0.007773716809875194 0.0
854 186 2168.0 1969.0 264.5531807510003 0.0 7.94 0.0025762037029409377 0.06792491921394633 False True 0.0033415102226220157 1.2385151490587119 -0.40064336108314197 -0.007773716809875194 0.0
854 187 2180.0 1981.0 265.9866540240003 0.0 1.71 0.06792491921394633 0.0025762037029409377 False True 0.0033415102226220157 1.2385151490587119 -0.40064336108314197 -0.007773716809875194 0.0
854 188 2184.0 1985.0 267.4112592740003 0.0 7.94 0.0025762037029409377 0.0667928733935324 False True 0.0033415102226220157 1.2385151490587119 -0.40064336108314197 -0.007773716809875194 0.0
854 189 2196.0 1997.0 268.8369521910003 0.0 7.94 0.0025762037029409377 0.06575162249335571 False True 0.0033415102226220157 1.2385151490587119 -0.40064336108314197 -0.007773716809875194 0.0
