915 0 400.0 200.99999999999997 1.1464766250000196 0.0 8.09 0.02702665130263897 0.024688601647703066 False True 0.002271958094884897 4.109634499899152 -0.0010863998657852276 -1.975685022127471 0.0
915 1 412.0 212.99999999999997 2.3844649960000197 0.0 8.09 0.02702665130263897 0.029468904933994268 False True 0.002271958094884897 4.109634499899152 -0.0010863998657852276 -1.975685022127471 0.0
915 2 424.0 224.99999999999997 3.6224745340000197 0.0 8.1 0.029468904933994268 0.03201510669479466 False True 0.002271958094884897 4.109634499899152 -0.0010863998657852276 -1.975685022127471 0.0
915 3 436.0 236.99999999999997 4.862920118000034 0.0 8.1 0.029468904933994268 0.034664990342176724 False True 0.002271958094884897 4.109634499899152 -0.0010863998657852276 -1.975685022127471 0.0
915 4 448.0 248.99999999999997 6.10569714600004 0.0 8.1 0.029468904933994268 0.0374182792640112 False True 0.002271958094884897 4.109634499899152 -0.0010863998657852276 -1.975685022127471 0.0
915 5 460.0 261.0 7.339732147000035 0.0 8.13 0.0374182792640112 0.04027468650656776 False True 0.002271958094884897 4.109634499899152 -0.0010863998657852276 -1.975685022127471 0.0
915 6 472.0 273.0 8.595425776000013 0.0 8.13 0.0374182792640112 0.04323391480320322 False True 0.002271958094884897 4.109634499899152 -0.0010863998657852276 -1.975685022127471 0.0
915 7 484.0 285.0 9.83646325600003 0.0 8.13 0.0374182792640112 0.0006514383871288306 False True 0.002271958094884897 4.109634499899152 -0.0010863998657852276 -1.975685022127471 0.0
915 8 496.0 297.0 11.05931806700005 0.0 8.13 0.0374182792640112 0.00032788913660355414 False True 0.002271958094884897 4.109634499899152 -0.0010863998657852276 -1.975685022127471 0.0
915 9 508.0 309.0 12.310697106000049 0.0 8.13 0.0374182792640112 2.1420571378504736e-06 False True 0.002271958094884897 4.109634499899152 -0.0010863998657852276 -1.975685022127471 0.0
915 10 520.0 321.0 13.550472764000034 0.0 8.13 0.0374182792640112 0.0016196685387697897 False True 0.002271958094884897 4.109634499899152 -0.0010863998657852276 -1.975685022127471 0.0
915 11 532.0 333.0 14.790230925000031 0.0 8.13 0.0374182792640112 0.0010820497419714657 False True 0.002271958094884897 4.109634499899152 -0.0010863998657852276 -1.975685022127471 0.0
915 12 544.0 345.0 16.04576116000004 0.0 8.13 0.0374182792640112 0.003015656306259404 False True 0.002271958094884897 4.109634499899152 -0.0010863998657852276 -1.975685022127471 0.0
915 13 556.0 357.0 17.298289088000047 0.0 8.13 0.0374182792640112 0.002264229413350475 False True 0.002271958094884897 4.109634499899152 -0.0010863998657852276 -1.975685022127471 0.0
915 14 568.0 369.0 18.552393744000028 0.0 7.94 0.003015656306259404 0.0038738624703692705 False True 0.002271958094884897 4.109634499899152 -0.0010863998657852276 -1.975685022127471 0.0
915 15 580.0 381.0 19.807669085000043 0.0 8.13 0.0374182792640112 0.005910212238434679 False True 0.002271958094884897 4.109634499899152 -0.0010863998657852276 -1.975685022127471 0.0
915 16 592.0 393.0 21.05174682400005 0.0 7.91 0.0010820497419714657 0.0048387504795553505 False True 0.002271958094884897 4.109634499899152 -0.0010863998657852276 -1.975685022127471 0.0
915 17 604.0 405.0 22.322180485000047 0.0 7.91 0.0010820497419714657 0.0048387504795553505 False True 0.002271958094884897 4.109634499899152 -0.0010863998657852276 -1.975685022127471 0.0
915 18 608.0 409.0 23.576172438000043 0.0 7.91 0.0010820497419714657 0.008372371343386075 False True 0.002271958094884897 4.109634499899152 -0.0010863998657852276 -1.975685022127471 0.0
915 19 620.0 421.0 24.831219830000038 0.0 7.91 0.0010820497419714657 0.0070881289931781595 False True 0.002271958094884897 4.109634499899152 -0.0010863998657852276 -1.975685022127471 0.0
915 20 632.0 433.0 26.07553290000004 0.0 7.91 0.0010820497419714657 0.011259262074434466 False True 0.002271958094884897 4.109634499899152 -0.0010863998657852276 -1.975685022127471 0.0
915 21 644.0 445.0 27.329985100000044 0.0 7.91 0.0010820497419714657 0.009762799255026057 False True 0.002271958094884897 4.109634499899152 -0.0010863998657852276 -1.975685022127471 0.0
915 22 656.0 457.0 28.58434842400007 0.0 8.0 0.009762799255026057 0.014569636815222524 False True 0.002271958094884897 4.109634499899152 -0.0010863998657852276 -1.975685022127471 0.0
915 23 668.0 469.0 29.84044129700007 0.0 7.94 0.003015656306259404 0.01638319447202245 False True 0.002271958094884897 4.109634499899152 -0.0010863998657852276 -1.975685022127471 0.0
915 24 680.0 481.0 31.093067583000078 0.0 8.13 0.0374182792640112 0.012861598543387842 False True 0.002271958094884897 4.109634499899152 -0.0010863998657852276 -1.975685022127471 0.0
915 25 692.0 493.0 32.34746759200007 0.0 8.13 0.0374182792640112 0.020326085523082387 False True 0.002271958094884897 4.109634499899152 -0.0010863998657852276 -1.975685022127471 0.0
915 26 704.0 505.0 33.60809716300008 0.0 7.91 0.0010820497419714657 0.01830207854285702 False True 0.002271958094884897 4.109634499899152 -0.0010863998657852276 -1.975685022127471 0.0
915 27 716.0 517.0 34.86219549900008 0.0 8.13 0.0374182792640112 0.022455001394689006 False True 0.002271958094884897 4.109634499899152 -0.0010863998657852276 -1.975685022127471 0.0
915 28 728.0 529.0 36.11931526100008 0.0 8.13 0.0374182792640112 0.00010503158520486515 False True 0.002271958094884897 4.109634499899152 -0.0010863998657852276 -1.975685022127471 0.0
915 29 740.0 541.0 37.3738054990001 0.0 7.89 0.00032788913660355414 0.0 False True 0.002271958094884897 4.109634499899152 -0.0010863998657852276 -1.975685022127471 0.0
915 30 752.0 553.0 38.63210597500009 0.0 8.0 0.009762799255026057 0.00031723790546728996 False True 0.002271958094884897 4.109634499899152 -0.0010863998657852276 -1.975685022127471 0.0
915 31 764.0 565.0 52.78444056100008 0.0 8.03 0.014569636815222524 0.0006366093349539266 False True 0.002271958094884897 4.109634499899152 -0.0010863998657852276 -1.975685022127471 0.0
915 32 776.0 577.0 56.26548251500009 0.0 7.91 0.0010820497419714657 0.001063125530255249 False True 0.002271958094884897 4.109634499899152 -0.0010863998657852276 -1.975685022127471 0.0
915 33 788.0 589.0 59.02011211700008 0.0 7.82 0.001063125530255249 0.0015967554324095507 False True 0.002271958094884897 4.109634499899152 -0.0010863998657852276 -1.975685022127471 0.0
915 34 800.0 601.0 61.50099297200006 0.0 8.13 0.0374182792640112 0.0022374572700189096 False True 0.002271958094884897 4.109634499899152 -0.0010863998657852276 -1.975685022127471 0.0
915 35 812.0 613.0 63.80432623900006 0.0 7.91 0.0010820497419714657 0.0038398561299354144 False True 0.002271958094884897 4.109634499899152 -0.0010863998657852276 -1.975685022127471 0.0
915 36 824.0 625.0 65.96908125500005 0.0 8.13 0.0374182792640112 0.0029851785634199945 False True 0.002271958094884897 4.109634499899152 -0.0010863998657852276 -1.975685022127471 0.0
915 37 836.0 637.0 68.05694879400005 0.0 8.13 0.0374182792640112 0.049459594106990856 False True 0.002271958094884897 4.109634499899152 -0.0010863998657852276 -1.975685022127471 0.0
915 38 848.0 649.0 70.03548526500006 0.0 8.13 0.0374182792640112 0.04629565660409508 False True 0.002271958094884897 4.109634499899152 -0.0010863998657852276 -1.975685022127471 0.0
915 39 860.0 661.0 71.91868758500004 0.0 8.13 0.0374182792640112 0.05272539928899038 False True 0.002271958094884897 4.109634499899152 -0.0010863998657852276 -1.975685022127471 0.0
915 40 872.0 673.0 73.72235218900005 0.0 8.13 0.0374182792640112 0.005869773875499435 False True 0.002271958094884897 4.109634499899152 -0.0010863998657852276 -1.975685022127471 0.0
915 41 884.0 685.0 75.48515105500005 0.0 8.14 0.04027468650656776 0.0006366093349539266 False True 0.002271958094884897 4.109634499899152 -0.0010863998657852276 -1.975685022127471 0.0
915 42 888.0 689.0 77.19377909900004 0.0 7.91 0.0010820497419714657 0.00480141609019038 False True 0.002271958094884897 4.109634499899152 -0.0010863998657852276 -1.975685022127471 0.0
915 43 900.0 701.0 78.86224275200004 0.0 8.14 0.04027468650656776 0.003015656306259404 False True 0.002271958094884897 4.109634499899152 -0.0010863998657852276 -1.975685022127471 0.0
915 44 904.0 705.0 80.49383332700003 0.0 8.13 0.0374182792640112 0.008326491251811764 False True 0.002271958094884897 4.109634499899152 -0.0010863998657852276 -1.975685022127471 0.0
915 45 916.0 717.0 82.08889519500002 0.0 7.91 0.0010820497419714657 0.007044834236328028 False True 0.002271958094884897 4.109634499899152 -0.0010863998657852276 -1.975685022127471 0.0
915 46 928.0 729.0 83.647241285 0.0 7.91 0.0010820497419714657 0.00971462834035241 False True 0.002271958094884897 4.109634499899152 -0.0010863998657852276 -1.975685022127471 0.0
915 47 940.0 741.0 85.18387408999999 0.0 7.91 0.0010820497419714657 0.011209118271275397 False True 0.002271958094884897 4.109634499899152 -0.0010863998657852276 -1.975685022127471 0.0
915 48 952.0 753.0 86.70231169099998 0.0 7.91 0.0010820497419714657 0.059561249693293315 False True 0.002271958094884897 4.109634499899152 -0.0010863998657852276 -1.975685022127471 0.0
915 49 964.0 765.0 88.20031539999997 0.0 7.91 0.0010820497419714657 0.0560927339393486 False True 0.002271958094884897 4.109634499899152 -0.0010863998657852276 -1.975685022127471 0.0
915 50 976.0 777.0 89.67887802999996 0.0 7.91 0.0010820497419714657 0.06313058806686155 False True 0.002271958094884897 4.109634499899152 -0.0010863998657852276 -1.975685022127471 0.0
915 51 988.0 789.0 91.13857491899998 0.0 7.91 0.0010820497419714657 0.06680038049275455 False True 0.002271958094884897 4.109634499899152 -0.0010863998657852276 -1.975685022127471 0.0
915 52 1000.0 801.0 92.582638804 0.0 7.91 0.0010820497419714657 0.07057024835718007 False True 0.002271958094884897 4.109634499899152 -0.0010863998657852276 -1.975685022127471 0.0
915 53 1012.0 813.0 94.023531504 0.0 7.91 0.0010820497419714657 0.07443980303772758 False True 0.002271958094884897 4.109634499899152 -0.0010863998657852276 -1.975685022127471 0.0
915 54 1024.0 825.0 95.46513031400002 0.0 8.24 0.07443980303772758 0.07840864594222223 False True 0.002271958094884897 4.109634499899152 -0.0010863998657852276 -1.975685022127471 0.0
915 55 1036.0 837.0 96.88202073000002 0.0 8.24 0.07443980303772758 0.06680038049275455 False True 0.002271958094884897 4.109634499899152 -0.0010863998657852276 -1.975685022127471 0.0
915 56 1040.0 841.0 98.27188022900003 0.0 8.24 0.07443980303772758 0.06680038049275455 False True 0.002271958094884897 4.109634499899152 -0.0010863998657852276 -1.975685022127471 0.0
915 57 1044.0 845.0 99.65767873500002 0.0 8.24 0.07443980303772758 0.06680038049275455 False True 0.002271958094884897 4.109634499899152 -0.0010863998657852276 -1.975685022127471 0.0
915 58 1048.0 849.0 101.02574459900003 0.0 7.91 0.0010820497419714657 0.2278251518575868 False True 0.002271958094884897 4.109634499899152 -0.0010863998657852276 -1.975685022127471 0.0
915 59 1060.0 861.0 102.38715248000003 0.0 7.91 0.0010820497419714657 0.23344743478944938 False True 0.002271958094884897 4.109634499899152 -0.0010863998657852276 -1.975685022127471 0.0
915 60 1072.0 873.0 103.735670736 0.0 8.24 0.07443980303772758 0.008372371343386075 False True 0.002271958094884897 4.109634499899152 -0.0010863998657852276 -1.975685022127471 0.0
915 61 1076.0 877.0 105.075558545 0.0 7.91 0.0010820497419714657 0.2508536022329412 False True 0.002271958094884897 4.109634499899152 -0.0010863998657852276 -1.975685022127471 0.0
915 62 1088.0 889.0 106.40351673100005 0.0 7.91 0.0010820497419714657 0.24496224666568295 False True 0.002271958094884897 4.109634499899152 -0.0010863998657852276 -1.975685022127471 0.0
915 63 1100.0 901.0 107.71606682600006 0.0 7.91 0.0010820497419714657 0.25683346040998795 False True 0.002271958094884897 4.109634499899152 -0.0010863998657852276 -1.975685022127471 0.0
915 64 1112.0 913.0 109.02410605700001 0.0 7.91 0.0010820497419714657 0.21685369782268663 False True 0.002271958094884897 4.109634499899152 -0.0010863998657852276 -1.975685022127471 0.0
915 65 1124.0 925.0 110.31842936899997 0.0 7.91 0.0010820497419714657 0.22229371817240554 False True 0.002271958094884897 4.109634499899152 -0.0010863998657852276 -1.975685022127471 0.0
915 66 1136.0 937.0 111.608241601 0.0 7.91 0.0010820497419714657 0.20625010771750626 False True 0.002271958094884897 4.109634499899152 -0.0010863998657852276 -1.975685022127471 0.0
915 67 1148.0 949.0 112.88342025199998 0.0 8.07 0.022455001394689006 0.014569636815222524 False True 0.002271958094884897 4.109634499899152 -0.0010863998657852276 -1.975685022127471 0.0
915 68 1152.0 953.0 114.15973360199999 0.0 7.91 0.0010820497419714657 0.014516594569582965 False True 0.002271958094884897 4.109634499899152 -0.0010863998657852276 -1.975685022127471 0.0
915 69 1164.0 965.0 115.42724493799997 0.0 8.13 0.0374182792640112 0.012809823177550717 False True 0.002271958094884897 4.109634499899152 -0.0010863998657852276 -1.975685022127471 0.0
915 70 1176.0 977.0 116.69786220999995 0.0 8.24 0.07443980303772758 0.016329273350059056 False True 0.002271958094884897 4.109634499899152 -0.0010863998657852276 -1.975685022127471 0.0
915 71 1188.0 989.0 117.96981307799993 0.0 8.24 0.07443980303772758 0.01824768982985556 False True 0.002271958094884897 4.109634499899152 -0.0010863998657852276 -1.975685022127471 0.0
915 72 1200.0 1001.0 119.24255550599989 0.0 7.68 0.01824768982985556 0.02027166374501132 False True 0.002271958094884897 4.109634499899152 -0.0010863998657852276 -1.975685022127471 0.0
915 73 1212.0 1013.0 120.51211268299986 0.0 7.68 0.01824768982985556 0.02240100427475113 False True 0.002271958094884897 4.109634499899152 -0.0010863998657852276 -1.975685022127471 0.0
915 74 1224.0 1025.0 121.78280678999985 0.0 7.67 0.02027166374501132 0.02463551006056806 False True 0.002271958094884897 4.109634499899152 -0.0010863998657852276 -1.975685022127471 0.0
915 75 1236.0 1037.0 123.05443326099984 0.0 7.67 0.02027166374501132 0.0269749692263625 False True 0.002271958094884897 4.109634499899152 -0.0010863998657852276 -1.975685022127471 0.0
915 76 1248.0 1049.0 124.32388166399986 0.0 7.67 0.02027166374501132 0.02941915939962368 False True 0.002271958094884897 4.109634499899152 -0.0010863998657852276 -1.975685022127471 0.0
915 77 1260.0 1061.0 125.58377017399985 0.0 7.64 0.0269749692263625 0.03462079093094523 False True 0.002271958094884897 4.109634499899152 -0.0010863998657852276 -1.975685022127471 0.0
915 78 1272.0 1073.0 126.84933353199986 0.0 7.64 0.0269749692263625 0.03196784773367367 False True 0.002271958094884897 4.109634499899152 -0.0010863998657852276 -1.975685022127471 0.0
915 79 1284.0 1085.0 128.10620893899986 0.0 7.64 0.0269749692263625 0.04023841661748302 False True 0.002271958094884897 4.109634499899152 -0.0010863998657852276 -1.975685022127471 0.0
915 80 1296.0 1097.0 129.36360158599987 0.0 7.67 0.02027166374501132 0.03737773526731644 False True 0.002271958094884897 4.109634499899152 -0.0010863998657852276 -1.975685022127471 0.0
915 81 1308.0 1109.0 130.63025146699985 0.0 7.67 0.02027166374501132 0.04320256048136644 False True 0.002271958094884897 4.109634499899152 -0.0010863998657852276 -1.975685022127471 0.0
915 82 1320.0 1121.0 131.89109200399983 0.0 7.67 0.02027166374501132 0.04944008604185014 False True 0.002271958094884897 4.109634499899152 -0.0010863998657852276 -1.975685022127471 0.0
915 83 1332.0 1133.0 133.14931872599985 0.0 7.67 0.02027166374501132 0.04626988201156736 False True 0.002271958094884897 4.109634499899152 -0.0010863998657852276 -1.975685022127471 0.0
915 84 1344.0 1145.0 134.41853798299988 0.0 7.67 0.02027166374501132 0.3674126597205351 False True 0.002271958094884897 4.109634499899152 -0.0010863998657852276 -1.975685022127471 0.0
915 85 1356.0 1157.0 135.68844485299988 0.0 7.67 0.02027166374501132 0.3514562970871144 False True 0.002271958094884897 4.109634499899152 -0.0010863998657852276 -1.975685022127471 0.0
915 86 1368.0 1169.0 136.9484592779999 0.0 7.67 0.02027166374501132 0.35939935634670345 False True 0.002271958094884897 4.109634499899152 -0.0010863998657852276 -1.975685022127471 0.0
915 87 1380.0 1181.0 138.21829286199986 0.0 7.67 0.02027166374501132 0.3357841277808416 False True 0.002271958094884897 4.109634499899152 -0.0010863998657852276 -1.975685022127471 0.0
915 88 1392.0 1193.0 139.48601473199986 0.0 7.64 0.0269749692263625 0.37549539418901084 False True 0.002271958094884897 4.109634499899152 -0.0010863998657852276 -1.975685022127471 0.0
915 89 1404.0 1205.0 140.7550760319999 0.0 7.64 0.0269749692263625 0.4001519502956874 False True 0.002271958094884897 4.109634499899152 -0.0010863998657852276 -1.975685022127471 0.0
915 90 1416.0 1217.0 142.0139559959999 0.0 7.64 0.0269749692263625 0.3918658696924029 False True 0.002271958094884897 4.109634499899152 -0.0010863998657852276 -1.975685022127471 0.0
915 91 1428.0 1229.0 143.28175951499995 0.0 7.68 0.01824768982985556 0.0048387504795553505 False True 0.002271958094884897 4.109634499899152 -0.0010863998657852276 -1.975685022127471 0.0
915 92 1432.0 1233.0 144.55034066599993 0.0 8.13 0.0374182792640112 0.4169215957806015 False True 0.002271958094884897 4.109634499899152 -0.0010863998657852276 -1.975685022127471 0.0
915 93 1444.0 1245.0 145.81136937199992 0.0 8.13 0.0374182792640112 0.21150564575485906 False True 0.002271958094884897 4.109634499899152 -0.0010863998657852276 -1.975685022127471 0.0
915 94 1456.0 1257.0 147.09469496099993 0.0 8.13 0.0374182792640112 0.08664255244568732 False True 0.002271958094884897 4.109634499899152 -0.0010863998657852276 -1.975685022127471 0.0
915 95 1468.0 1269.0 148.35130282299994 0.0 8.27 0.08664255244568732 0.09090676937518488 False True 0.002271958094884897 4.109634499899152 -0.0010863998657852276 -1.975685022127471 0.0
915 96 1480.0 1281.0 149.62156369399995 0.0 8.28 0.09090676937518488 0.09526858127435181 False True 0.002271958094884897 4.109634499899152 -0.0010863998657852276 -1.975685022127471 0.0
915 97 1492.0 1293.0 150.89134180999994 0.0 8.28 0.09090676937518488 0.08247636854858584 False True 0.002271958094884897 4.109634499899152 -0.0010863998657852276 -1.975685022127471 0.0
915 98 1504.0 1305.0 152.15171014099994 0.0 8.28 0.09090676937518488 0.1042831889726615 False True 0.002271958094884897 4.109634499899152 -0.0010863998657852276 -1.975685022127471 0.0
915 99 1516.0 1317.0 153.42346647399998 0.0 8.28 0.09090676937518488 0.09972754031987893 False True 0.002271958094884897 4.109634499899152 -0.0010863998657852276 -1.975685022127471 0.0
915 100 1528.0 1329.0 154.692958522 0.0 8.28 0.09090676937518488 0.11368267664006088 False True 0.002271958094884897 4.109634499899152 -0.0010863998657852276 -1.975685022127471 0.0
915 101 1540.0 1341.0 155.96429487100002 0.0 8.28 0.09090676937518488 0.10893506002354675 False True 0.002271958094884897 4.109634499899152 -0.0010863998657852276 -1.975685022127471 0.0
915 102 1552.0 1353.0 157.22507887000003 0.0 8.28 0.09090676937518488 0.12346319141050084 False True 0.002271958094884897 4.109634499899152 -0.0010863998657852276 -1.975685022127471 0.0
915 103 1564.0 1365.0 158.49521189300006 0.0 8.28 0.09090676937518488 0.2690562400577284 False True 0.002271958094884897 4.109634499899152 -0.0010863998657852276 -1.975685022127471 0.0
915 104 1576.0 1377.0 159.76632648100005 0.0 8.28 0.09090676937518488 0.2816256090050634 False True 0.002271958094884897 4.109634499899152 -0.0010863998657852276 -1.975685022127471 0.0
915 105 1588.0 1389.0 161.02574119400006 0.0 8.27 0.08664255244568732 0.01824768982985556 False True 0.002271958094884897 4.109634499899152 -0.0010863998657852276 -1.975685022127471 0.0
915 106 1592.0 1393.0 162.29871645800003 0.0 8.27 0.08664255244568732 0.01830207854285702 False True 0.002271958094884897 4.109634499899152 -0.0010863998657852276 -1.975685022127471 0.0
915 107 1596.0 1397.0 163.57352235700003 0.0 8.13 0.0374182792640112 0.2945364519995174 False True 0.002271958094884897 4.109634499899152 -0.0010863998657852276 -1.975685022127471 0.0
915 108 1608.0 1409.0 164.840003289 0.0 8.13 0.0374182792640112 0.3077835171860187 False True 0.002271958094884897 4.109634499899152 -0.0010863998657852276 -1.975685022127471 0.0
915 109 1620.0 1421.0 166.10903582199998 0.0 8.13 0.0374182792640112 0.19601871041280314 False True 0.002271958094884897 4.109634499899152 -0.0010863998657852276 -1.975685022127471 0.0
915 110 1632.0 1433.0 167.38078627899998 0.0 8.13 0.0374182792640112 0.18616368588966942 False True 0.002271958094884897 4.109634499899152 -0.0010863998657852276 -1.975685022127471 0.0
915 111 1644.0 1445.0 168.64155436499996 0.0 8.13 0.0374182792640112 0.19104389616685216 False True 0.002271958094884897 4.109634499899152 -0.0010863998657852276 -1.975685022127471 0.0
915 112 1656.0 1457.0 169.91298202699997 0.0 8.13 0.0374182792640112 0.20108762020679058 False True 0.002271958094884897 4.109634499899152 -0.0010863998657852276 -1.975685022127471 0.0
915 113 1668.0 1469.0 171.18335008399995 0.0 8.13 0.0374182792640112 0.17668906356758654 False True 0.002271958094884897 4.109634499899152 -0.0010863998657852276 -1.975685022127471 0.0
915 114 1680.0 1481.0 172.4443875599999 0.0 8.13 0.0374182792640112 0.16759872069272347 False True 0.002271958094884897 4.109634499899152 -0.0010863998657852276 -1.975685022127471 0.0
915 115 1692.0 1493.0 173.71369589999992 0.0 8.28 0.09090676937518488 0.17209562085846095 False True 0.002271958094884897 4.109634499899152 -0.0010863998657852276 -1.975685022127471 0.0
915 116 1704.0 1505.0 174.98416819299993 0.0 8.24 0.07443980303772758 0.18137857854057593 False True 0.002271958094884897 4.109634499899152 -0.0010863998657852276 -1.975685022127471 0.0
915 117 1716.0 1517.0 176.24369966399993 0.0 8.24 0.07443980303772758 0.15889638078709017 False True 0.002271958094884897 4.109634499899152 -0.0010863998657852276 -1.975685022127471 0.0
915 118 1728.0 1529.0 177.51242923599992 0.0 8.24 0.07443980303772758 0.1546918331466231 False True 0.002271958094884897 4.109634499899152 -0.0010863998657852276 -1.975685022127471 0.0
915 119 1740.0 1541.0 178.78299837699993 0.0 8.24 0.07443980303772758 0.16319882369462396 False True 0.002271958094884897 4.109634499899152 -0.0010863998657852276 -1.975685022127471 0.0
915 120 1752.0 1553.0 180.04928347599989 0.0 7.89 0.00032788913660355414 0.15058561215918403 False True 0.002271958094884897 4.109634499899152 -0.0010863998657852276 -1.975685022127471 0.0
915 121 1764.0 1565.0 181.30777119799993 0.0 7.89 0.00032788913660355414 0.14266982647671758 False True 0.002271958094884897 4.109634499899152 -0.0010863998657852276 -1.975685022127471 0.0
915 122 1776.0 1577.0 182.5745423089999 0.0 7.89 0.00032788913660355414 0.01638319447202245 False True 0.002271958094884897 4.109634499899152 -0.0010863998657852276 -1.975685022127471 0.0
915 123 1780.0 1581.0 183.81780868199988 0.0 8.13 0.0374182792640112 0.14657813937706413 False True 0.002271958094884897 4.109634499899152 -0.0010863998657852276 -1.975685022127471 0.0
915 124 1792.0 1593.0 195.9422523979999 0.0 7.91 0.0010820497419714657 0.26290121226049207 False True 0.002271958094884897 4.109634499899152 -0.0010863998657852276 -1.975685022127471 0.0
915 125 1804.0 1605.0 200.73833177899994 0.0 7.91 0.0010820497419714657 0.2752979173463569 False True 0.002271958094884897 4.109634499899152 -0.0010863998657852276 -1.975685022127471 0.0
915 126 1816.0 1617.0 203.7882731529999 0.0 8.27 0.08664255244568732 0.01638319447202245 False True 0.002271958094884897 4.109634499899152 -0.0010863998657852276 -1.975685022127471 0.0
915 127 1820.0 1621.0 206.40198726899987 0.0 7.91 0.0010820497419714657 0.5171557969272195 False True 0.002271958094884897 4.109634499899152 -0.0010863998657852276 -1.975685022127471 0.0
915 128 1832.0 1633.0 208.73963059999986 0.0 7.91 0.0010820497419714657 0.4807608062360662 False True 0.002271958094884897 4.109634499899152 -0.0010863998657852276 -1.975685022127471 0.0
915 129 1844.0 1645.0 210.90631227399982 0.0 7.64 0.0269749692263625 0.05608790952165921 False True 0.002271958094884897 4.109634499899152 -0.0010863998657852276 -1.975685022127471 0.0
915 130 1856.0 1657.0 212.96952664399979 0.0 7.64 0.0269749692263625 0.05956488731531692 False True 0.002271958094884897 4.109634499899152 -0.0010863998657852276 -1.975685022127471 0.0
915 131 1868.0 1669.0 214.92829266999982 0.0 7.64 0.0269749692263625 0.0527128671166583 False True 0.002271958094884897 4.109634499899152 -0.0010863998657852276 -1.975685022127471 0.0
915 132 1880.0 1681.0 216.81013106699984 0.0 7.64 0.0269749692263625 0.06682329436302717 False True 0.002271958094884897 4.109634499899152 -0.0010863998657852276 -1.975685022127471 0.0
915 133 1892.0 1693.0 218.62269020999983 0.0 8.28 0.09090676937518488 0.07060402089642703 False True 0.002271958094884897 4.109634499899152 -0.0010863998657852276 -1.975685022127471 0.0
915 134 1904.0 1705.0 220.38213435799983 0.0 8.27 0.08664255244568732 0.06314346436148653 False True 0.002271958094884897 4.109634499899152 -0.0010863998657852276 -1.975685022127471 0.0
915 135 1916.0 1717.0 222.0874550959998 0.0 8.27 0.08664255244568732 0.07846668744780516 False True 0.002271958094884897 4.109634499899152 -0.0010863998657852276 -1.975685022127471 0.0
915 136 1928.0 1729.0 223.7526660299998 0.0 8.27 0.08664255244568732 0.07448527744745562 False True 0.002271958094884897 4.109634499899152 -0.0010863998657852276 -1.975685022127471 0.0
915 137 1940.0 1741.0 225.3738375419998 0.0 8.27 0.08664255244568732 0.08672841147981138 False True 0.002271958094884897 4.109634499899152 -0.0010863998657852276 -1.975685022127471 0.0
915 138 1952.0 1753.0 226.92942684999977 0.0 8.27 0.08664255244568732 0.08254786431275159 False True 0.002271958094884897 4.109634499899152 -0.0010863998657852276 -1.975685022127471 0.0
915 139 1964.0 1765.0 228.4653668139998 0.0 8.27 0.08664255244568732 0.09538598082048373 False True 0.002271958094884897 4.109634499899152 -0.0010863998657852276 -1.975685022127471 0.0
915 140 1976.0 1777.0 229.9769985399998 0.0 8.24 0.07443980303772758 0.09100792244840182 False True 0.002271958094884897 4.109634499899152 -0.0010863998657852276 -1.975685022127471 0.0
915 141 1988.0 1789.0 231.45779519099986 0.0 8.24 0.07443980303772758 0.10443602494653302 False True 0.002271958094884897 4.109634499899152 -0.0010863998657852276 -1.975685022127471 0.0
915 142 2000.0 1801.0 232.91917609199984 0.0 8.24 0.07443980303772758 0.09986216034220577 False True 0.002271958094884897 4.109634499899152 -0.0010863998657852276 -1.975685022127471 0.0
915 143 2012.0 1813.0 234.36377838799982 0.0 8.24 0.07443980303772758 0.11387501633151446 False True 0.002271958094884897 4.109634499899152 -0.0010863998657852276 -1.975685022127471 0.0
915 144 2024.0 1825.0 235.8013111289998 0.0 7.4 0.11387501633151446 0.11873922230949113 False True 0.002271958094884897 4.109634499899152 -0.0010863998657852276 -1.975685022127471 0.0
915 145 2036.0 1837.0 237.22088044599982 0.0 8.24 0.07443980303772758 0.1091071287968411 False True 0.002271958094884897 4.109634499899152 -0.0010863998657852276 -1.975685022127471 0.0
915 146 2048.0 1849.0 238.62384166499984 0.0 8.24 0.07443980303772758 0.12369927185679373 False True 0.002271958094884897 4.109634499899152 -0.0010863998657852276 -1.975685022127471 0.0
915 147 2060.0 1861.0 240.00876550099983 0.0 8.24 0.07443980303772758 0.1339049542847438 False True 0.002271958094884897 4.109634499899152 -0.0010863998657852276 -1.975685022127471 0.0
915 148 2072.0 1873.0 241.38611617999985 0.0 8.24 0.07443980303772758 0.14448807379360706 False True 0.002271958094884897 4.109634499899152 -0.0010863998657852276 -1.975685022127471 0.0
915 149 2084.0 1885.0 242.74626498299986 0.0 8.24 0.07443980303772758 0.13914958968501606 False True 0.002271958094884897 4.109634499899152 -0.0010863998657852276 -1.975685022127471 0.0
915 150 2096.0 1897.0 244.11042130999985 0.0 8.24 0.07443980303772758 0.1554444895733534 False True 0.002271958094884897 4.109634499899152 -0.0010863998657852276 -1.975685022127471 0.0
915 151 2108.0 1909.0 245.43886871699985 0.0 8.24 0.07443980303772758 0.149919884303345 False True 0.002271958094884897 4.109634499899152 -0.0010863998657852276 -1.975685022127471 0.0
915 152 2120.0 1921.0 246.7634440449999 0.0 8.24 0.07443980303772758 0.1287546805140086 False True 0.002271958094884897 4.109634499899152 -0.0010863998657852276 -1.975685022127471 0.0
915 153 2132.0 1933.0 248.07274893499985 0.0 8.24 0.07443980303772758 0.16676991148197082 False True 0.002271958094884897 4.109634499899152 -0.0010863998657852276 -1.975685022127471 0.0
915 154 2144.0 1945.0 249.37809391199985 0.0 8.24 0.07443980303772758 0.17845990176146279 False True 0.002271958094884897 4.109634499899152 -0.0010863998657852276 -1.975685022127471 0.0
915 155 2156.0 1957.0 250.66813164599986 0.0 8.24 0.07443980303772758 0.17256961865334594 False True 0.002271958094884897 4.109634499899152 -0.0010863998657852276 -1.975685022127471 0.0
915 156 2168.0 1969.0 251.94425709099986 0.0 8.24 0.07443980303772758 0.1844401833127944 False True 0.002271958094884897 4.109634499899152 -0.0010863998657852276 -1.975685022127471 0.0
915 157 2180.0 1981.0 253.21714136799986 0.0 7.27 0.1844401833127944 0.19050987681289208 False True 0.002271958094884897 4.109634499899152 -0.0010863998657852276 -1.975685022127471 0.0
915 158 2192.0 1993.0 254.48562833499986 0.0 7.27 0.1844401833127944 0.20291510902976634 False True 0.002271958094884897 4.109634499899152 -0.0010863998657852276 -1.975685022127471 0.0
