517 0 400.0 200.99999999999994 1.2506530489999932 0.0 1.71 0.09674371045542578 0.09848519648138529 False True 0.009005896082046702 6.273628958560695 -0.05333728419601722 -3.070520731099755 0.0
517 1 412.0 212.99999999999994 2.5901237189999904 0.0 1.72 0.09848519648138529 0.09513136679216068 False True 0.009005896082046702 6.273628958560695 -0.05333728419601722 -3.070520731099755 0.0
517 2 424.0 224.99999999999994 3.9512378430000012 0.0 1.72 0.09848519648138529 0.10035563745424768 False True 0.009005896082046702 6.273628958560695 -0.05333728419601722 -3.070520731099755 0.0
517 3 436.0 236.99999999999994 5.306363595999983 0.0 1.72 0.09848519648138529 0.09229479162214883 False True 0.009005896082046702 6.273628958560695 -0.05333728419601722 -3.070520731099755 0.0
517 4 448.0 248.99999999999994 6.673087205999991 0.0 1.72 0.09848519648138529 0.09364833999192472 False True 0.009005896082046702 6.273628958560695 -0.05333728419601722 -3.070520731099755 0.0
517 5 460.0 260.99999999999994 8.05558972899999 0.0 1.72 0.09848519648138529 0.08997671168352339 False True 0.009005896082046702 6.273628958560695 -0.05333728419601722 -3.070520731099755 0.0
517 6 472.0 272.99999999999994 9.442318810999978 0.0 1.72 0.09848519648138529 0.09107087030120006 False True 0.009005896082046702 6.273628958560695 -0.05333728419601722 -3.070520731099755 0.0
517 7 484.0 284.99999999999994 10.846993949999984 0.0 1.72 0.09848519648138529 0.08901243844607644 False True 0.009005896082046702 6.273628958560695 -0.05333728419601722 -3.070520731099755 0.0
517 8 496.0 296.99999999999994 12.25185768099999 0.0 1.72 0.09848519648138529 0.08817816027605899 False True 0.009005896082046702 6.273628958560695 -0.05333728419601722 -3.070520731099755 0.0
517 9 508.0 308.99999999999994 13.671076688999989 0.0 1.72 0.09848519648138529 0.08689996287382379 False True 0.009005896082046702 6.273628958560695 -0.05333728419601722 -3.070520731099755 0.0
517 10 520.0 320.99999999999994 15.090244154999993 0.0 1.62 0.08689996287382379 0.09848519648138529 False True 0.009005896082046702 6.273628958560695 -0.05333728419601722 -3.070520731099755 0.0
517 11 524.0 324.99999999999994 16.52923880899999 0.0 1.62 0.08689996287382379 0.08747397385994699 False True 0.009005896082046702 6.273628958560695 -0.05333728419601722 -3.070520731099755 0.0
517 12 536.0 336.99999999999994 17.95957752199999 0.0 1.62 0.08689996287382379 0.08645619797501229 False True 0.009005896082046702 6.273628958560695 -0.05333728419601722 -3.070520731099755 0.0
517 13 548.0 348.99999999999994 19.380218999999983 0.0 1.62 0.08689996287382379 0.08614273679501012 False True 0.009005896082046702 6.273628958560695 -0.05333728419601722 -3.070520731099755 0.0
517 14 560.0 360.99999999999994 20.812990652999986 0.0 1.6 0.08614273679501012 0.08595962393372693 False True 0.009005896082046702 6.273628958560695 -0.05333728419601722 -3.070520731099755 0.0
517 15 572.0 372.99999999999994 22.235862722999997 0.0 1.6 0.08614273679501012 0.08598455638354738 False True 0.009005896082046702 6.273628958560695 -0.05333728419601722 -3.070520731099755 0.0
517 16 584.0 384.99999999999994 23.657626039000007 0.0 1.6 0.08614273679501012 0.08619262570290458 False True 0.009005896082046702 6.273628958560695 -0.05333728419601722 -3.070520731099755 0.0
517 17 596.0 396.99999999999994 25.08986254300001 0.0 1.6 0.08614273679501012 0.08590689095502008 False True 0.009005896082046702 6.273628958560695 -0.05333728419601722 -3.070520731099755 0.0
517 18 608.0 408.99999999999994 26.525236360000008 0.0 1.57 0.08598455638354738 0.08614273679501012 False True 0.009005896082046702 6.273628958560695 -0.05333728419601722 -3.070520731099755 0.0
517 19 612.0 412.99999999999994 27.971050149999996 0.0 1.6 0.08614273679501012 0.08653109135508545 False True 0.009005896082046702 6.273628958560695 -0.05333728419601722 -3.070520731099755 0.0
517 20 624.0 424.99999999999994 29.417436692999985 0.0 1.6 0.08614273679501012 0.08699993274123248 False True 0.009005896082046702 6.273628958560695 -0.05333728419601722 -3.070520731099755 0.0
517 21 636.0 436.99999999999994 30.841342881999992 0.0 1.6 0.08614273679501012 0.08759911622369984 False True 0.009005896082046702 6.273628958560695 -0.05333728419601722 -3.070520731099755 0.0
517 22 648.0 448.99999999999994 32.27713953899999 0.0 1.6 0.08614273679501012 0.08598455638354738 False True 0.009005896082046702 6.273628958560695 -0.05333728419601722 -3.070520731099755 0.0
517 23 652.0 452.99999999999994 33.700768065999995 0.0 1.6 0.08614273679501012 0.08653109135508545 False True 0.009005896082046702 6.273628958560695 -0.05333728419601722 -3.070520731099755 0.0
517 24 656.0 456.99999999999994 35.136766631 0.0 1.6 0.08614273679501012 0.08689996287382379 False True 0.009005896082046702 6.273628958560695 -0.05333728419601722 -3.070520731099755 0.0
517 25 660.0 460.99999999999994 36.570564804000014 0.0 1.6 0.08614273679501012 0.08689996287382379 False True 0.009005896082046702 6.273628958560695 -0.05333728419601722 -3.070520731099755 0.0
517 26 664.0 464.99999999999994 37.99643567200002 0.0 1.62 0.08689996287382379 0.08699993274123248 False True 0.009005896082046702 6.273628958560695 -0.05333728419601722 -3.070520731099755 0.0
517 27 668.0 468.99999999999994 39.431859022000026 0.0 1.54 0.08699993274123248 0.08689996287382379 False True 0.009005896082046702 6.273628958560695 -0.05333728419601722 -3.070520731099755 0.0
517 28 672.0 472.99999999999994 40.884580983000035 0.0 1.54 0.08699993274123248 0.08689996287382379 False True 0.009005896082046702 6.273628958560695 -0.05333728419601722 -3.070520731099755 0.0
517 29 676.0 476.99999999999994 42.315510491000026 0.0 1.54 0.08699993274123248 0.08689996287382379 False True 0.009005896082046702 6.273628958560695 -0.05333728419601722 -3.070520731099755 0.0
517 30 680.0 480.99999999999994 43.75347479800001 0.0 1.54 0.08699993274123248 0.08918830975455239 False True 0.009005896082046702 6.273628958560695 -0.05333728419601722 -3.070520731099755 0.0
517 31 692.0 492.99999999999994 45.17946535300001 0.0 1.51 0.08918830975455239 0.08699993274123248 False True 0.009005896082046702 6.273628958560695 -0.05333728419601722 -3.070520731099755 0.0
517 32 696.0 496.99999999999994 46.61293290200001 0.0 1.54 0.08699993274123248 0.09017818737048776 False True 0.009005896082046702 6.273628958560695 -0.05333728419601722 -3.070520731099755 0.0
517 33 708.0 508.99999999999994 48.04928506799999 0.0 1.5 0.09017818737048776 0.09129814223109185 False True 0.009005896082046702 6.273628958560695 -0.05333728419601722 -3.070520731099755 0.0
517 34 720.0 521.0 49.48608794399999 0.0 1.5 0.09017818737048776 0.08832859512941728 False True 0.009005896082046702 6.273628958560695 -0.05333728419601722 -3.070520731099755 0.0
517 35 732.0 533.0 50.921086514999985 0.0 1.5 0.09017818737048776 0.08699993274123248 False True 0.009005896082046702 6.273628958560695 -0.05333728419601722 -3.070520731099755 0.0
517 36 736.0 537.0 52.35733710299999 0.0 1.5 0.09017818737048776 0.08918830975455239 False True 0.009005896082046702 6.273628958560695 -0.05333728419601722 -3.070520731099755 0.0
517 37 740.0 541.0 53.79335260399998 0.0 1.5 0.09017818737048776 0.08918830975455239 False True 0.009005896082046702 6.273628958560695 -0.05333728419601722 -3.070520731099755 0.0
517 38 744.0 545.0 55.220224738999974 0.0 1.5 0.09017818737048776 0.08699993274123248 False True 0.009005896082046702 6.273628958560695 -0.05333728419601722 -3.070520731099755 0.0
517 39 748.0 549.0 56.655565173999975 0.0 1.5 0.09017818737048776 0.08918830975455239 False True 0.009005896082046702 6.273628958560695 -0.05333728419601722 -3.070520731099755 0.0
517 40 752.0 553.0 58.08818746799997 0.0 1.5 0.09017818737048776 0.08918830975455239 False True 0.009005896082046702 6.273628958560695 -0.05333728419601722 -3.070520731099755 0.0
517 41 756.0 557.0 59.54324862299998 0.0 1.5 0.09017818737048776 0.08590689095502008 False True 0.009005896082046702 6.273628958560695 -0.05333728419601722 -3.070520731099755 0.0
517 42 760.0 561.0 60.97921799699998 0.0 1.5 0.09017818737048776 0.08614273679501012 False True 0.009005896082046702 6.273628958560695 -0.05333728419601722 -3.070520731099755 0.0
517 43 764.0 565.0 62.414042301999984 0.0 1.5 0.09017818737048776 0.08619262570290458 False True 0.009005896082046702 6.273628958560695 -0.05333728419601722 -3.070520731099755 0.0
517 44 768.0 569.0 63.835234396999994 0.0 1.5 0.09017818737048776 0.10673862256711264 False True 0.009005896082046702 6.273628958560695 -0.05333728419601722 -3.070520731099755 0.0
517 45 780.0 581.0 65.267551462 0.0 1.76 0.10673862256711264 0.10912275154358964 False True 0.009005896082046702 6.273628958560695 -0.05333728419601722 -3.070520731099755 0.0
517 46 792.0 593.0 66.7008879 0.0 1.76 0.10673862256711264 0.10448257011398192 False True 0.009005896082046702 6.273628958560695 -0.05333728419601722 -3.070520731099755 0.0
517 47 804.0 605.0 68.14065546200001 0.0 1.76 0.10673862256711264 0.11163470535722643 False True 0.009005896082046702 6.273628958560695 -0.05333728419601722 -3.070520731099755 0.0
517 48 816.0 617.0 84.353331588 0.0 1.5 0.09017818737048776 0.11427421953813127 False True 0.009005896082046702 6.273628958560695 -0.05333728419601722 -3.070520731099755 0.0
517 49 828.0 629.0 88.36798349700001 0.0 1.76 0.10673862256711264 0.10912275154358964 False True 0.009005896082046702 6.273628958560695 -0.05333728419601722 -3.070520731099755 0.0
517 50 832.0 633.0 91.52882344799997 0.0 1.76 0.10673862256711264 0.11993480736361611 False True 0.009005896082046702 6.273628958560695 -0.05333728419601722 -3.070520731099755 0.0
517 51 844.0 645.0 94.33743372899994 0.0 1.76 0.10673862256711264 0.1170410168591557 False True 0.009005896082046702 6.273628958560695 -0.05333728419601722 -3.070520731099755 0.0
517 52 856.0 657.0 96.93766161599996 0.0 1.76 0.10673862256711264 0.10912275154358964 False True 0.009005896082046702 6.273628958560695 -0.05333728419601722 -3.070520731099755 0.0
517 53 860.0 661.0 99.39726606499994 0.0 1.76 0.10673862256711264 0.12295528839428484 False True 0.009005896082046702 6.273628958560695 -0.05333728419601722 -3.070520731099755 0.0
517 54 872.0 673.0 101.70887537899989 0.0 1.82 0.12295528839428484 0.1261021446236624 False True 0.009005896082046702 6.273628958560695 -0.05333728419601722 -3.070520731099755 0.0
517 55 884.0 685.0 103.94394843899988 0.0 1.82 0.12295528839428484 0.13277365820762627 False True 0.009005896082046702 6.273628958560695 -0.05333728419601722 -3.070520731099755 0.0
517 56 896.0 697.0 106.11629860999989 0.0 1.82 0.12295528839428484 0.12937504808550773 False True 0.009005896082046702 6.273628958560695 -0.05333728419601722 -3.070520731099755 0.0
517 57 908.0 709.0 108.19505585699989 0.0 1.84 0.12937504808550773 0.136297621845944 False True 0.009005896082046702 6.273628958560695 -0.05333728419601722 -3.070520731099755 0.0
517 58 920.0 721.0 110.13662401399989 0.0 1.84 0.12937504808550773 0.1476179145892908 False True 0.009005896082046702 6.273628958560695 -0.05333728419601722 -3.070520731099755 0.0
517 59 932.0 733.0 112.00053753599991 0.0 1.84 0.12937504808550773 0.1437201344485334 False True 0.009005896082046702 6.273628958560695 -0.05333728419601722 -3.070520731099755 0.0
517 60 944.0 745.0 113.80158204999992 0.0 1.84 0.12937504808550773 0.15578450726012624 False True 0.009005896082046702 6.273628958560695 -0.05333728419601722 -3.070520731099755 0.0
517 61 956.0 757.0 115.5732130689999 0.0 1.84 0.12937504808550773 0.15163951067608902 False True 0.009005896082046702 6.273628958560695 -0.05333728419601722 -3.070520731099755 0.0
517 62 968.0 769.0 117.3204379689999 0.0 1.84 0.12937504808550773 0.16444297846111622 False True 0.009005896082046702 6.273628958560695 -0.05333728419601722 -3.070520731099755 0.0
517 63 980.0 781.0 118.98789167799987 0.0 1.84 0.12937504808550773 0.1600524765513272 False True 0.009005896082046702 6.273628958560695 -0.05333728419601722 -3.070520731099755 0.0
517 64 992.0 793.0 120.55450365499985 0.0 1.5 0.09017818737048776 0.10912275154358964 False True 0.009005896082046702 6.273628958560695 -0.05333728419601722 -3.070520731099755 0.0
517 65 996.0 797.0 122.06492265999987 0.0 1.76 0.10673862256711264 0.12937504808550773 False True 0.009005896082046702 6.273628958560695 -0.05333728419601722 -3.070520731099755 0.0
517 66 1000.0 801.0 123.52430476499984 0.0 1.84 0.12937504808550773 0.17358975855493616 False True 0.009005896082046702 6.273628958560695 -0.05333728419601722 -3.070520731099755 0.0
517 67 1012.0 813.0 124.95506566699987 0.0 1.84 0.12937504808550773 0.16895556064642517 False True 0.009005896082046702 6.273628958560695 -0.05333728419601722 -3.070520731099755 0.0
517 68 1024.0 825.0 126.37188686999986 0.0 1.5 0.09017818737048776 0.12295528839428484 False True 0.009005896082046702 6.273628958560695 -0.05333728419601722 -3.070520731099755 0.0
517 69 1028.0 829.0 127.78979851599985 0.0 1.84 0.12937504808550773 0.1170410168591557 False True 0.009005896082046702 6.273628958560695 -0.05333728419601722 -3.070520731099755 0.0
517 70 1032.0 833.0 129.20748140199987 0.0 1.76 0.10673862256711264 0.1600524765513272 False True 0.009005896082046702 6.273628958560695 -0.05333728419601722 -3.070520731099755 0.0
517 71 1036.0 837.0 130.62543704599983 0.0 1.5 0.09017818737048776 0.13277365820762627 False True 0.009005896082046702 6.273628958560695 -0.05333728419601722 -3.070520731099755 0.0
517 72 1040.0 841.0 132.04552006999984 0.0 1.51 0.08918830975455239 0.13277365820762627 False True 0.009005896082046702 6.273628958560695 -0.05333728419601722 -3.070520731099755 0.0
517 73 1044.0 845.0 133.46601404699987 0.0 1.51 0.08918830975455239 0.13994657331979984 False True 0.009005896082046702 6.273628958560695 -0.05333728419601722 -3.070520731099755 0.0
517 74 1056.0 857.0 134.88562415299987 0.0 1.87 0.13994657331979984 0.18322108256594707 False True 0.009005896082046702 6.273628958560695 -0.05333728419601722 -3.070520731099755 0.0
517 75 1068.0 869.0 136.30475876299988 0.0 1.87 0.13994657331979984 0.19333299168612533 False True 0.009005896082046702 6.273628958560695 -0.05333728419601722 -3.070520731099755 0.0
517 76 1080.0 881.0 137.72288115799984 0.0 1.87 0.13994657331979984 0.1985678759217003 False True 0.009005896082046702 6.273628958560695 -0.05333728419601722 -3.070520731099755 0.0
517 77 1092.0 893.0 139.14048999899984 0.0 1.87 0.13994657331979984 0.18821721894170054 False True 0.009005896082046702 6.273628958560695 -0.05333728419601722 -3.070520731099755 0.0
517 78 1104.0 905.0 140.55878832299982 0.0 1.87 0.13994657331979984 0.19333299168612533 False True 0.009005896082046702 6.273628958560695 -0.05333728419601722 -3.070520731099755 0.0
517 79 1108.0 909.0 141.97817704499982 0.0 1.87 0.13994657331979984 0.1783450954715267 False True 0.009005896082046702 6.273628958560695 -0.05333728419601722 -3.070520731099755 0.0
517 80 1120.0 921.0 143.39601439299986 0.0 1.87 0.13994657331979984 0.20939281984798128 False True 0.009005896082046702 6.273628958560695 -0.05333728419601722 -3.070520731099755 0.0
517 81 1132.0 933.0 144.81170207999986 0.0 1.87 0.13994657331979984 0.19333299168612533 False True 0.009005896082046702 6.273628958560695 -0.05333728419601722 -3.070520731099755 0.0
517 82 1136.0 937.0 146.23053451199985 0.0 1.87 0.13994657331979984 0.11163470535722643 False True 0.009005896082046702 6.273628958560695 -0.05333728419601722 -3.070520731099755 0.0
517 83 1140.0 941.0 147.64810062199984 0.0 1.87 0.13994657331979984 0.13277365820762627 False True 0.009005896082046702 6.273628958560695 -0.05333728419601722 -3.070520731099755 0.0
517 84 1144.0 945.0 149.07609729999984 0.0 1.87 0.13994657331979984 0.08699993274123248 False True 0.009005896082046702 6.273628958560695 -0.05333728419601722 -3.070520731099755 0.0
517 85 1148.0 949.0 150.49579117299982 0.0 1.51 0.08918830975455239 0.12937504808550773 False True 0.009005896082046702 6.273628958560695 -0.05333728419601722 -3.070520731099755 0.0
517 86 1152.0 953.0 151.91540668899978 0.0 1.87 0.13994657331979984 0.10912275154358964 False True 0.009005896082046702 6.273628958560695 -0.05333728419601722 -3.070520731099755 0.0
517 87 1156.0 957.0 153.33573408199982 0.0 1.87 0.13994657331979984 0.10912275154358964 False True 0.009005896082046702 6.273628958560695 -0.05333728419601722 -3.070520731099755 0.0
517 88 1160.0 961.0 154.76639733399986 0.0 1.77 0.10912275154358964 0.11163470535722643 False True 0.009005896082046702 6.273628958560695 -0.05333728419601722 -3.070520731099755 0.0
517 89 1164.0 965.0 156.2058811209999 0.0 1.77 0.10912275154358964 0.13994657331979984 False True 0.009005896082046702 6.273628958560695 -0.05333728419601722 -3.070520731099755 0.0
517 90 1168.0 969.0 157.63884754399987 0.0 1.6 0.08614273679501012 0.08689996287382379 False True 0.009005896082046702 6.273628958560695 -0.05333728419601722 -3.070520731099755 0.0
517 91 1172.0 973.0 159.05832816399982 0.0 1.6 0.08614273679501012 0.08590689095502008 False True 0.009005896082046702 6.273628958560695 -0.05333728419601722 -3.070520731099755 0.0
517 92 1176.0 977.0 160.47928812299983 0.0 1.6 0.08614273679501012 0.5959165189705216 False True 0.009005896082046702 6.273628958560695 -0.05333728419601722 -3.070520731099755 0.0
517 93 1188.0 989.0 161.90883193299982 0.0 1.6 0.08614273679501012 0.10912275154358964 False True 0.009005896082046702 6.273628958560695 -0.05333728419601722 -3.070520731099755 0.0
517 94 1192.0 993.0 163.3302577399998 0.0 1.5 0.09017818737048776 0.08918830975455239 False True 0.009005896082046702 6.273628958560695 -0.05333728419601722 -3.070520731099755 0.0
517 95 1196.0 997.0 164.75169625699976 0.0 1.51 0.08918830975455239 0.2265097679260049 False True 0.009005896082046702 6.273628958560695 -0.05333728419601722 -3.070520731099755 0.0
517 96 1208.0 1009.0 166.1708674859998 0.0 1.51 0.08918830975455239 0.2385006097863399 False True 0.009005896082046702 6.273628958560695 -0.05333728419601722 -3.070520731099755 0.0
517 97 1220.0 1021.0 167.6013989449998 0.0 1.51 0.08918830975455239 0.2509493933284779 False True 0.009005896082046702 6.273628958560695 -0.05333728419601722 -3.070520731099755 0.0
517 98 1232.0 1033.0 169.02035391799978 0.0 1.51 0.08918830975455239 0.23244763541091223 False True 0.009005896082046702 6.273628958560695 -0.05333728419601722 -3.070520731099755 0.0
517 99 1244.0 1045.0 170.43947838299982 0.0 1.51 0.08918830975455239 0.2206876144272471 False True 0.009005896082046702 6.273628958560695 -0.05333728419601722 -3.070520731099755 0.0
517 100 1256.0 1057.0 171.8601098959998 0.0 1.51 0.08918830975455239 0.2149817704376364 False True 0.009005896082046702 6.273628958560695 -0.05333728419601722 -3.070520731099755 0.0
517 101 1268.0 1069.0 173.27949756999982 0.0 1.51 0.08918830975455239 0.2446680724447362 False True 0.009005896082046702 6.273628958560695 -0.05333728419601722 -3.070520731099755 0.0
517 102 1280.0 1081.0 174.70093126099982 0.0 1.51 0.08918830975455239 0.2039213348585227 False True 0.009005896082046702 6.273628958560695 -0.05333728419601722 -3.070520731099755 0.0
517 103 1292.0 1093.0 176.13924080999982 0.0 1.51 0.08918830975455239 0.27047003433570516 False True 0.009005896082046702 6.273628958560695 -0.05333728419601722 -3.070520731099755 0.0
517 104 1304.0 1105.0 177.57560910499984 0.0 1.51 0.08918830975455239 0.26385103267037585 False True 0.009005896082046702 6.273628958560695 -0.05333728419601722 -3.070520731099755 0.0
517 105 1316.0 1117.0 179.0207433119998 0.0 1.51 0.08918830975455239 0.2840410256402946 False True 0.009005896082046702 6.273628958560695 -0.05333728419601722 -3.070520731099755 0.0
517 106 1328.0 1129.0 180.45780811399982 0.0 1.51 0.08918830975455239 0.27720026077240695 False True 0.009005896082046702 6.273628958560695 -0.05333728419601722 -3.070520731099755 0.0
517 107 1340.0 1141.0 181.8974080859998 0.0 1.51 0.08918830975455239 0.298051370103194 False True 0.009005896082046702 6.273628958560695 -0.05333728419601722 -3.070520731099755 0.0
517 108 1352.0 1153.0 183.33643348499982 0.0 1.51 0.08918830975455239 0.2909916315440949 False True 0.009005896082046702 6.273628958560695 -0.05333728419601722 -3.070520731099755 0.0
517 109 1364.0 1165.0 184.78479380199985 0.0 1.51 0.08918830975455239 0.31249535716421595 False True 0.009005896082046702 6.273628958560695 -0.05333728419601722 -3.070520731099755 0.0
517 110 1376.0 1177.0 186.22349971199986 0.0 2.1799999999999997 0.31249535716421595 0.30521952202246844 False True 0.009005896082046702 6.273628958560695 -0.05333728419601722 -3.070520731099755 0.0
517 111 1388.0 1189.0 187.6743262839999 0.0 1.51 0.08918830975455239 0.31987813462117287 False True 0.009005896082046702 6.273628958560695 -0.05333728419601722 -3.070520731099755 0.0
517 112 1400.0 1201.0 189.12448094999985 0.0 1.51 0.08918830975455239 0.3349614994494269 False True 0.009005896082046702 6.273628958560695 -0.05333728419601722 -3.070520731099755 0.0
517 113 1412.0 1213.0 190.56442088499983 0.0 1.51 0.08918830975455239 0.32736710279059544 False True 0.009005896082046702 6.273628958560695 -0.05333728419601722 -3.070520731099755 0.0
517 114 1424.0 1225.0 192.01495894299984 0.0 1.51 0.08918830975455239 0.3504634766998879 False True 0.009005896082046702 6.273628958560695 -0.05333728419601722 -3.070520731099755 0.0
517 115 1436.0 1237.0 193.45386248899985 0.0 1.51 0.08918830975455239 0.2039213348585227 False True 0.009005896082046702 6.273628958560695 -0.05333728419601722 -3.070520731099755 0.0
517 116 1440.0 1241.0 194.90518351799983 0.0 2.01 0.2039213348585227 0.10673862256711264 False True 0.009005896082046702 6.273628958560695 -0.05333728419601722 -3.070520731099755 0.0
517 117 1444.0 1245.0 196.3435934549998 0.0 1.72 0.09848519648138529 0.08699993274123248 False True 0.009005896082046702 6.273628958560695 -0.05333728419601722 -3.070520731099755 0.0
517 118 1448.0 1249.0 197.79119229899982 0.0 1.54 0.08699993274123248 0.12937504808550773 False True 0.009005896082046702 6.273628958560695 -0.05333728419601722 -3.070520731099755 0.0
517 119 1452.0 1253.0 199.2291000149998 0.0 1.54 0.08699993274123248 0.15163951067608902 False True 0.009005896082046702 6.273628958560695 -0.05333728419601722 -3.070520731099755 0.0
517 120 1456.0 1257.0 200.66721752699982 0.0 1.54 0.08699993274123248 0.5525066869527446 False True 0.009005896082046702 6.273628958560695 -0.05333728419601722 -3.070520731099755 0.0
517 121 1468.0 1269.0 202.10453100699982 0.0 1.54 0.08699993274123248 0.2206876144272471 False True 0.009005896082046702 6.273628958560695 -0.05333728419601722 -3.070520731099755 0.0
517 122 1472.0 1273.0 203.55087605899985 0.0 1.54 0.08699993274123248 0.2206876144272471 False True 0.009005896082046702 6.273628958560695 -0.05333728419601722 -3.070520731099755 0.0
517 123 1476.0 1277.0 204.98585392199988 0.0 2.04 0.2206876144272471 0.08918830975455239 False True 0.009005896082046702 6.273628958560695 -0.05333728419601722 -3.070520731099755 0.0
517 124 1480.0 1281.0 206.4220942629999 0.0 1.87 0.13994657331979984 0.11993480736361611 False True 0.009005896082046702 6.273628958560695 -0.05333728419601722 -3.070520731099755 0.0
517 125 1484.0 1285.0 207.8756204039999 0.0 1.87 0.13994657331979984 0.11993480736361611 False True 0.009005896082046702 6.273628958560695 -0.05333728419601722 -3.070520731099755 0.0
517 126 1488.0 1289.0 209.2910713079999 0.0 1.5 0.09017818737048776 0.19333299168612533 False True 0.009005896082046702 6.273628958560695 -0.05333728419601722 -3.070520731099755 0.0
517 127 1492.0 1293.0 210.71804391199993 0.0 1.99 0.19333299168612533 0.12937504808550773 False True 0.009005896082046702 6.273628958560695 -0.05333728419601722 -3.070520731099755 0.0
517 128 1496.0 1297.0 212.13987240799997 0.0 1.99 0.19333299168612533 0.10235483306150901 False True 0.009005896082046702 6.273628958560695 -0.05333728419601722 -3.070520731099755 0.0
517 129 1508.0 1309.0 213.57226411699997 0.0 1.99 0.19333299168612533 0.09543741774604442 False True 0.009005896082046702 6.273628958560695 -0.05333728419601722 -3.070520731099755 0.0
517 130 1520.0 1321.0 215.00231592299997 0.0 1.99 0.19333299168612533 0.09884516405312103 False True 0.009005896082046702 6.273628958560695 -0.05333728419601722 -3.070520731099755 0.0
517 131 1532.0 1333.0 216.42210486099998 0.0 1.44 0.09884516405312103 0.10074305397636305 False True 0.009005896082046702 6.273628958560695 -0.05333728419601722 -3.070520731099755 0.0
517 132 1544.0 1345.0 217.85240440499996 0.0 1.99 0.19333299168612533 0.09707656410112955 False True 0.009005896082046702 6.273628958560695 -0.05333728419601722 -3.070520731099755 0.0
517 133 1556.0 1357.0 219.28379332199995 0.0 1.99 0.19333299168612533 0.09884516405312103 False True 0.009005896082046702 6.273628958560695 -0.05333728419601722 -3.070520731099755 0.0
517 134 1560.0 1361.0 220.70240474799994 0.0 1.45 0.09707656410112955 0.08689996287382379 False True 0.009005896082046702 6.273628958560695 -0.05333728419601722 -3.070520731099755 0.0
517 135 1564.0 1365.0 222.1320528619999 0.0 1.62 0.08689996287382379 0.1049259846005462 False True 0.009005896082046702 6.273628958560695 -0.05333728419601722 -3.070520731099755 0.0
517 136 1576.0 1377.0 223.55046181699987 0.0 1.51 0.08918830975455239 0.10277005731497979 False True 0.009005896082046702 6.273628958560695 -0.05333728419601722 -3.070520731099755 0.0
517 137 1588.0 1389.0 224.98020066699985 0.0 1.62 0.08689996287382379 0.107210633471021 False True 0.009005896082046702 6.273628958560695 -0.05333728419601722 -3.070520731099755 0.0
517 138 1600.0 1401.0 226.3989063819999 0.0 1.4000000000000001 0.107210633471021 0.10962378869099354 False True 0.009005896082046702 6.273628958560695 -0.05333728419601722 -3.070520731099755 0.0
517 139 1612.0 1413.0 227.81779910299986 0.0 1.44 0.09884516405312103 0.11216522217319659 False True 0.009005896082046702 6.273628958560695 -0.05333728419601722 -3.070520731099755 0.0
517 140 1624.0 1425.0 229.24928002599984 0.0 1.3800000000000001 0.11216522217319659 0.11483469300132804 False True 0.009005896082046702 6.273628958560695 -0.05333728419601722 -3.070520731099755 0.0
517 141 1636.0 1437.0 230.6705892869998 0.0 1.3800000000000001 0.11216522217319659 0.12055671903076692 False True 0.009005896082046702 6.273628958560695 -0.05333728419601722 -3.070520731099755 0.0
517 142 1648.0 1449.0 232.10246546799982 0.0 1.3800000000000001 0.11216522217319659 0.11763194745412836 False True 0.009005896082046702 6.273628958560695 -0.05333728419601722 -3.070520731099755 0.0
517 143 1660.0 1461.0 233.52134559999985 0.0 1.36 0.11763194745412836 0.12360872847748165 False True 0.009005896082046702 6.273628958560695 -0.05333728419601722 -3.070520731099755 0.0
517 144 1672.0 1473.0 234.93637006199987 0.0 1.3800000000000001 0.11216522217319659 0.12678768381550443 False True 0.009005896082046702 6.273628958560695 -0.05333728419601722 -3.070520731099755 0.0
517 145 1684.0 1485.0 236.3369443969999 0.0 1.3800000000000001 0.11216522217319659 0.11763194745412836 False True 0.009005896082046702 6.273628958560695 -0.05333728419601722 -3.070520731099755 0.0
517 146 1688.0 1489.0 237.75104516099992 0.0 1.36 0.11763194745412836 0.11216522217319659 False True 0.009005896082046702 6.273628958560695 -0.05333728419601722 -3.070520731099755 0.0
517 147 1692.0 1493.0 239.15598281899992 0.0 1.36 0.11763194745412836 0.11216522217319659 False True 0.009005896082046702 6.273628958560695 -0.05333728419601722 -3.070520731099755 0.0
517 148 1696.0 1497.0 240.5668847039999 0.0 1.36 0.11763194745412836 0.11216522217319659 False True 0.009005896082046702 6.273628958560695 -0.05333728419601722 -3.070520731099755 0.0
517 149 1700.0 1501.0 241.96964792599988 0.0 1.3800000000000001 0.11216522217319659 0.13352520080185734 False True 0.009005896082046702 6.273628958560695 -0.05333728419601722 -3.070520731099755 0.0
517 150 1712.0 1513.0 243.38607150499985 0.0 1.3800000000000001 0.11216522217319659 0.14076668080087035 False True 0.009005896082046702 6.273628958560695 -0.05333728419601722 -3.070520731099755 0.0
517 151 1724.0 1525.0 244.79625364899988 0.0 1.3800000000000001 0.11216522217319659 0.13009328037026535 False True 0.009005896082046702 6.273628958560695 -0.05333728419601722 -3.070520731099755 0.0
517 152 1736.0 1537.0 246.18207769499986 0.0 1.3800000000000001 0.11216522217319659 0.13708311513676538 False True 0.009005896082046702 6.273628958560695 -0.05333728419601722 -3.070520731099755 0.0
517 153 1748.0 1549.0 247.57773114799988 0.0 1.72 0.09848519648138529 0.107210633471021 False True 0.009005896082046702 6.273628958560695 -0.05333728419601722 -3.070520731099755 0.0
517 154 1752.0 1553.0 248.96385889399988 0.0 1.4000000000000001 0.107210633471021 0.14850933302396624 False True 0.009005896082046702 6.273628958560695 -0.05333728419601722 -3.070520731099755 0.0
517 155 1764.0 1565.0 250.3594573779999 0.0 1.27 0.14850933302396624 0.15256767174627708 False True 0.009005896082046702 6.273628958560695 -0.05333728419601722 -3.070520731099755 0.0
517 156 1776.0 1577.0 251.75520271799985 0.0 1.72 0.09848519648138529 0.14457554265370587 False True 0.009005896082046702 6.273628958560695 -0.05333728419601722 -3.070520731099755 0.0
517 157 1788.0 1589.0 253.15242738699988 0.0 1.76 0.10673862256711264 0.107210633471021 False True 0.009005896082046702 6.273628958560695 -0.05333728419601722 -3.070520731099755 0.0
517 158 1792.0 1593.0 254.55018177199986 0.0 1.4000000000000001 0.107210633471021 0.16548598976780682 False True 0.009005896082046702 6.273628958560695 -0.05333728419601722 -3.070520731099755 0.0
517 159 1804.0 1605.0 255.9352473159999 0.0 1.4000000000000001 0.107210633471021 0.2206876144272471 False True 0.009005896082046702 6.273628958560695 -0.05333728419601722 -3.070520731099755 0.0
517 160 1808.0 1609.0 257.3098247669999 0.0 1.4000000000000001 0.107210633471021 0.08653109135508545 False True 0.009005896082046702 6.273628958560695 -0.05333728419601722 -3.070520731099755 0.0
517 161 1812.0 1613.0 258.6709841509999 0.0 1.4000000000000001 0.107210633471021 0.09392787566695152 False True 0.009005896082046702 6.273628958560695 -0.05333728419601722 -3.070520731099755 0.0
517 162 1824.0 1625.0 260.0441613409999 0.0 1.47 0.09392787566695152 0.09254807558129315 False True 0.009005896082046702 6.273628958560695 -0.05333728419601722 -3.070520731099755 0.0
517 163 1836.0 1637.0 261.4111743879999 0.0 1.47 0.09392787566695152 0.17951036580085203 False True 0.009005896082046702 6.273628958560695 -0.05333728419601722 -3.070520731099755 0.0
517 164 1848.0 1649.0 262.78831451899987 0.0 1.47 0.09392787566695152 0.19462853529630078 False True 0.009005896082046702 6.273628958560695 -0.05333728419601722 -3.070520731099755 0.0
517 165 1860.0 1661.0 264.16693947799985 0.0 1.47 0.09392787566695152 0.1894684105678023 False True 0.009005896082046702 6.273628958560695 -0.05333728419601722 -3.070520731099755 0.0
517 166 1872.0 1673.0 265.5470555319999 0.0 1.47 0.09392787566695152 0.2053084754386788 False True 0.009005896082046702 6.273628958560695 -0.05333728419601722 -3.070520731099755 0.0
517 167 1884.0 1685.0 266.93809710099987 0.0 1.1500000000000001 0.2053084754386788 0.19990872852628108 False True 0.009005896082046702 6.273628958560695 -0.05333728419601722 -3.070520731099755 0.0
517 168 1896.0 1697.0 268.3191996399999 0.0 1.47 0.09392787566695152 0.210827249257843 False True 0.009005896082046702 6.273628958560695 -0.05333728419601722 -3.070520731099755 0.0
517 169 1908.0 1709.0 269.7141913359999 0.0 1.47 0.09392787566695152 0.2164645113042179 False True 0.009005896082046702 6.273628958560695 -0.05333728419601722 -3.070520731099755 0.0
517 170 1920.0 1721.0 271.0592051159999 0.0 1.47 0.09392787566695152 0.15675016619921225 False True 0.009005896082046702 6.273628958560695 -0.05333728419601722 -3.070520731099755 0.0
517 171 1932.0 1733.0 272.41834724899985 0.0 1.47 0.09392787566695152 0.16105641134455714 False True 0.009005896082046702 6.273628958560695 -0.05333728419601722 -3.070520731099755 0.0
517 172 1944.0 1745.0 273.78586643999984 0.0 1.47 0.09392787566695152 0.1700384717199129 False True 0.009005896082046702 6.273628958560695 -0.05333728419601722 -3.070520731099755 0.0
517 173 1956.0 1757.0 275.1541332499998 0.0 1.47 0.09392787566695152 0.17471341516025582 False True 0.009005896082046702 6.273628958560695 -0.05333728419601722 -3.070520731099755 0.0
517 174 1968.0 1769.0 276.51581357499975 0.0 1.21 0.17471341516025582 0.09392787566695152 False True 0.009005896082046702 6.273628958560695 -0.05333728419601722 -3.070520731099755 0.0
517 175 1972.0 1773.0 277.86099929199975 0.0 1.21 0.17471341516025582 0.09392787566695152 False True 0.009005896082046702 6.273628958560695 -0.05333728419601722 -3.070520731099755 0.0
517 176 1976.0 1777.0 279.2130270699997 0.0 1.21 0.17471341516025582 0.09392787566695152 False True 0.009005896082046702 6.273628958560695 -0.05333728419601722 -3.070520731099755 0.0
517 177 1980.0 1781.0 280.5558306989997 0.0 1.21 0.17471341516025582 0.09392787566695152 False True 0.009005896082046702 6.273628958560695 -0.05333728419601722 -3.070520731099755 0.0
517 178 1984.0 1785.0 281.88417024599977 0.0 1.21 0.17471341516025582 0.09392787566695152 False True 0.009005896082046702 6.273628958560695 -0.05333728419601722 -3.070520731099755 0.0
517 179 1988.0 1789.0 283.22417545399975 0.0 1.47 0.09392787566695152 0.17471341516025582 False True 0.009005896082046702 6.273628958560695 -0.05333728419601722 -3.070520731099755 0.0
517 180 1992.0 1793.0 284.5650632789998 0.0 1.47 0.09392787566695152 0.18442885715177046 False True 0.009005896082046702 6.273628958560695 -0.05333728419601722 -3.070520731099755 0.0
517 181 2004.0 1805.0 285.9052820899998 0.0 1.47 0.09392787566695152 0.2340816625918469 False True 0.009005896082046702 6.273628958560695 -0.05333728419601722 -3.070520731099755 0.0
517 182 2016.0 1817.0 287.2369804169998 0.0 1.47 0.09392787566695152 0.2464084647725358 False True 0.009005896082046702 6.273628958560695 -0.05333728419601722 -3.070520731099755 0.0
517 183 2028.0 1829.0 288.5726715669998 0.0 1.47 0.09392787566695152 0.24018725458345402 False True 0.009005896082046702 6.273628958560695 -0.05333728419601722 -3.070520731099755 0.0
517 184 2040.0 1841.0 289.89881552499986 0.0 1.47 0.09392787566695152 0.2591952925188642 False True 0.009005896082046702 6.273628958560695 -0.05333728419601722 -3.070520731099755 0.0
517 185 2052.0 1853.0 291.22562573599987 0.0 1.47 0.09392787566695152 0.25274468422856283 False True 0.009005896082046702 6.273628958560695 -0.05333728419601722 -3.070520731099755 0.0
517 186 2064.0 1865.0 292.56285742899985 0.0 1.47 0.09392787566695152 0.2724371367342431 False True 0.009005896082046702 6.273628958560695 -0.05333728419601722 -3.070520731099755 0.0
517 187 2076.0 1877.0 293.89487021699983 0.0 1.47 0.09392787566695152 0.2792270748473237 False True 0.009005896082046702 6.273628958560695 -0.05333728419601722 -3.070520731099755 0.0
517 188 2088.0 1889.0 295.5508368789998 0.0 1.47 0.09392787566695152 0.2657596577706569 False True 0.009005896082046702 6.273628958560695 -0.05333728419601722 -3.070520731099755 0.0
517 189 2100.0 1901.0 297.5882507479998 0.0 1.47 0.09392787566695152 0.29314165410367754 False True 0.009005896082046702 6.273628958560695 -0.05333728419601722 -3.070520731099755 0.0
517 190 2112.0 1913.0 299.58531252599977 0.0 1.47 0.09392787566695152 0.3002649301541045 False True 0.009005896082046702 6.273628958560695 -0.05333728419601722 -3.070520731099755 0.0
517 191 2124.0 1925.0 301.6277057929998 0.0 1.47 0.09392787566695152 0.2861288063004658 False True 0.009005896082046702 6.273628958560695 -0.05333728419601722 -3.070520731099755 0.0
517 192 2136.0 1937.0 303.5520262439998 0.0 1.47 0.09392787566695152 0.2280922861651941 False True 0.009005896082046702 6.273628958560695 -0.05333728419601722 -3.070520731099755 0.0
517 193 2148.0 1949.0 305.61158710499984 0.0 1.47 0.09392787566695152 0.22221971104819904 False True 0.009005896082046702 6.273628958560695 -0.05333728419601722 -3.070520731099755 0.0
517 194 2160.0 1961.0 307.65490215399984 0.0 1.47 0.09392787566695152 0.2053084754386788 False True 0.009005896082046702 6.273628958560695 -0.05333728419601722 -3.070520731099755 0.0
517 195 2164.0 1965.0 309.54702784699987 0.0 1.47 0.09392787566695152 0.30521952202246844 False True 0.009005896082046702 6.273628958560695 -0.05333728419601722 -3.070520731099755 0.0
517 196 2168.0 1969.0 311.5976799929999 0.0 1.47 0.09392787566695152 0.2724371367342431 False True 0.009005896082046702 6.273628958560695 -0.05333728419601722 -3.070520731099755 0.0
517 197 2172.0 1973.0 313.47380824599986 0.0 1.04 0.2724371367342431 0.107210633471021 False True 0.009005896082046702 6.273628958560695 -0.05333728419601722 -3.070520731099755 0.0
517 198 2176.0 1977.0 315.5055831249999 0.0 1.47 0.09392787566695152 0.2053084754386788 False True 0.009005896082046702 6.273628958560695 -0.05333728419601722 -3.070520731099755 0.0
517 199 2180.0 1981.0 317.4979568489998 0.0 1.1500000000000001 0.2053084754386788 0.107210633471021 False True 0.009005896082046702 6.273628958560695 -0.05333728419601722 -3.070520731099755 0.0
517 200 2184.0 1985.0 319.34484575899984 0.0 1.1500000000000001 0.2053084754386788 0.107210633471021 False True 0.009005896082046702 6.273628958560695 -0.05333728419601722 -3.070520731099755 0.0
517 201 2188.0 1989.0 321.3476381959998 0.0 1.1500000000000001 0.2053084754386788 0.107210633471021 False True 0.009005896082046702 6.273628958560695 -0.05333728419601722 -3.070520731099755 0.0
517 202 2192.0 1993.0 323.1794367899998 0.0 1.1500000000000001 0.2053084754386788 0.08645619797501229 False True 0.009005896082046702 6.273628958560695 -0.05333728419601722 -3.070520731099755 0.0
517 203 2196.0 1997.0 325.1647033379998 0.0 1.1500000000000001 0.2053084754386788 0.08645619797501229 False True 0.009005896082046702 6.273628958560695 -0.05333728419601722 -3.070520731099755 0.0
