112 0 400.0 200.99999999999997 1.282571637000018 0.0 1.42 0.0663137437070522 0.06500579289528617 False True 0.009401453957169731 5.101288713178757 -0.0456894050539916 -2.48517303664354 0.0
112 1 412.0 212.99999999999997 2.6140189470000053 0.0 1.43 0.06500579289528617 0.06770488440699275 False True 0.009401453957169731 5.101288713178757 -0.0456894050539916 -2.48517303664354 0.0
112 2 424.0 224.99999999999997 3.9602984640000045 0.0 1.42 0.0663137437070522 0.044038804581612384 False True 0.009401453957169731 5.101288713178757 -0.0456894050539916 -2.48517303664354 0.0
112 3 436.0 236.99999999999997 5.298562383000018 0.0 1.42 0.0663137437070522 0.052445454088200796 False True 0.009401453957169731 5.101288713178757 -0.0456894050539916 -2.48517303664354 0.0
112 4 448.0 248.99999999999997 6.645887953000027 0.0 8.22 0.052445454088200796 0.04956427393973931 False True 0.009401453957169731 5.101288713178757 -0.0456894050539916 -2.48517303664354 0.0
112 5 460.0 261.0 7.9953394810000304 0.0 8.209999999999999 0.04956427393973931 0.05844321909174305 False True 0.009401453957169731 5.101288713178757 -0.0456894050539916 -2.48517303664354 0.0
112 6 472.0 273.0 9.333121497000036 0.0 8.209999999999999 0.04956427393973931 0.05540520417560871 False True 0.009401453957169731 5.101288713178757 -0.0456894050539916 -2.48517303664354 0.0
112 7 484.0 285.0 10.682675929000027 0.0 8.209999999999999 0.04956427393973931 0.038831079296630426 False True 0.009401453957169731 5.101288713178757 -0.0456894050539916 -2.48517303664354 0.0
112 8 496.0 297.0 12.031348679000047 0.0 8.209999999999999 0.04956427393973931 0.041395086185066356 False True 0.009401453957169731 5.101288713178757 -0.0456894050539916 -2.48517303664354 0.0
112 9 508.0 309.0 13.40216719600005 0.0 8.209999999999999 0.04956427393973931 0.03634704944796728 False True 0.009401453957169731 5.101288713178757 -0.0456894050539916 -2.48517303664354 0.0
112 10 520.0 321.0 14.772729808000037 0.0 8.17 0.038831079296630426 0.07488821232569597 False True 0.009401453957169731 5.101288713178757 -0.0456894050539916 -2.48517303664354 0.0
112 11 532.0 333.0 16.152859131000014 0.0 8.17 0.038831079296630426 0.06263994163234933 False True 0.009401453957169731 5.101288713178757 -0.0456894050539916 -2.48517303664354 0.0
112 12 544.0 345.0 17.52290077400002 0.0 8.17 0.038831079296630426 0.08940408567665765 False True 0.009401453957169731 5.101288713178757 -0.0456894050539916 -2.48517303664354 0.0
112 13 556.0 357.0 18.90438005400003 0.0 7.4 0.08940408567665765 0.09322300840451841 False True 0.009401453957169731 5.101288713178757 -0.0456894050539916 -2.48517303664354 0.0
112 14 568.0 369.0 20.291630525000016 0.0 7.4 0.08940408567665765 0.08566078324405342 False True 0.009401453957169731 5.101288713178757 -0.0456894050539916 -2.48517303664354 0.0
112 15 580.0 381.0 21.676812014000006 0.0 7.4 0.08940408567665765 0.03632681363195721 False True 0.009401453957169731 5.101288713178757 -0.0456894050539916 -2.48517303664354 0.0
112 16 592.0 393.0 23.06212501400003 0.0 7.4 0.08940408567665765 0.03391863767099317 False True 0.009401453957169731 5.101288713178757 -0.0456894050539916 -2.48517303664354 0.0
112 17 604.0 405.0 24.447238967000033 0.0 7.4 0.08940408567665765 0.04138524708738728 False True 0.009401453957169731 5.101288713178757 -0.0456894050539916 -2.48517303664354 0.0
112 18 616.0 417.0 25.84217947000002 0.0 8.209999999999999 0.04956427393973931 0.04957438321027938 False True 0.009401453957169731 5.101288713178757 -0.0456894050539916 -2.48517303664354 0.0
112 19 628.0 429.0 27.230998005000032 0.0 8.209999999999999 0.04956427393973931 0.05543171923650287 False True 0.009401453957169731 5.101288713178757 -0.0456894050539916 -2.48517303664354 0.0
112 20 640.0 441.0 28.650198474000035 0.0 8.209999999999999 0.04956427393973931 0.04676481690554352 False True 0.009401453957169731 5.101288713178757 -0.0456894050539916 -2.48517303664354 0.0
112 21 652.0 453.0 30.074047630000024 0.0 8.22 0.052445454088200796 0.06480891569716452 False True 0.009401453957169731 5.101288713178757 -0.0456894050539916 -2.48517303664354 0.0
112 22 664.0 465.0 31.48834162600002 0.0 8.17 0.038831079296630426 0.06160475469811765 False True 0.009401453957169731 5.101288713178757 -0.0456894050539916 -2.48517303664354 0.0
112 23 676.0 477.0 32.89480545500001 0.0 7.4 0.08940408567665765 0.06809109302753726 False True 0.009401453957169731 5.101288713178757 -0.0456894050539916 -2.48517303664354 0.0
112 24 688.0 489.0 34.30835563500003 0.0 8.22 0.052445454088200796 0.05847892137442448 False True 0.009401453957169731 5.101288713178757 -0.0456894050539916 -2.48517303664354 0.0
112 25 700.0 501.0 35.725892069000025 0.0 8.22 0.052445454088200796 0.04403501689695303 False True 0.009401453957169731 5.101288713178757 -0.0456894050539916 -2.48517303664354 0.0
112 26 712.0 513.0 37.13148188400001 0.0 8.22 0.052445454088200796 0.05246344393081099 False True 0.009401453957169731 5.101288713178757 -0.0456894050539916 -2.48517303664354 0.0
112 27 724.0 525.0 38.546799308000004 0.0 8.22 0.052445454088200796 0.0388157633758656 False True 0.009401453957169731 5.101288713178757 -0.0456894050539916 -2.48517303664354 0.0
112 28 736.0 537.0 39.956292676000004 0.0 7.56 0.0388157633758656 0.06475278386394147 False True 0.009401453957169731 5.101288713178757 -0.0456894050539916 -2.48517303664354 0.0
112 29 748.0 549.0 41.390433247000004 0.0 7.56 0.0388157633758656 0.07073620485751135 False True 0.009401453957169731 5.101288713178757 -0.0456894050539916 -2.48517303664354 0.0
112 30 760.0 561.0 42.80762328099999 0.0 8.22 0.052445454088200796 0.025098184744573784 False True 0.009401453957169731 5.101288713178757 -0.0456894050539916 -2.48517303664354 0.0
112 31 772.0 573.0 44.212977326000015 0.0 7.4799999999999995 0.06160475469811765 0.027181029327565366 False True 0.009401453957169731 5.101288713178757 -0.0456894050539916 -2.48517303664354 0.0
112 32 784.0 585.0 45.62830751500002 0.0 8.23 0.05540520417560871 0.02117824029827599 False True 0.009401453957169731 5.101288713178757 -0.0456894050539916 -2.48517303664354 0.0
112 33 796.0 597.0 47.03192055100001 0.0 7.64 0.02117824029827599 0.023097191396593532 False True 0.009401453957169731 5.101288713178757 -0.0456894050539916 -2.48517303664354 0.0
112 34 808.0 609.0 48.447461618000006 0.0 7.64 0.02117824029827599 0.01934151425920499 False True 0.009401453957169731 5.101288713178757 -0.0456894050539916 -2.48517303664354 0.0
112 35 820.0 621.0 49.86615475100001 0.0 7.64 0.02117824029827599 0.01591542746295809 False True 0.009401453957169731 5.101288713178757 -0.0456894050539916 -2.48517303664354 0.0
112 36 832.0 633.0 51.28808585600001 0.0 7.64 0.02117824029827599 0.017587187865621176 False True 0.009401453957169731 5.101288713178757 -0.0456894050539916 -2.48517303664354 0.0
112 37 844.0 645.0 52.719391032000004 0.0 7.64 0.02117824029827599 0.01282022870913275 False True 0.009401453957169731 5.101288713178757 -0.0456894050539916 -2.48517303664354 0.0
112 38 856.0 657.0 54.15309791200002 0.0 7.64 0.02117824029827599 0.014326391139212441 False True 0.009401453957169731 5.101288713178757 -0.0456894050539916 -2.48517303664354 0.0
112 39 868.0 669.0 55.574926394000045 0.0 7.6899999999999995 0.01282022870913275 0.011397081699237708 False True 0.009401453957169731 5.101288713178757 -0.0456894050539916 -2.48517303664354 0.0
112 40 880.0 681.0 57.02500638500004 0.0 7.7 0.011397081699237708 0.010057083333665662 False True 0.009401453957169731 5.101288713178757 -0.0456894050539916 -2.48517303664354 0.0
112 41 892.0 693.0 58.44192889000004 0.0 7.6899999999999995 0.01282022870913275 0.03161994297810894 False True 0.009401453957169731 5.101288713178757 -0.0456894050539916 -2.48517303664354 0.0
112 42 904.0 705.0 59.87459091600002 0.0 7.6899999999999995 0.01282022870913275 0.007627023841026593 False True 0.009401453957169731 5.101288713178757 -0.0456894050539916 -2.48517303664354 0.0
112 43 916.0 717.0 61.30735401700002 0.0 7.64 0.02117824029827599 0.006537187534583944 False True 0.009401453957169731 5.101288713178757 -0.0456894050539916 -2.48517303664354 0.0
112 44 928.0 729.0 62.740148876000035 0.0 7.7 0.011397081699237708 0.004608401240005154 False True 0.009401453957169731 5.101288713178757 -0.0456894050539916 -2.48517303664354 0.0
112 45 940.0 741.0 64.17182640800004 0.0 7.7 0.011397081699237708 0.005530949491229334 False True 0.009401453957169731 5.101288713178757 -0.0456894050539916 -2.48517303664354 0.0
112 46 952.0 753.0 65.60591812200005 0.0 7.7 0.011397081699237708 0.00880035852084928 False True 0.009401453957169731 5.101288713178757 -0.0456894050539916 -2.48517303664354 0.0
112 47 964.0 765.0 67.03913037100006 0.0 7.64 0.02117824029827599 0.0030146983727086262 False True 0.009401453957169731 5.101288713178757 -0.0456894050539916 -2.48517303664354 0.0
112 48 976.0 777.0 68.47267926200007 0.0 7.64 0.02117824029827599 0.003769625940135787 False True 0.009401453957169731 5.101288713178757 -0.0456894050539916 -2.48517303664354 0.0
112 49 988.0 789.0 69.89541070000007 0.0 7.64 0.02117824029827599 0.0017566436248340755 False True 0.009401453957169731 5.101288713178757 -0.0456894050539916 -2.48517303664354 0.0
112 50 1000.0 801.0 71.32725719300007 0.0 7.8 0.0017566436248340755 0.002343684933200427 False True 0.009401453957169731 5.101288713178757 -0.0456894050539916 -2.48517303664354 0.0
112 51 1012.0 813.0 72.75983461600006 0.0 7.7 0.011397081699237708 0.0008346674191929691 False True 0.009401453957169731 5.101288713178757 -0.0456894050539916 -2.48517303664354 0.0
112 52 1024.0 825.0 74.17949224100008 0.0 7.82 0.0008346674191929691 0.001253624052779211 False True 0.009401453957169731 5.101288713178757 -0.0456894050539916 -2.48517303664354 0.0
112 53 1036.0 837.0 75.61715630100005 0.0 7.81 0.001253624052779211 0.0004998065190971109 False True 0.009401453957169731 5.101288713178757 -0.0456894050539916 -2.48517303664354 0.0
112 54 1048.0 849.0 77.04774406000004 0.0 7.82 0.0008346674191929691 0.0002490657371034935 False True 0.009401453957169731 5.101288713178757 -0.0456894050539916 -2.48517303664354 0.0
112 55 1060.0 861.0 78.47620603700003 0.0 7.82 0.0008346674191929691 0.0 False True 0.009401453957169731 5.101288713178757 -0.0456894050539916 -2.48517303664354 0.0
112 56 1072.0 873.0 79.90679436100001 0.0 7.82 0.0008346674191929691 8.246104496770303e-05 False True 0.009401453957169731 5.101288713178757 -0.0456894050539916 -2.48517303664354 0.0
112 57 1084.0 885.0 81.33873265100002 0.0 7.82 0.0008346674191929691 8.749700485953064e-05 False True 0.009401453957169731 5.101288713178757 -0.0456894050539916 -2.48517303664354 0.0
112 58 1096.0 897.0 82.77047192900002 0.0 7.82 0.0008346674191929691 1.6817443021843988e-06 False True 0.009401453957169731 5.101288713178757 -0.0456894050539916 -2.48517303664354 0.0
112 59 1108.0 909.0 84.20259692100004 0.0 7.82 0.0008346674191929691 0.0005114489134857898 False True 0.009401453957169731 5.101288713178757 -0.0456894050539916 -2.48517303664354 0.0
112 60 1120.0 921.0 85.63318549200005 0.0 7.81 0.001253624052779211 0.0012716132956363578 False True 0.009401453957169731 5.101288713178757 -0.0456894050539916 -2.48517303664354 0.0
112 61 1132.0 933.0 87.05342065700003 0.0 7.82 0.0008346674191929691 0.0023676132259886637 False True 0.009401453957169731 5.101288713178757 -0.0456894050539916 -2.48517303664354 0.0
112 62 1144.0 945.0 88.48017755900003 0.0 7.7299999999999995 0.007627023841026593 0.0008495249524794132 False True 0.009401453957169731 5.101288713178757 -0.0456894050539916 -2.48517303664354 0.0
112 63 1156.0 957.0 89.89837633600001 0.0 7.7299999999999995 0.007627023841026593 0.0037989374349043526 False True 0.009401453957169731 5.101288713178757 -0.0456894050539916 -2.48517303664354 0.0
112 64 1168.0 969.0 91.328174139 0.0 7.7299999999999995 0.007627023841026593 0.005564940512925531 False True 0.009401453957169731 5.101288713178757 -0.0456894050539916 -2.48517303664354 0.0
112 65 1180.0 981.0 92.748747237 0.0 7.7299999999999995 0.007627023841026593 0.0017776626250790015 False True 0.009401453957169731 5.101288713178757 -0.0456894050539916 -2.48517303664354 0.0
112 66 1192.0 993.0 94.18024892700001 0.0 7.7299999999999995 0.007627023841026593 0.003041396992578388 False True 0.009401453957169731 5.101288713178757 -0.0456894050539916 -2.48517303664354 0.0
112 67 1204.0 1005.0 95.61196149300002 0.0 7.7299999999999995 0.007627023841026593 0.06378115422871103 False True 0.009401453957169731 5.101288713178757 -0.0456894050539916 -2.48517303664354 0.0
112 68 1216.0 1017.0 97.06332575400003 0.0 7.67 0.01591542746295809 0.06155918589905086 False True 0.009401453957169731 5.101288713178757 -0.0456894050539916 -2.48517303664354 0.0
112 69 1228.0 1029.0 98.48197352500003 0.0 7.7299999999999995 0.007627023841026593 0.00883972677754165 False True 0.009401453957169731 5.101288713178757 -0.0456894050539916 -2.48517303664354 0.0
112 70 1240.0 1041.0 99.90033890800004 0.0 8.01 0.00883972677754165 0.007664843168929633 False True 0.009401453957169731 5.101288713178757 -0.0456894050539916 -2.48517303664354 0.0
112 71 1252.0 1053.0 101.33009418400002 0.0 8.01 0.00883972677754165 0.01143872554374734 False True 0.009401453957169731 5.101288713178757 -0.0456894050539916 -2.48517303664354 0.0
112 72 1264.0 1065.0 102.76003155100003 0.0 8.01 0.00883972677754165 0.010097732541827062 False True 0.009401453957169731 5.101288713178757 -0.0456894050539916 -2.48517303664354 0.0
112 73 1276.0 1077.0 104.17939454300003 0.0 7.93 0.0017776626250790015 0.014369092104829602 False True 0.009401453957169731 5.101288713178757 -0.0456894050539916 -2.48517303664354 0.0
112 74 1288.0 1089.0 105.61117455700003 0.0 7.93 0.0017776626250790015 0.012862562565698461 False True 0.009401453957169731 5.101288713178757 -0.0456894050539916 -2.48517303664354 0.0
112 75 1300.0 1101.0 107.04357035000001 0.0 7.93 0.0017776626250790015 0.01762958138873747 False True 0.009401453957169731 5.101288713178757 -0.0456894050539916 -2.48517303664354 0.0
112 76 1312.0 1113.0 108.474677598 0.0 7.93 0.0017776626250790015 0.02121881626413946 False True 0.009401453957169731 5.101288713178757 -0.0456894050539916 -2.48517303664354 0.0
112 77 1324.0 1125.0 109.89658295200002 0.0 7.93 0.0017776626250790015 0.0159581543881967 False True 0.009401453957169731 5.101288713178757 -0.0456894050539916 -2.48517303664354 0.0
112 78 1336.0 1137.0 111.32631701400001 0.0 7.64 0.02117824029827599 0.02513528809125301 False True 0.009401453957169731 5.101288713178757 -0.0456894050539916 -2.48517303664354 0.0
112 79 1348.0 1149.0 112.749028703 0.0 8.23 0.05540520417560871 0.019383196842073822 False True 0.009401453957169731 5.101288713178757 -0.0456894050539916 -2.48517303664354 0.0
112 80 1360.0 1161.0 114.18554211399999 0.0 7.83 0.0004998065190971109 0.023136246969625913 False True 0.009401453957169731 5.101288713178757 -0.0456894050539916 -2.48517303664354 0.0
112 81 1372.0 1173.0 115.61289402799997 0.0 7.93 0.0017776626250790015 0.027215730599854052 False True 0.009401453957169731 5.101288713178757 -0.0456894050539916 -2.48517303664354 0.0
112 82 1384.0 1185.0 117.03449005299996 0.0 7.93 0.0017776626250790015 0.006573208320969793 False True 0.009401453957169731 5.101288713178757 -0.0456894050539916 -2.48517303664354 0.0
112 83 1396.0 1197.0 118.46229592699996 0.0 7.93 0.0017776626250790015 0.06917908441831443 False True 0.009401453957169731 5.101288713178757 -0.0456894050539916 -2.48517303664354 0.0
112 84 1408.0 1209.0 119.89322771999997 0.0 7.93 0.0017776626250790015 0.07145096754273564 False True 0.009401453957169731 5.101288713178757 -0.0456894050539916 -2.48517303664354 0.0
112 85 1420.0 1221.0 121.31376713399996 0.0 7.93 0.0017776626250790015 0.1010862159126596 False True 0.009401453957169731 5.101288713178757 -0.0456894050539916 -2.48517303664354 0.0
112 86 1432.0 1233.0 122.74098582399995 0.0 7.93 0.0017776626250790015 0.10924733307483234 False True 0.009401453957169731 5.101288713178757 -0.0456894050539916 -2.48517303664354 0.0
112 87 1444.0 1245.0 124.15910207699994 0.0 7.93 0.0017776626250790015 0.10512973250032416 False True 0.009401453957169731 5.101288713178757 -0.0456894050539916 -2.48517303664354 0.0
112 88 1456.0 1257.0 125.58731746599994 0.0 7.93 0.0017776626250790015 0.09711717860069678 False True 0.009401453957169731 5.101288713178757 -0.0456894050539916 -2.48517303664354 0.0
112 89 1468.0 1269.0 127.01784112499996 0.0 1.4000000000000001 0.06917908441831443 0.11770316802300651 False True 0.009401453957169731 5.101288713178757 -0.0456894050539916 -2.48517303664354 0.0
112 90 1480.0 1281.0 128.447742247 0.0 1.4000000000000001 0.06917908441831443 0.1134386149380856 False True 0.009401453957169731 5.101288713178757 -0.0456894050539916 -2.48517303664354 0.0
112 91 1492.0 1293.0 129.86858765700003 0.0 1.4000000000000001 0.06917908441831443 0.126450410991474 False True 0.009401453957169731 5.101288713178757 -0.0456894050539916 -2.48517303664354 0.0
112 92 1504.0 1305.0 131.29862735700004 0.0 1.4000000000000001 0.06917908441831443 0.1354856356407136 False True 0.009401453957169731 5.101288713178757 -0.0456894050539916 -2.48517303664354 0.0
112 93 1516.0 1317.0 132.71913204000003 0.0 1.4000000000000001 0.06917908441831443 0.14480530042788722 False True 0.009401453957169731 5.101288713178757 -0.0456894050539916 -2.48517303664354 0.0
112 94 1528.0 1329.0 134.15086316900005 0.0 1.4000000000000001 0.06917908441831443 0.13093224426872352 False True 0.009401453957169731 5.101288713178757 -0.0456894050539916 -2.48517303664354 0.0
112 95 1540.0 1341.0 135.57077759500004 0.0 7.93 0.0017776626250790015 0.12204057493455973 False True 0.009401453957169731 5.101288713178757 -0.0456894050539916 -2.48517303664354 0.0
112 96 1552.0 1353.0 137.00227408000006 0.0 7.93 0.0017776626250790015 0.07409861003607815 False True 0.009401453957169731 5.101288713178757 -0.0456894050539916 -2.48517303664354 0.0
112 97 1564.0 1365.0 138.43132636600006 0.0 1.37 0.07409861003607815 0.07590357560399531 False True 0.009401453957169731 5.101288713178757 -0.0456894050539916 -2.48517303664354 0.0
112 98 1576.0 1377.0 139.86339305000007 0.0 1.37 0.07409861003607815 0.07237609854824659 False True 0.009401453957169731 5.101288713178757 -0.0456894050539916 -2.48517303664354 0.0
112 99 1588.0 1389.0 141.28399781200005 0.0 1.37 0.07409861003607815 0.07976017289829353 False True 0.009401453957169731 5.101288713178757 -0.0456894050539916 -2.48517303664354 0.0
112 100 1600.0 1401.0 142.71417976400005 0.0 1.37 0.07409861003607815 0.07779082328879942 False True 0.009401453957169731 5.101288713178757 -0.0456894050539916 -2.48517303664354 0.0
112 101 1612.0 1413.0 144.14478881500008 0.0 1.37 0.07409861003607815 0.0839444160865131 False True 0.009401453957169731 5.101288713178757 -0.0456894050539916 -2.48517303664354 0.0
112 102 1624.0 1425.0 145.5761509730001 0.0 1.37 0.07409861003607815 0.08181143602930163 False True 0.009401453957169731 5.101288713178757 -0.0456894050539916 -2.48517303664354 0.0
112 103 1636.0 1437.0 146.99630247700009 0.0 1.37 0.07409861003607815 0.08615890830214032 False True 0.009401453957169731 5.101288713178757 -0.0456894050539916 -2.48517303664354 0.0
112 104 1648.0 1449.0 148.4267063790001 0.0 1.37 0.07409861003607815 0.09083156939877181 False True 0.009401453957169731 5.101288713178757 -0.0456894050539916 -2.48517303664354 0.0
112 105 1660.0 1461.0 149.85751778700012 0.0 7.68 0.014326391139212441 0.08845469975639253 False True 0.009401453957169731 5.101288713178757 -0.0456894050539916 -2.48517303664354 0.0
112 106 1672.0 1473.0 151.28805983900014 0.0 7.6899999999999995 0.01282022870913275 0.09328928807017792 False True 0.009401453957169731 5.101288713178757 -0.0456894050539916 -2.48517303664354 0.0
112 107 1684.0 1485.0 152.71908955300012 0.0 7.6899999999999995 0.01282022870913275 0.09844631545894432 False True 0.009401453957169731 5.101288713178757 -0.0456894050539916 -2.48517303664354 0.0
112 108 1696.0 1497.0 154.14980704800013 0.0 7.6899999999999995 0.01282022870913275 0.09582761852582021 False True 0.009401453957169731 5.101288713178757 -0.0456894050539916 -2.48517303664354 0.0
112 109 1708.0 1509.0 155.58042030100012 0.0 7.6899999999999995 0.01282022870913275 0.10392378736879211 False True 0.009401453957169731 5.101288713178757 -0.0456894050539916 -2.48517303664354 0.0
112 110 1720.0 1521.0 157.0121504930001 0.0 7.6899999999999995 0.01282022870913275 0.10114512552536317 False True 0.009401453957169731 5.101288713178757 -0.0456894050539916 -2.48517303664354 0.0
112 111 1732.0 1533.0 158.4381046140001 0.0 1.4000000000000001 0.06917908441831443 0.10971958105865114 False True 0.009401453957169731 5.101288713178757 -0.0456894050539916 -2.48517303664354 0.0
112 112 1744.0 1545.0 159.86522432300012 0.0 7.7299999999999995 0.007627023841026593 0.10678203164698083 False True 0.009401453957169731 5.101288713178757 -0.0456894050539916 -2.48517303664354 0.0
112 113 1756.0 1557.0 161.3018101820001 0.0 1.23 0.10678203164698083 0.11900516828420972 False True 0.009401453957169731 5.101288713178757 -0.0456894050539916 -2.48517303664354 0.0
112 114 1768.0 1569.0 162.72915153200006 0.0 1.23 0.10678203164698083 0.11273615037122539 False True 0.009401453957169731 5.101288713178757 -0.0456894050539916 -2.48517303664354 0.0
112 115 1780.0 1581.0 164.16144119400008 0.0 1.23 0.10678203164698083 0.11583144644935174 False True 0.009401453957169731 5.101288713178757 -0.0456894050539916 -2.48517303664354 0.0
112 116 1792.0 1593.0 165.59324272600008 0.0 1.23 0.10678203164698083 0.12558664600293643 False True 0.009401453957169731 5.101288713178757 -0.0456894050539916 -2.48517303664354 0.0
112 117 1804.0 1605.0 167.02533910000005 0.0 1.23 0.10678203164698083 0.1324780191510283 False True 0.009401453957169731 5.101288713178757 -0.0456894050539916 -2.48517303664354 0.0
112 118 1816.0 1617.0 168.45467028800005 0.0 1.23 0.10678203164698083 0.07137155154512985 False True 0.009401453957169731 5.101288713178757 -0.0456894050539916 -2.48517303664354 0.0
112 119 1828.0 1629.0 169.88404280600002 0.0 1.23 0.10678203164698083 0.0782968015839775 False True 0.009401453957169731 5.101288713178757 -0.0456894050539916 -2.48517303664354 0.0
112 120 1840.0 1641.0 171.31507173300002 0.0 1.23 0.10678203164698083 0.07479604110659184 False True 0.009401453957169731 5.101288713178757 -0.0456894050539916 -2.48517303664354 0.0
112 121 1852.0 1653.0 172.73387414900003 0.0 1.23 0.10678203164698083 0.06802368448885836 False True 0.009401453957169731 5.101288713178757 -0.0456894050539916 -2.48517303664354 0.0
112 122 1864.0 1665.0 174.16486321600001 0.0 7.68 0.014326391139212441 0.08552569082566815 False True 0.009401453957169731 5.101288713178757 -0.0456894050539916 -2.48517303664354 0.0
112 123 1876.0 1677.0 175.594633944 0.0 7.68 0.014326391139212441 0.12225700702362458 False True 0.009401453957169731 5.101288713178757 -0.0456894050539916 -2.48517303664354 0.0
112 124 1888.0 1689.0 177.021225624 0.0 7.68 0.014326391139212441 0.03159146723008556 False True 0.009401453957169731 5.101288713178757 -0.0456894050539916 -2.48517303664354 0.0
112 125 1900.0 1701.0 178.47216082900002 0.0 7.68 0.014326391139212441 0.00025742809446462186 False True 0.009401453957169731 5.101288713178757 -0.0456894050539916 -2.48517303664354 0.0
112 126 1912.0 1713.0 179.90343232200001 0.0 7.89 0.00025742809446462186 0.07840249272148622 False True 0.009401453957169731 5.101288713178757 -0.0456894050539916 -2.48517303664354 0.0
112 127 1924.0 1725.0 181.336632108 0.0 7.89 0.00025742809446462186 0.1544057500234082 False True 0.009401453957169731 5.101288713178757 -0.0456894050539916 -2.48517303664354 0.0
112 128 1936.0 1737.0 182.76958605100003 0.0 1.3 0.08845469975639253 0.004640149686512166 False True 0.009401453957169731 5.101288713178757 -0.0456894050539916 -2.48517303664354 0.0
112 129 1948.0 1749.0 184.198345108 0.0 7.97 0.004640149686512166 0.05971787430135265 False True 0.009401453957169731 5.101288713178757 -0.0456894050539916 -2.48517303664354 0.0
112 130 1960.0 1761.0 185.62205581200004 0.0 7.97 0.004640149686512166 0.06060820862282607 False True 0.009401453957169731 5.101288713178757 -0.0456894050539916 -2.48517303664354 0.0
112 131 1972.0 1773.0 187.06874241800006 0.0 7.97 0.004640149686512166 0.05891133821485322 False True 0.009401453957169731 5.101288713178757 -0.0456894050539916 -2.48517303664354 0.0
112 132 1984.0 1785.0 188.48354821600003 0.0 7.97 0.004640149686512166 0.058188672474170186 False True 0.009401453957169731 5.101288713178757 -0.0456894050539916 -2.48517303664354 0.0
112 133 1996.0 1797.0 189.89795089400002 0.0 1.49 0.05891133821485322 0.061582260687827566 False True 0.009401453957169731 5.101288713178757 -0.0456894050539916 -2.48517303664354 0.0
112 134 2008.0 1809.0 191.32149795200002 0.0 1.46 0.061582260687827566 0.05699519852814543 False True 0.009401453957169731 5.101288713178757 -0.0456894050539916 -2.48517303664354 0.0
112 135 2020.0 1821.0 192.736475123 0.0 1.46 0.061582260687827566 0.05652449258073913 False True 0.009401453957169731 5.101288713178757 -0.0456894050539916 -2.48517303664354 0.0
112 136 2032.0 1833.0 194.153300926 0.0 1.46 0.061582260687827566 0.05754994080232439 False True 0.009401453957169731 5.101288713178757 -0.0456894050539916 -2.48517303664354 0.0
112 137 2044.0 1845.0 195.58085654399997 0.0 1.46 0.061582260687827566 0.05583533535673387 False True 0.009401453957169731 5.101288713178757 -0.0456894050539916 -2.48517303664354 0.0
112 138 2056.0 1857.0 196.99398776899994 0.0 1.46 0.061582260687827566 0.056137861484795895 False True 0.009401453957169731 5.101288713178757 -0.0456894050539916 -2.48517303664354 0.0
112 139 2068.0 1869.0 198.42135256399996 0.0 1.46 0.061582260687827566 0.05548267641135218 False True 0.009401453957169731 5.101288713178757 -0.0456894050539916 -2.48517303664354 0.0
112 140 2080.0 1881.0 199.83798513899995 0.0 1.52 0.05699519852814543 0.05561693590169055 False True 0.009401453957169731 5.101288713178757 -0.0456894050539916 -2.48517303664354 0.0
112 141 2092.0 1893.0 201.26251027099994 0.0 1.46 0.061582260687827566 0.13967659938443844 False True 0.009401453957169731 5.101288713178757 -0.0456894050539916 -2.48517303664354 0.0
112 142 2104.0 1905.0 202.67927990499993 0.0 1.46 0.061582260687827566 0.14011013882519402 False True 0.009401453957169731 5.101288713178757 -0.0456894050539916 -2.48517303664354 0.0
112 143 2116.0 1917.0 204.0959311829999 0.0 1.46 0.061582260687827566 0.055584744421619675 False True 0.009401453957169731 5.101288713178757 -0.0456894050539916 -2.48517303664354 0.0
112 144 2128.0 1929.0 205.52135847099987 0.0 1.46 0.061582260687827566 0.0554665884171389 False True 0.009401453957169731 5.101288713178757 -0.0456894050539916 -2.48517303664354 0.0
112 145 2140.0 1941.0 206.93678950499992 0.0 1.48 0.05971787430135265 0.05607335460079709 False True 0.009401453957169731 5.101288713178757 -0.0456894050539916 -2.48517303664354 0.0
112 146 2152.0 1953.0 208.3641756169999 0.0 1.48 0.05971787430135265 0.05578700940906698 False True 0.009401453957169731 5.101288713178757 -0.0456894050539916 -2.48517303664354 0.0
112 147 2164.0 1965.0 209.77582462999993 0.0 1.61 0.05578700940906698 0.056898128442063496 False True 0.009401453957169731 5.101288713178757 -0.0456894050539916 -2.48517303664354 0.0
112 148 2176.0 1977.0 211.17819468499994 0.0 1.61 0.05578700940906698 0.05644374280932111 False True 0.009401453957169731 5.101288713178757 -0.0456894050539916 -2.48517303664354 0.0
112 149 2188.0 1989.0 212.58539178799992 0.0 1.61 0.05578700940906698 0.05543256176262261 False True 0.009401453957169731 5.101288713178757 -0.0456894050539916 -2.48517303664354 0.0
