382 0 400.0 200.99999999999997 1.349930411999992 0.0 1.23 0.14311225007915387 0.14704923553952293 False True 0.0054296350119023805 3.547611354526526 -0.10274805330733368 -1.6574619331979927 0.0
382 1 412.0 212.99999999999997 2.733560003999969 0.0 1.22 0.14704923553952293 0.15109212566985353 False True 0.0054296350119023805 3.547611354526526 -0.10274805330733368 -1.6574619331979927 0.0
382 2 424.0 224.99999999999997 4.116399541999982 0.0 1.22 0.14704923553952293 0.15524052760199045 False True 0.0054296350119023805 3.547611354526526 -0.10274805330733368 -1.6574619331979927 0.0
382 3 436.0 236.99999999999997 5.50047312199996 0.0 1.2 0.15524052760199045 0.15949403791553682 False True 0.0054296350119023805 3.547611354526526 -0.10274805330733368 -1.6574619331979927 0.0
382 4 448.0 248.99999999999997 6.899971280999978 0.0 1.2 0.15524052760199045 0.163852242678214 False True 0.0054296350119023805 3.547611354526526 -0.10274805330733368 -1.6574619331979927 0.0
382 5 460.0 261.0 8.316279605999966 0.0 1.2 0.15524052760199045 0.1683147174872335 False True 0.0054296350119023805 3.547611354526526 -0.10274805330733368 -1.6574619331979927 0.0
382 6 472.0 273.0 9.710938933999984 0.0 1.18 0.163852242678214 0.13928155156538363 False True 0.0054296350119023805 3.547611354526526 -0.10274805330733368 -1.6574619331979927 0.0
382 7 484.0 285.0 11.106138743000002 0.0 1.2 0.15524052760199045 0.2596690501383667 False True 0.0054296350119023805 3.547611354526526 -0.10274805330733368 -1.6574619331979927 0.0
382 8 496.0 297.0 12.491477312 0.0 1.2 0.15524052760199045 0.2722735324771101 False True 0.0054296350119023805 3.547611354526526 -0.10274805330733368 -1.6574619331979927 0.0
382 9 508.0 309.0 13.894913712000005 0.0 1.2 0.15524052760199045 0.27871656949137297 False True 0.0054296350119023805 3.547611354526526 -0.10274805330733368 -1.6574619331979927 0.0
382 10 520.0 321.0 15.280943081999993 0.0 1.2 0.15524052760199045 0.13555751164510135 False True 0.0054296350119023805 3.547611354526526 -0.10274805330733368 -1.6574619331979927 0.0
382 11 532.0 333.0 16.667532951999988 0.0 1.2 0.15524052760199045 0.13194049129828542 False True 0.0054296350119023805 3.547611354526526 -0.10274805330733368 -1.6574619331979927 0.0
382 12 544.0 345.0 18.052767138999968 0.0 1.2 0.15524052760199045 0.1284308408019009 False True 0.0054296350119023805 3.547611354526526 -0.10274805330733368 -1.6574619331979927 0.0
382 13 556.0 357.0 19.43736880299997 0.0 1.2 0.15524052760199045 0.1276599423220511 False True 0.0054296350119023805 3.547611354526526 -0.10274805330733368 -1.6574619331979927 0.0
382 14 568.0 369.0 20.84015751299995 0.0 1.8900000000000001 0.1276599423220511 0.13113781779476485 False True 0.0054296350119023805 3.547611354526526 -0.10274805330733368 -1.6574619331979927 0.0
382 15 580.0 381.0 22.205853478999927 0.0 1.8900000000000001 0.1276599423220511 0.134722409992233 False True 0.0054296350119023805 3.547611354526526 -0.10274805330733368 -1.6574619331979927 0.0
382 16 592.0 393.0 23.570620551999923 0.0 1.8900000000000001 0.1276599423220511 0.13841334896168603 False True 0.0054296350119023805 3.547611354526526 -0.10274805330733368 -1.6574619331979927 0.0
382 17 604.0 405.0 24.947165603999935 0.0 1.8900000000000001 0.1276599423220511 0.12102576796238278 False True 0.0054296350119023805 3.547611354526526 -0.10274805330733368 -1.6574619331979927 0.0
382 18 616.0 417.0 26.323562926999927 0.0 1.8900000000000001 0.1276599423220511 0.13113781779476485 False True 0.0054296350119023805 3.547611354526526 -0.10274805330733368 -1.6574619331979927 0.0
382 19 620.0 421.0 27.691479858999912 0.0 1.8900000000000001 0.1276599423220511 0.13113781779476485 False True 0.0054296350119023805 3.547611354526526 -0.10274805330733368 -1.6574619331979927 0.0
382 20 624.0 425.0 29.07139460399992 0.0 1.8900000000000001 0.1276599423220511 0.11462391064163166 False True 0.0054296350119023805 3.547611354526526 -0.10274805330733368 -1.6574619331979927 0.0
382 21 636.0 437.0 30.44459341599992 0.0 1.8900000000000001 0.1276599423220511 0.10972910770548049 False True 0.0054296350119023805 3.547611354526526 -0.10274805330733368 -1.6574619331979927 0.0
382 22 648.0 449.0 31.825251241999922 0.0 8.31 0.10972910770548049 0.10493555213229451 False True 0.0054296350119023805 3.547611354526526 -0.10274805330733368 -1.6574619331979927 0.0
382 23 660.0 461.0 33.19735929399991 0.0 8.31 0.10972910770548049 0.12471524159187514 False True 0.0054296350119023805 3.547611354526526 -0.10274805330733368 -1.6574619331979927 0.0
382 24 672.0 473.0 34.5794515609999 0.0 8.31 0.10972910770548049 0.12991073596240676 False True 0.0054296350119023805 3.547611354526526 -0.10274805330733368 -1.6574619331979927 0.0
382 25 684.0 485.0 35.9621682209999 0.0 8.31 0.10972910770548049 0.1352054105121477 False True 0.0054296350119023805 3.547611354526526 -0.10274805330733368 -1.6574619331979927 0.0
382 26 696.0 497.0 37.34965570799989 0.0 8.31 0.10972910770548049 0.14059872351555086 False True 0.0054296350119023805 3.547611354526526 -0.10274805330733368 -1.6574619331979927 0.0
382 27 708.0 509.0 38.774828176999904 0.0 8.37 0.14059872351555086 0.1460901233820819 False True 0.0054296350119023805 3.547611354526526 -0.10274805330733368 -1.6574619331979927 0.0
382 28 720.0 521.0 40.1749295649999 0.0 8.37 0.14059872351555086 0.14221025411461374 False True 0.0054296350119023805 3.547611354526526 -0.10274805330733368 -1.6574619331979927 0.0
382 29 732.0 533.0 41.5936207899999 0.0 8.37 0.14059872351555086 0.1461127342648234 False True 0.0054296350119023805 3.547611354526526 -0.10274805330733368 -1.6574619331979927 0.0
382 30 744.0 545.0 42.9801555009999 0.0 8.31 0.10972910770548049 0.15012038766756564 False True 0.0054296350119023805 3.547611354526526 -0.10274805330733368 -1.6574619331979927 0.0
382 31 756.0 557.0 44.37730853699989 0.0 8.37 0.14059872351555086 0.15423280205970005 False True 0.0054296350119023805 3.547611354526526 -0.10274805330733368 -1.6574619331979927 0.0
382 32 768.0 569.0 45.7660573979999 0.0 8.34 0.12471524159187514 0.1276599423220511 False True 0.0054296350119023805 3.547611354526526 -0.10274805330733368 -1.6574619331979927 0.0
382 33 772.0 573.0 47.15996908799991 0.0 8.34 0.12471524159187514 0.1002437355300113 False True 0.0054296350119023805 3.547611354526526 -0.10274805330733368 -1.6574619331979927 0.0
382 34 784.0 585.0 48.551107713999926 0.0 8.29 0.1002437355300113 0.09565413933152712 False True 0.0054296350119023805 3.547611354526526 -0.10274805330733368 -1.6574619331979927 0.0
382 35 796.0 597.0 49.94932560399994 0.0 8.28 0.09565413933152712 0.09116723474656054 False True 0.0054296350119023805 3.547611354526526 -0.10274805330733368 -1.6574619331979927 0.0
382 36 808.0 609.0 51.34920957099993 0.0 8.28 0.09565413933152712 0.08678348271452657 False True 0.0054296350119023805 3.547611354526526 -0.10274805330733368 -1.6574619331979927 0.0
382 37 820.0 621.0 52.74891621799995 0.0 8.28 0.09565413933152712 0.08250333385844677 False True 0.0054296350119023805 3.547611354526526 -0.10274805330733368 -1.6574619331979927 0.0
382 38 832.0 633.0 54.136261280999946 0.0 8.28 0.09565413933152712 0.078327228439887 False True 0.0054296350119023805 3.547611354526526 -0.10274805330733368 -1.6574619331979927 0.0
382 39 844.0 645.0 55.52159687599996 0.0 8.28 0.09565413933152712 0.07425559631493005 False True 0.0054296350119023805 3.547611354526526 -0.10274805330733368 -1.6574619331979927 0.0
382 40 856.0 657.0 56.92599833799997 0.0 8.28 0.09565413933152712 0.07028885689119203 False True 0.0054296350119023805 3.547611354526526 -0.10274805330733368 -1.6574619331979927 0.0
382 41 868.0 669.0 58.308597617999965 0.0 8.28 0.09565413933152712 0.06642741908587967 False True 0.0054296350119023805 3.547611354526526 -0.10274805330733368 -1.6574619331979927 0.0
382 42 880.0 681.0 59.70499888799998 0.0 8.28 0.09565413933152712 0.06267168128490727 False True 0.0054296350119023805 3.547611354526526 -0.10274805330733368 -1.6574619331979927 0.0
382 43 892.0 693.0 61.05088722899998 0.0 8.28 0.09565413933152712 0.059022031303043634 False True 0.0054296350119023805 3.547611354526526 -0.10274805330733368 -1.6574619331979927 0.0
382 44 904.0 705.0 62.42624472699998 0.0 8.28 0.09565413933152712 0.055478846345145785 False True 0.0054296350119023805 3.547611354526526 -0.10274805330733368 -1.6574619331979927 0.0
382 45 916.0 717.0 63.806955964999986 0.0 8.28 0.09565413933152712 0.05204249296843148 False True 0.0054296350119023805 3.547611354526526 -0.10274805330733368 -1.6574619331979927 0.0
382 46 928.0 729.0 65.17719541099999 0.0 8.28 0.09565413933152712 0.048713327045823616 False True 0.0054296350119023805 3.547611354526526 -0.10274805330733368 -1.6574619331979927 0.0
382 47 940.0 741.0 66.55753185199998 0.0 8.28 0.09565413933152712 0.04549169373036652 False True 0.0054296350119023805 3.547611354526526 -0.10274805330733368 -1.6574619331979927 0.0
382 48 952.0 753.0 67.92659566999998 0.0 8.15 0.04549169373036652 0.04237792742071 False True 0.0054296350119023805 3.547611354526526 -0.10274805330733368 -1.6574619331979927 0.0
382 49 964.0 765.0 69.306497699 0.0 8.15 0.04549169373036652 0.039372351727667364 False True 0.0054296350119023805 3.547611354526526 -0.10274805330733368 -1.6574619331979927 0.0
382 50 976.0 777.0 70.677592027 0.0 8.28 0.09565413933152712 0.03647527944186028 False True 0.0054296350119023805 3.547611354526526 -0.10274805330733368 -1.6574619331979927 0.0
382 51 988.0 789.0 72.05895919900001 0.0 8.28 0.09565413933152712 0.03368701250243243 False True 0.0054296350119023805 3.547611354526526 -0.10274805330733368 -1.6574619331979927 0.0
382 52 1000.0 801.0 73.43065544500001 0.0 8.11 0.03368701250243243 0.031007841966863226 False True 0.0054296350119023805 3.547611354526526 -0.10274805330733368 -1.6574619331979927 0.0
382 53 1012.0 813.0 74.81485025600003 0.0 8.11 0.03368701250243243 0.02843804798185822 False True 0.0054296350119023805 3.547611354526526 -0.10274805330733368 -1.6574619331979927 0.0
382 54 1024.0 825.0 76.21886840400003 0.0 8.11 0.03368701250243243 0.025977899755335532 False True 0.0054296350119023805 3.547611354526526 -0.10274805330733368 -1.6574619331979927 0.0
382 55 1036.0 837.0 77.61574374100005 0.0 8.08 0.025977899755335532 0.023627655529507144 False True 0.0054296350119023805 3.547611354526526 -0.10274805330733368 -1.6574619331979927 0.0
382 56 1048.0 849.0 78.99847195900006 0.0 8.07 0.023627655529507144 0.021387562555052073 False True 0.0054296350119023805 3.547611354526526 -0.10274805330733368 -1.6574619331979927 0.0
382 57 1060.0 861.0 80.37032497700005 0.0 8.07 0.023627655529507144 0.019257857066394487 False True 0.0054296350119023805 3.547611354526526 -0.10274805330733368 -1.6574619331979927 0.0
382 58 1072.0 873.0 81.75014277300005 0.0 8.07 0.023627655529507144 0.025977899755335532 False True 0.0054296350119023805 3.547611354526526 -0.10274805330733368 -1.6574619331979927 0.0
382 59 1076.0 877.0 83.13099798100004 0.0 8.07 0.023627655529507144 0.017238764258078694 False True 0.0054296350119023805 3.547611354526526 -0.10274805330733368 -1.6574619331979927 0.0
382 60 1088.0 889.0 84.50153639600003 0.0 8.07 0.023627655529507144 0.015330498262250098 False True 0.0054296350119023805 3.547611354526526 -0.10274805330733368 -1.6574619331979927 0.0
382 61 1100.0 901.0 85.88249044900004 0.0 8.07 0.023627655529507144 0.013533262127245017 False True 0.0054296350119023805 3.547611354526526 -0.10274805330733368 -1.6574619331979927 0.0
382 62 1112.0 913.0 87.26405754900003 0.0 8.07 0.023627655529507144 0.011847247797281468 False True 0.0054296350119023805 3.547611354526526 -0.10274805330733368 -1.6574619331979927 0.0
382 63 1124.0 925.0 88.66105784100003 0.0 8.07 0.023627655529507144 0.025977899755335532 False True 0.0054296350119023805 3.547611354526526 -0.10274805330733368 -1.6574619331979927 0.0
382 64 1128.0 929.0 90.04778803800002 0.0 8.08 0.025977899755335532 0.01027263609326885 False True 0.0054296350119023805 3.547611354526526 -0.10274805330733368 -1.6574619331979927 0.0
382 65 1140.0 941.0 91.44431583400004 0.0 8.04 0.017238764258078694 0.008809596694722577 False True 0.0054296350119023805 3.547611354526526 -0.10274805330733368 -1.6574619331979927 0.0
382 66 1152.0 953.0 92.83342681800005 0.0 8.04 0.017238764258078694 0.007458288122802646 False True 0.0054296350119023805 3.547611354526526 -0.10274805330733368 -1.6574619331979927 0.0
382 67 1164.0 965.0 94.22286718800004 0.0 8.04 0.017238764258078694 0.006218857724455108 False True 0.0054296350119023805 3.547611354526526 -0.10274805330733368 -1.6574619331979927 0.0
382 68 1176.0 977.0 95.60724876800003 0.0 7.97 0.006218857724455108 0.00509144165767952 False True 0.0054296350119023805 3.547611354526526 -0.10274805330733368 -1.6574619331979927 0.0
382 69 1188.0 989.0 97.00181668900004 0.0 8.04 0.017238764258078694 0.0040761648779153135 False True 0.0054296350119023805 3.547611354526526 -0.10274805330733368 -1.6574619331979927 0.0
382 70 1200.0 1001.0 98.38736023500005 0.0 8.04 0.017238764258078694 0.0031731411255461173 False True 0.0054296350119023805 3.547611354526526 -0.10274805330733368 -1.6574619331979927 0.0
382 71 1212.0 1013.0 99.78383653000006 0.0 7.96 0.00509144165767952 0.006218857724455108 False True 0.0054296350119023805 3.547611354526526 -0.10274805330733368 -1.6574619331979927 0.0
382 72 1216.0 1017.0 101.20097540600005 0.0 7.96 0.00509144165767952 0.006218857724455108 False True 0.0054296350119023805 3.547611354526526 -0.10274805330733368 -1.6574619331979927 0.0
382 73 1220.0 1021.0 102.58652737700007 0.0 7.97 0.006218857724455108 0.00509144165767952 False True 0.0054296350119023805 3.547611354526526 -0.10274805330733368 -1.6574619331979927 0.0
382 74 1224.0 1025.0 103.98095798800006 0.0 7.97 0.006218857724455108 0.00509144165767952 False True 0.0054296350119023805 3.547611354526526 -0.10274805330733368 -1.6574619331979927 0.0
382 75 1228.0 1029.0 105.36591737800006 0.0 7.97 0.006218857724455108 0.00509144165767952 False True 0.0054296350119023805 3.547611354526526 -0.10274805330733368 -1.6574619331979927 0.0
382 76 1232.0 1033.0 106.75106088000004 0.0 7.96 0.00509144165767952 0.006218857724455108 False True 0.0054296350119023805 3.547611354526526 -0.10274805330733368 -1.6574619331979927 0.0
382 77 1236.0 1037.0 108.14618258400006 0.0 7.96 0.00509144165767952 0.0023824729145230147 False True 0.0054296350119023805 3.547611354526526 -0.10274805330733368 -1.6574619331979927 0.0
382 78 1248.0 1049.0 109.53194645200006 0.0 7.97 0.006218857724455108 0.00509144165767952 False True 0.0054296350119023805 3.547611354526526 -0.10274805330733368 -1.6574619331979927 0.0
382 79 1252.0 1053.0 110.92821777300006 0.0 7.96 0.00509144165767952 0.006218857724455108 False True 0.0054296350119023805 3.547611354526526 -0.10274805330733368 -1.6574619331979927 0.0
382 80 1256.0 1057.0 112.32602639800004 0.0 7.96 0.00509144165767952 0.0017042515221167632 False True 0.0054296350119023805 3.547611354526526 -0.10274805330733368 -1.6574619331979927 0.0
382 81 1268.0 1069.0 113.72308980100004 0.0 7.96 0.00509144165767952 0.0011385569797889548 False True 0.0054296350119023805 3.547611354526526 -0.10274805330733368 -1.6574619331979927 0.0
382 82 1280.0 1081.0 115.11030534400007 0.0 7.96 0.00509144165767952 0.0006854580651871255 False True 0.0054296350119023805 3.547611354526526 -0.10274805330733368 -1.6574619331979927 0.0
382 83 1292.0 1093.0 116.5055037330001 0.0 7.96 0.00509144165767952 0.0003450122952728317 False True 0.0054296350119023805 3.547611354526526 -0.10274805330733368 -1.6574619331979927 0.0
382 84 1304.0 1105.0 117.89034138000014 0.0 7.96 0.00509144165767952 0.00011726592056265804 False True 0.0054296350119023805 3.547611354526526 -0.10274805330733368 -1.6574619331979927 0.0
382 85 1316.0 1117.0 119.27183671600014 0.0 7.97 0.006218857724455108 2.253920509202175e-06 False True 0.0054296350119023805 3.547611354526526 -0.10274805330733368 -1.6574619331979927 0.0
382 86 1328.0 1129.0 120.66805969300012 0.0 8.04 0.017238764258078694 0.0 False True 0.0054296350119023805 3.547611354526526 -0.10274805330733368 -1.6574619331979927 0.0
382 87 1340.0 1141.0 122.05178577200016 0.0 7.96 0.00509144165767952 0.00011051658698741322 False True 0.0054296350119023805 3.547611354526526 -0.10274805330733368 -1.6574619331979927 0.0
382 88 1352.0 1153.0 123.45017898200015 0.0 7.85 0.00011051658698741322 0.00509144165767952 False True 0.0054296350119023805 3.547611354526526 -0.10274805330733368 -1.6574619331979927 0.0
382 89 1356.0 1157.0 124.84772985900017 0.0 7.85 0.00011051658698741322 0.000333804831250481 False True 0.0054296350119023805 3.547611354526526 -0.10274805330733368 -1.6574619331979927 0.0
382 90 1368.0 1169.0 126.24199894800014 0.0 7.85 0.00011051658698741322 0.0006698546042717059 False True 0.0054296350119023805 3.547611354526526 -0.10274805330733368 -1.6574619331979927 0.0
382 91 1380.0 1181.0 127.63155546300013 0.0 7.85 0.00011051658698741322 0.0011186445002598292 False True 0.0054296350119023805 3.547611354526526 -0.10274805330733368 -1.6574619331979927 0.0
382 92 1392.0 1193.0 129.0169804540001 0.0 7.82 0.0011186445002598292 0.00011051658698741322 False True 0.0054296350119023805 3.547611354526526 -0.10274805330733368 -1.6574619331979927 0.0
382 93 1396.0 1197.0 130.40118088500012 0.0 7.82 0.0011186445002598292 0.0016801418382795252 False True 0.0054296350119023805 3.547611354526526 -0.10274805330733368 -1.6574619331979927 0.0
382 94 1408.0 1209.0 131.7970797460001 0.0 7.82 0.0011186445002598292 0.00509144165767952 False True 0.0054296350119023805 3.547611354526526 -0.10274805330733368 -1.6574619331979927 0.0
382 95 1412.0 1213.0 133.1837343540001 0.0 7.96 0.00509144165767952 0.0023543026655300915 False True 0.0054296350119023805 3.547611354526526 -0.10274805330733368 -1.6574619331979927 0.0
382 96 1424.0 1225.0 134.6001034920001 0.0 7.82 0.0011186445002598292 0.0031410717617340626 False True 0.0054296350119023805 3.547611354526526 -0.10274805330733368 -1.6574619331979927 0.0
382 97 1436.0 1237.0 135.98717496100008 0.0 7.96 0.00509144165767952 0.004040382644662799 False True 0.0054296350119023805 3.547611354526526 -0.10274805330733368 -1.6574619331979927 0.0
382 98 1448.0 1249.0 137.38698293200005 0.0 7.79 0.0031410717617340626 0.005052157576783018 False True 0.0054296350119023805 3.547611354526526 -0.10274805330733368 -1.6574619331979927 0.0
382 99 1460.0 1261.0 138.78557395300007 0.0 7.77 0.005052157576783018 0.0061763075730292835 False True 0.0054296350119023805 3.547611354526526 -0.10274805330733368 -1.6574619331979927 0.0
382 100 1472.0 1273.0 140.18306009400007 0.0 7.77 0.005052157576783018 0.007412732409707449 False True 0.0054296350119023805 3.547611354526526 -0.10274805330733368 -1.6574619331979927 0.0
382 101 1484.0 1285.0 141.56792788400006 0.0 7.77 0.005052157576783018 0.0031410717617340626 False True 0.0054296350119023805 3.547611354526526 -0.10274805330733368 -1.6574619331979927 0.0
382 102 1488.0 1289.0 142.95278672600008 0.0 7.77 0.005052157576783018 0.0031410717617340626 False True 0.0054296350119023805 3.547611354526526 -0.10274805330733368 -1.6574619331979927 0.0
382 103 1492.0 1293.0 144.34886628600012 0.0 7.77 0.005052157576783018 0.0031410717617340626 False True 0.0054296350119023805 3.547611354526526 -0.10274805330733368 -1.6574619331979927 0.0
382 104 1496.0 1297.0 145.74921209700008 0.0 7.77 0.005052157576783018 0.0031410717617340626 False True 0.0054296350119023805 3.547611354526526 -0.10274805330733368 -1.6574619331979927 0.0
382 105 1500.0 1301.0 147.1512837640001 0.0 7.77 0.005052157576783018 0.0 False True 0.0054296350119023805 3.547611354526526 -0.10274805330733368 -1.6574619331979927 0.0
382 106 1504.0 1305.0 148.5507770500001 0.0 7.77 0.005052157576783018 0.008761320634511046 False True 0.0054296350119023805 3.547611354526526 -0.10274805330733368 -1.6574619331979927 0.0
382 107 1516.0 1317.0 149.9498795210001 0.0 7.77 0.005052157576783018 0.01022194957767062 False True 0.0054296350119023805 3.547611354526526 -0.10274805330733368 -1.6574619331979927 0.0
382 108 1528.0 1329.0 151.3472715130001 0.0 7.97 0.006218857724455108 0.011794485364220024 False True 0.0054296350119023805 3.547611354526526 -0.10274805330733368 -1.6574619331979927 0.0
382 109 1540.0 1341.0 152.7434753910001 0.0 7.97 0.006218857724455108 0.013478782927381635 False True 0.0054296350119023805 3.547611354526526 -0.10274805330733368 -1.6574619331979927 0.0
382 110 1552.0 1353.0 154.1393960340001 0.0 7.97 0.006218857724455108 0.015274686023076538 False True 0.0054296350119023805 3.547611354526526 -0.10274805330733368 -1.6574619331979927 0.0
382 111 1564.0 1365.0 155.5252621960001 0.0 7.89 0.0003450122952728317 0.01718202724554763 False True 0.0054296350119023805 3.547611354526526 -0.10274805330733368 -1.6574619331979927 0.0
382 112 1576.0 1377.0 156.9214204200001 0.0 7.97 0.006218857724455108 0.01920062804409767 False True 0.0054296350119023805 3.547611354526526 -0.10274805330733368 -1.6574619331979927 0.0
382 113 1588.0 1389.0 158.30848608900007 0.0 7.68 0.01920062804409767 0.021330298740948255 False True 0.0054296350119023805 3.547611354526526 -0.10274805330733368 -1.6574619331979927 0.0
382 114 1600.0 1401.0 159.70714859500012 0.0 7.68 0.01920062804409767 0.023570838550204736 False True 0.0054296350119023805 3.547611354526526 -0.10274805330733368 -1.6574619331979927 0.0
382 115 1612.0 1413.0 161.10622772000013 0.0 7.68 0.01920062804409767 0.02592203559793506 False True 0.0054296350119023805 3.547611354526526 -0.10274805330733368 -1.6574619331979927 0.0
382 116 1624.0 1425.0 162.51609684400015 0.0 7.68 0.01920062804409767 0.023570838550204736 False True 0.0054296350119023805 3.547611354526526 -0.10274805330733368 -1.6574619331979927 0.0
382 117 1628.0 1429.0 163.91646943000015 0.0 7.68 0.01920062804409767 0.023570838550204736 False True 0.0054296350119023805 3.547611354526526 -0.10274805330733368 -1.6574619331979927 0.0
382 118 1632.0 1433.0 165.31419542700016 0.0 7.68 0.01920062804409767 0.1775507275363678 False True 0.0054296350119023805 3.547611354526526 -0.10274805330733368 -1.6574619331979927 0.0
382 119 1644.0 1445.0 166.71059885400015 0.0 7.68 0.01920062804409767 0.17288102751175863 False True 0.0054296350119023805 3.547611354526526 -0.10274805330733368 -1.6574619331979927 0.0
382 120 1656.0 1457.0 168.09680308100016 0.0 7.68 0.01920062804409767 0.11482263244154349 False True 0.0054296350119023805 3.547611354526526 -0.10274805330733368 -1.6574619331979927 0.0
382 121 1668.0 1469.0 169.50702492400015 0.0 7.68 0.01920062804409767 0.11787015547466782 False True 0.0054296350119023805 3.547611354526526 -0.10274805330733368 -1.6574619331979927 0.0
382 122 1680.0 1481.0 170.91055146700015 0.0 7.68 0.01920062804409767 0.11188351510357056 False True 0.0054296350119023805 3.547611354526526 -0.10274805330733368 -1.6574619331979927 0.0
382 123 1692.0 1493.0 172.32405182700015 0.0 7.68 0.01920062804409767 0.10905310885967198 False True 0.0054296350119023805 3.547611354526526 -0.10274805330733368 -1.6574619331979927 0.0
382 124 1704.0 1505.0 173.7383512200001 0.0 1.83 0.10905310885967198 0.1063317082366119 False True 0.0054296350119023805 3.547611354526526 -0.10274805330733368 -1.6574619331979927 0.0
382 125 1716.0 1517.0 175.15264942100012 0.0 1.83 0.10905310885967198 0.01920062804409767 False True 0.0054296350119023805 3.547611354526526 -0.10274805330733368 -1.6574619331979927 0.0
382 126 1720.0 1521.0 176.5860542880001 0.0 1.83 0.10905310885967198 0.023570838550204736 False True 0.0054296350119023805 3.547611354526526 -0.10274805330733368 -1.6574619331979927 0.0
382 127 1724.0 1525.0 177.9811454570001 0.0 7.66 0.023570838550204736 0.01920062804409767 False True 0.0054296350119023805 3.547611354526526 -0.10274805330733368 -1.6574619331979927 0.0
382 128 1728.0 1529.0 179.3813957460001 0.0 1.83 0.10905310885967198 0.006218857724455108 False True 0.0054296350119023805 3.547611354526526 -0.10274805330733368 -1.6574619331979927 0.0
382 129 1732.0 1533.0 180.78926365700013 0.0 7.97 0.006218857724455108 0.10371959685952845 False True 0.0054296350119023805 3.547611354526526 -0.10274805330733368 -1.6574619331979927 0.0
382 130 1744.0 1545.0 182.19067155200017 0.0 7.97 0.006218857724455108 0.10121704742357865 False True 0.0054296350119023805 3.547611354526526 -0.10274805330733368 -1.6574619331979927 0.0
382 131 1756.0 1557.0 183.6042627860002 0.0 7.97 0.006218857724455108 0.00011051658698741322 False True 0.0054296350119023805 3.547611354526526 -0.10274805330733368 -1.6574619331979927 0.0
382 132 1760.0 1561.0 185.01787471900016 0.0 7.68 0.01920062804409767 0.004040382644662799 False True 0.0054296350119023805 3.547611354526526 -0.10274805330733368 -1.6574619331979927 0.0
382 133 1764.0 1565.0 186.43213438300015 0.0 7.68 0.01920062804409767 0.004040382644662799 False True 0.0054296350119023805 3.547611354526526 -0.10274805330733368 -1.6574619331979927 0.0
382 134 1768.0 1569.0 187.84784928200017 0.0 7.78 0.004040382644662799 0.01920062804409767 False True 0.0054296350119023805 3.547611354526526 -0.10274805330733368 -1.6574619331979927 0.0
382 135 1772.0 1573.0 189.26186179600015 0.0 7.68 0.01920062804409767 0.023570838550204736 False True 0.0054296350119023805 3.547611354526526 -0.10274805330733368 -1.6574619331979927 0.0
382 136 1776.0 1577.0 190.66536471100014 0.0 7.68 0.01920062804409767 0.1217349967441511 False True 0.0054296350119023805 3.547611354526526 -0.10274805330733368 -1.6574619331979927 0.0
382 137 1788.0 1589.0 192.07732130000014 0.0 7.68 0.01920062804409767 0.12502889969487682 False True 0.0054296350119023805 3.547611354526526 -0.10274805330733368 -1.6574619331979927 0.0
382 138 1800.0 1601.0 193.48002376800017 0.0 7.68 0.01920062804409767 0.11854944991179364 False True 0.0054296350119023805 3.547611354526526 -0.10274805330733368 -1.6574619331979927 0.0
382 139 1812.0 1613.0 194.89333454600015 0.0 7.68 0.01920062804409767 0.11547256632320708 False True 0.0054296350119023805 3.547611354526526 -0.10274805330733368 -1.6574619331979927 0.0
382 140 1824.0 1625.0 196.27231345400017 0.0 7.68 0.01920062804409767 0.11250464223641957 False True 0.0054296350119023805 3.547611354526526 -0.10274805330733368 -1.6574619331979927 0.0
382 141 1836.0 1637.0 197.66764646700014 0.0 7.68 0.01920062804409767 0.11854944991179364 False True 0.0054296350119023805 3.547611354526526 -0.10274805330733368 -1.6574619331979927 0.0
382 142 1840.0 1641.0 199.06429520900016 0.0 7.68 0.01920062804409767 0.0011186445002598292 False True 0.0054296350119023805 3.547611354526526 -0.10274805330733368 -1.6574619331979927 0.0
382 143 1844.0 1645.0 200.45924412700018 0.0 7.82 0.0011186445002598292 0.01920062804409767 False True 0.0054296350119023805 3.547611354526526 -0.10274805330733368 -1.6574619331979927 0.0
382 144 1848.0 1649.0 201.85566335100017 0.0 7.68 0.01920062804409767 0.1068968030868129 False True 0.0054296350119023805 3.547611354526526 -0.10274805330733368 -1.6574619331979927 0.0
382 145 1860.0 1661.0 203.25416285800017 0.0 7.68 0.01920062804409767 0.15736492834937213 False True 0.0054296350119023805 3.547611354526526 -0.10274805330733368 -1.6574619331979927 0.0
382 146 1872.0 1673.0 204.66221784400014 0.0 7.97 0.006218857724455108 0.151679048711375 False True 0.0054296350119023805 3.547611354526526 -0.10274805330733368 -1.6574619331979927 0.0
382 147 1884.0 1685.0 206.06022408900017 0.0 7.68 0.01920062804409767 0.16314718144543836 False True 0.0054296350119023805 3.547611354526526 -0.10274805330733368 -1.6574619331979927 0.0
382 148 1896.0 1697.0 207.47386131400017 0.0 7.77 0.005052157576783018 0.16902521751044847 False True 0.0054296350119023805 3.547611354526526 -0.10274805330733368 -1.6574619331979927 0.0
382 149 1908.0 1709.0 208.8921324560002 0.0 7.77 0.005052157576783018 0.15736492834937213 False True 0.0054296350119023805 3.547611354526526 -0.10274805330733368 -1.6574619331979927 0.0
382 150 1912.0 1713.0 210.3213338410002 0.0 7.77 0.005052157576783018 0.00011051658698741322 False True 0.0054296350119023805 3.547611354526526 -0.10274805330733368 -1.6574619331979927 0.0
382 151 1916.0 1717.0 211.75005379600017 0.0 7.97 0.006218857724455108 0.000333804831250481 False True 0.0054296350119023805 3.547611354526526 -0.10274805330733368 -1.6574619331979927 0.0
382 152 1920.0 1721.0 213.1685597380002 0.0 7.97 0.006218857724455108 0.17499843647583344 False True 0.0054296350119023805 3.547611354526526 -0.10274805330733368 -1.6574619331979927 0.0
382 153 1932.0 1733.0 214.5953662700002 0.0 7.97 0.006218857724455108 0.1810662287535806 False True 0.0054296350119023805 3.547611354526526 -0.10274805330733368 -1.6574619331979927 0.0
382 154 1944.0 1745.0 216.0134467040002 0.0 7.97 0.006218857724455108 0.18722797529720553 False True 0.0054296350119023805 3.547611354526526 -0.10274805330733368 -1.6574619331979927 0.0
382 155 1956.0 1757.0 217.4415975220002 0.0 7.97 0.006218857724455108 0.1934830476636432 False True 0.0054296350119023805 3.547611354526526 -0.10274805330733368 -1.6574619331979927 0.0
382 156 1968.0 1769.0 218.8578193670002 0.0 7.97 0.006218857724455108 0.19983080807610112 False True 0.0054296350119023805 3.547611354526526 -0.10274805330733368 -1.6574619331979927 0.0
382 157 1980.0 1781.0 220.2870669120002 0.0 7.97 0.006218857724455108 0.2062706094878242 False True 0.0054296350119023805 3.547611354526526 -0.10274805330733368 -1.6574619331979927 0.0
382 158 1992.0 1793.0 221.7140498860002 0.0 7.97 0.006218857724455108 0.21280179564681273 False True 0.0054296350119023805 3.547611354526526 -0.10274805330733368 -1.6574619331979927 0.0
382 159 2004.0 1805.0 223.1336751100002 0.0 7.97 0.006218857724455108 0.21942370116144044 False True 0.0054296350119023805 3.547611354526526 -0.10274805330733368 -1.6574619331979927 0.0
382 160 2016.0 1817.0 224.5681620140002 0.0 7.97 0.006218857724455108 0.22613565156699184 False True 0.0054296350119023805 3.547611354526526 -0.10274805330733368 -1.6574619331979927 0.0
382 161 2028.0 1829.0 225.99376445500022 0.0 7.96 0.00509144165767952 0.023570838550204736 False True 0.0054296350119023805 3.547611354526526 -0.10274805330733368 -1.6574619331979927 0.0
382 162 2032.0 1833.0 227.42032169600023 0.0 7.96 0.00509144165767952 0.0011186445002598292 False True 0.0054296350119023805 3.547611354526526 -0.10274805330733368 -1.6574619331979927 0.0
382 163 2036.0 1837.0 228.84655148900023 0.0 7.82 0.0011186445002598292 0.00509144165767952 False True 0.0054296350119023805 3.547611354526526 -0.10274805330733368 -1.6574619331979927 0.0
382 164 2040.0 1841.0 230.2622526860002 0.0 7.82 0.0011186445002598292 0.00509144165767952 False True 0.0054296350119023805 3.547611354526526 -0.10274805330733368 -1.6574619331979927 0.0
382 165 2044.0 1845.0 231.68873249800018 0.0 7.82 0.0011186445002598292 0.023627655529507144 False True 0.0054296350119023805 3.547611354526526 -0.10274805330733368 -1.6574619331979927 0.0
382 166 2048.0 1849.0 233.10565161500014 0.0 7.82 0.0011186445002598292 0.004040382644662799 False True 0.0054296350119023805 3.547611354526526 -0.10274805330733368 -1.6574619331979927 0.0
382 167 2052.0 1853.0 234.53320851800012 0.0 7.82 0.0011186445002598292 0.08678348271452657 False True 0.0054296350119023805 3.547611354526526 -0.10274805330733368 -1.6574619331979927 0.0
382 168 2056.0 1857.0 235.96281313200015 0.0 7.82 0.0011186445002598292 0.18719846506944343 False True 0.0054296350119023805 3.547611354526526 -0.10274805330733368 -1.6574619331979927 0.0
382 169 2068.0 1869.0 237.39133424800016 0.0 7.82 0.0011186445002598292 0.19217556063005106 False True 0.0054296350119023805 3.547611354526526 -0.10274805330733368 -1.6574619331979927 0.0
382 170 2080.0 1881.0 238.81993652800017 0.0 7.82 0.0011186445002598292 0.18232336200558594 False True 0.0054296350119023805 3.547611354526526 -0.10274805330733368 -1.6574619331979927 0.0
382 171 2092.0 1893.0 240.24563142100018 0.0 7.82 0.0011186445002598292 0.20243377389706674 False True 0.0054296350119023805 3.547611354526526 -0.10274805330733368 -1.6574619331979927 0.0
382 172 2104.0 1905.0 241.67757145400017 0.0 7.82 0.0011186445002598292 0.1972541623892165 False True 0.0054296350119023805 3.547611354526526 -0.10274805330733368 -1.6574619331979927 0.0
382 173 2116.0 1917.0 243.09430113900018 0.0 7.82 0.0011186445002598292 0.21309398989984885 False True 0.0054296350119023805 3.547611354526526 -0.10274805330733368 -1.6574619331979927 0.0
382 174 2128.0 1929.0 244.5096854820002 0.0 7.82 0.0011186445002598292 0.20771388860170226 False True 0.0054296350119023805 3.547611354526526 -0.10274805330733368 -1.6574619331979927 0.0
382 175 2140.0 1941.0 245.93590679700023 0.0 7.82 0.0011186445002598292 0.21857355118850935 False True 0.0054296350119023805 3.547611354526526 -0.10274805330733368 -1.6574619331979927 0.0
382 176 2152.0 1953.0 247.35283772300025 0.0 7.82 0.0011186445002598292 0.22982889764377817 False True 0.0054296350119023805 3.547611354526526 -0.10274805330733368 -1.6574619331979927 0.0
382 177 2164.0 1965.0 248.78024272700029 0.0 7.82 0.0011186445002598292 0.2414755171751383 False True 0.0054296350119023805 3.547611354526526 -0.10274805330733368 -1.6574619331979927 0.0
382 178 2176.0 1977.0 250.2100625750003 0.0 7.82 0.0011186445002598292 0.2241520359176369 False True 0.0054296350119023805 3.547611354526526 -0.10274805330733368 -1.6574619331979927 0.0
382 179 2188.0 1989.0 251.63978796300032 0.0 7.82 0.0011186445002598292 0.2474441331231536 False True 0.0054296350119023805 3.547611354526526 -0.10274805330733368 -1.6574619331979927 0.0
