271 0 400.0 200.99999999999994 1.417947933000022 0.0 1.78 0.08598194615071476 0.08404721916016047 False True 0.00216730010534213 1.2285579789317724 -0.044075109581461845 -0.26716440418757187 0.0
271 1 412.0 212.99999999999994 2.887221002000018 0.0 1.78 0.08598194615071476 0.08801492116005774 False True 0.00216730010534213 1.2285579789317724 -0.044075109581461845 -0.26716440418757187 0.0
271 2 424.0 224.99999999999994 4.362542637000018 0.0 1.78 0.08598194615071476 0.09014593066561438 False True 0.00216730010534213 1.2285579789317724 -0.044075109581461845 -0.26716440418757187 0.0
271 3 436.0 236.99999999999994 5.832610947000006 0.0 1.78 0.08598194615071476 0.08221094388522839 False True 0.00216730010534213 1.2285579789317724 -0.044075109581461845 -0.26716440418757187 0.0
271 4 448.0 248.99999999999994 7.316068424000008 0.0 1.76 0.08221094388522839 0.0804733141766396 False True 0.00216730010534213 1.2285579789317724 -0.044075109581461845 -0.26716440418757187 0.0
271 5 460.0 260.99999999999994 8.827494707 0.0 1.76 0.08221094388522839 0.07883451401961689 False True 0.00216730010534213 1.2285579789317724 -0.044075109581461845 -0.26716440418757187 0.0
271 6 472.0 272.99999999999994 10.315399370000023 0.0 1.76 0.08221094388522839 0.18370873814791616 False True 0.00216730010534213 1.2285579789317724 -0.044075109581461845 -0.26716440418757187 0.0
271 7 484.0 284.99999999999994 11.792654794000015 0.0 1.76 0.08221094388522839 0.19542314515967482 False True 0.00216730010534213 1.2285579789317724 -0.044075109581461845 -0.26716440418757187 0.0
271 8 496.0 296.99999999999994 13.281871618000025 0.0 1.76 0.08221094388522839 0.20140094268777117 False True 0.00216730010534213 1.2285579789317724 -0.044075109581461845 -0.26716440418757187 0.0
271 9 508.0 308.99999999999994 14.768733110000028 0.0 1.76 0.08221094388522839 0.2760190504397988 False True 0.00216730010534213 1.2285579789317724 -0.044075109581461845 -0.26716440418757187 0.0
271 10 520.0 320.99999999999994 16.257983730000035 0.0 1.76 0.08221094388522839 0.28843327736848534 False True 0.00216730010534213 1.2285579789317724 -0.044075109581461845 -0.26716440418757187 0.0
271 11 532.0 332.99999999999994 17.747533161000035 0.0 1.76 0.08221094388522839 0.1779733219671604 False True 0.00216730010534213 1.2285579789317724 -0.044075109581461845 -0.26716440418757187 0.0
271 12 544.0 344.99999999999994 19.237386256000036 0.0 1.76 0.08221094388522839 0.29475697479812785 False True 0.00216730010534213 1.2285579789317724 -0.044075109581461845 -0.26716440418757187 0.0
271 13 556.0 356.99999999999994 20.747516009000037 0.0 1.76 0.08221094388522839 0.207458327287684 False True 0.00216730010534213 1.2285579789317724 -0.044075109581461845 -0.26716440418757187 0.0
271 14 568.0 368.99999999999994 22.235919245000048 0.0 1.76 0.08221094388522839 0.21359468228728626 False True 0.00216730010534213 1.2285579789317724 -0.044075109581461845 -0.26716440418757187 0.0
271 15 580.0 380.99999999999994 23.721125253000054 0.0 1.76 0.08221094388522839 0.09237475134041952 False True 0.00216730010534213 1.2285579789317724 -0.044075109581461845 -0.26716440418757187 0.0
271 16 592.0 392.99999999999994 25.19754447200006 0.0 1.76 0.08221094388522839 0.3011575406013983 False True 0.00216730010534213 1.2285579789317724 -0.044075109581461845 -0.26716440418757187 0.0
271 17 604.0 404.99999999999994 26.683437242000053 0.0 1.76 0.08221094388522839 0.3076343244500423 False True 0.00216730010534213 1.2285579789317724 -0.044075109581461845 -0.26716440418757187 0.0
271 18 616.0 416.99999999999994 28.15960253500006 0.0 1.76 0.08221094388522839 0.07729471751549002 False True 0.00216730010534213 1.2285579789317724 -0.044075109581461845 -0.26716440418757187 0.0
271 19 628.0 428.99999999999994 29.668936606000074 0.0 1.73 0.07729471751549002 0.07585408886428237 False True 0.00216730010534213 1.2285579789317724 -0.044075109581461845 -0.26716440418757187 0.0
271 20 640.0 440.99999999999994 31.17302542200008 0.0 1.73 0.07729471751549002 0.07451278234829237 False True 0.00216730010534213 1.2285579789317724 -0.044075109581461845 -0.26716440418757187 0.0
271 21 652.0 452.99999999999994 32.65393964600008 0.0 1.73 0.07729471751549002 0.07327094231666699 False True 0.00216730010534213 1.2285579789317724 -0.044075109581461845 -0.26716440418757187 0.0
271 22 664.0 464.99999999999994 34.1313843480001 0.0 1.73 0.07729471751549002 0.07327094231666699 False True 0.00216730010534213 1.2285579789317724 -0.044075109581461845 -0.26716440418757187 0.0
271 23 668.0 468.99999999999994 35.6189903020001 0.0 1.7 0.07327094231666699 0.0721287031709648 False True 0.00216730010534213 1.2285579789317724 -0.044075109581461845 -0.26716440418757187 0.0
271 24 680.0 480.99999999999994 37.107117470000105 0.0 1.7 0.07327094231666699 0.07729471751549002 False True 0.00216730010534213 1.2285579789317724 -0.044075109581461845 -0.26716440418757187 0.0
271 25 684.0 484.99999999999994 38.60605302200011 0.0 1.7 0.07327094231666699 0.07729471751549002 False True 0.00216730010534213 1.2285579789317724 -0.044075109581461845 -0.26716440418757187 0.0
271 26 688.0 488.99999999999994 40.08325563200012 0.0 1.73 0.07729471751549002 0.0721287031709648 False True 0.00216730010534213 1.2285579789317724 -0.044075109581461845 -0.26716440418757187 0.0
271 27 692.0 492.99999999999994 41.59381727100012 0.0 1.73 0.07729471751549002 0.07108618935171795 False True 0.00216730010534213 1.2285579789317724 -0.044075109581461845 -0.26716440418757187 0.0
271 28 704.0 504.99999999999994 43.079803230000095 0.0 1.73 0.07729471751549002 0.0721287031709648 False True 0.00216730010534213 1.2285579789317724 -0.044075109581461845 -0.26716440418757187 0.0
271 29 708.0 508.99999999999994 44.5674292170001 0.0 1.73 0.07729471751549002 0.07014351532598571 False True 0.00216730010534213 1.2285579789317724 -0.044075109581461845 -0.26716440418757187 0.0
271 30 720.0 521.0 46.05845224000012 0.0 1.76 0.08221094388522839 0.0693007855759105 False True 0.00216730010534213 1.2285579789317724 -0.044075109581461845 -0.26716440418757187 0.0
271 31 732.0 533.0 47.54350826700011 0.0 1.76 0.08221094388522839 0.06855809458826978 False True 0.00216730010534213 1.2285579789317724 -0.044075109581461845 -0.26716440418757187 0.0
271 32 744.0 545.0 49.02056334900013 0.0 1.7 0.07327094231666699 0.06855809458826978 False True 0.00216730010534213 1.2285579789317724 -0.044075109581461845 -0.26716440418757187 0.0
271 33 748.0 549.0 50.508748322000116 0.0 1.7 0.07327094231666699 0.06791552684502529 False True 0.00216730010534213 1.2285579789317724 -0.044075109581461845 -0.26716440418757187 0.0
271 34 760.0 561.0 51.99483660700011 0.0 1.76 0.08221094388522839 0.06737315681487688 False True 0.00216730010534213 1.2285579789317724 -0.044075109581461845 -0.26716440418757187 0.0
271 35 772.0 573.0 53.48292285500011 0.0 1.73 0.07729471751549002 0.06693104894581564 False True 0.00216730010534213 1.2285579789317724 -0.044075109581461845 -0.26716440418757187 0.0
271 36 784.0 585.0 54.97009349400011 0.0 1.73 0.07729471751549002 0.0665892576586788 False True 0.00216730010534213 1.2285579789317724 -0.044075109581461845 -0.26716440418757187 0.0
271 37 796.0 597.0 56.4837026540001 0.0 1.61 0.0665892576586788 0.08221094388522839 False True 0.00216730010534213 1.2285579789317724 -0.044075109581461845 -0.26716440418757187 0.0
271 38 800.0 601.0 57.97541476200007 0.0 1.61 0.0665892576586788 0.06634782734170847 False True 0.00216730010534213 1.2285579789317724 -0.044075109581461845 -0.26716440418757187 0.0
271 39 812.0 613.0 59.47157148000008 0.0 1.6 0.06634782734170847 0.06620679234611303 False True 0.00216730010534213 1.2285579789317724 -0.044075109581461845 -0.26716440418757187 0.0
271 40 824.0 625.0 60.94963728700009 0.0 1.6 0.06634782734170847 0.0665892576586788 False True 0.00216730010534213 1.2285579789317724 -0.044075109581461845 -0.26716440418757187 0.0
271 41 828.0 629.0 62.437443251000104 0.0 1.6 0.06634782734170847 0.06616617698262878 False True 0.00216730010534213 1.2285579789317724 -0.044075109581461845 -0.26716440418757187 0.0
271 42 840.0 641.0 63.92399103300011 0.0 1.58 0.06616617698262878 0.0662259955190959 False True 0.00216730010534213 1.2285579789317724 -0.044075109581461845 -0.26716440418757187 0.0
271 43 852.0 653.0 65.4002712680001 0.0 1.58 0.06616617698262878 0.0662259955190959 False True 0.00216730010534213 1.2285579789317724 -0.044075109581461845 -0.26716440418757187 0.0
271 44 856.0 657.0 66.88715214900012 0.0 1.58 0.06616617698262878 0.06634782734170847 False True 0.00216730010534213 1.2285579789317724 -0.044075109581461845 -0.26716440418757187 0.0
271 45 860.0 661.0 68.3753746720001 0.0 1.58 0.06616617698262878 0.06638625217902382 False True 0.00216730010534213 1.2285579789317724 -0.044075109581461845 -0.26716440418757187 0.0
271 46 872.0 673.0 69.85263722700012 0.0 1.58 0.06616617698262878 0.06664694114117548 False True 0.00216730010534213 1.2285579789317724 -0.044075109581461845 -0.26716440418757187 0.0
271 47 884.0 685.0 71.3365656580001 0.0 1.58 0.06616617698262878 0.06634782734170847 False True 0.00216730010534213 1.2285579789317724 -0.044075109581461845 -0.26716440418757187 0.0
271 48 888.0 689.0 72.82290069700011 0.0 1.6 0.06634782734170847 0.06616617698262878 False True 0.00216730010534213 1.2285579789317724 -0.044075109581461845 -0.26716440418757187 0.0
271 49 892.0 693.0 74.3108632790001 0.0 1.58 0.06616617698262878 0.0662259955190959 False True 0.00216730010534213 1.2285579789317724 -0.044075109581461845 -0.26716440418757187 0.0
271 50 896.0 697.0 75.83963223000009 0.0 1.58 0.06616617698262878 0.06700804654014549 False True 0.00216730010534213 1.2285579789317724 -0.044075109581461845 -0.26716440418757187 0.0
271 51 908.0 709.0 77.32386671300009 0.0 1.54 0.06700804654014549 0.06616617698262878 False True 0.00216730010534213 1.2285579789317724 -0.044075109581461845 -0.26716440418757187 0.0
271 52 912.0 713.0 78.81072210700009 0.0 1.58 0.06616617698262878 0.06700804654014549 False True 0.00216730010534213 1.2285579789317724 -0.044075109581461845 -0.26716440418757187 0.0
271 53 916.0 717.0 80.29838487900008 0.0 1.54 0.06700804654014549 0.06616617698262878 False True 0.00216730010534213 1.2285579789317724 -0.044075109581461845 -0.26716440418757187 0.0
271 54 920.0 721.0 81.77605895300007 0.0 1.54 0.06700804654014549 0.06746954246794902 False True 0.00216730010534213 1.2285579789317724 -0.044075109581461845 -0.26716440418757187 0.0
271 55 932.0 733.0 83.27843862400007 0.0 1.54 0.06700804654014549 0.0680313929766127 False True 0.00216730010534213 1.2285579789317724 -0.044075109581461845 -0.26716440418757187 0.0
271 56 944.0 745.0 84.78114483000007 0.0 1.52 0.0680313929766127 0.06869355208176561 False True 0.00216730010534213 1.2285579789317724 -0.044075109581461845 -0.26716440418757187 0.0
271 57 956.0 757.0 86.27295025600009 0.0 1.52 0.0680313929766127 0.06700804654014549 False True 0.00216730010534213 1.2285579789317724 -0.044075109581461845 -0.26716440418757187 0.0
271 58 960.0 761.0 87.77557647400008 0.0 1.52 0.0680313929766127 0.06616617698262878 False True 0.00216730010534213 1.2285579789317724 -0.044075109581461845 -0.26716440418757187 0.0
271 59 964.0 765.0 89.26867307800009 0.0 1.58 0.06616617698262878 0.06746954246794902 False True 0.00216730010534213 1.2285579789317724 -0.044075109581461845 -0.26716440418757187 0.0
271 60 968.0 769.0 90.7708485710001 0.0 1.58 0.06616617698262878 0.06945596376724279 False True 0.00216730010534213 1.2285579789317724 -0.044075109581461845 -0.26716440418757187 0.0
271 61 980.0 781.0 92.27442524000011 0.0 1.58 0.06616617698262878 0.0703185619906855 False True 0.00216730010534213 1.2285579789317724 -0.044075109581461845 -0.26716440418757187 0.0
271 62 992.0 793.0 93.76774355200013 0.0 1.58 0.06616617698262878 0.07128127069014491 False True 0.00216730010534213 1.2285579789317724 -0.044075109581461845 -0.26716440418757187 0.0
271 63 1004.0 805.0 95.27104128300013 0.0 1.48 0.07128127069014491 0.06616617698262878 False True 0.00216730010534213 1.2285579789317724 -0.044075109581461845 -0.26716440418757187 0.0
271 64 1008.0 809.0 96.77554881600011 0.0 1.58 0.06616617698262878 0.07128127069014491 False True 0.00216730010534213 1.2285579789317724 -0.044075109581461845 -0.26716440418757187 0.0
271 65 1012.0 813.0 98.2694622080001 0.0 1.54 0.06700804654014549 0.0680313929766127 False True 0.00216730010534213 1.2285579789317724 -0.044075109581461845 -0.26716440418757187 0.0
271 66 1016.0 817.0 99.77153398700008 0.0 1.58 0.06616617698262878 0.07234400379168528 False True 0.00216730010534213 1.2285579789317724 -0.044075109581461845 -0.26716440418757187 0.0
271 67 1028.0 829.0 101.30203384500007 0.0 1.58 0.06616617698262878 0.06634782734170847 False True 0.00216730010534213 1.2285579789317724 -0.044075109581461845 -0.26716440418757187 0.0
271 68 1032.0 833.0 102.80572140100006 0.0 1.58 0.06616617698262878 0.07350666521799952 False True 0.00216730010534213 1.2285579789317724 -0.044075109581461845 -0.26716440418757187 0.0
271 69 1044.0 845.0 104.30897655400005 0.0 1.58 0.06616617698262878 0.07476914889800815 False True 0.00216730010534213 1.2285579789317724 -0.044075109581461845 -0.26716440418757187 0.0
271 70 1056.0 857.0 105.79911031700004 0.0 1.58 0.06616617698262878 0.07613133877746972 False True 0.00216730010534213 1.2285579789317724 -0.044075109581461845 -0.26716440418757187 0.0
271 71 1068.0 869.0 107.30067107600004 0.0 1.58 0.06616617698262878 0.0775931088305907 False True 0.00216730010534213 1.2285579789317724 -0.044075109581461845 -0.26716440418757187 0.0
271 72 1080.0 881.0 108.80378954300005 0.0 1.58 0.06616617698262878 0.07915432307261838 False True 0.00216730010534213 1.2285579789317724 -0.044075109581461845 -0.26716440418757187 0.0
271 73 1092.0 893.0 110.29576605900004 0.0 1.58 0.06616617698262878 0.08081483557345087 False True 0.00216730010534213 1.2285579789317724 -0.044075109581461845 -0.26716440418757187 0.0
271 74 1104.0 905.0 111.78710279200004 0.0 1.58 0.06616617698262878 0.08257449047221968 False True 0.00216730010534213 1.2285579789317724 -0.044075109581461845 -0.26716440418757187 0.0
271 75 1116.0 917.0 113.30476996900006 0.0 1.4000000000000001 0.08257449047221968 0.08443312199288383 False True 0.00216730010534213 1.2285579789317724 -0.044075109581461845 -0.26716440418757187 0.0
271 76 1128.0 929.0 114.82389037500005 0.0 1.4000000000000001 0.08257449047221968 0.08639055446079924 False True 0.00216730010534213 1.2285579789317724 -0.044075109581461845 -0.26716440418757187 0.0
271 77 1140.0 941.0 116.33283992000005 0.0 1.4000000000000001 0.08257449047221968 0.08844660232029622 False True 0.00216730010534213 1.2285579789317724 -0.044075109581461845 -0.26716440418757187 0.0
271 78 1152.0 953.0 117.85210620700005 0.0 1.58 0.06616617698262878 0.09060107015322409 False True 0.00216730010534213 1.2285579789317724 -0.044075109581461845 -0.26716440418757187 0.0
271 79 1164.0 965.0 119.37651870600004 0.0 1.4100000000000001 0.08081483557345087 0.0662259955190959 False True 0.00216730010534213 1.2285579789317724 -0.044075109581461845 -0.26716440418757187 0.0
271 80 1168.0 969.0 120.89812226100005 0.0 1.61 0.0665892576586788 0.07128127069014491 False True 0.00216730010534213 1.2285579789317724 -0.044075109581461845 -0.26716440418757187 0.0
271 81 1172.0 973.0 122.42165333100004 0.0 1.58 0.06616617698262878 0.0928537526985039 False True 0.00216730010534213 1.2285579789317724 -0.044075109581461845 -0.26716440418757187 0.0
271 82 1184.0 985.0 123.93521130000008 0.0 1.35 0.0928537526985039 0.09520443487264654 False True 0.00216730010534213 1.2285579789317724 -0.044075109581461845 -0.26716440418757187 0.0
271 83 1196.0 997.0 125.45939657800008 0.0 1.35 0.0928537526985039 0.09765289179126112 False True 0.00216730010534213 1.2285579789317724 -0.044075109581461845 -0.26716440418757187 0.0
271 84 1208.0 1009.0 126.98096500000005 0.0 1.35 0.0928537526985039 0.09765289179126112 False True 0.00216730010534213 1.2285579789317724 -0.044075109581461845 -0.26716440418757187 0.0
271 85 1212.0 1013.0 128.50563614800004 0.0 1.33 0.09765289179126112 0.0928537526985039 False True 0.00216730010534213 1.2285579789317724 -0.044075109581461845 -0.26716440418757187 0.0
271 86 1216.0 1017.0 130.02652914200004 0.0 1.33 0.09765289179126112 0.10019888879154831 False True 0.00216730010534213 1.2285579789317724 -0.044075109581461845 -0.26716440418757187 0.0
271 87 1228.0 1029.0 131.566392869 0.0 1.33 0.09765289179126112 0.10284218145576439 False True 0.00216730010534213 1.2285579789317724 -0.044075109581461845 -0.26716440418757187 0.0
271 88 1240.0 1041.0 133.105574008 0.0 1.33 0.09765289179126112 0.10558251563565943 False True 0.00216730010534213 1.2285579789317724 -0.044075109581461845 -0.26716440418757187 0.0
271 89 1252.0 1053.0 134.667704704 0.0 1.33 0.09765289179126112 0.0928537526985039 False True 0.00216730010534213 1.2285579789317724 -0.044075109581461845 -0.26716440418757187 0.0
271 90 1256.0 1057.0 136.22695690199996 0.0 1.33 0.09765289179126112 0.10841962747789706 False True 0.00216730010534213 1.2285579789317724 -0.044075109581461845 -0.26716440418757187 0.0
271 91 1268.0 1069.0 137.76639816499997 0.0 1.33 0.09765289179126112 0.11135324345043938 False True 0.00216730010534213 1.2285579789317724 -0.044075109581461845 -0.26716440418757187 0.0
271 92 1280.0 1081.0 139.29190416099996 0.0 1.33 0.09765289179126112 0.11438308036989547 False True 0.00216730010534213 1.2285579789317724 -0.044075109581461845 -0.26716440418757187 0.0
271 93 1292.0 1093.0 140.80962991199996 0.0 1.33 0.09765289179126112 0.11750884542984243 False True 0.00216730010534213 1.2285579789317724 -0.044075109581461845 -0.26716440418757187 0.0
271 94 1304.0 1105.0 142.31064661199994 0.0 1.33 0.09765289179126112 0.12073023623010627 False True 0.00216730010534213 1.2285579789317724 -0.044075109581461845 -0.26716440418757187 0.0
271 95 1316.0 1117.0 143.81109433499992 0.0 1.33 0.09765289179126112 0.11438308036989547 False True 0.00216730010534213 1.2285579789317724 -0.044075109581461845 -0.26716440418757187 0.0
271 96 1320.0 1121.0 145.31810134999992 0.0 1.33 0.09765289179126112 0.12404694080700292 False True 0.00216730010534213 1.2285579789317724 -0.044075109581461845 -0.26716440418757187 0.0
271 97 1332.0 1133.0 146.81356919599992 0.0 1.28 0.11135324345043938 0.0928537526985039 False True 0.00216730010534213 1.2285579789317724 -0.044075109581461845 -0.26716440418757187 0.0
271 98 1336.0 1137.0 148.3033033809999 0.0 1.35 0.0928537526985039 0.10284218145576439 False True 0.00216730010534213 1.2285579789317724 -0.044075109581461845 -0.26716440418757187 0.0
271 99 1340.0 1141.0 149.7979640419999 0.0 1.35 0.0928537526985039 0.11438308036989547 False True 0.00216730010534213 1.2285579789317724 -0.044075109581461845 -0.26716440418757187 0.0
271 100 1344.0 1145.0 151.2825696659999 0.0 1.35 0.0928537526985039 0.11438308036989547 False True 0.00216730010534213 1.2285579789317724 -0.044075109581461845 -0.26716440418757187 0.0
271 101 1348.0 1149.0 152.7869283019999 0.0 1.27 0.11438308036989547 0.0928537526985039 False True 0.00216730010534213 1.2285579789317724 -0.044075109581461845 -0.26716440418757187 0.0
271 102 1352.0 1153.0 154.3060178559999 0.0 1.27 0.11438308036989547 0.0928537526985039 False True 0.00216730010534213 1.2285579789317724 -0.044075109581461845 -0.26716440418757187 0.0
271 103 1356.0 1157.0 155.82600961299985 0.0 1.27 0.11438308036989547 0.1274586376645301 False True 0.00216730010534213 1.2285579789317724 -0.044075109581461845 -0.26716440418757187 0.0
271 104 1368.0 1169.0 157.33572053599985 0.0 1.27 0.11438308036989547 0.13096499580652118 False True 0.00216730010534213 1.2285579789317724 -0.044075109581461845 -0.26716440418757187 0.0
271 105 1380.0 1181.0 158.85724839999986 0.0 1.27 0.11438308036989547 0.13456567476974274 False True 0.00216730010534213 1.2285579789317724 -0.044075109581461845 -0.26716440418757187 0.0
271 106 1392.0 1193.0 160.3643080979999 0.0 1.27 0.11438308036989547 0.1382603246579433 False True 0.00216730010534213 1.2285579789317724 -0.044075109581461845 -0.26716440418757187 0.0
271 107 1404.0 1205.0 161.8820832389999 0.0 1.27 0.11438308036989547 0.14204858617683347 False True 0.00216730010534213 1.2285579789317724 -0.044075109581461845 -0.26716440418757187 0.0
271 108 1416.0 1217.0 163.3736995909999 0.0 1.27 0.11438308036989547 0.1459300906700314 False True 0.00216730010534213 1.2285579789317724 -0.044075109581461845 -0.26716440418757187 0.0
271 109 1428.0 1229.0 164.86035336099994 0.0 1.27 0.11438308036989547 0.14990446015590927 False True 0.00216730010534213 1.2285579789317724 -0.044075109581461845 -0.26716440418757187 0.0
271 110 1440.0 1241.0 166.33745191999995 0.0 1.27 0.11438308036989547 0.15397130736541056 False True 0.00216730010534213 1.2285579789317724 -0.044075109581461845 -0.26716440418757187 0.0
271 111 1452.0 1253.0 167.82901965399995 0.0 1.27 0.11438308036989547 0.15813023578075944 False True 0.00216730010534213 1.2285579789317724 -0.044075109581461845 -0.26716440418757187 0.0
271 112 1464.0 1265.0 169.31192552899992 0.0 1.27 0.11438308036989547 0.16238083967512118 False True 0.00216730010534213 1.2285579789317724 -0.044075109581461845 -0.26716440418757187 0.0
271 113 1476.0 1277.0 170.81220743499992 0.0 1.27 0.11438308036989547 0.09470115007544697 False True 0.00216730010534213 1.2285579789317724 -0.044075109581461845 -0.26716440418757187 0.0
271 114 1488.0 1289.0 172.30180369899992 0.0 1.27 0.11438308036989547 0.09712488400292553 False True 0.00216730010534213 1.2285579789317724 -0.044075109581461845 -0.26716440418757187 0.0
271 115 1500.0 1301.0 173.80488677999992 0.0 1.27 0.11438308036989547 0.09964570052062377 False True 0.00216730010534213 1.2285579789317724 -0.044075109581461845 -0.26716440418757187 0.0
271 116 1512.0 1313.0 175.30784145799996 0.0 1.33 0.09765289179126112 0.10226333731710369 False True 0.00216730010534213 1.2285579789317724 -0.044075109581461845 -0.26716440418757187 0.0
271 117 1524.0 1325.0 176.83280807399993 0.0 1.35 0.0928537526985039 0.10284218145576439 False True 0.00216730010534213 1.2285579789317724 -0.044075109581461845 -0.26716440418757187 0.0
271 118 1528.0 1329.0 178.32210742699996 0.0 1.33 0.09765289179126112 0.1049775223979648 False True 0.00216730010534213 1.2285579789317724 -0.044075109581461845 -0.26716440418757187 0.0
271 119 1540.0 1341.0 179.82293112799996 0.0 1.27 0.11438308036989547 0.10778797411302671 False True 0.00216730010534213 1.2285579789317724 -0.044075109581461845 -0.26716440418757187 0.0
271 120 1552.0 1353.0 181.32679104299993 0.0 1.27 0.11438308036989547 0.1382603246579433 False True 0.00216730010534213 1.2285579789317724 -0.044075109581461845 -0.26716440418757187 0.0
271 121 1556.0 1357.0 182.83126725699995 0.0 1.33 0.09765289179126112 0.11069440118450906 False True 0.00216730010534213 1.2285579789317724 -0.044075109581461845 -0.26716440418757187 0.0
271 122 1568.0 1369.0 184.32034273099995 0.0 1.33 0.09765289179126112 0.11369650273615017 False True 0.00216730010534213 1.2285579789317724 -0.044075109581461845 -0.26716440418757187 0.0
271 123 1580.0 1381.0 185.8129695389999 0.0 1.8900000000000001 0.11369650273615017 0.11679396832329454 False True 0.00216730010534213 1.2285579789317724 -0.044075109581461845 -0.26716440418757187 0.0
271 124 1592.0 1393.0 187.3174750499999 0.0 1.8900000000000001 0.11369650273615017 0.11998647796394023 False True 0.00216730010534213 1.2285579789317724 -0.044075109581461845 -0.26716440418757187 0.0
271 125 1604.0 1405.0 188.82153320099988 0.0 1.27 0.11438308036989547 0.1232737021707374 False True 0.00216730010534213 1.2285579789317724 -0.044075109581461845 -0.26716440418757187 0.0
271 126 1616.0 1417.0 190.3254637229999 0.0 1.27 0.11438308036989547 0.12665530198393252 False True 0.00216730010534213 1.2285579789317724 -0.044075109581461845 -0.26716440418757187 0.0
271 127 1628.0 1429.0 191.83220051499993 0.0 1.27 0.11438308036989547 0.13013092900526357 False True 0.00216730010534213 1.2285579789317724 -0.044075109581461845 -0.26716440418757187 0.0
271 128 1640.0 1441.0 193.35087341499994 0.0 1.35 0.0928537526985039 0.11369650273615017 False True 0.00216730010534213 1.2285579789317724 -0.044075109581461845 -0.26716440418757187 0.0
271 129 1644.0 1445.0 194.87160166799995 0.0 1.35 0.0928537526985039 0.15813023578075944 False True 0.00216730010534213 1.2285579789317724 -0.044075109581461845 -0.26716440418757187 0.0
271 130 1648.0 1449.0 196.37888382399998 0.0 1.1500000000000001 0.15813023578075944 0.11998647796394023 False True 0.00216730010534213 1.2285579789317724 -0.044075109581461845 -0.26716440418757187 0.0
271 131 1652.0 1453.0 197.88490431799997 0.0 1.9100000000000001 0.11998647796394023 0.09964570052062377 False True 0.00216730010534213 1.2285579789317724 -0.044075109581461845 -0.26716440418757187 0.0
271 132 1656.0 1457.0 199.39163156499998 0.0 1.9100000000000001 0.11998647796394023 0.21980938311637405 False True 0.00216730010534213 1.2285579789317724 -0.044075109581461845 -0.26716440418757187 0.0
271 133 1668.0 1469.0 200.907921468 0.0 1.9100000000000001 0.11998647796394023 0.2261017973691417 False True 0.00216730010534213 1.2285579789317724 -0.044075109581461845 -0.26716440418757187 0.0
271 134 1680.0 1481.0 202.41558061499998 0.0 1.9100000000000001 0.11998647796394023 0.23247128486740262 False True 0.00216730010534213 1.2285579789317724 -0.044075109581461845 -0.26716440418757187 0.0
271 135 1692.0 1493.0 203.91903306299994 0.0 1.9100000000000001 0.11998647796394023 0.2389171977246218 False True 0.00216730010534213 1.2285579789317724 -0.044075109581461845 -0.26716440418757187 0.0
271 136 1704.0 1505.0 205.43866899399993 0.0 1.9100000000000001 0.11998647796394023 0.24543888041069634 False True 0.00216730010534213 1.2285579789317724 -0.044075109581461845 -0.26716440418757187 0.0
271 137 1716.0 1517.0 206.94914684599993 0.0 1.9100000000000001 0.11998647796394023 0.25203566981750825 False True 0.00216730010534213 1.2285579789317724 -0.044075109581461845 -0.26716440418757187 0.0
271 138 1728.0 1529.0 208.46694697199993 0.0 1.9100000000000001 0.11998647796394023 0.25870689532523583 False True 0.00216730010534213 1.2285579789317724 -0.044075109581461845 -0.26716440418757187 0.0
271 139 1740.0 1541.0 209.97538504699995 0.0 1.9100000000000001 0.11998647796394023 0.15813023578075944 False True 0.00216730010534213 1.2285579789317724 -0.044075109581461845 -0.26716440418757187 0.0
271 140 1744.0 1545.0 211.49257054199992 0.0 1.1500000000000001 0.15813023578075944 0.13370022543280644 False True 0.00216730010534213 1.2285579789317724 -0.044075109581461845 -0.26716440418757187 0.0
271 141 1756.0 1557.0 212.9985497999999 0.0 1.33 0.09765289179126112 0.16672270415317794 False True 0.00216730010534213 1.2285579789317724 -0.044075109581461845 -0.26716440418757187 0.0
271 142 1768.0 1569.0 214.50659746499989 0.0 1.27 0.11438308036989547 0.17115540519260933 False True 0.00216730010534213 1.2285579789317724 -0.044075109581461845 -0.26716440418757187 0.0
271 143 1780.0 1581.0 216.01202273999988 0.0 1.58 0.06616617698262878 0.1756785096865006 False True 0.00216730010534213 1.2285579789317724 -0.044075109581461845 -0.26716440418757187 0.0
271 144 1792.0 1593.0 217.5303144249999 0.0 1.58 0.06616617698262878 0.1802915754866468 False True 0.00216730010534213 1.2285579789317724 -0.044075109581461845 -0.26716440418757187 0.0
271 145 1804.0 1605.0 219.05405311299987 0.0 1.58 0.06616617698262878 0.18499415144777567 False True 0.00216730010534213 1.2285579789317724 -0.044075109581461845 -0.26716440418757187 0.0
271 146 1816.0 1617.0 220.57553022599987 0.0 1.58 0.06616617698262878 0.18978577747265937 False True 0.00216730010534213 1.2285579789317724 -0.044075109581461845 -0.26716440418757187 0.0
271 147 1828.0 1629.0 222.0952620499999 0.0 1.58 0.06616617698262878 0.19466598455811623 False True 0.00216730010534213 1.2285579789317724 -0.044075109581461845 -0.26716440418757187 0.0
271 148 1840.0 1641.0 223.60409050699988 0.0 1.58 0.06616617698262878 0.199634294841923 False True 0.00216730010534213 1.2285579789317724 -0.044075109581461845 -0.26716440418757187 0.0
271 149 1852.0 1653.0 225.10645064999986 0.0 1.31 0.10284218145576439 0.199634294841923 False True 0.00216730010534213 1.2285579789317724 -0.044075109581461845 -0.26716440418757187 0.0
271 150 1856.0 1657.0 226.6111859989999 0.0 1.06 0.199634294841923 0.10284218145576439 False True 0.00216730010534213 1.2285579789317724 -0.044075109581461845 -0.26716440418757187 0.0
271 151 1860.0 1661.0 228.0830205359999 0.0 1.06 0.199634294841923 0.06700804654014549 False True 0.00216730010534213 1.2285579789317724 -0.044075109581461845 -0.26716440418757187 0.0
271 152 1864.0 1665.0 229.56559161399989 0.0 1.35 0.0928537526985039 0.2046902216505902 False True 0.00216730010534213 1.2285579789317724 -0.044075109581461845 -0.26716440418757187 0.0
271 153 1876.0 1677.0 231.05961524599988 0.0 1.76 0.08221094388522839 0.2098332695480372 False True 0.00216730010534213 1.2285579789317724 -0.044075109581461845 -0.26716440418757187 0.0
271 154 1888.0 1689.0 232.54961229099987 0.0 1.58 0.06616617698262878 0.2150629343851271 False True 0.00216730010534213 1.2285579789317724 -0.044075109581461845 -0.26716440418757187 0.0
271 155 1900.0 1701.0 234.02222666999987 0.0 1.03 0.2150629343851271 0.06746954246794902 False True 0.00216730010534213 1.2285579789317724 -0.044075109581461845 -0.26716440418757187 0.0
271 156 1904.0 1705.0 235.5086684699999 0.0 1.53 0.06746954246794902 0.08257449047221968 False True 0.00216730010534213 1.2285579789317724 -0.044075109581461845 -0.26716440418757187 0.0
271 157 1908.0 1709.0 236.99666421599986 0.0 1.53 0.06746954246794902 0.0680313929766127 False True 0.00216730010534213 1.2285579789317724 -0.044075109581461845 -0.26716440418757187 0.0
271 158 1912.0 1713.0 238.4854982689998 0.0 1.53 0.06746954246794902 0.0680313929766127 False True 0.00216730010534213 1.2285579789317724 -0.044075109581461845 -0.26716440418757187 0.0
271 159 1916.0 1717.0 239.97420034199976 0.0 1.52 0.0680313929766127 0.22037870335009033 False True 0.00216730010534213 1.2285579789317724 -0.044075109581461845 -0.26716440418757187 0.0
271 160 1928.0 1729.0 241.47314990799973 0.0 1.27 0.11438308036989547 0.1756785096865006 False True 0.00216730010534213 1.2285579789317724 -0.044075109581461845 -0.26716440418757187 0.0
271 161 1932.0 1733.0 242.9742337589997 0.0 1.33 0.09765289179126112 0.225780055019801 False True 0.00216730010534213 1.2285579789317724 -0.044075109581461845 -0.26716440418757187 0.0
271 162 1944.0 1745.0 244.4634280479997 0.0 1.33 0.09765289179126112 0.2312664594119172 False True 0.00216730010534213 1.2285579789317724 -0.044075109581461845 -0.26716440418757187 0.0
271 163 1956.0 1757.0 245.95337826299973 0.0 1.33 0.09765289179126112 0.23683737803788274 False True 0.00216730010534213 1.2285579789317724 -0.044075109581461845 -0.26716440418757187 0.0
271 164 1968.0 1769.0 247.45340427299973 0.0 1.9100000000000001 0.11998647796394023 0.06634782734170847 False True 0.00216730010534213 1.2285579789317724 -0.044075109581461845 -0.26716440418757187 0.0
271 165 1972.0 1773.0 248.95488306899975 0.0 1.9100000000000001 0.11998647796394023 0.2150629343851271 False True 0.00216730010534213 1.2285579789317724 -0.044075109581461845 -0.26716440418757187 0.0
271 166 1976.0 1777.0 250.46093126799977 0.0 1.9100000000000001 0.11998647796394023 0.3141866683930427 False True 0.00216730010534213 1.2285579789317724 -0.044075109581461845 -0.26716440418757187 0.0
271 167 1988.0 1789.0 251.96633920899976 0.0 1.9100000000000001 0.11998647796394023 0.3208139069224101 False True 0.00216730010534213 1.2285579789317724 -0.044075109581461845 -0.26716440418757187 0.0
271 168 2000.0 1801.0 253.47173615199975 0.0 1.58 0.06616617698262878 0.32751536703972406 False True 0.00216730010534213 1.2285579789317724 -0.044075109581461845 -0.26716440418757187 0.0
271 169 2012.0 1813.0 254.98811536699978 0.0 1.58 0.06616617698262878 0.3342903683234457 False True 0.00216730010534213 1.2285579789317724 -0.044075109581461845 -0.26716440418757187 0.0
271 170 2024.0 1825.0 256.4948984209998 0.0 2.3299999999999996 0.3342903683234457 0.06616617698262878 False True 0.00216730010534213 1.2285579789317724 -0.044075109581461845 -0.26716440418757187 0.0
271 171 2028.0 1829.0 258.0124045609998 0.0 1.58 0.06616617698262878 0.3411382229969489 False True 0.00216730010534213 1.2285579789317724 -0.044075109581461845 -0.26716440418757187 0.0
271 172 2040.0 1841.0 259.5196246579998 0.0 1.58 0.06616617698262878 0.34805823599730107 False True 0.00216730010534213 1.2285579789317724 -0.044075109581461845 -0.26716440418757187 0.0
271 173 2052.0 1853.0 261.0271734609998 0.0 1.35 0.0928537526985039 0.09964570052062377 False True 0.00216730010534213 1.2285579789317724 -0.044075109581461845 -0.26716440418757187 0.0
271 174 2056.0 1857.0 262.5315346089998 0.0 1.58 0.06616617698262878 0.17231987934470683 False True 0.00216730010534213 1.2285579789317724 -0.044075109581461845 -0.26716440418757187 0.0
271 175 2068.0 1869.0 264.0490603659998 0.0 1.58 0.06616617698262878 0.16674898655336134 False True 0.00216730010534213 1.2285579789317724 -0.044075109581461845 -0.26716440418757187 0.0
271 176 2080.0 1881.0 265.56699689299984 0.0 1.58 0.06616617698262878 0.16126121160991533 False True 0.00216730010534213 1.2285579789317724 -0.044075109581461845 -0.26716440418757187 0.0
271 177 2092.0 1893.0 267.08526592899983 0.0 1.58 0.06616617698262878 0.1558571142183555 False True 0.00216730010534213 1.2285579789317724 -0.044075109581461845 -0.26716440418757187 0.0
271 178 2104.0 1905.0 268.6074687199998 0.0 1.57 0.0662259955190959 0.06746954246794902 False True 0.00216730010534213 1.2285579789317724 -0.044075109581461845 -0.26716440418757187 0.0
271 179 2108.0 1909.0 270.1260508429998 0.0 1.53 0.06746954246794902 0.199634294841923 False True 0.00216730010534213 1.2285579789317724 -0.044075109581461845 -0.26716440418757187 0.0
271 180 2112.0 1913.0 271.6487164559998 0.0 1.53 0.06746954246794902 0.15053724571388566 False True 0.00216730010534213 1.2285579789317724 -0.044075109581461845 -0.26716440418757187 0.0
271 181 2124.0 1925.0 273.1712295579998 0.0 1.53 0.06746954246794902 0.14530214900780505 False True 0.00216730010534213 1.2285579789317724 -0.044075109581461845 -0.26716440418757187 0.0
271 182 2136.0 1937.0 274.6937963629998 0.0 8.41 0.14530214900780505 0.06746954246794902 False True 0.00216730010534213 1.2285579789317724 -0.044075109581461845 -0.26716440418757187 0.0
271 183 2140.0 1941.0 276.2170129399998 0.0 1.06 0.199634294841923 0.14530214900780505 False True 0.00216730010534213 1.2285579789317724 -0.044075109581461845 -0.26716440418757187 0.0
271 184 2144.0 1945.0 277.7521930639998 0.0 1.53 0.06746954246794902 0.14015235853320568 False True 0.00216730010534213 1.2285579789317724 -0.044075109581461845 -0.26716440418757187 0.0
271 185 2156.0 1957.0 279.2900797959998 0.0 1.53 0.06746954246794902 0.13508840019153487 False True 0.00216730010534213 1.2285579789317724 -0.044075109581461845 -0.26716440418757187 0.0
271 186 2168.0 1969.0 280.81474801999985 0.0 1.53 0.06746954246794902 0.13011079130000752 False True 0.00216730010534213 1.2285579789317724 -0.044075109581461845 -0.26716440418757187 0.0
271 187 2180.0 1981.0 282.3375878159999 0.0 1.53 0.06746954246794902 0.1252200405398727 False True 0.00216730010534213 1.2285579789317724 -0.044075109581461845 -0.26716440418757187 0.0
271 188 2192.0 1993.0 283.87375010199986 0.0 1.53 0.06746954246794902 0.12041664790554577 False True 0.00216730010534213 1.2285579789317724 -0.044075109581461845 -0.26716440418757187 0.0
