156 0 400.0 200.99999999999994 1.3680866260000073 0.0 1.42 0.08546948409373278 0.08378371166026158 False True 0.004443137464349354 4.213303713439733 -0.07730329375227436 -2.0171121462782766 0.0
156 1 412.0 212.99999999999994 2.785405993000012 0.0 1.42 0.08546948409373278 0.08726247708853287 False True 0.004443137464349354 4.213303713439733 -0.07730329375227436 -2.0171121462782766 0.0
156 2 424.0 224.99999999999994 4.1982454180000275 0.0 1.42 0.08546948409373278 0.06761831312609234 False True 0.004443137464349354 4.213303713439733 -0.07730329375227436 -2.0171121462782766 0.0
156 3 436.0 236.99999999999994 5.618648192000023 0.0 1.42 0.08546948409373278 0.0714440202094744 False True 0.004443137464349354 4.213303713439733 -0.07730329375227436 -2.0171121462782766 0.0
156 4 448.0 248.99999999999994 7.039810825000018 0.0 1.42 0.08546948409373278 0.07537145334924723 False True 0.004443137464349354 4.213303713439733 -0.07730329375227436 -2.0171121462782766 0.0
156 5 460.0 260.99999999999994 8.496586467000014 0.0 1.42 0.08546948409373278 0.06027355041681377 False True 0.004443137464349354 4.213303713439733 -0.07730329375227436 -2.0171121462782766 0.0
156 6 472.0 272.99999999999994 9.93188141600001 0.0 1.42 0.08546948409373278 0.07940023149694578 False True 0.004443137464349354 4.213303713439733 -0.07730329375227436 -2.0171121462782766 0.0
156 7 484.0 284.99999999999994 11.367887060000015 0.0 1.42 0.08546948409373278 0.08916252234876207 False True 0.004443137464349354 4.213303713439733 -0.07730329375227436 -2.0171121462782766 0.0
156 8 496.0 296.99999999999994 12.822963446000017 0.0 1.42 0.08546948409373278 0.091169440872287 False True 0.004443137464349354 4.213303713439733 -0.07730329375227436 -2.0171121462782766 0.0
156 9 508.0 308.99999999999994 14.283957515000026 0.0 1.42 0.08546948409373278 0.09328304296863196 False True 0.004443137464349354 4.213303713439733 -0.07730329375227436 -2.0171121462782766 0.0
156 10 520.0 320.99999999999994 15.74029739400001 0.0 1.42 0.08546948409373278 0.12955934649827802 False True 0.004443137464349354 4.213303713439733 -0.07730329375227436 -2.0171121462782766 0.0
156 11 532.0 332.99999999999994 17.20061110200001 0.0 1.42 0.08546948409373278 0.12276753883935376 False True 0.004443137464349354 4.213303713439733 -0.07730329375227436 -2.0171121462782766 0.0
156 12 544.0 344.99999999999994 18.673391200000026 0.0 1.42 0.08546948409373278 0.11952592093580149 False True 0.004443137464349354 4.213303713439733 -0.07730329375227436 -2.0171121462782766 0.0
156 13 556.0 356.99999999999994 20.13114137000005 0.0 1.42 0.08546948409373278 0.13310883496775336 False True 0.004443137464349354 4.213303713439733 -0.07730329375227436 -2.0171121462782766 0.0
156 14 568.0 368.99999999999994 21.589970179000034 0.0 1.42 0.08546948409373278 0.05334000947490593 False True 0.004443137464349354 4.213303713439733 -0.07730329375227436 -2.0171121462782766 0.0
156 15 580.0 380.99999999999994 23.04573170200004 0.0 1.42 0.08546948409373278 0.0567552058720692 False True 0.004443137464349354 4.213303713439733 -0.07730329375227436 -2.0171121462782766 0.0
156 16 592.0 392.99999999999994 24.472174748000043 0.0 1.42 0.08546948409373278 0.05002829104469381 False True 0.004443137464349354 4.213303713439733 -0.07730329375227436 -2.0171121462782766 0.0
156 17 604.0 404.99999999999994 25.90783283600004 0.0 1.42 0.08546948409373278 0.0567552058720692 False True 0.004443137464349354 4.213303713439733 -0.07730329375227436 -2.0171121462782766 0.0
156 18 608.0 408.99999999999994 27.359225673000054 0.0 1.42 0.08546948409373278 0.0955031282779588 False True 0.004443137464349354 4.213303713439733 -0.07730329375227436 -2.0171121462782766 0.0
156 19 620.0 420.99999999999994 28.798068412000077 0.0 7.54 0.0567552058720692 0.0978294857910911 False True 0.004443137464349354 4.213303713439733 -0.07730329375227436 -2.0171121462782766 0.0
156 20 632.0 432.99999999999994 30.255014479000096 0.0 1.42 0.08546948409373278 0.13676022860269219 False True 0.004443137464349354 4.213303713439733 -0.07730329375227436 -2.0171121462782766 0.0
156 21 644.0 444.99999999999994 31.691136705000105 0.0 1.42 0.08546948409373278 0.1443672164371114 False True 0.004443137464349354 4.213303713439733 -0.07730329375227436 -2.0171121462782766 0.0
156 22 656.0 456.99999999999994 33.127416277000094 0.0 7.5 0.0714440202094744 0.14051315120861066 False True 0.004443137464349354 4.213303713439733 -0.07730329375227436 -2.0171121462782766 0.0
156 23 668.0 468.99999999999994 34.566342017000096 0.0 7.5 0.0714440202094744 0.14832202782450984 False True 0.004443137464349354 4.213303713439733 -0.07730329375227436 -2.0171121462782766 0.0
156 24 680.0 480.99999999999994 36.002714935000114 0.0 7.55 0.05334000947490593 0.15237717883148574 False True 0.004443137464349354 4.213303713439733 -0.07730329375227436 -2.0171121462782766 0.0
156 25 692.0 492.99999999999994 37.44401455200011 0.0 7.55 0.05334000947490593 0.16078682341361802 False True 0.004443137464349354 4.213303713439733 -0.07730329375227436 -2.0171121462782766 0.0
156 26 704.0 504.99999999999994 38.88603853400011 0.0 7.55 0.05334000947490593 0.1565322528837344 False True 0.004443137464349354 4.213303713439733 -0.07730329375227436 -2.0171121462782766 0.0
156 27 716.0 517.0 40.32655197000011 0.0 7.55 0.05334000947490593 0.16514045390283438 False True 0.004443137464349354 4.213303713439733 -0.07730329375227436 -2.0171121462782766 0.0
156 28 728.0 529.0 41.79864494000009 0.0 7.55 0.05334000947490593 0.16959269792606022 False True 0.004443137464349354 4.213303713439733 -0.07730329375227436 -2.0171121462782766 0.0
156 29 740.0 541.0 43.235981251000084 0.0 7.55 0.05334000947490593 0.10280012027309367 False True 0.004443137464349354 4.213303713439733 -0.07730329375227436 -2.0171121462782766 0.0
156 30 752.0 553.0 44.67663872600008 0.0 1.98 0.1565322528837344 0.10026189387062688 False True 0.004443137464349354 4.213303713439733 -0.07730329375227436 -2.0171121462782766 0.0
156 31 764.0 565.0 46.11337409400008 0.0 7.55 0.05334000947490593 0.10544392217217288 False True 0.004443137464349354 4.213303713439733 -0.07730329375227436 -2.0171121462782766 0.0
156 32 776.0 577.0 47.565951940000076 0.0 1.33 0.10544392217217288 0.10819304618298782 False True 0.004443137464349354 4.213303713439733 -0.07730329375227436 -2.0171121462782766 0.0
156 33 788.0 589.0 49.00748733300006 0.0 1.33 0.10544392217217288 0.11104722838743962 False True 0.004443137464349354 4.213303713439733 -0.07730329375227436 -2.0171121462782766 0.0
156 34 800.0 601.0 50.455605388000066 0.0 1.33 0.10544392217217288 0.11400619436059534 False True 0.004443137464349354 4.213303713439733 -0.07730329375227436 -2.0171121462782766 0.0
156 35 812.0 613.0 51.880359988000066 0.0 1.31 0.11104722838743962 0.11706965919813563 False True 0.004443137464349354 4.213303713439733 -0.07730329375227436 -2.0171121462782766 0.0
156 36 824.0 625.0 53.33134913100005 0.0 7.55 0.05334000947490593 0.12023732754484481 False True 0.004443137464349354 4.213303713439733 -0.07730329375227436 -2.0171121462782766 0.0
156 37 836.0 637.0 54.792772255000045 0.0 7.55 0.05334000947490593 0.12350889362414133 False True 0.004443137464349354 4.213303713439733 -0.07730329375227436 -2.0171121462782766 0.0
156 38 848.0 649.0 56.26726025600004 0.0 1.27 0.12350889362414133 0.1268840412686583 False True 0.004443137464349354 4.213303713439733 -0.07730329375227436 -2.0171121462782766 0.0
156 39 860.0 661.0 57.722817796000044 0.0 1.27 0.12350889362414133 0.13036244395186047 False True 0.004443137464349354 4.213303713439733 -0.07730329375227436 -2.0171121462782766 0.0
156 40 872.0 673.0 59.178018533000056 0.0 1.27 0.12350889362414133 0.08073444802979922 False True 0.004443137464349354 4.213303713439733 -0.07730329375227436 -2.0171121462782766 0.0
156 41 884.0 685.0 60.61740437600008 0.0 1.45 0.08073444802979922 0.07937123974731412 False True 0.004443137464349354 4.213303713439733 -0.07730329375227436 -2.0171121462782766 0.0
156 42 896.0 697.0 62.06358829500007 0.0 1.45 0.08073444802979922 0.08220531736094709 False True 0.004443137464349354 4.213303713439733 -0.07730329375227436 -2.0171121462782766 0.0
156 43 908.0 709.0 63.501053933000065 0.0 1.27 0.12350889362414133 0.08073444802979922 False True 0.004443137464349354 4.213303713439733 -0.07730329375227436 -2.0171121462782766 0.0
156 44 912.0 713.0 64.95219271300004 0.0 1.45 0.08073444802979922 0.07811581782687654 False True 0.004443137464349354 4.213303713439733 -0.07730329375227436 -2.0171121462782766 0.0
156 45 924.0 725.0 66.40271663200002 0.0 1.45 0.08073444802979922 0.07696829680222378 False True 0.004443137464349354 4.213303713439733 -0.07730329375227436 -2.0171121462782766 0.0
156 46 936.0 737.0 67.86105952800003 0.0 1.45 0.08073444802979922 0.07499736160933436 False True 0.004443137464349354 4.213303713439733 -0.07730329375227436 -2.0171121462782766 0.0
156 47 948.0 749.0 69.31684045800003 0.0 1.45 0.08073444802979922 0.07592878041598855 False True 0.004443137464349354 4.213303713439733 -0.07730329375227436 -2.0171121462782766 0.0
156 48 960.0 761.0 70.76702918200004 0.0 1.45 0.08073444802979922 0.07417412251265247 False True 0.004443137464349354 4.213303713439733 -0.07730329375227436 -2.0171121462782766 0.0
156 49 972.0 773.0 72.20449209900005 0.0 1.45 0.08073444802979922 0.07345913443735222 False True 0.004443137464349354 4.213303713439733 -0.07730329375227436 -2.0171121462782766 0.0
156 50 984.0 785.0 73.64002896300005 0.0 1.45 0.08073444802979922 0.07417412251265247 False True 0.004443137464349354 4.213303713439733 -0.07730329375227436 -2.0171121462782766 0.0
156 51 988.0 789.0 75.07512036100005 0.0 1.45 0.08073444802979922 0.11335293301113603 False True 0.004443137464349354 4.213303713439733 -0.07730329375227436 -2.0171121462782766 0.0
156 52 1000.0 801.0 76.51724340500004 0.0 1.86 0.11335293301113603 0.11042220238782842 False True 0.004443137464349354 4.213303713439733 -0.07730329375227436 -2.0171121462782766 0.0
156 53 1012.0 813.0 77.96223425400007 0.0 1.45 0.08073444802979922 0.11638761069938199 False True 0.004443137464349354 4.213303713439733 -0.07730329375227436 -2.0171121462782766 0.0
156 54 1024.0 825.0 79.40233303900007 0.0 1.45 0.08073444802979922 0.10759572295050628 False True 0.004443137464349354 4.213303713439733 -0.07730329375227436 -2.0171121462782766 0.0
156 55 1036.0 837.0 80.83556255100007 0.0 1.86 0.11335293301113603 0.10487378839407066 False True 0.004443137464349354 4.213303713439733 -0.07730329375227436 -2.0171121462782766 0.0
156 56 1048.0 849.0 82.24848682200007 0.0 1.86 0.11335293301113603 0.11638761069938199 False True 0.004443137464349354 4.213303713439733 -0.07730329375227436 -2.0171121462782766 0.0
156 57 1052.0 853.0 83.65962385300008 0.0 1.86 0.11335293301113603 0.0997446763976392 False True 0.004443137464349354 4.213303713439733 -0.07730329375227436 -2.0171121462782766 0.0
156 58 1064.0 865.0 85.07622676800008 0.0 1.81 0.0997446763976392 0.10225668195792542 False True 0.004443137464349354 4.213303713439733 -0.07730329375227436 -2.0171121462782766 0.0
156 59 1076.0 877.0 86.48428168700008 0.0 1.81 0.0997446763976392 0.09733803395767704 False True 0.004443137464349354 4.213303713439733 -0.07730329375227436 -2.0171121462782766 0.0
156 60 1088.0 889.0 87.89877882100006 0.0 1.81 0.0997446763976392 0.09503700634517798 False True 0.004443137464349354 4.213303713439733 -0.07730329375227436 -2.0171121462782766 0.0
156 61 1100.0 901.0 89.31825319100008 0.0 1.86 0.11335293301113603 0.09733803395767704 False True 0.004443137464349354 4.213303713439733 -0.07730329375227436 -2.0171121462782766 0.0
156 62 1104.0 905.0 90.7347605550001 0.0 1.81 0.0997446763976392 0.09284183470477893 False True 0.004443137464349354 4.213303713439733 -0.07730329375227436 -2.0171121462782766 0.0
156 63 1116.0 917.0 92.1351089470001 0.0 1.81 0.0997446763976392 0.09075274959450404 False True 0.004443137464349354 4.213303713439733 -0.07730329375227436 -2.0171121462782766 0.0
156 64 1128.0 929.0 93.53020893300013 0.0 1.77 0.09075274959450404 0.08876997096270982 False True 0.004443137464349354 4.213303713439733 -0.07730329375227436 -2.0171121462782766 0.0
156 65 1140.0 941.0 94.93152089800012 0.0 1.77 0.09075274959450404 0.1787911916069723 False True 0.004443137464349354 4.213303713439733 -0.07730329375227436 -2.0171121462782766 0.0
156 66 1152.0 953.0 96.3361460450001 0.0 1.77 0.09075274959450404 0.09733803395767704 False True 0.004443137464349354 4.213303713439733 -0.07730329375227436 -2.0171121462782766 0.0
156 67 1156.0 957.0 97.7541865040001 0.0 1.77 0.09075274959450404 0.09733803395767704 False True 0.004443137464349354 4.213303713439733 -0.07730329375227436 -2.0171121462782766 0.0
156 68 1160.0 961.0 99.14629101500012 0.0 1.77 0.09075274959450404 0.18837853663437543 False True 0.004443137464349354 4.213303713439733 -0.07730329375227436 -2.0171121462782766 0.0
156 69 1172.0 973.0 100.5490116040001 0.0 1.77 0.09075274959450404 0.18353649928561527 False True 0.004443137464349354 4.213303713439733 -0.07730329375227436 -2.0171121462782766 0.0
156 70 1184.0 985.0 101.98278487600012 0.0 1.81 0.0997446763976392 0.11335293301113603 False True 0.004443137464349354 4.213303713439733 -0.07730329375227436 -2.0171121462782766 0.0
156 71 1188.0 989.0 103.39093944100014 0.0 1.86 0.11335293301113603 0.1933168083821134 False True 0.004443137464349354 4.213303713439733 -0.07730329375227436 -2.0171121462782766 0.0
156 72 1200.0 1001.0 104.82307647400015 0.0 1.86 0.11335293301113603 0.0997446763976392 False True 0.004443137464349354 4.213303713439733 -0.07730329375227436 -2.0171121462782766 0.0
156 73 1204.0 1005.0 106.23071202100016 0.0 1.81 0.0997446763976392 0.17414309919558896 False True 0.004443137464349354 4.213303713439733 -0.07730329375227436 -2.0171121462782766 0.0
156 74 1216.0 1017.0 107.66624276600018 0.0 1.81 0.0997446763976392 0.20348002591812853 False True 0.004443137464349354 4.213303713439733 -0.07730329375227436 -2.0171121462782766 0.0
156 75 1228.0 1029.0 109.06971882700017 0.0 1.87 0.11638761069938199 0.09733803395767704 False True 0.004443137464349354 4.213303713439733 -0.07730329375227436 -2.0171121462782766 0.0
156 76 1232.0 1033.0 110.48973252200017 0.0 1.81 0.0997446763976392 0.1983508096332247 False True 0.004443137464349354 4.213303713439733 -0.07730329375227436 -2.0171121462782766 0.0
156 77 1244.0 1045.0 111.89636883900019 0.0 1.87 0.11638761069938199 0.07417412251265247 False True 0.004443137464349354 4.213303713439733 -0.07730329375227436 -2.0171121462782766 0.0
156 78 1248.0 1049.0 113.30060112500018 0.0 1.45 0.08073444802979922 0.04371655558625531 False True 0.004443137464349354 4.213303713439733 -0.07730329375227436 -2.0171121462782766 0.0
156 79 1260.0 1061.0 114.71443381200018 0.0 7.58 0.04371655558625531 0.04071714632561654 False True 0.004443137464349354 4.213303713439733 -0.07730329375227436 -2.0171121462782766 0.0
156 80 1272.0 1073.0 116.12062660700016 0.0 7.58 0.04371655558625531 0.0378224305063294 False True 0.004443137464349354 4.213303713439733 -0.07730329375227436 -2.0171121462782766 0.0
156 81 1284.0 1085.0 117.53634051900016 0.0 7.58 0.04371655558625531 0.04682037005192296 False True 0.004443137464349354 4.213303713439733 -0.07730329375227436 -2.0171121462782766 0.0
156 82 1296.0 1097.0 118.95262300900018 0.0 7.58 0.04371655558625531 0.03503268589429034 False True 0.004443137464349354 4.213303713439733 -0.07730329375227436 -2.0171121462782766 0.0
156 83 1308.0 1109.0 120.35939283800016 0.0 7.58 0.04371655558625531 0.032348179757189455 False True 0.004443137464349354 4.213303713439733 -0.07730329375227436 -2.0171121462782766 0.0
156 84 1320.0 1121.0 121.75800511700018 0.0 7.58 0.04371655558625531 0.03503268589429034 False True 0.004443137464349354 4.213303713439733 -0.07730329375227436 -2.0171121462782766 0.0
156 85 1324.0 1125.0 123.17707034100019 0.0 7.58 0.04371655558625531 0.027295899328245197 False True 0.004443137464349354 4.213303713439733 -0.07730329375227436 -2.0171121462782766 0.0
156 86 1336.0 1137.0 124.56067006500021 0.0 7.58 0.04371655558625531 0.02976916883778821 False True 0.004443137464349354 4.213303713439733 -0.07730329375227436 -2.0171121462782766 0.0
156 87 1348.0 1149.0 125.94834815900023 0.0 7.58 0.04371655558625531 0.022667516407678598 False True 0.004443137464349354 4.213303713439733 -0.07730329375227436 -2.0171121462782766 0.0
156 88 1360.0 1161.0 127.34910423100021 0.0 7.58 0.04371655558625531 0.024928606845492047 False True 0.004443137464349354 4.213303713439733 -0.07730329375227436 -2.0171121462782766 0.0
156 89 1372.0 1173.0 128.7297124030002 0.0 7.58 0.04371655558625531 0.02051284241166426 False True 0.004443137464349354 4.213303713439733 -0.07730329375227436 -2.0171121462782766 0.0
156 90 1384.0 1185.0 130.1003524820002 0.0 7.58 0.04371655558625531 0.01846478861158452 False True 0.004443137464349354 4.213303713439733 -0.07730329375227436 -2.0171121462782766 0.0
156 91 1396.0 1197.0 131.51371875900017 0.0 7.58 0.04371655558625531 0.01652354809847224 False True 0.004443137464349354 4.213303713439733 -0.07730329375227436 -2.0171121462782766 0.0
156 92 1408.0 1209.0 132.85043518800015 0.0 7.58 0.04371655558625531 0.014689303280948352 False True 0.004443137464349354 4.213303713439733 -0.07730329375227436 -2.0171121462782766 0.0
156 93 1420.0 1221.0 134.21339409700013 0.0 7.58 0.04371655558625531 0.01296222586698374 False True 0.004443137464349354 4.213303713439733 -0.07730329375227436 -2.0171121462782766 0.0
156 94 1432.0 1233.0 135.57844282000016 0.0 7.71 0.01296222586698374 0.011342476846724668 False True 0.004443137464349354 4.213303713439733 -0.07730329375227436 -2.0171121462782766 0.0
156 95 1444.0 1245.0 136.94233496300015 0.0 7.71 0.01296222586698374 0.014689303280948352 False True 0.004443137464349354 4.213303713439733 -0.07730329375227436 -2.0171121462782766 0.0
156 96 1448.0 1249.0 138.3016665170002 0.0 7.7 0.014689303280948352 0.009830206476396212 False True 0.004443137464349354 4.213303713439733 -0.07730329375227436 -2.0171121462782766 0.0
156 97 1460.0 1261.0 139.65276899700015 0.0 7.7 0.014689303280948352 0.008425554263277882 False True 0.004443137464349354 4.213303713439733 -0.07730329375227436 -2.0171121462782766 0.0
156 98 1472.0 1273.0 141.03057225700016 0.0 7.61 0.03503268589429034 0.007128648951749535 False True 0.004443137464349354 4.213303713439733 -0.07730329375227436 -2.0171121462782766 0.0
156 99 1484.0 1285.0 142.39608168300012 0.0 7.61 0.03503268589429034 0.0048585401203264395 False True 0.004443137464349354 4.213303713439733 -0.07730329375227436 -2.0171121462782766 0.0
156 100 1496.0 1297.0 143.76348829200012 0.0 7.61 0.03503268589429034 0.005939608510419109 False True 0.004443137464349354 4.213303713439733 -0.07730329375227436 -2.0171121462782766 0.0
156 101 1508.0 1309.0 145.1429818760001 0.0 7.7 0.014689303280948352 0.0038855401642211972 False True 0.004443137464349354 4.213303713439733 -0.07730329375227436 -2.0171121462782766 0.0
156 102 1520.0 1321.0 146.5237601370001 0.0 7.7 0.014689303280948352 0.003020694216930366 False True 0.004443137464349354 4.213303713439733 -0.07730329375227436 -2.0171121462782766 0.0
156 103 1532.0 1333.0 147.89483904400012 0.0 7.58 0.04371655558625531 0.0022640770367960143 False True 0.004443137464349354 4.213303713439733 -0.07730329375227436 -2.0171121462782766 0.0
156 104 1544.0 1345.0 149.27243468200012 0.0 7.7 0.014689303280948352 0.0016157525582006763 False True 0.004443137464349354 4.213303713439733 -0.07730329375227436 -2.0171121462782766 0.0
156 105 1556.0 1357.0 150.64392191400012 0.0 7.61 0.03503268589429034 0.0010757738851755383 False True 0.004443137464349354 4.213303713439733 -0.07730329375227436 -2.0171121462782766 0.0
156 106 1568.0 1369.0 152.02090099500012 0.0 7.74 0.008425554263277882 0.0006441832860866149 False True 0.004443137464349354 4.213303713439733 -0.07730329375227436 -2.0171121462782766 0.0
156 107 1580.0 1381.0 153.38939785900013 0.0 7.74 0.008425554263277882 0.0003210121894143193 False True 0.004443137464349354 4.213303713439733 -0.07730329375227436 -2.0171121462782766 0.0
156 108 1592.0 1393.0 154.75569311300015 0.0 7.58 0.04371655558625531 0.0001062811806004275 False True 0.004443137464349354 4.213303713439733 -0.07730329375227436 -2.0171121462782766 0.0
156 109 1604.0 1405.0 156.12291515300015 0.0 7.7 0.014689303280948352 0.0 False True 0.004443137464349354 4.213303713439733 -0.07730329375227436 -2.0171121462782766 0.0
156 110 1616.0 1417.0 157.50214875400016 0.0 7.7 0.014689303280948352 0.04071714632561654 False True 0.004443137464349354 4.213303713439733 -0.07730329375227436 -2.0171121462782766 0.0
156 111 1620.0 1421.0 158.86838967700018 0.0 7.7 0.014689303280948352 0.00011277185462680527 False True 0.004443137464349354 4.213303713439733 -0.07730329375227436 -2.0171121462782766 0.0
156 112 1632.0 1433.0 160.24864378800018 0.0 7.7 0.014689303280948352 2.1675418978040484e-06 False True 0.004443137464349354 4.213303713439733 -0.07730329375227436 -2.0171121462782766 0.0
156 113 1644.0 1445.0 161.62799429100014 0.0 7.7 0.014689303280948352 0.00033179014175886565 False True 0.004443137464349354 4.213303713439733 -0.07730329375227436 -2.0171121462782766 0.0
156 114 1656.0 1457.0 163.00942236300008 0.0 7.7 0.014689303280948352 0.0006591887643840245 False True 0.004443137464349354 4.213303713439733 -0.07730329375227436 -2.0171121462782766 0.0
156 115 1668.0 1469.0 164.38800549700008 0.0 7.7 0.014689303280948352 0.001094923244477399 False True 0.004443137464349354 4.213303713439733 -0.07730329375227436 -2.0171121462782766 0.0
156 116 1680.0 1481.0 165.75481325900003 0.0 7.7 0.014689303280948352 0.0016389382693411815 False True 0.004443137464349354 4.213303713439733 -0.07730329375227436 -2.0171121462782766 0.0
156 117 1692.0 1493.0 167.13221886200003 0.0 7.7 0.014689303280948352 2.1675418978040484e-06 False True 0.004443137464349354 4.213303713439733 -0.07730329375227436 -2.0171121462782766 0.0
156 118 1696.0 1497.0 168.49217730900003 0.0 7.7 0.014689303280948352 0.001094923244477399 False True 0.004443137464349354 4.213303713439733 -0.07730329375227436 -2.0171121462782766 0.0
156 119 1700.0 1501.0 169.85506074400004 0.0 7.87 2.1675418978040484e-06 0.014689303280948352 False True 0.004443137464349354 4.213303713439733 -0.07730329375227436 -2.0171121462782766 0.0
156 120 1704.0 1505.0 171.21609254100005 0.0 7.7 0.014689303280948352 2.1675418978040484e-06 False True 0.004443137464349354 4.213303713439733 -0.07730329375227436 -2.0171121462782766 0.0
156 121 1708.0 1509.0 172.55894672300005 0.0 7.87 2.1675418978040484e-06 0.014689303280948352 False True 0.004443137464349354 4.213303713439733 -0.07730329375227436 -2.0171121462782766 0.0
156 122 1712.0 1513.0 173.90643519700004 0.0 7.87 2.1675418978040484e-06 0.024928606845492047 False True 0.004443137464349354 4.213303713439733 -0.07730329375227436 -2.0171121462782766 0.0
156 123 1716.0 1517.0 175.265391208 0.0 7.65 0.024928606845492047 0.014689303280948352 False True 0.004443137464349354 4.213303713439733 -0.07730329375227436 -2.0171121462782766 0.0
156 124 1720.0 1521.0 176.61722258800003 0.0 7.65 0.024928606845492047 0.014689303280948352 False True 0.004443137464349354 4.213303713439733 -0.07730329375227436 -2.0171121462782766 0.0
156 125 1724.0 1525.0 177.98770758400005 0.0 7.65 0.024928606845492047 0.2140219981507141 False True 0.004443137464349354 4.213303713439733 -0.07730329375227436 -2.0171121462782766 0.0
156 126 1736.0 1537.0 179.34822958700002 0.0 7.65 0.024928606845492047 0.22493841982237936 False True 0.004443137464349354 4.213303713439733 -0.07730329375227436 -2.0171121462782766 0.0
156 127 1748.0 1549.0 180.695990309 0.0 7.65 0.024928606845492047 0.21943367775711636 False True 0.004443137464349354 4.213303713439733 -0.07730329375227436 -2.0171121462782766 0.0
156 128 1760.0 1561.0 182.06054391900003 0.0 7.65 0.024928606845492047 0.23622483588312748 False True 0.004443137464349354 4.213303713439733 -0.07730329375227436 -2.0171121462782766 0.0
156 129 1772.0 1573.0 183.41168258500002 0.0 7.7 0.014689303280948352 0.2305356627976935 False True 0.004443137464349354 4.213303713439733 -0.07730329375227436 -2.0171121462782766 0.0
156 130 1784.0 1585.0 184.773413379 0.0 7.7 0.014689303280948352 0.2420053590847047 False True 0.004443137464349354 4.213303713439733 -0.07730329375227436 -2.0171121462782766 0.0
156 131 1796.0 1597.0 186.12708956000003 0.0 7.7 0.014689303280948352 0.24787664327240833 False True 0.004443137464349354 4.213303713439733 -0.07730329375227436 -2.0171121462782766 0.0
156 132 1808.0 1609.0 187.47580908900002 0.0 7.7 0.014689303280948352 0.25383809023908804 False True 0.004443137464349354 4.213303713439733 -0.07730329375227436 -2.0171121462782766 0.0
156 133 1820.0 1621.0 188.821735382 0.0 7.7 0.014689303280948352 0.2660290346549431 False True 0.004443137464349354 4.213303713439733 -0.07730329375227436 -2.0171121462782766 0.0
156 134 1832.0 1633.0 190.16521630399998 0.0 7.58 0.04371655558625531 0.25988909276028216 False True 0.004443137464349354 4.213303713439733 -0.07730329375227436 -2.0171121462782766 0.0
156 135 1844.0 1645.0 191.51052971399994 0.0 7.61 0.03503268589429034 0.2785732274281091 False True 0.004443137464349354 4.213303713439733 -0.07730329375227436 -2.0171121462782766 0.0
156 136 1856.0 1657.0 192.87072525699998 0.0 1.45 0.08073444802979922 0.27225729084704736 False True 0.004443137464349354 4.213303713439733 -0.07730329375227436 -2.0171121462782766 0.0
156 137 1868.0 1669.0 194.22034426999997 0.0 7.61 0.03503268589429034 0.01652354809847224 False True 0.004443137464349354 4.213303713439733 -0.07730329375227436 -2.0171121462782766 0.0
156 138 1872.0 1673.0 195.57185638199994 0.0 7.6899999999999995 0.01652354809847224 0.2914655623420506 False True 0.004443137464349354 4.213303713439733 -0.07730329375227436 -2.0171121462782766 0.0
156 139 1884.0 1685.0 196.91471467799997 0.0 7.61 0.03503268589429034 0.28497620172056654 False True 0.004443137464349354 4.213303713439733 -0.07730329375227436 -2.0171121462782766 0.0
156 140 1896.0 1697.0 198.25850546699994 0.0 7.61 0.03503268589429034 0.2980406492705191 False True 0.004443137464349354 4.213303713439733 -0.07730329375227436 -2.0171121462782766 0.0
156 141 1908.0 1709.0 199.60403640699994 0.0 7.61 0.03503268589429034 0.2087039332447068 False True 0.004443137464349354 4.213303713439733 -0.07730329375227436 -2.0171121462782766 0.0
156 142 1920.0 1721.0 200.94778397099995 0.0 7.61 0.03503268589429034 0.31144531915878204 False True 0.004443137464349354 4.213303713439733 -0.07730329375227436 -2.0171121462782766 0.0
156 143 1932.0 1733.0 202.31888062499993 0.0 7.61 0.03503268589429034 0.08512415974873819 False True 0.004443137464349354 4.213303713439733 -0.07730329375227436 -2.0171121462782766 0.0
156 144 1944.0 1745.0 203.67999428799996 0.0 7.61 0.03503268589429034 0.08346151382229501 False True 0.004443137464349354 4.213303713439733 -0.07730329375227436 -2.0171121462782766 0.0
156 145 1956.0 1757.0 205.03068437599993 0.0 7.61 0.03503268589429034 0.08190594764713606 False True 0.004443137464349354 4.213303713439733 -0.07730329375227436 -2.0171121462782766 0.0
156 146 1968.0 1769.0 206.39150447699993 0.0 7.61 0.03503268589429034 0.08689370812608906 False True 0.004443137464349354 4.213303713439733 -0.07730329375227436 -2.0171121462782766 0.0
156 147 1980.0 1781.0 207.75344531099992 0.0 1.75 0.08689370812608906 0.08512415974873819 False True 0.004443137464349354 4.213303713439733 -0.07730329375227436 -2.0171121462782766 0.0
156 148 1984.0 1785.0 209.10567244199993 0.0 1.75 0.08689370812608906 0.08512415974873819 False True 0.004443137464349354 4.213303713439733 -0.07730329375227436 -2.0171121462782766 0.0
156 149 1988.0 1789.0 210.4679156149999 0.0 1.75 0.08689370812608906 0.07911671019057108 False True 0.004443137464349354 4.213303713439733 -0.07730329375227436 -2.0171121462782766 0.0
156 150 2000.0 1801.0 211.83018773699993 0.0 1.75 0.08689370812608906 0.08045762781464816 False True 0.004443137464349354 4.213303713439733 -0.07730329375227436 -2.0171121462782766 0.0
156 151 2012.0 1813.0 213.17349281699993 0.0 7.61 0.03503268589429034 0.07788333989940874 False True 0.004443137464349354 4.213303713439733 -0.07730329375227436 -2.0171121462782766 0.0
156 152 2024.0 1825.0 214.5023461939999 0.0 1.74 0.08512415974873819 0.07675765130991921 False True 0.004443137464349354 4.213303713439733 -0.07730329375227436 -2.0171121462782766 0.0
156 153 2036.0 1837.0 215.84516624799986 0.0 7.61 0.03503268589429034 0.07573976802167506 False True 0.004443137464349354 4.213303713439733 -0.07730329375227436 -2.0171121462782766 0.0
156 154 2048.0 1849.0 217.17690844299986 0.0 7.6899999999999995 0.01652354809847224 0.07482980285270648 False True 0.004443137464349354 4.213303713439733 -0.07730329375227436 -2.0171121462782766 0.0
156 155 2060.0 1861.0 218.50027166099986 0.0 7.61 0.03503268589429034 0.07402785782821955 False True 0.004443137464349354 4.213303713439733 -0.07730329375227436 -2.0171121462782766 0.0
156 156 2072.0 1873.0 219.81406281499986 0.0 1.68 0.07675765130991921 0.08512415974873819 False True 0.004443137464349354 4.213303713439733 -0.07730329375227436 -2.0171121462782766 0.0
156 157 2076.0 1877.0 221.1238869959998 0.0 1.74 0.08512415974873819 0.07333402417039146 False True 0.004443137464349354 4.213303713439733 -0.07730329375227436 -2.0171121462782766 0.0
156 158 2088.0 1889.0 222.43674986999983 0.0 1.68 0.07675765130991921 0.08512415974873819 False True 0.004443137464349354 4.213303713439733 -0.07730329375227436 -2.0171121462782766 0.0
156 159 2092.0 1893.0 223.76200770999984 0.0 1.68 0.07675765130991921 0.07227100177463507 False True 0.004443137464349354 4.213303713439733 -0.07730329375227436 -2.0171121462782766 0.0
156 160 2104.0 1905.0 225.10050170499986 0.0 1.68 0.07675765130991921 0.07274838228925051 False True 0.004443137464349354 4.213303713439733 -0.07730329375227436 -2.0171121462782766 0.0
156 161 2116.0 1917.0 226.4112725019999 0.0 1.68 0.07675765130991921 0.07164124906271271 False True 0.004443137464349354 4.213303713439733 -0.07730329375227436 -2.0171121462782766 0.0
156 162 2128.0 1929.0 227.7198965119999 0.0 1.68 0.07675765130991921 0.07148896188691758 False True 0.004443137464349354 4.213303713439733 -0.07730329375227436 -2.0171121462782766 0.0
156 163 2140.0 1941.0 229.04437423399995 0.0 1.59 0.07148896188691758 0.07144510611216612 False True 0.004443137464349354 4.213303713439733 -0.07730329375227436 -2.0171121462782766 0.0
156 164 2152.0 1953.0 230.36772911499995 0.0 1.68 0.07675765130991921 0.07190194138923428 False True 0.004443137464349354 4.213303713439733 -0.07730329375227436 -2.0171121462782766 0.0
156 165 2164.0 1965.0 231.68875104999992 0.0 1.68 0.07675765130991921 0.07196422702693973 False True 0.004443137464349354 4.213303713439733 -0.07730329375227436 -2.0171121462782766 0.0
156 166 2176.0 1977.0 233.00297063099995 0.0 7.65 0.024928606845492047 0.07168273954477666 False True 0.004443137464349354 4.213303713439733 -0.07730329375227436 -2.0171121462782766 0.0
156 167 2188.0 1989.0 234.33250926399998 0.0 7.65 0.024928606845492047 0.07235414245992389 False True 0.004443137464349354 4.213303713439733 -0.07730329375227436 -2.0171121462782766 0.0
