300 0 400.0 200.99999999999997 1.3234757390000027 0.0 7.53 0.05956345677401523 0.0560865624852639 False True 0.0019701909434027653 2.3995992373607984 -0.00020130983498387874 -1.0632969484600205 0.0
300 1 412.0 212.99999999999997 2.6727709900000036 0.0 7.54 0.0560865624852639 0.052711601137036074 False True 0.0019701909434027653 2.3995992373607984 -0.00020130983498387874 -1.0632969484600205 0.0
300 2 424.0 224.99999999999997 4.025653949999992 0.0 7.54 0.0560865624852639 0.04943889866303974 False True 0.0019701909434027653 2.3995992373607984 -0.00020130983498387874 -1.0632969484600205 0.0
300 3 436.0 236.99999999999997 5.389262393999985 0.0 7.54 0.0560865624852639 0.046268770770025155 False True 0.0019701909434027653 2.3995992373607984 -0.00020130983498387874 -1.0632969484600205 0.0
300 4 448.0 248.99999999999997 6.74136575899999 0.0 7.57 0.046268770770025155 0.043201522906212805 False True 0.0019701909434027653 2.3995992373607984 -0.00020130983498387874 -1.0632969484600205 0.0
300 5 460.0 261.0 8.124603720999971 0.0 7.57 0.046268770770025155 0.06314194787521799 False True 0.0019701909434027653 2.3995992373607984 -0.00020130983498387874 -1.0632969484600205 0.0
300 6 472.0 273.0 9.47682490699998 0.0 7.52 0.06314194787521799 0.06682168950004816 False True 0.0019701909434027653 2.3995992373607984 -0.00020130983498387874 -1.0632969484600205 0.0
300 7 484.0 285.0 10.840190081999964 0.0 7.52 0.06314194787521799 0.04023745023074949 False True 0.0019701909434027653 2.3995992373607984 -0.00020130983498387874 -1.0632969484600205 0.0
300 8 496.0 297.0 12.194633739999972 0.0 7.59 0.04023745023074949 0.03737683758419349 False True 0.0019701909434027653 2.3995992373607984 -0.00020130983498387874 -1.0632969484600205 0.0
300 9 508.0 309.0 13.576394647999962 0.0 7.59 0.04023745023074949 0.034619959460030804 False True 0.0019701909434027653 2.3995992373607984 -0.00020130983498387874 -1.0632969484600205 0.0
300 10 520.0 321.0 14.930944926999985 0.0 7.59 0.04023745023074949 0.03196707997722234 False True 0.0019701909434027653 2.3995992373607984 -0.00020130983498387874 -1.0632969484600205 0.0
300 11 532.0 333.0 16.295260482999993 0.0 7.62 0.03196707997722234 0.029418452853796448 False True 0.0019701909434027653 2.3995992373607984 -0.00020130983498387874 -1.0632969484600205 0.0
300 12 544.0 345.0 17.662805792 0.0 7.62 0.03196707997722234 0.03737683758419349 False True 0.0019701909434027653 2.3995992373607984 -0.00020130983498387874 -1.0632969484600205 0.0
300 13 548.0 349.0 19.031156514999992 0.0 7.62 0.03196707997722234 0.04323287647502789 False True 0.0019701909434027653 2.3995992373607984 -0.00020130983498387874 -1.0632969484600205 0.0
300 14 560.0 361.0 20.41665002899998 0.0 8.15 0.04323287647502789 0.04027371924875771 False True 0.0019701909434027653 2.3995992373607984 -0.00020130983498387874 -1.0632969484600205 0.0
300 15 572.0 373.0 21.785109114999983 0.0 8.15 0.04323287647502789 0.034619959460030804 False True 0.0019701909434027653 2.3995992373607984 -0.00020130983498387874 -1.0632969484600205 0.0
300 16 576.0 377.0 23.153008615999966 0.0 8.15 0.04323287647502789 0.03741738060716254 False True 0.0019701909434027653 2.3995992373607984 -0.00020130983498387874 -1.0632969484600205 0.0
300 17 588.0 389.0 24.53240849699995 0.0 8.15 0.04323287647502789 0.03466415780974626 False True 0.0019701909434027653 2.3995992373607984 -0.00020130983498387874 -1.0632969484600205 0.0
300 18 600.0 401.0 25.89827589099997 0.0 7.62 0.03196707997722234 0.032014337803347545 False True 0.0019701909434027653 2.3995992373607984 -0.00020130983498387874 -1.0632969484600205 0.0
300 19 612.0 413.0 27.268405106999978 0.0 8.15 0.04323287647502789 0.02946819719345242 False True 0.0019701909434027653 2.3995992373607984 -0.00020130983498387874 -1.0632969484600205 0.0
300 20 624.0 425.0 28.64928294499998 0.0 8.15 0.04323287647502789 0.02702600221653007 False True 0.0019701909434027653 2.3995992373607984 -0.00020130983498387874 -1.0632969484600205 0.0
300 21 636.0 437.0 30.038075202999977 0.0 7.62 0.03196707997722234 0.049458406259664627 False True 0.0019701909434027653 2.3995992373607984 -0.00020130983498387874 -1.0632969484600205 0.0
300 22 648.0 449.0 31.41597262999997 0.0 7.62 0.03196707997722234 0.052724133008389 False True 0.0019701909434027653 2.3995992373607984 -0.00020130983498387874 -1.0632969484600205 0.0
300 23 660.0 461.0 32.78632186799996 0.0 7.62 0.03196707997722234 0.05609138678708757 False True 0.0019701909434027653 2.3995992373607984 -0.00020130983498387874 -1.0632969484600205 0.0
300 24 672.0 473.0 34.155096835999956 0.0 7.62 0.03196707997722234 0.07060232523355398 False True 0.0019701909434027653 2.3995992373607984 -0.00020130983498387874 -1.0632969484600205 0.0
300 25 684.0 485.0 35.53386096999998 0.0 8.1 0.02946819719345242 0.07448348857030737 False True 0.0019701909434027653 2.3995992373607984 -0.00020130983498387874 -1.0632969484600205 0.0
300 26 696.0 497.0 36.90255855999996 0.0 8.1 0.02946819719345242 0.03466415780974626 False True 0.0019701909434027653 2.3995992373607984 -0.00020130983498387874 -1.0632969484600205 0.0
300 27 700.0 501.0 38.28207423899994 0.0 8.12 0.03466415780974626 0.02946819719345242 False True 0.0019701909434027653 2.3995992373607984 -0.00020130983498387874 -1.0632969484600205 0.0
300 28 704.0 505.0 39.65140044299994 0.0 8.12 0.03466415780974626 0.026974321381477206 False True 0.0019701909434027653 2.3995992373607984 -0.00020130983498387874 -1.0632969484600205 0.0
300 29 716.0 517.0 41.037990418999954 0.0 8.12 0.03466415780974626 0.024634918401350386 False True 0.0019701909434027653 2.3995992373607984 -0.00020130983498387874 -1.0632969484600205 0.0
300 30 728.0 529.0 42.420581710999954 0.0 8.12 0.03466415780974626 0.02240046628058613 False True 0.0019701909434027653 2.3995992373607984 -0.00020130983498387874 -1.0632969484600205 0.0
300 31 740.0 541.0 43.78949073099997 0.0 7.66 0.02240046628058613 0.02027117689019553 False True 0.0019701909434027653 2.3995992373607984 -0.00020130983498387874 -1.0632969484600205 0.0
300 32 752.0 553.0 45.170997752999966 0.0 7.66 0.02240046628058613 0.01824725158384959 False True 0.0019701909434027653 2.3995992373607984 -0.00020130983498387874 -1.0632969484600205 0.0
300 33 764.0 565.0 46.53869391499998 0.0 7.65 0.024634918401350386 0.016328881177740655 False True 0.0019701909434027653 2.3995992373607984 -0.00020130983498387874 -1.0632969484600205 0.0
300 34 776.0 577.0 47.91823331500001 0.0 7.65 0.024634918401350386 0.014516245931500568 False True 0.0019701909434027653 2.3995992373607984 -0.00020130983498387874 -1.0632969484600205 0.0
300 35 788.0 589.0 49.28706528800001 0.0 7.65 0.024634918401350386 0.07818462186066598 False True 0.0019701909434027653 2.3995992373607984 -0.00020130983498387874 -1.0632969484600205 0.0
300 36 800.0 601.0 50.666934732000016 0.0 7.65 0.024634918401350386 0.08094099880424532 False True 0.0019701909434027653 2.3995992373607984 -0.00020130983498387874 -1.0632969484600205 0.0
300 37 812.0 613.0 52.03534849100001 0.0 7.66 0.02240046628058613 0.07696578212887693 False True 0.0019701909434027653 2.3995992373607984 -0.00020130983498387874 -1.0632969484600205 0.0
300 38 824.0 625.0 53.408798862 0.0 8.11 0.032014337803347545 0.07585335548107891 False True 0.0019701909434027653 2.3995992373607984 -0.00020130983498387874 -1.0632969484600205 0.0
300 39 836.0 637.0 54.782395987 0.0 8.11 0.032014337803347545 0.07484746406069544 False True 0.0019701909434027653 2.3995992373607984 -0.00020130983498387874 -1.0632969484600205 0.0
300 40 848.0 649.0 56.17736385699999 0.0 8.11 0.032014337803347545 0.07394821935662704 False True 0.0019701909434027653 2.3995992373607984 -0.00020130983498387874 -1.0632969484600205 0.0
300 41 860.0 661.0 57.556201800999986 0.0 7.52 0.06314194787521799 0.0731557221921023 False True 0.0019701909434027653 2.3995992373607984 -0.00020130983498387874 -1.0632969484600205 0.0
300 42 872.0 673.0 58.92594326599999 0.0 8.12 0.03466415780974626 0.07247006271459337 False True 0.0019701909434027653 2.3995992373607984 -0.00020130983498387874 -1.0632969484600205 0.0
300 43 884.0 685.0 60.304948990000014 0.0 7.65 0.024634918401350386 0.03737683758419349 False True 0.0019701909434027653 2.3995992373607984 -0.00020130983498387874 -1.0632969484600205 0.0
300 44 888.0 689.0 61.67456451300001 0.0 7.57 0.046268770770025155 0.012809515530177427 False True 0.0019701909434027653 2.3995992373607984 -0.00020130983498387874 -1.0632969484600205 0.0
300 45 900.0 701.0 63.04250402299999 0.0 7.62 0.03196707997722234 0.011208849067263346 False True 0.0019701909434027653 2.3995992373607984 -0.00020130983498387874 -1.0632969484600205 0.0
300 46 912.0 713.0 64.42252440299998 0.0 7.72 0.011208849067263346 0.009714395028787532 False True 0.0019701909434027653 2.3995992373607984 -0.00020130983498387874 -1.0632969484600205 0.0
300 47 924.0 725.0 65.79149392599999 0.0 7.62 0.03196707997722234 0.008326291278468899 False True 0.0019701909434027653 2.3995992373607984 -0.00020130983498387874 -1.0632969484600205 0.0
300 48 936.0 737.0 67.17259482 0.0 7.62 0.03196707997722234 0.007044665043926382 False True 0.0019701909434027653 2.3995992373607984 -0.00020130983498387874 -1.0632969484600205 0.0
300 49 948.0 749.0 68.543368614 0.0 7.62 0.03196707997722234 0.005869632903958332 False True 0.0019701909434027653 2.3995992373607984 -0.00020130983498387874 -1.0632969484600205 0.0
300 50 960.0 761.0 69.913219717 0.0 7.62 0.03196707997722234 0.00480130077688529 False True 0.0019701909434027653 2.3995992373607984 -0.00020130983498387874 -1.0632969484600205 0.0
300 51 972.0 773.0 71.29484330399998 0.0 7.62 0.03196707997722234 0.0038397639099542477 False True 0.0019701909434027653 2.3995992373607984 -0.00020130983498387874 -1.0632969484600205 0.0
300 52 984.0 785.0 72.67588103599999 0.0 7.62 0.03196707997722234 0.05955981923935465 False True 0.0019701909434027653 2.3995992373607984 -0.00020130983498387874 -1.0632969484600205 0.0
300 53 996.0 797.0 74.04681417399999 0.0 8.12 0.03466415780974626 0.0631290718898368 False True 0.0019701909434027653 2.3995992373607984 -0.00020130983498387874 -1.0632969484600205 0.0
300 54 1008.0 809.0 75.43522428199998 0.0 8.12 0.03466415780974626 0.06679877618008695 False True 0.0019701909434027653 2.3995992373607984 -0.00020130983498387874 -1.0632969484600205 0.0
300 55 1020.0 821.0 76.81519391699996 0.0 8.12 0.03466415780974626 0.007044665043926382 False True 0.0019701909434027653 2.3995992373607984 -0.00020130983498387874 -1.0632969484600205 0.0
300 56 1024.0 825.0 78.19517594299995 0.0 8.12 0.03466415780974626 0.07189132038680343 False True 0.0019701909434027653 2.3995992373607984 -0.00020130983498387874 -1.0632969484600205 0.0
300 57 1036.0 837.0 79.56503574099995 0.0 8.12 0.03466415780974626 0.07141956397872028 False True 0.0019701909434027653 2.3995992373607984 -0.00020130983498387874 -1.0632969484600205 0.0
300 58 1048.0 849.0 80.94360836399997 0.0 8.12 0.03466415780974626 0.0710548515607392 False True 0.0019701909434027653 2.3995992373607984 -0.00020130983498387874 -1.0632969484600205 0.0
300 59 1060.0 861.0 82.31482498799997 0.0 8.12 0.03466415780974626 0.07079723049785663 False True 0.0019701909434027653 2.3995992373607984 -0.00020130983498387874 -1.0632969484600205 0.0
300 60 1072.0 873.0 83.69567268099999 0.0 8.12 0.03466415780974626 0.07064673744493405 False True 0.0019701909434027653 2.3995992373607984 -0.00020130983498387874 -1.0632969484600205 0.0
300 61 1084.0 885.0 85.074682889 0.0 1.59 0.07064673744493405 0.0706033983430289 False True 0.0019701909434027653 2.3995992373607984 -0.00020130983498387874 -1.0632969484600205 0.0
300 62 1096.0 897.0 86.445520012 0.0 8.12 0.03466415780974626 0.07066722841680803 False True 0.0019701909434027653 2.3995992373607984 -0.00020130983498387874 -1.0632969484600205 0.0
300 63 1108.0 909.0 87.840543112 0.0 8.12 0.03466415780974626 0.07083823217301696 False True 0.0019701909434027653 2.3995992373607984 -0.00020130983498387874 -1.0632969484600205 0.0
300 64 1120.0 921.0 89.22444806200002 0.0 8.12 0.03466415780974626 0.07064673744493405 False True 0.0019701909434027653 2.3995992373607984 -0.00020130983498387874 -1.0632969484600205 0.0
300 65 1124.0 925.0 90.60893097700003 0.0 8.12 0.03466415780974626 0.02468800871341023 False True 0.0019701909434027653 2.3995992373607984 -0.00020130983498387874 -1.0632969484600205 0.0
300 66 1136.0 937.0 91.99215504000003 0.0 8.12 0.03466415780974626 0.0224544621037011 False True 0.0019701909434027653 2.3995992373607984 -0.00020130983498387874 -1.0632969484600205 0.0
300 67 1148.0 949.0 93.37824410900004 0.0 8.12 0.03466415780974626 0.020325597361244886 False True 0.0019701909434027653 2.3995992373607984 -0.00020130983498387874 -1.0632969484600205 0.0
300 68 1160.0 961.0 94.77339157300003 0.0 8.12 0.03466415780974626 0.01830163899062344 False True 0.0019701909434027653 2.3995992373607984 -0.00020130983498387874 -1.0632969484600205 0.0
300 69 1172.0 973.0 96.15963709500002 0.0 8.12 0.03466415780974626 0.0029851068698196143 False True 0.0019701909434027653 2.3995992373607984 -0.00020130983498387874 -1.0632969484600205 0.0
300 70 1184.0 985.0 97.54543257800003 0.0 8.12 0.03466415780974626 0.0022374035340818536 False True 0.0019701909434027653 2.3995992373607984 -0.00020130983498387874 -1.0632969484600205 0.0
300 71 1196.0 997.0 98.94644966500005 0.0 8.12 0.03466415780974626 0.0015967170839009288 False True 0.0019701909434027653 2.3995992373607984 -0.00020130983498387874 -1.0632969484600205 0.0
300 72 1208.0 1009.0 100.35367288600006 0.0 8.12 0.03466415780974626 0.001063099997679793 False True 0.0019701909434027653 2.3995992373607984 -0.00020130983498387874 -1.0632969484600205 0.0
300 73 1220.0 1021.0 101.76866509600003 0.0 8.12 0.03466415780974626 0.0006365940458131636 False True 0.0019701909434027653 2.3995992373607984 -0.00020130983498387874 -1.0632969484600205 0.0
300 74 1232.0 1033.0 103.16849925000002 0.0 8.12 0.03466415780974626 0.0003172302865168195 False True 0.0019701909434027653 2.3995992373607984 -0.00020130983498387874 -1.0632969484600205 0.0
300 75 1244.0 1045.0 104.57891812600002 0.0 8.12 0.03466415780974626 0.0001050290627117087 False True 0.0019701909434027653 2.3995992373607984 -0.00020130983498387874 -1.0632969484600205 0.0
300 76 1256.0 1057.0 105.98022223500001 0.0 7.85 0.0001050290627117087 0.0 False True 0.0019701909434027653 2.3995992373607984 -0.00020130983498387874 -1.0632969484600205 0.0
300 77 1268.0 1069.0 107.38129593800002 0.0 7.85 0.0001050290627117087 2.1420056930925902e-06 False True 0.0019701909434027653 2.3995992373607984 -0.00020130983498387874 -1.0632969484600205 0.0
300 78 1280.0 1081.0 108.78247341100001 0.0 7.87 2.1420056930925902e-06 0.00011144326892871179 False True 0.0019701909434027653 2.3995992373607984 -0.00020130983498387874 -1.0632969484600205 0.0
300 79 1292.0 1093.0 110.18407667100001 0.0 7.85 0.0001050290627117087 0.00032788126184757913 False True 0.0019701909434027653 2.3995992373607984 -0.00020130983498387874 -1.0632969484600205 0.0
300 80 1304.0 1105.0 111.59621615700001 0.0 7.87 2.1420056930925902e-06 0.0006514227418458409 False True 0.0019701909434027653 2.3995992373607984 -0.00020130983498387874 -1.0632969484600205 0.0
300 81 1316.0 1117.0 112.994281245 0.0 7.87 2.1420056930925902e-06 0.0010820237549023022 False True 0.0019701909434027653 2.3995992373607984 -0.00020130983498387874 -1.0632969484600205 0.0
300 82 1328.0 1129.0 114.40569577699998 0.0 7.87 2.1420056930925902e-06 0.00032788126184757913 False True 0.0019701909434027653 2.3995992373607984 -0.00020130983498387874 -1.0632969484600205 0.0
300 83 1332.0 1133.0 115.808081547 0.0 8.12 0.03466415780974626 0.001619629639968093 False True 0.0019701909434027653 2.3995992373607984 -0.00020130983498387874 -1.0632969484600205 0.0
300 84 1344.0 1145.0 117.22488484000002 0.0 7.92 0.001619629639968093 0.0022641750344397056 False True 0.0019701909434027653 2.3995992373607984 -0.00020130983498387874 -1.0632969484600205 0.0
300 85 1356.0 1157.0 118.64206979100001 0.0 7.87 2.1420056930925902e-06 0.003015583880689706 False True 0.0019701909434027653 2.3995992373607984 -0.00020130983498387874 -1.0632969484600205 0.0
300 86 1368.0 1169.0 120.058960748 0.0 8.12 0.03466415780974626 0.0038737694336741517 False True 0.0019701909434027653 2.3995992373607984 -0.00020130983498387874 -1.0632969484600205 0.0
300 87 1380.0 1181.0 121.47398628300002 0.0 8.12 0.03466415780974626 0.004838634269608155 False True 0.0019701909434027653 2.3995992373607984 -0.00020130983498387874 -1.0632969484600205 0.0
300 88 1392.0 1193.0 122.89082806000002 0.0 7.85 0.0001050290627117087 0.005910070295704828 False True 0.0019701909434027653 2.3995992373607984 -0.00020130983498387874 -1.0632969484600205 0.0
300 89 1404.0 1205.0 124.30666706299999 0.0 7.85 0.0001050290627117087 0.007087958760987124 False True 0.0019701909434027653 2.3995992373607984 -0.00020130983498387874 -1.0632969484600205 0.0
300 90 1416.0 1217.0 125.72396052499997 0.0 7.85 0.0001050290627117087 0.008372170268163075 False True 0.0019701909434027653 2.3995992373607984 -0.00020130983498387874 -1.0632969484600205 0.0
300 91 1428.0 1229.0 127.14010843599996 0.0 7.85 0.0001050290627117087 0.009762564786563446 False True 0.0019701909434027653 2.3995992373607984 -0.00020130983498387874 -1.0632969484600205 0.0
300 92 1440.0 1241.0 128.569086845 0.0 7.85 0.0001050290627117087 0.011258991666142769 False True 0.0019701909434027653 2.3995992373607984 -0.00020130983498387874 -1.0632969484600205 0.0
300 93 1452.0 1253.0 129.98574739899996 0.0 7.92 0.001619629639968093 0.005910070295704828 False True 0.0019701909434027653 2.3995992373607984 -0.00020130983498387874 -1.0632969484600205 0.0
300 94 1456.0 1257.0 131.40317522299998 0.0 7.97 0.005910070295704828 0.01456928690324998 False True 0.0019701909434027653 2.3995992373607984 -0.00020130983498387874 -1.0632969484600205 0.0
300 95 1468.0 1269.0 132.82013486099996 0.0 8.03 0.01456928690324998 0.012861289652550447 False True 0.0019701909434027653 2.3995992373607984 -0.00020130983498387874 -1.0632969484600205 0.0
300 96 1480.0 1281.0 134.25524317299997 0.0 8.02 0.012861289652550447 0.016382801004706345 False True 0.0019701909434027653 2.3995992373607984 -0.00020130983498387874 -1.0632969484600205 0.0
300 97 1492.0 1293.0 135.66730320399992 0.0 7.97 0.005910070295704828 0.01456928690324998 False True 0.0019701909434027653 2.3995992373607984 -0.00020130983498387874 -1.0632969484600205 0.0
300 98 1496.0 1297.0 137.06368957499993 0.0 7.97 0.005910070295704828 0.012861289652550447 False True 0.0019701909434027653 2.3995992373607984 -0.00020130983498387874 -1.0632969484600205 0.0
300 99 1500.0 1301.0 138.4630094469999 0.0 8.12 0.03466415780974626 0.0784648029510444 False True 0.0019701909434027653 2.3995992373607984 -0.00020130983498387874 -1.0632969484600205 0.0
300 100 1512.0 1313.0 139.87431830299985 0.0 8.12 0.03466415780974626 0.0 False True 0.0019701909434027653 2.3995992373607984 -0.00020130983498387874 -1.0632969484600205 0.0
300 101 1516.0 1317.0 141.27453658899984 0.0 7.97 0.005910070295704828 0.0015967170839009288 False True 0.0019701909434027653 2.3995992373607984 -0.00020130983498387874 -1.0632969484600205 0.0
300 102 1520.0 1321.0 142.6754302689998 0.0 7.81 0.0015967170839009288 0.0038737694336741517 False True 0.0019701909434027653 2.3995992373607984 -0.00020130983498387874 -1.0632969484600205 0.0
300 103 1524.0 1325.0 144.0849975799998 0.0 7.81 0.0015967170839009288 0.005910070295704828 False True 0.0019701909434027653 2.3995992373607984 -0.00020130983498387874 -1.0632969484600205 0.0
300 104 1528.0 1329.0 145.5000102509998 0.0 8.12 0.03466415780974626 0.08254588180032542 False True 0.0019701909434027653 2.3995992373607984 -0.00020130983498387874 -1.0632969484600205 0.0
300 105 1540.0 1341.0 146.9177383909998 0.0 7.97 0.005910070295704828 0.08672632856519097 False True 0.0019701909434027653 2.3995992373607984 -0.00020130983498387874 -1.0632969484600205 0.0
300 106 1552.0 1353.0 148.3367756159998 0.0 7.89 0.00032788126184757913 0.09100573675482106 False True 0.0019701909434027653 2.3995992373607984 -0.00020130983498387874 -1.0632969484600205 0.0
300 107 1564.0 1365.0 149.76442857199984 0.0 7.89 0.00032788126184757913 0.09538368998117695 False True 0.0019701909434027653 2.3995992373607984 -0.00020130983498387874 -1.0632969484600205 0.0
300 108 1576.0 1377.0 151.18227683099983 0.0 7.89 0.00032788126184757913 0.09985976200064442 False True 0.0019701909434027653 2.3995992373607984 -0.00020130983498387874 -1.0632969484600205 0.0
300 109 1588.0 1389.0 152.61069549699985 0.0 7.89 0.00032788126184757913 0.10443351675666138 False True 0.0019701909434027653 2.3995992373607984 -0.00020130983498387874 -1.0632969484600205 0.0
300 110 1600.0 1401.0 154.03062218499988 0.0 7.89 0.00032788126184757913 0.10910450842331086 False True 0.0019701909434027653 2.3995992373607984 -0.00020130983498387874 -1.0632969484600205 0.0
300 111 1612.0 1413.0 155.4598807219999 0.0 7.89 0.00032788126184757913 0.11387228144991836 False True 0.0019701909434027653 2.3995992373607984 -0.00020130983498387874 -1.0632969484600205 0.0
300 112 1624.0 1425.0 156.87980366899987 0.0 7.89 0.00032788126184757913 0.11873637060659535 False True 0.0019701909434027653 2.3995992373607984 -0.00020130983498387874 -1.0632969484600205 0.0
300 113 1636.0 1437.0 158.3081506679999 0.0 7.89 0.00032788126184757913 0.12369630103076927 False True 0.0019701909434027653 2.3995992373607984 -0.00020130983498387874 -1.0632969484600205 0.0
300 114 1648.0 1449.0 159.72693552199993 0.0 7.89 0.00032788126184757913 0.12875158827466152 False True 0.0019701909434027653 2.3995992373607984 -0.00020130983498387874 -1.0632969484600205 0.0
300 115 1660.0 1461.0 161.15619682099995 0.0 7.89 0.00032788126184757913 0.1339017383537442 False True 0.0019701909434027653 2.3995992373607984 -0.00020130983498387874 -1.0632969484600205 0.0
300 116 1672.0 1473.0 162.5765766869999 0.0 7.89 0.00032788126184757913 0.13914624779612597 False True 0.0019701909434027653 2.3995992373607984 -0.00020130983498387874 -1.0632969484600205 0.0
300 117 1684.0 1485.0 164.00698274399994 0.0 7.89 0.00032788126184757913 0.14448460369290714 False True 0.0019701909434027653 2.3995992373607984 -0.00020130983498387874 -1.0632969484600205 0.0
300 118 1696.0 1497.0 165.43559635699998 0.0 7.89 0.00032788126184757913 0.14991628374945987 False True 0.0019701909434027653 2.3995992373607984 -0.00020130983498387874 -1.0632969484600205 0.0
300 119 1708.0 1509.0 166.85573164500002 0.0 7.89 0.00032788126184757913 0.15544075633767584 False True 0.0019701909434027653 2.3995992373607984 -0.00020130983498387874 -1.0632969484600205 0.0
300 120 1720.0 1521.0 168.28639075700002 0.0 7.89 0.00032788126184757913 0.1610574805491069 False True 0.0019701909434027653 2.3995992373607984 -0.00020130983498387874 -1.0632969484600205 0.0
300 121 1732.0 1533.0 169.716444671 0.0 7.89 0.00032788126184757913 0.07111640340003612 False True 0.0019701909434027653 2.3995992373607984 -0.00020130983498387874 -1.0632969484600205 0.0
300 122 1744.0 1545.0 171.13059972099998 0.0 7.89 0.00032788126184757913 0.1667659062490726 False True 0.0019701909434027653 2.3995992373607984 -0.00020130983498387874 -1.0632969484600205 0.0
300 123 1756.0 1557.0 172.55923715799995 0.0 7.89 0.00032788126184757913 0.172565474131665 False True 0.0019701909434027653 2.3995992373607984 -0.00020130983498387874 -1.0632969484600205 0.0
300 124 1768.0 1569.0 173.97775021399994 0.0 7.89 0.00032788126184757913 0.17845561577568037 False True 0.0019701909434027653 2.3995992373607984 -0.00020130983498387874 -1.0632969484600205 0.0
300 125 1780.0 1581.0 175.40553965299992 0.0 7.89 0.00032788126184757913 0.1844357537014611 False True 0.0019701909434027653 2.3995992373607984 -0.00020130983498387874 -1.0632969484600205 0.0
300 126 1792.0 1593.0 176.82317864099988 0.0 7.89 0.00032788126184757913 0.190505301428644 False True 0.0019701909434027653 2.3995992373607984 -0.00020130983498387874 -1.0632969484600205 0.0
300 127 1804.0 1605.0 178.27268792399988 0.0 7.89 0.00032788126184757913 0.1966636635348072 False True 0.0019701909434027653 2.3995992373607984 -0.00020130983498387874 -1.0632969484600205 0.0
300 128 1816.0 1617.0 179.68984472299988 0.0 7.89 0.00032788126184757913 0.20291023571501182 False True 0.0019701909434027653 2.3995992373607984 -0.00020130983498387874 -1.0632969484600205 0.0
300 129 1828.0 1629.0 181.11874569899985 0.0 7.89 0.00032788126184757913 0.08247823857181263 False True 0.0019701909434027653 2.3995992373607984 -0.00020130983498387874 -1.0632969484600205 0.0
300 130 1840.0 1641.0 182.5476849969999 0.0 7.4399999999999995 0.09538368998117695 0.08412129656466923 False True 0.0019701909434027653 2.3995992373607984 -0.00020130983498387874 -1.0632969484600205 0.0
300 131 1852.0 1653.0 183.97896323799986 0.0 1.74 0.08412129656466923 0.0858699975712465 False True 0.0019701909434027653 2.3995992373607984 -0.00020130983498387874 -1.0632969484600205 0.0
300 132 1864.0 1665.0 185.41465030399988 0.0 1.74 0.08412129656466923 0.08772415581467025 False True 0.0019701909434027653 2.3995992373607984 -0.00020130983498387874 -1.0632969484600205 0.0
300 133 1876.0 1677.0 186.84468860399986 0.0 7.89 0.00032788126184757913 0.08968357497134183 False True 0.0019701909434027653 2.3995992373607984 -0.00020130983498387874 -1.0632969484600205 0.0
300 134 1888.0 1689.0 188.31733170799984 0.0 8.03 0.01456928690324998 0.09174804819056645 False True 0.0019701909434027653 2.3995992373607984 -0.00020130983498387874 -1.0632969484600205 0.0
300 135 1900.0 1701.0 189.72009325599984 0.0 1.78 0.09174804819056645 0.09391735811523913 False True 0.0019701909434027653 2.3995992373607984 -0.00020130983498387874 -1.0632969484600205 0.0
300 136 1912.0 1713.0 191.14638101299985 0.0 7.59 0.04023745023074949 0.032014337803347545 False True 0.0019701909434027653 2.3995992373607984 -0.00020130983498387874 -1.0632969484600205 0.0
300 137 1916.0 1717.0 192.55584315599984 0.0 7.66 0.02240046628058613 0.001619629639968093 False True 0.0019701909434027653 2.3995992373607984 -0.00020130983498387874 -1.0632969484600205 0.0
300 138 1920.0 1721.0 193.97336662599983 0.0 7.66 0.02240046628058613 0.09619127690358166 False True 0.0019701909434027653 2.3995992373607984 -0.00020130983498387874 -1.0632969484600205 0.0
300 139 1932.0 1733.0 195.4010036619998 0.0 8.12 0.03466415780974626 0.09856956625192588 False True 0.0019701909434027653 2.3995992373607984 -0.00020130983498387874 -1.0632969484600205 0.0
300 140 1944.0 1745.0 196.83080626799975 0.0 7.97 0.005910070295704828 0.10105197741854027 False True 0.0019701909434027653 2.3995992373607984 -0.00020130983498387874 -1.0632969484600205 0.0
300 141 1956.0 1757.0 198.26144011699975 0.0 7.97 0.005910070295704828 0.10363825124850946 False True 0.0019701909434027653 2.3995992373607984 -0.00020130983498387874 -1.0632969484600205 0.0
300 142 1968.0 1769.0 199.67638044399976 0.0 1.82 0.10105197741854027 0.09856956625192588 False True 0.0019701909434027653 2.3995992373607984 -0.00020130983498387874 -1.0632969484600205 0.0
300 143 1972.0 1773.0 201.08647168999974 0.0 1.81 0.09856956625192588 0.10632811819964769 False True 0.0019701909434027653 2.3995992373607984 -0.00020130983498387874 -1.0632969484600205 0.0
300 144 1984.0 1785.0 202.4981874369997 0.0 1.81 0.09856956625192588 0.10912129836944597 False True 0.0019701909434027653 2.3995992373607984 -0.00020130983498387874 -1.0632969484600205 0.0
300 145 1996.0 1797.0 203.90809819999973 0.0 1.81 0.09856956625192588 0.11201750152307617 False True 0.0019701909434027653 2.3995992373607984 -0.00020130983498387874 -1.0632969484600205 0.0
300 146 2008.0 1809.0 205.32003464199974 0.0 1.81 0.09856956625192588 0.11501642712239649 False True 0.0019701909434027653 2.3995992373607984 -0.00020130983498387874 -1.0632969484600205 0.0
300 147 2020.0 1821.0 206.73327025299974 0.0 1.87 0.11501642712239649 0.11811776435602123 False True 0.0019701909434027653 2.3995992373607984 -0.00020130983498387874 -1.0632969484600205 0.0
300 148 2032.0 1833.0 208.14614118699976 0.0 1.87 0.11501642712239649 0.12132119217039217 False True 0.0019701909434027653 2.3995992373607984 -0.00020130983498387874 -1.0632969484600205 0.0
300 149 2044.0 1845.0 209.56214958399974 0.0 1.87 0.11501642712239649 0.12462637930188372 False True 0.0019701909434027653 2.3995992373607984 -0.00020130983498387874 -1.0632969484600205 0.0
300 150 2056.0 1857.0 210.97796328099972 0.0 1.87 0.11501642712239649 0.12803298430993254 False True 0.0019701909434027653 2.3995992373607984 -0.00020130983498387874 -1.0632969484600205 0.0
300 151 2068.0 1869.0 212.40398633199973 0.0 1.87 0.11501642712239649 0.13154065561118183 False True 0.0019701909434027653 2.3995992373607984 -0.00020130983498387874 -1.0632969484600205 0.0
300 152 2080.0 1881.0 213.82016406699975 0.0 1.87 0.11501642712239649 0.13514903151463487 False True 0.0019701909434027653 2.3995992373607984 -0.00020130983498387874 -1.0632969484600205 0.0
300 153 2092.0 1893.0 215.23612529199974 0.0 1.87 0.11501642712239649 0.13885774025782335 False True 0.0019701909434027653 2.3995992373607984 -0.00020130983498387874 -1.0632969484600205 0.0
300 154 2104.0 1905.0 216.65276496899972 0.0 1.87 0.11501642712239649 0.14266640004399053 False True 0.0019701909434027653 2.3995992373607984 -0.00020130983498387874 -1.0632969484600205 0.0
300 155 2116.0 1917.0 218.06797273499976 0.0 1.87 0.11501642712239649 0.1465746190802625 False True 0.0019701909434027653 2.3995992373607984 -0.00020130983498387874 -1.0632969484600205 0.0
300 156 2128.0 1929.0 219.48361632299972 0.0 1.87 0.11501642712239649 0.11201750152307617 False True 0.0019701909434027653 2.3995992373607984 -0.00020130983498387874 -1.0632969484600205 0.0
300 157 2132.0 1933.0 220.89990739799973 0.0 1.87 0.11501642712239649 0.07056855350540588 False True 0.0019701909434027653 2.3995992373607984 -0.00020130983498387874 -1.0632969484600205 0.0
300 158 2144.0 1945.0 222.3154560069997 0.0 1.87 0.11501642712239649 0.0744380152527164 False True 0.0019701909434027653 2.3995992373607984 -0.00020130983498387874 -1.0632969484600205 0.0
300 159 2156.0 1957.0 223.74397541199974 0.0 1.81 0.09856956625192588 0.07840676283941644 False True 0.0019701909434027653 2.3995992373607984 -0.00020130983498387874 -1.0632969484600205 0.0
300 160 2168.0 1969.0 225.16085410499974 0.0 1.87 0.11501642712239649 0.08247438775323912 False True 0.0019701909434027653 2.3995992373607984 -0.00020130983498387874 -1.0632969484600205 0.0
300 161 2180.0 1981.0 226.5758082669997 0.0 8.26 0.08247438775323912 0.08664047159310212 False True 0.0019701909434027653 2.3995992373607984 -0.00020130983498387874 -1.0632969484600205 0.0
300 162 2192.0 1993.0 227.9910983399997 0.0 8.26 0.08247438775323912 0.11501642712239649 False True 0.0019701909434027653 2.3995992373607984 -0.00020130983498387874 -1.0632969484600205 0.0
300 163 2196.0 1997.0 229.40615457699974 0.0 1.87 0.11501642712239649 0.09090458611094893 False True 0.0019701909434027653 2.3995992373607984 -0.00020130983498387874 -1.0632969484600205 0.0
