301 0 400.0 201.0 1.306177947000009 0.0 7.66 0.02510582340767296 0.11704619880200061 False True 0.004142879225098626 3.949364536245759 -0.04073753294693179 -1.8739827481075189 0.0
301 1 412.0 213.0 2.69824898600001 0.0 7.42 0.11704619880200061 0.11192006090039432 False True 0.004142879225098626 3.949364536245759 -0.04073753294693179 -1.8739827481075189 0.0
301 2 424.0 225.0 4.114492059000014 0.0 7.42 0.11704619880200061 0.1069034031097407 False True 0.004142879225098626 3.949364536245759 -0.04073753294693179 -1.8739827481075189 0.0
301 3 436.0 237.0 5.505414498000022 0.0 7.42 0.11704619880200061 0.10199671415018093 False True 0.004142879225098626 3.949364536245759 -0.04073753294693179 -1.8739827481075189 0.0
301 4 448.0 249.0 6.907264560000016 0.0 7.45 0.10199671415018093 0.11704619880200061 False True 0.004142879225098626 3.949364536245759 -0.04073753294693179 -1.8739827481075189 0.0
301 5 452.0 253.0 8.316664469000017 0.0 7.42 0.11704619880200061 0.09720047174377547 False True 0.004142879225098626 3.949364536245759 -0.04073753294693179 -1.8739827481075189 0.0
301 6 464.0 265.0 9.717951456999998 0.0 7.42 0.11704619880200061 0.09251514256672827 False True 0.004142879225098626 3.949364536245759 -0.04073753294693179 -1.8739827481075189 0.0
301 7 476.0 277.0 11.121574667999994 0.0 7.42 0.11704619880200061 0.10199671415018093 False True 0.004142879225098626 3.949364536245759 -0.04073753294693179 -1.8739827481075189 0.0
301 8 480.0 281.0 12.524729469999983 0.0 7.42 0.11704619880200061 0.1276249053613753 False True 0.004142879225098626 3.949364536245759 -0.04073753294693179 -1.8739827481075189 0.0
301 9 492.0 293.0 13.928697900999992 0.0 7.42 0.11704619880200061 0.13307644203374114 False True 0.004142879225098626 3.949364536245759 -0.04073753294693179 -1.8739827481075189 0.0
301 10 504.0 305.0 15.332085444 0.0 7.42 0.11704619880200061 0.13863539494944788 False True 0.004142879225098626 3.949364536245759 -0.04073753294693179 -1.8739827481075189 0.0
301 11 516.0 317.0 16.745623314000028 0.0 7.42 0.11704619880200061 0.027610135579309587 False True 0.004142879225098626 3.949364536245759 -0.04073753294693179 -1.8739827481075189 0.0
301 12 528.0 329.0 18.15132720400004 0.0 7.42 0.11704619880200061 0.022719374717303144 False True 0.004142879225098626 3.949364536245759 -0.04073753294693179 -1.8739827481075189 0.0
301 13 540.0 341.0 19.571445158000046 0.0 7.42 0.11704619880200061 0.020451015179828724 False True 0.004142879225098626 3.949364536245759 -0.04073753294693179 -1.8739827481075189 0.0
301 14 552.0 353.0 20.991049666000066 0.0 7.42 0.11704619880200061 0.030232073773040394 False True 0.004142879225098626 3.949364536245759 -0.04073753294693179 -1.8739827481075189 0.0
301 15 564.0 365.0 22.410509818000065 0.0 7.42 0.11704619880200061 0.03297138876588781 False True 0.004142879225098626 3.949364536245759 -0.04073753294693179 -1.8739827481075189 0.0
301 16 576.0 377.0 23.84226597600008 0.0 7.42 0.11704619880200061 0.03582781959599916 False True 0.004142879225098626 3.949364536245759 -0.04073753294693179 -1.8739827481075189 0.0
301 17 588.0 389.0 25.26265007200007 0.0 7.42 0.11704619880200061 0.018300958656763504 False True 0.004142879225098626 3.949364536245759 -0.04073753294693179 -1.8739827481075189 0.0
301 18 600.0 401.0 26.683741145000056 0.0 7.42 0.11704619880200061 0.01626940717812006 False True 0.004142879225098626 3.949364536245759 -0.04073753294693179 -1.8739827481075189 0.0
301 19 612.0 413.0 28.105763533000044 0.0 7.42 0.11704619880200061 0.09720047174377547 False True 0.004142879225098626 3.949364536245759 -0.04073753294693179 -1.8739827481075189 0.0
301 20 616.0 417.0 29.547234941000028 0.0 7.42 0.11704619880200061 0.13307644203374114 False True 0.004142879225098626 3.949364536245759 -0.04073753294693179 -1.8739827481075189 0.0
301 21 620.0 421.0 30.96744276800004 0.0 7.63 0.03297138876588781 0.1276249053613753 False True 0.004142879225098626 3.949364536245759 -0.04073753294693179 -1.8739827481075189 0.0
301 22 624.0 425.0 32.38809898200006 0.0 7.4 0.1276249053613753 0.03297138876588781 False True 0.004142879225098626 3.949364536245759 -0.04073753294693179 -1.8739827481075189 0.0
301 23 628.0 429.0 33.80808551800004 0.0 7.4 0.1276249053613753 0.03297138876588781 False True 0.004142879225098626 3.949364536245759 -0.04073753294693179 -1.8739827481075189 0.0
301 24 632.0 433.0 35.23007825700003 0.0 7.42 0.11704619880200061 0.10199671415018093 False True 0.004142879225098626 3.949364536245759 -0.04073753294693179 -1.8739827481075189 0.0
301 25 636.0 437.0 36.65116254800003 0.0 7.42 0.11704619880200061 0.08794118220271402 False True 0.004142879225098626 3.949364536245759 -0.04073753294693179 -1.8739827481075189 0.0
301 26 648.0 449.0 38.056006447000044 0.0 7.4799999999999995 0.08794118220271402 0.0834790350973281 False True 0.004142879225098626 3.949364536245759 -0.04073753294693179 -1.8739827481075189 0.0
301 27 660.0 461.0 39.45676949400004 0.0 7.49 0.0834790350973281 0.0791291345136374 False True 0.004142879225098626 3.949364536245759 -0.04073753294693179 -1.8739827481075189 0.0
301 28 672.0 473.0 40.85746736400003 0.0 7.49 0.0834790350973281 0.07489190248885601 False True 0.004142879225098626 3.949364536245759 -0.04073753294693179 -1.8739827481075189 0.0
301 29 684.0 485.0 42.278800217000025 0.0 7.51 0.07489190248885601 0.0834790350973281 False True 0.004142879225098626 3.949364536245759 -0.04073753294693179 -1.8739827481075189 0.0
301 30 688.0 489.0 43.67869914900001 0.0 7.51 0.07489190248885601 0.07076774979213667 False True 0.004142879225098626 3.949364536245759 -0.04073753294693179 -1.8739827481075189 0.0
301 31 700.0 501.0 45.07985076 0.0 7.49 0.0834790350973281 0.06675707588350521 False True 0.004142879225098626 3.949364536245759 -0.04073753294693179 -1.8739827481075189 0.0
301 32 712.0 513.0 46.481172060000006 0.0 7.51 0.07489190248885601 0.07076774979213667 False True 0.004142879225098626 3.949364536245759 -0.04073753294693179 -1.8739827481075189 0.0
301 33 716.0 517.0 47.886726425999996 0.0 7.51 0.07489190248885601 0.06286026887390338 False True 0.004142879225098626 3.949364536245759 -0.04073753294693179 -1.8739827481075189 0.0
301 34 728.0 529.0 49.30573245999997 0.0 7.54 0.06286026887390338 0.05907770548638301 False True 0.004142879225098626 3.949364536245759 -0.04073753294693179 -1.8739827481075189 0.0
301 35 740.0 541.0 50.71645287999996 0.0 7.54 0.06286026887390338 0.07489190248885601 False True 0.004142879225098626 3.949364536245759 -0.04073753294693179 -1.8739827481075189 0.0
301 36 744.0 545.0 52.13718132199995 0.0 7.54 0.06286026887390338 0.07489190248885601 False True 0.004142879225098626 3.949364536245759 -0.04073753294693179 -1.8739827481075189 0.0
301 37 748.0 549.0 53.558493539999944 0.0 7.51 0.07489190248885601 0.06286026887390338 False True 0.004142879225098626 3.949364536245759 -0.04073753294693179 -1.8739827481075189 0.0
301 38 752.0 553.0 54.97923326299994 0.0 7.51 0.07489190248885601 0.0450970219643925 False True 0.004142879225098626 3.949364536245759 -0.04073753294693179 -1.8739827481075189 0.0
301 39 764.0 565.0 56.40346298199995 0.0 7.51 0.07489190248885601 0.04189092638394319 False True 0.004142879225098626 3.949364536245759 -0.04073753294693179 -1.8739827481075189 0.0
301 40 776.0 577.0 57.836322690999964 0.0 7.6 0.04189092638394319 0.03880109358873523 False True 0.004142879225098626 3.949364536245759 -0.04073753294693179 -1.8739827481075189 0.0
301 41 788.0 589.0 59.25837873799995 0.0 7.51 0.07489190248885601 0.04841907268537167 False True 0.004142879225098626 3.949364536245759 -0.04073753294693179 -1.8739827481075189 0.0
301 42 800.0 601.0 60.67887127399993 0.0 7.58 0.04841907268537167 0.051856759305456614 False True 0.004142879225098626 3.949364536245759 -0.04073753294693179 -1.8739827481075189 0.0
301 43 812.0 613.0 62.10198080299992 0.0 7.58 0.04841907268537167 0.055409751018434476 False True 0.004142879225098626 3.949364536245759 -0.04073753294693179 -1.8739827481075189 0.0
301 44 824.0 625.0 63.54320355899992 0.0 7.58 0.04841907268537167 0.07489190248885601 False True 0.004142879225098626 3.949364536245759 -0.04073753294693179 -1.8739827481075189 0.0
301 45 828.0 629.0 64.97774474599993 0.0 7.51 0.07489190248885601 0.04841907268537167 False True 0.004142879225098626 3.949364536245759 -0.04073753294693179 -1.8739827481075189 0.0
301 46 832.0 633.0 66.40174890599994 0.0 7.58 0.04841907268537167 0.06286026887390338 False True 0.004142879225098626 3.949364536245759 -0.04073753294693179 -1.8739827481075189 0.0
301 47 836.0 637.0 67.82410455899995 0.0 7.58 0.04841907268537167 0.08794118220271402 False True 0.004142879225098626 3.949364536245759 -0.04073753294693179 -1.8739827481075189 0.0
301 48 840.0 641.0 69.25528916599995 0.0 7.58 0.04841907268537167 0.08794118220271402 False True 0.004142879225098626 3.949364536245759 -0.04073753294693179 -1.8739827481075189 0.0
301 49 844.0 645.0 70.67729121899995 0.0 7.4799999999999995 0.08794118220271402 0.04841907268537167 False True 0.004142879225098626 3.949364536245759 -0.04073753294693179 -1.8739827481075189 0.0
301 50 848.0 649.0 72.09991424599997 0.0 7.58 0.04841907268537167 0.08794118220271402 False True 0.004142879225098626 3.949364536245759 -0.04073753294693179 -1.8739827481075189 0.0
301 51 852.0 653.0 73.52270197999997 0.0 7.58 0.04841907268537167 0.07489190248885601 False True 0.004142879225098626 3.949364536245759 -0.04073753294693179 -1.8739827481075189 0.0
301 52 856.0 657.0 74.94482830699997 0.0 7.58 0.04841907268537167 0.07489190248885601 False True 0.004142879225098626 3.949364536245759 -0.04073753294693179 -1.8739827481075189 0.0
301 53 860.0 661.0 76.36047046099995 0.0 7.51 0.07489190248885601 0.0834790350973281 False True 0.004142879225098626 3.949364536245759 -0.04073753294693179 -1.8739827481075189 0.0
301 54 864.0 665.0 77.78231281999996 0.0 7.51 0.07489190248885601 0.03880109358873523 False True 0.004142879225098626 3.949364536245759 -0.04073753294693179 -1.8739827481075189 0.0
301 55 868.0 669.0 79.20367627099998 0.0 7.51 0.07489190248885601 0.04189092638394319 False True 0.004142879225098626 3.949364536245759 -0.04073753294693179 -1.8739827481075189 0.0
301 56 872.0 673.0 80.62295914099997 0.0 7.51 0.07489190248885601 0.0834790350973281 False True 0.004142879225098626 3.949364536245759 -0.04073753294693179 -1.8739827481075189 0.0
301 57 876.0 677.0 82.04309371299996 0.0 7.51 0.07489190248885601 0.0834790350973281 False True 0.004142879225098626 3.949364536245759 -0.04073753294693179 -1.8739827481075189 0.0
301 58 880.0 681.0 83.46477338999995 0.0 7.58 0.04841907268537167 0.0834790350973281 False True 0.004142879225098626 3.949364536245759 -0.04073753294693179 -1.8739827481075189 0.0
301 59 884.0 685.0 84.88568860799995 0.0 7.58 0.04841907268537167 0.15007336699964302 False True 0.004142879225098626 3.949364536245759 -0.04073753294693179 -1.8739827481075189 0.0
301 60 896.0 697.0 86.33863447399995 0.0 7.58 0.04841907268537167 0.14430122115281652 False True 0.004142879225098626 3.949364536245759 -0.04073753294693179 -1.8739827481075189 0.0
301 61 908.0 709.0 87.77532434299997 0.0 7.58 0.04841907268537167 0.15595126821254873 False True 0.004142879225098626 3.949364536245759 -0.04073753294693179 -1.8739827481075189 0.0
301 62 920.0 721.0 89.19688384899999 0.0 7.54 0.06286026887390338 0.0834790350973281 False True 0.004142879225098626 3.949364536245759 -0.04073753294693179 -1.8739827481075189 0.0
301 63 924.0 725.0 90.670949732 0.0 7.54 0.06286026887390338 0.0834790350973281 False True 0.004142879225098626 3.949364536245759 -0.04073753294693179 -1.8739827481075189 0.0
301 64 928.0 729.0 92.076020288 0.0 7.58 0.04841907268537167 0.07076774979213667 False True 0.004142879225098626 3.949364536245759 -0.04073753294693179 -1.8739827481075189 0.0
301 65 932.0 733.0 93.49666403499998 0.0 7.58 0.04841907268537167 0.16193434993741676 False True 0.004142879225098626 3.949364536245759 -0.04073753294693179 -1.8739827481075189 0.0
301 66 944.0 745.0 94.91490969799997 0.0 7.58 0.04841907268537167 0.16802202680086567 False True 0.004142879225098626 3.949364536245759 -0.04073753294693179 -1.8739827481075189 0.0
301 67 956.0 757.0 96.32304905999996 0.0 7.5 0.0791291345136374 0.08794118220271402 False True 0.004142879225098626 3.949364536245759 -0.04073753294693179 -1.8739827481075189 0.0
301 68 960.0 761.0 97.75491054699995 0.0 7.5 0.0791291345136374 0.18050877220600423 False True 0.004142879225098626 3.949364536245759 -0.04073753294693179 -1.8739827481075189 0.0
301 69 972.0 773.0 99.19013824299998 0.0 7.5 0.0791291345136374 0.17421370296880712 False True 0.004142879225098626 3.949364536245759 -0.04073753294693179 -1.8739827481075189 0.0
301 70 984.0 785.0 100.612620395 0.0 7.5 0.0791291345136374 0.1869066179367142 False True 0.004142879225098626 3.949364536245759 -0.04073753294693179 -1.8739827481075189 0.0
301 71 996.0 797.0 102.028800079 0.0 7.3 0.1869066179367142 0.19340661330633588 False True 0.004142879225098626 3.949364536245759 -0.04073753294693179 -1.8739827481075189 0.0
301 72 1008.0 809.0 103.43746213400001 0.0 7.3 0.1869066179367142 0.20000812124409656 False True 0.004142879225098626 3.949364536245759 -0.04073753294693179 -1.8739827481075189 0.0
301 73 1020.0 821.0 104.83968817900004 0.0 7.5 0.0791291345136374 0.20671049452675888 False True 0.004142879225098626 3.949364536245759 -0.04073753294693179 -1.8739827481075189 0.0
301 74 1032.0 833.0 106.25268785800003 0.0 7.5 0.0791291345136374 0.21351307584334342 False True 0.004142879225098626 3.949364536245759 -0.04073753294693179 -1.8739827481075189 0.0
301 75 1044.0 845.0 107.65410842500003 0.0 7.5 0.0791291345136374 0.2204151978608585 False True 0.004142879225098626 3.949364536245759 -0.04073753294693179 -1.8739827481075189 0.0
301 76 1056.0 857.0 109.05362608200005 0.0 7.3 0.1869066179367142 0.19340661330633588 False True 0.004142879225098626 3.949364536245759 -0.04073753294693179 -1.8739827481075189 0.0
301 77 1060.0 861.0 110.45411664100007 0.0 7.5 0.0791291345136374 0.08794118220271402 False True 0.004142879225098626 3.949364536245759 -0.04073753294693179 -1.8739827481075189 0.0
301 78 1064.0 865.0 111.86607946000007 0.0 7.5 0.0791291345136374 0.03880109358873523 False True 0.004142879225098626 3.949364536245759 -0.04073753294693179 -1.8739827481075189 0.0
301 79 1068.0 869.0 113.26752311900006 0.0 7.5 0.0791291345136374 0.03880109358873523 False True 0.004142879225098626 3.949364536245759 -0.04073753294693179 -1.8739827481075189 0.0
301 80 1072.0 873.0 114.68237790300006 0.0 7.5 0.0791291345136374 0.07489190248885601 False True 0.004142879225098626 3.949364536245759 -0.04073753294693179 -1.8739827481075189 0.0
301 81 1076.0 877.0 116.09757019400004 0.0 7.51 0.07489190248885601 0.0791291345136374 False True 0.004142879225098626 3.949364536245759 -0.04073753294693179 -1.8739827481075189 0.0
301 82 1080.0 881.0 117.50359899800006 0.0 7.5 0.0791291345136374 0.23451534495804813 False True 0.004142879225098626 3.949364536245759 -0.04073753294693179 -1.8739827481075189 0.0
301 83 1092.0 893.0 118.91828582300005 0.0 7.5 0.0791291345136374 0.22741618329103308 False True 0.004142879225098626 3.949364536245759 -0.04073753294693179 -1.8739827481075189 0.0
301 84 1104.0 905.0 120.33234688200005 0.0 7.51 0.07489190248885601 0.2417119858672455 False True 0.004142879225098626 3.949364536245759 -0.04073753294693179 -1.8739827481075189 0.0
301 85 1116.0 917.0 121.75478025700008 0.0 7.51 0.07489190248885601 0.2490053992748376 False True 0.004142879225098626 3.949364536245759 -0.04073753294693179 -1.8739827481075189 0.0
301 86 1128.0 929.0 123.16608875500006 0.0 7.51 0.07489190248885601 0.2563948687585752 False True 0.004142879225098626 3.949364536245759 -0.04073753294693179 -1.8739827481075189 0.0
301 87 1140.0 941.0 124.57877600600008 0.0 7.51 0.07489190248885601 0.21351307584334342 False True 0.004142879225098626 3.949364536245759 -0.04073753294693179 -1.8739827481075189 0.0
301 88 1144.0 945.0 125.9826976360001 0.0 7.58 0.04841907268537167 0.19340661330633588 False True 0.004142879225098626 3.949364536245759 -0.04073753294693179 -1.8739827481075189 0.0
301 89 1148.0 949.0 127.39562426400008 0.0 7.29 0.19340661330633588 0.07489190248885601 False True 0.004142879225098626 3.949364536245759 -0.04073753294693179 -1.8739827481075189 0.0
301 90 1152.0 953.0 128.80848213100003 0.0 7.51 0.07489190248885601 0.22741618329103308 False True 0.004142879225098626 3.949364536245759 -0.04073753294693179 -1.8739827481075189 0.0
301 91 1156.0 957.0 130.22158897300002 0.0 7.51 0.07489190248885601 0.0834790350973281 False True 0.004142879225098626 3.949364536245759 -0.04073753294693179 -1.8739827481075189 0.0
301 92 1160.0 961.0 131.62460457200004 0.0 7.51 0.07489190248885601 0.0834790350973281 False True 0.004142879225098626 3.949364536245759 -0.04073753294693179 -1.8739827481075189 0.0
301 93 1164.0 965.0 133.02213776200009 0.0 7.49 0.0834790350973281 0.2714590623039975 False True 0.004142879225098626 3.949364536245759 -0.04073753294693179 -1.8739827481075189 0.0
301 94 1176.0 977.0 134.41894503500006 0.0 7.51 0.07489190248885601 0.2638796682893903 False True 0.004142879225098626 3.949364536245759 -0.04073753294693179 -1.8739827481075189 0.0
301 95 1188.0 989.0 135.78963273800005 0.0 7.51 0.07489190248885601 0.279132305778451 False True 0.004142879225098626 3.949364536245759 -0.04073753294693179 -1.8739827481075189 0.0
301 96 1200.0 1001.0 137.15515799600004 0.0 7.5 0.0791291345136374 0.08794118220271402 False True 0.004142879225098626 3.949364536245759 -0.04073753294693179 -1.8739827481075189 0.0
301 97 1204.0 1005.0 138.52619614800008 0.0 7.5 0.0791291345136374 0.07076774979213667 False True 0.004142879225098626 3.949364536245759 -0.04073753294693179 -1.8739827481075189 0.0
301 98 1208.0 1009.0 139.89768273500007 0.0 7.5 0.0791291345136374 0.04189092638394319 False True 0.004142879225098626 3.949364536245759 -0.04073753294693179 -1.8739827481075189 0.0
301 99 1212.0 1013.0 141.2674182950001 0.0 7.5 0.0791291345136374 0.2947573141557615 False True 0.004142879225098626 3.949364536245759 -0.04073753294693179 -1.8739827481075189 0.0
301 100 1224.0 1025.0 142.64440314100014 0.0 7.5 0.0791291345136374 0.2868986443026471 False True 0.004142879225098626 3.949364536245759 -0.04073753294693179 -1.8739827481075189 0.0
301 101 1236.0 1037.0 144.02574027100016 0.0 7.58 0.04841907268537167 0.3107485468710311 False True 0.004142879225098626 3.949364536245759 -0.04073753294693179 -1.8739827481075189 0.0
301 102 1248.0 1049.0 145.40750217500013 0.0 7.5 0.0791291345136374 0.0834790350973281 False True 0.004142879225098626 3.949364536245759 -0.04073753294693179 -1.8739827481075189 0.0
301 103 1252.0 1053.0 146.7906892390001 0.0 7.54 0.06286026887390338 0.051856759305456614 False True 0.004142879225098626 3.949364536245759 -0.04073753294693179 -1.8739827481075189 0.0
301 104 1256.0 1057.0 148.1736400500001 0.0 7.5 0.0791291345136374 0.09720047174377547 False True 0.004142879225098626 3.949364536245759 -0.04073753294693179 -1.8739827481075189 0.0
301 105 1260.0 1061.0 149.5580734800001 0.0 7.5 0.0791291345136374 0.09720047174377547 False True 0.004142879225098626 3.949364536245759 -0.04073753294693179 -1.8739827481075189 0.0
301 106 1264.0 1065.0 150.9399913130001 0.0 7.5 0.0791291345136374 0.01256256819662104 False True 0.004142879225098626 3.949364536245759 -0.04073753294693179 -1.8739827481075189 0.0
301 107 1276.0 1077.0 152.3235579020001 0.0 7.51 0.07489190248885601 0.014356550922209818 False True 0.004142879225098626 3.949364536245759 -0.04073753294693179 -1.8739827481075189 0.0
301 108 1288.0 1089.0 153.7188555700001 0.0 7.51 0.07489190248885601 0.01088762542039077 False True 0.004142879225098626 3.949364536245759 -0.04073753294693179 -1.8739827481075189 0.0
301 109 1300.0 1101.0 155.10307807600012 0.0 7.7299999999999995 0.01088762542039077 0.009331877107364302 False True 0.004142879225098626 3.949364536245759 -0.04073753294693179 -1.8739827481075189 0.0
301 110 1312.0 1113.0 156.48590710800013 0.0 7.74 0.009331877107364302 0.007895465850740078 False True 0.004142879225098626 3.949364536245759 -0.04073753294693179 -1.8739827481075189 0.0
301 111 1324.0 1125.0 157.86935097400013 0.0 7.7299999999999995 0.01088762542039077 0.009331877107364302 False True 0.004142879225098626 3.949364536245759 -0.04073753294693179 -1.8739827481075189 0.0
301 112 1328.0 1129.0 159.25340880100012 0.0 7.7299999999999995 0.01088762542039077 0.009331877107364302 False True 0.004142879225098626 3.949364536245759 -0.04073753294693179 -1.8739827481075189 0.0
301 113 1332.0 1133.0 160.65722525300012 0.0 7.74 0.009331877107364302 0.01088762542039077 False True 0.004142879225098626 3.949364536245759 -0.04073753294693179 -1.8739827481075189 0.0
301 114 1336.0 1137.0 162.0514667450001 0.0 7.74 0.009331877107364302 0.006578522308812789 False True 0.004142879225098626 3.949364536245759 -0.04073753294693179 -1.8739827481075189 0.0
301 115 1348.0 1149.0 163.43438402600012 0.0 7.7299999999999995 0.01088762542039077 0.005381165191908274 False True 0.004142879225098626 3.949364536245759 -0.04073753294693179 -1.8739827481075189 0.0
301 116 1360.0 1161.0 164.8233292880001 0.0 7.7299999999999995 0.01088762542039077 0.004303501250508111 False True 0.004142879225098626 3.949364536245759 -0.04073753294693179 -1.8739827481075189 0.0
301 117 1372.0 1173.0 166.21323008800013 0.0 7.78 0.004303501250508111 0.00334562526458095 False True 0.004142879225098626 3.949364536245759 -0.04073753294693179 -1.8739827481075189 0.0
301 118 1384.0 1185.0 167.59838469300016 0.0 7.78 0.004303501250508111 0.002507620034099246 False True 0.004142879225098626 3.949364536245759 -0.04073753294693179 -1.8739827481075189 0.0
301 119 1396.0 1197.0 168.98291086200013 0.0 7.78 0.004303501250508111 0.001789556370760615 False True 0.004142879225098626 3.949364536245759 -0.04073753294693179 -1.8739827481075189 0.0
301 120 1408.0 1209.0 170.3660978500001 0.0 7.78 0.004303501250508111 0.001191493090908465 False True 0.004142879225098626 3.949364536245759 -0.04073753294693179 -1.8739827481075189 0.0
301 121 1420.0 1221.0 171.74928624500015 0.0 7.78 0.004303501250508111 0.0007134770096465673 False True 0.004142879225098626 3.949364536245759 -0.04073753294693179 -1.8739827481075189 0.0
301 122 1432.0 1233.0 173.13473538300016 0.0 7.78 0.004303501250508111 0.0003555429361646472 False True 0.004142879225098626 3.949364536245759 -0.04073753294693179 -1.8739827481075189 0.0
301 123 1444.0 1245.0 174.5291111610002 0.0 7.78 0.004303501250508111 0.000117713670246179 False True 0.004142879225098626 3.949364536245759 -0.04073753294693179 -1.8739827481075189 0.0
301 124 1456.0 1257.0 175.9123396110002 0.0 7.78 0.004303501250508111 0.0007134770096465673 False True 0.004142879225098626 3.949364536245759 -0.04073753294693179 -1.8739827481075189 0.0
301 125 1460.0 1261.0 177.29543191600018 0.0 7.83 0.0007134770096465673 0.0 False True 0.004142879225098626 3.949364536245759 -0.04073753294693179 -1.8739827481075189 0.0
301 126 1472.0 1273.0 178.69180400900015 0.0 7.86 0.0 2.400700770930808e-06 False True 0.004142879225098626 3.949364536245759 -0.04073753294693179 -1.8739827481075189 0.0
301 127 1484.0 1285.0 180.0748969320002 0.0 7.87 2.400700770930808e-06 0.0 False True 0.004142879225098626 3.949364536245759 -0.04073753294693179 -1.8739827481075189 0.0
301 128 1488.0 1289.0 181.45965917900017 0.0 7.78 0.004303501250508111 0.00012490253527101293 False True 0.004142879225098626 3.949364536245759 -0.04073753294693179 -1.8739827481075189 0.0
301 129 1500.0 1301.0 182.85329124600017 0.0 7.88 0.00012490253527101293 0.00036748025489828813 False True 0.004142879225098626 3.949364536245759 -0.04073753294693179 -1.8739827481075189 0.0
301 130 1512.0 1313.0 184.23662327100018 0.0 7.88 0.00012490253527101293 0.0007300966022612579 False True 0.004142879225098626 3.949364536245759 -0.04073753294693179 -1.8739827481075189 0.0
301 131 1524.0 1325.0 185.61845888800016 0.0 7.9 0.0007300966022612579 0.001212702314907956 False True 0.004142879225098626 3.949364536245759 -0.04073753294693179 -1.8739827481075189 0.0
301 132 1536.0 1337.0 187.00202615700013 0.0 7.9 0.0007300966022612579 0.0018152361302457634 False True 0.004142879225098626 3.949364536245759 -0.04073753294693179 -1.8739827481075189 0.0
301 133 1548.0 1349.0 188.39519439700015 0.0 7.9 0.0007300966022612579 0.001212702314907956 False True 0.004142879225098626 3.949364536245759 -0.04073753294693179 -1.8739827481075189 0.0
301 134 1552.0 1353.0 189.77860728500016 0.0 7.9 0.0007300966022612579 0.00036748025489828813 False True 0.004142879225098626 3.949364536245759 -0.04073753294693179 -1.8739827481075189 0.0
301 135 1556.0 1357.0 191.1609684170002 0.0 7.9 0.0007300966022612579 0.00012490253527101293 False True 0.004142879225098626 3.949364536245759 -0.04073753294693179 -1.8739827481075189 0.0
301 136 1560.0 1361.0 192.54440165900016 0.0 7.9 0.0007300966022612579 0.00036748025489828813 False True 0.004142879225098626 3.949364536245759 -0.04073753294693179 -1.8739827481075189 0.0
301 137 1564.0 1365.0 193.93534569400018 0.0 7.9 0.0007300966022612579 0.00036748025489828813 False True 0.004142879225098626 3.949364536245759 -0.04073753294693179 -1.8739827481075189 0.0
301 138 1568.0 1369.0 195.32131583700018 0.0 7.9 0.0007300966022612579 0.0025376247916754397 False True 0.004142879225098626 3.949364536245759 -0.04073753294693179 -1.8739827481075189 0.0
301 139 1580.0 1381.0 196.71375229400022 0.0 7.9 0.0007300966022612579 0.00012490253527101293 False True 0.004142879225098626 3.949364536245759 -0.04073753294693179 -1.8739827481075189 0.0
301 140 1584.0 1385.0 198.09774424600025 0.0 7.9 0.0007300966022612579 0.0003555429361646472 False True 0.004142879225098626 3.949364536245759 -0.04073753294693179 -1.8739827481075189 0.0
301 141 1588.0 1389.0 199.47985334500024 0.0 7.84 0.0003555429361646472 0.0 False True 0.004142879225098626 3.949364536245759 -0.04073753294693179 -1.8739827481075189 0.0
301 142 1592.0 1393.0 200.87385771700022 0.0 7.84 0.0003555429361646472 0.00012490253527101293 False True 0.004142879225098626 3.949364536245759 -0.04073753294693179 -1.8739827481075189 0.0
301 143 1596.0 1397.0 202.25770260400017 0.0 7.84 0.0003555429361646472 0.00012490253527101293 False True 0.004142879225098626 3.949364536245759 -0.04073753294693179 -1.8739827481075189 0.0
301 144 1600.0 1401.0 203.64901778500015 0.0 7.84 0.0003555429361646472 0.00036748025489828813 False True 0.004142879225098626 3.949364536245759 -0.04073753294693179 -1.8739827481075189 0.0
301 145 1604.0 1405.0 205.03181478700017 0.0 7.84 0.0003555429361646472 0.00036748025489828813 False True 0.004142879225098626 3.949364536245759 -0.04073753294693179 -1.8739827481075189 0.0
301 146 1608.0 1409.0 206.41473774400018 0.0 7.88 0.00012490253527101293 0.001212702314907956 False True 0.004142879225098626 3.949364536245759 -0.04073753294693179 -1.8739827481075189 0.0
301 147 1612.0 1413.0 207.80915803400015 0.0 7.78 0.004303501250508111 0.0003555429361646472 False True 0.004142879225098626 3.949364536245759 -0.04073753294693179 -1.8739827481075189 0.0
301 148 1616.0 1417.0 209.20202378800016 0.0 7.88 0.00012490253527101293 0.0007134770096465673 False True 0.004142879225098626 3.949364536245759 -0.04073753294693179 -1.8739827481075189 0.0
301 149 1620.0 1421.0 210.5806126640002 0.0 7.9 0.0007300966022612579 0.00036748025489828813 False True 0.004142879225098626 3.949364536245759 -0.04073753294693179 -1.8739827481075189 0.0
301 150 1624.0 1425.0 211.98300142900015 0.0 7.78 0.004303501250508111 0.00036748025489828813 False True 0.004142879225098626 3.949364536245759 -0.04073753294693179 -1.8739827481075189 0.0
301 151 1628.0 1429.0 213.3767492360001 0.0 7.78 0.004303501250508111 0.00036748025489828813 False True 0.004142879225098626 3.949364536245759 -0.04073753294693179 -1.8739827481075189 0.0
301 152 1632.0 1433.0 214.76100267600012 0.0 7.9 0.0007300966022612579 0.0003555429361646472 False True 0.004142879225098626 3.949364536245759 -0.04073753294693179 -1.8739827481075189 0.0
301 153 1636.0 1437.0 216.14555511200015 0.0 7.78 0.004303501250508111 0.0 False True 0.004142879225098626 3.949364536245759 -0.04073753294693179 -1.8739827481075189 0.0
301 154 1640.0 1441.0 217.54086105900015 0.0 7.88 0.00012490253527101293 2.400700770930808e-06 False True 0.004142879225098626 3.949364536245759 -0.04073753294693179 -1.8739827481075189 0.0
301 155 1644.0 1445.0 218.92704033100014 0.0 7.9 0.0007300966022612579 0.0007134770096465673 False True 0.004142879225098626 3.949364536245759 -0.04073753294693179 -1.8739827481075189 0.0
301 156 1648.0 1449.0 220.32303291000014 0.0 7.78 0.004303501250508111 0.000117713670246179 False True 0.004142879225098626 3.949364536245759 -0.04073753294693179 -1.8739827481075189 0.0
301 157 1652.0 1453.0 221.71916543300014 0.0 7.85 0.000117713670246179 0.004303501250508111 False True 0.004142879225098626 3.949364536245759 -0.04073753294693179 -1.8739827481075189 0.0
301 158 1656.0 1457.0 223.10583199600015 0.0 7.78 0.004303501250508111 0.0033797830559105617 False True 0.004142879225098626 3.949364536245759 -0.04073753294693179 -1.8739827481075189 0.0
301 159 1668.0 1469.0 224.50335342100018 0.0 7.78 0.004303501250508111 0.004341613701503708 False True 0.004142879225098626 3.949364536245759 -0.04073753294693179 -1.8739827481075189 0.0
301 160 1680.0 1481.0 225.88754159300018 0.0 7.78 0.004303501250508111 0.0 False True 0.004142879225098626 3.949364536245759 -0.04073753294693179 -1.8739827481075189 0.0
301 161 1684.0 1485.0 227.2821052800002 0.0 7.78 0.004303501250508111 0.0007134770096465673 False True 0.004142879225098626 3.949364536245759 -0.04073753294693179 -1.8739827481075189 0.0
301 162 1688.0 1489.0 228.66680648500025 0.0 7.88 0.00012490253527101293 2.400700770930808e-06 False True 0.004142879225098626 3.949364536245759 -0.04073753294693179 -1.8739827481075189 0.0
301 163 1692.0 1493.0 230.06226657700026 0.0 7.87 2.400700770930808e-06 0.00036748025489828813 False True 0.004142879225098626 3.949364536245759 -0.04073753294693179 -1.8739827481075189 0.0
301 164 1696.0 1497.0 231.44743048300026 0.0 7.87 2.400700770930808e-06 0.00036748025489828813 False True 0.004142879225098626 3.949364536245759 -0.04073753294693179 -1.8739827481075189 0.0
301 165 1700.0 1501.0 232.83373758400026 0.0 7.87 2.400700770930808e-06 0.0007300966022612579 False True 0.004142879225098626 3.949364536245759 -0.04073753294693179 -1.8739827481075189 0.0
301 166 1704.0 1505.0 234.22862956300028 0.0 7.78 0.004303501250508111 2.400700770930808e-06 False True 0.004142879225098626 3.949364536245759 -0.04073753294693179 -1.8739827481075189 0.0
301 167 1708.0 1509.0 235.6135509180003 0.0 7.87 2.400700770930808e-06 0.0007134770096465673 False True 0.004142879225098626 3.949364536245759 -0.04073753294693179 -1.8739827481075189 0.0
301 168 1712.0 1513.0 237.0129461780003 0.0 7.87 2.400700770930808e-06 0.000117713670246179 False True 0.004142879225098626 3.949364536245759 -0.04073753294693179 -1.8739827481075189 0.0
301 169 1716.0 1517.0 238.4136646230003 0.0 7.87 2.400700770930808e-06 0.000117713670246179 False True 0.004142879225098626 3.949364536245759 -0.04073753294693179 -1.8739827481075189 0.0
301 170 1720.0 1521.0 239.8248721970003 0.0 7.87 2.400700770930808e-06 0.000117713670246179 False True 0.004142879225098626 3.949364536245759 -0.04073753294693179 -1.8739827481075189 0.0
301 171 1724.0 1525.0 241.2252039660003 0.0 7.85 0.000117713670246179 2.400700770930808e-06 False True 0.004142879225098626 3.949364536245759 -0.04073753294693179 -1.8739827481075189 0.0
301 172 1728.0 1529.0 242.62551176200034 0.0 7.85 0.000117713670246179 2.400700770930808e-06 False True 0.004142879225098626 3.949364536245759 -0.04073753294693179 -1.8739827481075189 0.0
301 173 1732.0 1533.0 244.02551926500033 0.0 7.87 2.400700770930808e-06 0.000117713670246179 False True 0.004142879225098626 3.949364536245759 -0.04073753294693179 -1.8739827481075189 0.0
301 174 1736.0 1537.0 245.42594001600034 0.0 7.87 2.400700770930808e-06 0.006623843419701193 False True 0.004142879225098626 3.949364536245759 -0.04073753294693179 -1.8739827481075189 0.0
301 175 1748.0 1549.0 246.82569031000034 0.0 7.87 2.400700770930808e-06 0.00542300753856979 False True 0.004142879225098626 3.949364536245759 -0.04073753294693179 -1.8739827481075189 0.0
301 176 1760.0 1561.0 248.22648934700035 0.0 7.87 2.400700770930808e-06 0.007943988252085392 False True 0.004142879225098626 3.949364536245759 -0.04073753294693179 -1.8739827481075189 0.0
301 177 1772.0 1573.0 249.63281641300037 0.0 7.87 2.400700770930808e-06 0.00938329701081438 False True 0.004142879225098626 3.949364536245759 -0.04073753294693179 -1.8739827481075189 0.0
301 178 1784.0 1585.0 251.04291314700035 0.0 7.87 2.400700770930808e-06 0.012618766635390131 False True 0.004142879225098626 3.949364536245759 -0.04073753294693179 -1.8739827481075189 0.0
301 179 1796.0 1597.0 252.45735681300036 0.0 7.87 2.400700770930808e-06 0.010941612753384842 False True 0.004142879225098626 3.949364536245759 -0.04073753294693179 -1.8739827481075189 0.0
301 180 1808.0 1609.0 253.85733592800037 0.0 7.87 2.400700770930808e-06 0.014414577927411529 False True 0.004142879225098626 3.949364536245759 -0.04073753294693179 -1.8739827481075189 0.0
301 181 1820.0 1621.0 255.27269639100032 0.0 8.02 0.014414577927411529 2.400700770930808e-06 False True 0.004142879225098626 3.949364536245759 -0.04073753294693179 -1.8739827481075189 0.0
301 182 1824.0 1625.0 256.68375355800026 0.0 8.02 0.014414577927411529 2.400700770930808e-06 False True 0.004142879225098626 3.949364536245759 -0.04073753294693179 -1.8739827481075189 0.0
301 183 1828.0 1629.0 258.06566067400024 0.0 7.87 2.400700770930808e-06 0.016328854033084244 False True 0.004142879225098626 3.949364536245759 -0.04073753294693179 -1.8739827481075189 0.0
301 184 1840.0 1641.0 259.45135132400026 0.0 8.03 0.016328854033084244 0.018361390508360546 False True 0.004142879225098626 3.949364536245759 -0.04073753294693179 -1.8739827481075189 0.0
301 185 1852.0 1653.0 260.8445936170002 0.0 7.87 2.400700770930808e-06 0.014414577927411529 False True 0.004142879225098626 3.949364536245759 -0.04073753294693179 -1.8739827481075189 0.0
301 186 1856.0 1657.0 262.23963251200024 0.0 8.02 0.014414577927411529 2.400700770930808e-06 False True 0.004142879225098626 3.949364536245759 -0.04073753294693179 -1.8739827481075189 0.0
301 187 1860.0 1661.0 263.62224228200023 0.0 8.02 0.014414577927411529 2.400700770930808e-06 False True 0.004142879225098626 3.949364536245759 -0.04073753294693179 -1.8739827481075189 0.0
301 188 1864.0 1665.0 265.0006749150002 0.0 8.02 0.014414577927411529 2.400700770930808e-06 False True 0.004142879225098626 3.949364536245759 -0.04073753294693179 -1.8739827481075189 0.0
301 189 1868.0 1669.0 266.3762257580002 0.0 8.02 0.014414577927411529 0.020511971081949788 False True 0.004142879225098626 3.949364536245759 -0.04073753294693179 -1.8739827481075189 0.0
301 190 1880.0 1681.0 267.7461887490002 0.0 8.02 0.014414577927411529 0.022780367676950217 False True 0.004142879225098626 3.949364536245759 -0.04073753294693179 -1.8739827481075189 0.0
301 191 1892.0 1693.0 269.12429127100023 0.0 8.02 0.014414577927411529 0.02516634043365341 False True 0.004142879225098626 3.949364536245759 -0.04073753294693179 -1.8739827481075189 0.0
301 192 1904.0 1705.0 270.50269013000025 0.0 8.02 0.014414577927411529 0.02766963773352983 False True 0.004142879225098626 3.949364536245759 -0.04073753294693179 -1.8739827481075189 0.0
301 193 1916.0 1717.0 271.84194641300024 0.0 8.08 0.02766963773352983 0.03028999622439234 False True 0.004142879225098626 3.949364536245759 -0.04073753294693179 -1.8739827481075189 0.0
301 194 1928.0 1729.0 273.15237829900025 0.0 8.08 0.02766963773352983 0.014414577927411529 False True 0.004142879225098626 3.949364536245759 -0.04073753294693179 -1.8739827481075189 0.0
301 195 1932.0 1733.0 274.45725282400025 0.0 8.08 0.02766963773352983 0.03302714084672804 False True 0.004142879225098626 3.949364536245759 -0.04073753294693179 -1.8739827481075189 0.0
301 196 1944.0 1745.0 275.7466055110002 0.0 8.08 0.02766963773352983 0.03588078486120697 False True 0.004142879225098626 3.949364536245759 -0.04073753294693179 -1.8739827481075189 0.0
301 197 1956.0 1757.0 277.0185684100002 0.0 8.08 0.02766963773352983 0.038850629877353854 False True 0.004142879225098626 3.949364536245759 -0.04073753294693179 -1.8739827481075189 0.0
301 198 1968.0 1769.0 278.30619496400027 0.0 8.08 0.02766963773352983 0.04193636588338595 False True 0.004142879225098626 3.949364536245759 -0.04073753294693179 -1.8739827481075189 0.0
301 199 1980.0 1781.0 279.57523533500023 0.0 8.08 0.02766963773352983 0.04513767127721833 False True 0.004142879225098626 3.949364536245759 -0.04073753294693179 -1.8739827481075189 0.0
301 200 1992.0 1793.0 280.84855497600023 0.0 8.08 0.02766963773352983 0.04845421289861598 False True 0.004142879225098626 3.949364536245759 -0.04073753294693179 -1.8739827481075189 0.0
301 201 2004.0 1805.0 282.12265581600025 0.0 8.08 0.02766963773352983 0.05188564606251753 False True 0.004142879225098626 3.949364536245759 -0.04073753294693179 -1.8739827481075189 0.0
301 202 2016.0 1817.0 283.4086106140002 0.0 8.08 0.02766963773352983 0.055431614593497505 False True 0.004142879225098626 3.949364536245759 -0.04073753294693179 -1.8739827481075189 0.0
301 203 2028.0 1829.0 284.6947442120002 0.0 8.08 0.02766963773352983 0.059091750861386065 False True 0.004142879225098626 3.949364536245759 -0.04073753294693179 -1.8739827481075189 0.0
301 204 2040.0 1841.0 285.98050092400024 0.0 8.08 0.02766963773352983 0.06286567581803272 False True 0.004142879225098626 3.949364536245759 -0.04073753294693179 -1.8739827481075189 0.0
301 205 2052.0 1853.0 287.25658500500026 0.0 8.02 0.014414577927411529 0.059091750861386065 False True 0.004142879225098626 3.949364536245759 -0.04073753294693179 -1.8739827481075189 0.0
301 206 2056.0 1857.0 288.54466148700027 0.0 8.08 0.02766963773352983 0.06675299903520733 False True 0.004142879225098626 3.949364536245759 -0.04073753294693179 -1.8739827481075189 0.0
301 207 2068.0 1869.0 289.83135172900023 0.0 8.02 0.014414577927411529 0.02516634043365341 False True 0.004142879225098626 3.949364536245759 -0.04073753294693179 -1.8739827481075189 0.0
301 208 2072.0 1873.0 291.11749497900024 0.0 8.08 0.02766963773352983 0.07075331874364282 False True 0.004142879225098626 3.949364536245759 -0.04073753294693179 -1.8739827481075189 0.0
301 209 2084.0 1885.0 292.4039156880002 0.0 7.87 2.400700770930808e-06 0.07486622187321954 False True 0.004142879225098626 3.949364536245759 -0.04073753294693179 -1.8739827481075189 0.0
301 210 2096.0 1897.0 293.68980917200025 0.0 8.08 0.02766963773352983 0.07909128409425605 False True 0.004142879225098626 3.949364536245759 -0.04073753294693179 -1.8739827481075189 0.0
301 211 2108.0 1909.0 295.0995808110003 0.0 8.08 0.02766963773352983 0.0834280698599576 False True 0.004142879225098626 3.949364536245759 -0.04073753294693179 -1.8739827481075189 0.0
301 212 2120.0 1921.0 296.4950253820003 0.0 8.24 0.0834280698599576 0.08787613244996152 False True 0.004142879225098626 3.949364536245759 -0.04073753294693179 -1.8739827481075189 0.0
301 213 2132.0 1933.0 297.8820394110003 0.0 8.24 0.0834280698599576 0.02766963773352983 False True 0.004142879225098626 3.949364536245759 -0.04073753294693179 -1.8739827481075189 0.0
301 214 2136.0 1937.0 299.2763875040003 0.0 8.24 0.0834280698599576 0.007943988252085392 False True 0.004142879225098626 3.949364536245759 -0.04073753294693179 -1.8739827481075189 0.0
301 215 2140.0 1941.0 300.6591029900003 0.0 8.08 0.02766963773352983 0.03588078486120697 False True 0.004142879225098626 3.949364536245759 -0.04073753294693179 -1.8739827481075189 0.0
301 216 2144.0 1945.0 302.05075992900026 0.0 8.08 0.02766963773352983 0.014414577927411529 False True 0.004142879225098626 3.949364536245759 -0.04073753294693179 -1.8739827481075189 0.0
301 217 2148.0 1949.0 303.4343609060003 0.0 8.08 0.02766963773352983 0.007943988252085392 False True 0.004142879225098626 3.949364536245759 -0.04073753294693179 -1.8739827481075189 0.0
301 218 2152.0 1953.0 304.82960168300025 0.0 8.08 0.02766963773352983 0.09243501401501128 False True 0.004142879225098626 3.949364536245759 -0.04073753294693179 -1.8739827481075189 0.0
301 219 2164.0 1965.0 306.22567782200025 0.0 8.08 0.02766963773352983 0.0971042456227394 False True 0.004142879225098626 3.949364536245759 -0.04073753294693179 -1.8739827481075189 0.0
301 220 2176.0 1977.0 307.61089018000024 0.0 8.08 0.02766963773352983 0.10188334730456186 False True 0.004142879225098626 3.949364536245759 -0.04073753294693179 -1.8739827481075189 0.0
301 221 2188.0 1989.0 309.00242603000027 0.0 7.87 2.400700770930808e-06 0.07486622187321954 False True 0.004142879225098626 3.949364536245759 -0.04073753294693179 -1.8739827481075189 0.0
301 222 2192.0 1993.0 310.38649917500027 0.0 8.08 0.02766963773352983 0.014414577927411529 False True 0.004142879225098626 3.949364536245759 -0.04073753294693179 -1.8739827481075189 0.0
301 223 2196.0 1997.0 311.77898963000024 0.0 8.08 0.02766963773352983 0.014414577927411529 False True 0.004142879225098626 3.949364536245759 -0.04073753294693179 -1.8739827481075189 0.0
