544 0 400.0 200.99999999999997 1.253742931000005 0.0 8.17 0.044697106119385266 0.09366112384943542 False True 0.005286035971723397 1.284959683864335 -0.4041900112270155 -0.0765140953057436 0.0
544 1 404.0 204.99999999999997 2.598035269999997 0.0 8.17 0.044697106119385266 0.15658985945485127 False True 0.005286035971723397 1.284959683864335 -0.4041900112270155 -0.0765140953057436 0.0
544 2 416.0 216.99999999999994 3.9519410219999997 0.0 1.1400000000000001 0.15658985945485127 0.1607768802249815 False True 0.005286035971723397 1.284959683864335 -0.4041900112270155 -0.0765140953057436 0.0
544 3 428.0 228.99999999999994 5.3079721680000205 0.0 1.1300000000000001 0.1607768802249815 0.15658985945485127 False True 0.005286035971723397 1.284959683864335 -0.4041900112270155 -0.0765140953057436 0.0
544 4 432.0 232.99999999999994 6.667219635999999 0.0 1.1400000000000001 0.15658985945485127 0.1607768802249815 False True 0.005286035971723397 1.284959683864335 -0.4041900112270155 -0.0765140953057436 0.0
544 5 436.0 236.99999999999994 8.058054168999973 0.0 1.1300000000000001 0.1607768802249815 0.15658985945485127 False True 0.005286035971723397 1.284959683864335 -0.4041900112270155 -0.0765140953057436 0.0
544 6 440.0 240.99999999999994 9.435760413999986 0.0 1.1300000000000001 0.1607768802249815 0.16505149805648592 False True 0.005286035971723397 1.284959683864335 -0.4041900112270155 -0.0765140953057436 0.0
544 7 452.0 252.99999999999994 10.778863019999989 0.0 1.1300000000000001 0.1607768802249815 0.15249084464652765 False True 0.005286035971723397 1.284959683864335 -0.4041900112270155 -0.0765140953057436 0.0
544 8 464.0 264.99999999999994 12.131764076999985 0.0 1.1300000000000001 0.1607768802249815 0.041837825672883446 False True 0.005286035971723397 1.284959683864335 -0.4041900112270155 -0.0765140953057436 0.0
544 9 476.0 276.99999999999994 13.485377282999991 0.0 1.1300000000000001 0.1607768802249815 0.044697106119385266 False True 0.005286035971723397 1.284959683864335 -0.4041900112270155 -0.0765140953057436 0.0
544 10 480.0 280.99999999999994 14.82931431099999 0.0 8.17 0.044697106119385266 0.1607768802249815 False True 0.005286035971723397 1.284959683864335 -0.4041900112270155 -0.0765140953057436 0.0
544 11 484.0 284.99999999999994 16.201797642000002 0.0 8.17 0.044697106119385266 0.16505149805648592 False True 0.005286035971723397 1.284959683864335 -0.4041900112270155 -0.0765140953057436 0.0
544 12 488.0 288.99999999999994 17.561328474999982 0.0 1.12 0.16505149805648592 0.044697106119385266 False True 0.005286035971723397 1.284959683864335 -0.4041900112270155 -0.0765140953057436 0.0
544 13 492.0 292.99999999999994 18.931209353999975 0.0 1.12 0.16505149805648592 0.16941329528832125 False True 0.005286035971723397 1.284959683864335 -0.4041900112270155 -0.0765140953057436 0.0
544 14 504.0 304.99999999999994 20.291297557999968 0.0 1.12 0.16505149805648592 0.04764844535741671 False True 0.005286035971723397 1.284959683864335 -0.4041900112270155 -0.0765140953057436 0.0
544 15 516.0 316.99999999999994 21.666191475999966 0.0 1.12 0.16505149805648592 0.0960920406066562 False True 0.005286035971723397 1.284959683864335 -0.4041900112270155 -0.0765140953057436 0.0
544 16 528.0 328.99999999999994 23.044497235999955 0.0 1.84 0.0960920406066562 0.16505149805648592 False True 0.005286035971723397 1.284959683864335 -0.4041900112270155 -0.0765140953057436 0.0
544 17 532.0 332.99999999999994 24.405038254999965 0.0 1.84 0.0960920406066562 0.16505149805648592 False True 0.005286035971723397 1.284959683864335 -0.4041900112270155 -0.0765140953057436 0.0
544 18 536.0 336.99999999999994 25.775186321999968 0.0 1.84 0.0960920406066562 0.16505149805648592 False True 0.005286035971723397 1.284959683864335 -0.4041900112270155 -0.0765140953057436 0.0
544 19 540.0 340.99999999999994 27.156172900999962 0.0 1.84 0.0960920406066562 0.09861632474562682 False True 0.005286035971723397 1.284959683864335 -0.4041900112270155 -0.0765140953057436 0.0
544 20 552.0 352.99999999999994 28.51657195399997 0.0 1.84 0.0960920406066562 0.09132382743060201 False True 0.005286035971723397 1.284959683864335 -0.4041900112270155 -0.0765140953057436 0.0
544 21 564.0 364.99999999999994 29.887015400999985 0.0 1.84 0.0960920406066562 0.039070900455329384 False True 0.005286035971723397 1.284959683864335 -0.4041900112270155 -0.0765140953057436 0.0
544 22 576.0 376.99999999999994 31.245903895999987 0.0 1.84 0.0960920406066562 0.050691537742707245 False True 0.005286035971723397 1.284959683864335 -0.4041900112270155 -0.0765140953057436 0.0
544 23 588.0 388.99999999999994 32.605677719 0.0 1.84 0.0960920406066562 0.08908039494384595 False True 0.005286035971723397 1.284959683864335 -0.4041900112270155 -0.0765140953057436 0.0
544 24 600.0 400.99999999999994 33.98342884499999 0.0 1.84 0.0960920406066562 0.08693106059555662 False True 0.005286035971723397 1.284959683864335 -0.4041900112270155 -0.0765140953057436 0.0
544 25 612.0 412.99999999999994 35.360978031 0.0 1.84 0.0960920406066562 0.08908039494384595 False True 0.005286035971723397 1.284959683864335 -0.4041900112270155 -0.0765140953057436 0.0
544 26 616.0 416.99999999999994 36.748395601 0.0 1.84 0.0960920406066562 0.08908039494384595 False True 0.005286035971723397 1.284959683864335 -0.4041900112270155 -0.0765140953057436 0.0
544 27 620.0 420.99999999999994 38.12483900500001 0.0 1.12 0.16505149805648592 0.08908039494384595 False True 0.005286035971723397 1.284959683864335 -0.4041900112270155 -0.0765140953057436 0.0
544 28 624.0 424.99999999999994 39.50125986200001 0.0 1.81 0.08908039494384595 0.03639661766764457 False True 0.005286035971723397 1.284959683864335 -0.4041900112270155 -0.0765140953057436 0.0
544 29 636.0 436.99999999999994 40.878846925000005 0.0 8.14 0.03639661766764457 0.03381525524553191 False True 0.005286035971723397 1.284959683864335 -0.4041900112270155 -0.0765140953057436 0.0
544 30 648.0 448.99999999999994 42.26905518000001 0.0 8.14 0.03639661766764457 0.03132708183168724 False True 0.005286035971723397 1.284959683864335 -0.4041900112270155 -0.0765140953057436 0.0
544 31 660.0 460.99999999999994 43.64502287500002 0.0 8.14 0.03639661766764457 0.02893235674892885 False True 0.005286035971723397 1.284959683864335 -0.4041900112270155 -0.0765140953057436 0.0
544 32 672.0 472.99999999999994 45.02037131600002 0.0 8.14 0.03639661766764457 0.02893235674892885 False True 0.005286035971723397 1.284959683864335 -0.4041900112270155 -0.0765140953057436 0.0
544 33 676.0 476.99999999999994 46.39744558600003 0.0 8.11 0.02893235674892885 0.026631329974271704 False True 0.005286035971723397 1.284959683864335 -0.4041900112270155 -0.0765140953057436 0.0
544 34 688.0 488.99999999999994 47.77433434300005 0.0 8.14 0.03639661766764457 0.02893235674892885 False True 0.005286035971723397 1.284959683864335 -0.4041900112270155 -0.0765140953057436 0.0
544 35 692.0 492.99999999999994 49.15169668500005 0.0 8.11 0.02893235674892885 0.03639661766764457 False True 0.005286035971723397 1.284959683864335 -0.4041900112270155 -0.0765140953057436 0.0
544 36 696.0 496.99999999999994 50.543576658000035 0.0 8.11 0.02893235674892885 0.02442424211392648 False True 0.005286035971723397 1.284959683864335 -0.4041900112270155 -0.0765140953057436 0.0
544 37 708.0 508.99999999999994 51.936105111000046 0.0 8.11 0.02893235674892885 0.022311324379239873 False True 0.005286035971723397 1.284959683864335 -0.4041900112270155 -0.0765140953057436 0.0
544 38 720.0 521.0 53.32929825100007 0.0 8.08 0.022311324379239873 0.020292798563575243 False True 0.005286035971723397 1.284959683864335 -0.4041900112270155 -0.0765140953057436 0.0
544 39 732.0 533.0 54.71234776000006 0.0 8.08 0.022311324379239873 0.018368877020131062 False True 0.005286035971723397 1.284959683864335 -0.4041900112270155 -0.0765140953057436 0.0
544 40 744.0 545.0 56.111567783000055 0.0 8.08 0.022311324379239873 0.018368877020131062 False True 0.005286035971723397 1.284959683864335 -0.4041900112270155 -0.0765140953057436 0.0
544 41 748.0 549.0 57.49822954100003 0.0 8.08 0.022311324379239873 0.01653976264070831 False True 0.005286035971723397 1.284959683864335 -0.4041900112270155 -0.0765140953057436 0.0
544 42 760.0 561.0 58.89109870600004 0.0 8.06 0.018368877020131062 0.022311324379239873 False True 0.005286035971723397 1.284959683864335 -0.4041900112270155 -0.0765140953057436 0.0
544 43 764.0 565.0 60.283256065000046 0.0 8.06 0.018368877020131062 0.022311324379239873 False True 0.005286035971723397 1.284959683864335 -0.4041900112270155 -0.0765140953057436 0.0
544 44 768.0 569.0 61.675836497000034 0.0 8.06 0.018368877020131062 0.022311324379239873 False True 0.005286035971723397 1.284959683864335 -0.4041900112270155 -0.0765140953057436 0.0
544 45 772.0 573.0 63.092010233000025 0.0 8.06 0.018368877020131062 0.014805648835419967 False True 0.005286035971723397 1.284959683864335 -0.4041900112270155 -0.0765140953057436 0.0
544 46 784.0 585.0 64.51543154000001 0.0 8.06 0.018368877020131062 0.01653976264070831 False True 0.005286035971723397 1.284959683864335 -0.4041900112270155 -0.0765140953057436 0.0
544 47 788.0 589.0 65.93031963500002 0.0 8.05 0.01653976264070831 0.022311324379239873 False True 0.005286035971723397 1.284959683864335 -0.4041900112270155 -0.0765140953057436 0.0
544 48 792.0 593.0 67.34393668500002 0.0 8.05 0.01653976264070831 0.01316671951335033 False True 0.005286035971723397 1.284959683864335 -0.4041900112270155 -0.0765140953057436 0.0
544 49 804.0 605.0 68.76671185900003 0.0 8.05 0.01653976264070831 0.01316671951335033 False True 0.005286035971723397 1.284959683864335 -0.4041900112270155 -0.0765140953057436 0.0
544 50 808.0 609.0 70.17864545300003 0.0 8.05 0.01653976264070831 0.011623149064166734 False True 0.005286035971723397 1.284959683864335 -0.4041900112270155 -0.0765140953057436 0.0
544 51 820.0 621.0 71.59233613700002 0.0 8.05 0.01653976264070831 0.018368877020131062 False True 0.005286035971723397 1.284959683864335 -0.4041900112270155 -0.0765140953057436 0.0
544 52 824.0 625.0 73.00659480000002 0.0 8.05 0.01653976264070831 0.022311324379239873 False True 0.005286035971723397 1.284959683864335 -0.4041900112270155 -0.0765140953057436 0.0
544 53 828.0 629.0 74.432628061 0.0 8.08 0.022311324379239873 0.02893235674892885 False True 0.005286035971723397 1.284959683864335 -0.4041900112270155 -0.0765140953057436 0.0
544 54 832.0 633.0 75.846337866 0.0 8.08 0.022311324379239873 0.010175102340676801 False True 0.005286035971723397 1.284959683864335 -0.4041900112270155 -0.0765140953057436 0.0
544 55 844.0 645.0 77.27580841599999 0.0 8.01 0.010175102340676801 0.018368877020131062 False True 0.005286035971723397 1.284959683864335 -0.4041900112270155 -0.0765140953057436 0.0
544 56 848.0 649.0 78.71671017599999 0.0 8.01 0.010175102340676801 0.008822734642346702 False True 0.005286035971723397 1.284959683864335 -0.4041900112270155 -0.0765140953057436 0.0
544 57 860.0 661.0 80.147798341 0.0 8.01 0.010175102340676801 0.007566191699768385 False True 0.005286035971723397 1.284959683864335 -0.4041900112270155 -0.0765140953057436 0.0
544 58 872.0 673.0 81.57957459899998 0.0 8.01 0.010175102340676801 0.08487604918140396 False True 0.005286035971723397 1.284959683864335 -0.4041900112270155 -0.0765140953057436 0.0
544 59 884.0 685.0 83.009509377 0.0 8.01 0.010175102340676801 0.08291557606385415 False True 0.005286035971723397 1.284959683864335 -0.4041900112270155 -0.0765140953057436 0.0
544 60 896.0 697.0 84.43912764800001 0.0 8.01 0.010175102340676801 0.08291557606385415 False True 0.005286035971723397 1.284959683864335 -0.4041900112270155 -0.0765140953057436 0.0
544 61 900.0 701.0 85.88698353500001 0.0 1.78 0.08291557606385415 0.010175102340676801 False True 0.005286035971723397 1.284959683864335 -0.4041900112270155 -0.0765140953057436 0.0
544 62 904.0 705.0 87.32995927900001 0.0 1.78 0.08291557606385415 0.08104984715063668 False True 0.005286035971723397 1.284959683864335 -0.4041900112270155 -0.0765140953057436 0.0
544 63 916.0 717.0 88.762300264 0.0 1.77 0.08104984715063668 0.08291557606385415 False True 0.005286035971723397 1.284959683864335 -0.4041900112270155 -0.0765140953057436 0.0
544 64 920.0 721.0 90.19304021100001 0.0 1.77 0.08104984715063668 0.010175102340676801 False True 0.005286035971723397 1.284959683864335 -0.4041900112270155 -0.0765140953057436 0.0
544 65 924.0 725.0 91.62400158900002 0.0 1.77 0.08104984715063668 0.08291557606385415 False True 0.005286035971723397 1.284959683864335 -0.4041900112270155 -0.0765140953057436 0.0
544 66 928.0 729.0 93.05200651600003 0.0 1.77 0.08104984715063668 0.010175102340676801 False True 0.005286035971723397 1.284959683864335 -0.4041900112270155 -0.0765140953057436 0.0
544 67 932.0 733.0 94.47963138200004 0.0 1.77 0.08104984715063668 0.010175102340676801 False True 0.005286035971723397 1.284959683864335 -0.4041900112270155 -0.0765140953057436 0.0
544 68 936.0 737.0 95.90828731900004 0.0 1.77 0.08104984715063668 0.010175102340676801 False True 0.005286035971723397 1.284959683864335 -0.4041900112270155 -0.0765140953057436 0.0
544 69 940.0 741.0 97.33302049300005 0.0 1.77 0.08104984715063668 0.07927905887415451 False True 0.005286035971723397 1.284959683864335 -0.4041900112270155 -0.0765140953057436 0.0
544 70 952.0 753.0 98.78376448900005 0.0 1.77 0.08104984715063668 0.07760339817183963 False True 0.005286035971723397 1.284959683864335 -0.4041900112270155 -0.0765140953057436 0.0
544 71 964.0 765.0 100.22360135200006 0.0 1.77 0.08104984715063668 0.07602304246745852 False True 0.005286035971723397 1.284959683864335 -0.4041900112270155 -0.0765140953057436 0.0
544 72 976.0 777.0 101.65550411600006 0.0 1.77 0.08104984715063668 0.08291557606385415 False True 0.005286035971723397 1.284959683864335 -0.4041900112270155 -0.0765140953057436 0.0
544 73 980.0 781.0 103.09762428100007 0.0 8.11 0.02893235674892885 0.01653976264070831 False True 0.005286035971723397 1.284959683864335 -0.4041900112270155 -0.0765140953057436 0.0
544 74 984.0 785.0 104.52963431700007 0.0 8.01 0.010175102340676801 0.08104984715063668 False True 0.005286035971723397 1.284959683864335 -0.4041900112270155 -0.0765140953057436 0.0
544 75 988.0 789.0 105.9707437590001 0.0 8.08 0.022311324379239873 0.08291557606385415 False True 0.005286035971723397 1.284959683864335 -0.4041900112270155 -0.0765140953057436 0.0
544 76 992.0 793.0 107.40048602900009 0.0 8.01 0.010175102340676801 0.022311324379239873 False True 0.005286035971723397 1.284959683864335 -0.4041900112270155 -0.0765140953057436 0.0
544 77 996.0 797.0 108.8315714580001 0.0 8.08 0.022311324379239873 0.08104984715063668 False True 0.005286035971723397 1.284959683864335 -0.4041900112270155 -0.0765140953057436 0.0
544 78 1000.0 801.0 110.26165360500008 0.0 8.08 0.022311324379239873 0.018368877020131062 False True 0.005286035971723397 1.284959683864335 -0.4041900112270155 -0.0765140953057436 0.0
544 79 1004.0 805.0 111.70767895100008 0.0 8.08 0.022311324379239873 0.0745381596533734 False True 0.005286035971723397 1.284959683864335 -0.4041900112270155 -0.0765140953057436 0.0
544 80 1016.0 817.0 113.15478037000005 0.0 8.08 0.022311324379239873 0.07314890807374999 False True 0.005286035971723397 1.284959683864335 -0.4041900112270155 -0.0765140953057436 0.0
544 81 1028.0 829.0 114.60208485600003 0.0 8.08 0.022311324379239873 0.07185543650872439 False True 0.005286035971723397 1.284959683864335 -0.4041900112270155 -0.0765140953057436 0.0
544 82 1040.0 841.0 116.05062772000002 0.0 8.08 0.022311324379239873 0.07065788415952676 False True 0.005286035971723397 1.284959683864335 -0.4041900112270155 -0.0765140953057436 0.0
544 83 1052.0 853.0 117.49682009600002 0.0 8.08 0.022311324379239873 0.07459929095120012 False True 0.005286035971723397 1.284959683864335 -0.4041900112270155 -0.0765140953057436 0.0
544 84 1064.0 865.0 118.94238267900005 0.0 8.08 0.022311324379239873 0.07837729123076075 False True 0.005286035971723397 1.284959683864335 -0.4041900112270155 -0.0765140953057436 0.0
544 85 1076.0 877.0 120.40984495900005 0.0 8.08 0.022311324379239873 0.07837729123076075 False True 0.005286035971723397 1.284959683864335 -0.4041900112270155 -0.0765140953057436 0.0
544 86 1080.0 881.0 121.87102250100008 0.0 8.08 0.022311324379239873 0.0822447260400392 False True 0.005286035971723397 1.284959683864335 -0.4041900112270155 -0.0765140953057436 0.0
544 87 1092.0 893.0 123.32202538100006 0.0 8.08 0.022311324379239873 0.0862012190761628 False True 0.005286035971723397 1.284959683864335 -0.4041900112270155 -0.0765140953057436 0.0
544 88 1104.0 905.0 124.7828755600001 0.0 8.08 0.022311324379239873 0.09024638512946749 False True 0.005286035971723397 1.284959683864335 -0.4041900112270155 -0.0765140953057436 0.0
544 89 1116.0 917.0 126.2453373680001 0.0 8.08 0.022311324379239873 0.09437983012202192 False True 0.005286035971723397 1.284959683864335 -0.4041900112270155 -0.0765140953057436 0.0
544 90 1128.0 929.0 127.70567203100012 0.0 8.08 0.022311324379239873 0.09860115114702359 False True 0.005286035971723397 1.284959683864335 -0.4041900112270155 -0.0765140953057436 0.0
544 91 1140.0 941.0 129.16938422600015 0.0 8.08 0.022311324379239873 0.10290993650910296 False True 0.005286035971723397 1.284959683864335 -0.4041900112270155 -0.0765140953057436 0.0
544 92 1152.0 953.0 130.63307113700017 0.0 8.08 0.022311324379239873 0.06731305443386568 False True 0.005286035971723397 1.284959683864335 -0.4041900112270155 -0.0765140953057436 0.0
544 93 1164.0 965.0 132.10935620100014 0.0 8.08 0.022311324379239873 0.06380552593368004 False True 0.005286035971723397 1.284959683864335 -0.4041900112270155 -0.0765140953057436 0.0
544 94 1176.0 977.0 133.57558905600018 0.0 8.08 0.022311324379239873 0.06955638063455921 False True 0.005286035971723397 1.284959683864335 -0.4041900112270155 -0.0765140953057436 0.0
544 95 1188.0 989.0 135.0521324630002 0.0 8.08 0.022311324379239873 0.0685510459364371 False True 0.005286035971723397 1.284959683864335 -0.4041900112270155 -0.0765140953057436 0.0
544 96 1200.0 1001.0 136.51868156300014 0.0 1.68 0.0685510459364371 0.022311324379239873 False True 0.005286035971723397 1.284959683864335 -0.4041900112270155 -0.0765140953057436 0.0
544 97 1204.0 1005.0 137.98300243500017 0.0 8.08 0.022311324379239873 0.06764199044998634 False True 0.005286035971723397 1.284959683864335 -0.4041900112270155 -0.0765140953057436 0.0
544 98 1216.0 1017.0 139.4469656410002 0.0 8.08 0.022311324379239873 0.0685510459364371 False True 0.005286035971723397 1.284959683864335 -0.4041900112270155 -0.0765140953057436 0.0
544 99 1220.0 1021.0 140.92189105500017 0.0 8.08 0.022311324379239873 0.06682931493120764 False True 0.005286035971723397 1.284959683864335 -0.4041900112270155 -0.0765140953057436 0.0
544 100 1232.0 1033.0 142.38645820500017 0.0 8.08 0.022311324379239873 0.1484802358989363 False True 0.005286035971723397 1.284959683864335 -0.4041900112270155 -0.0765140953057436 0.0
544 101 1244.0 1045.0 143.85246957500016 0.0 8.08 0.022311324379239873 0.14455842446949502 False True 0.005286035971723397 1.284959683864335 -0.4041900112270155 -0.0765140953057436 0.0
544 102 1256.0 1057.0 145.32897420200015 0.0 8.08 0.022311324379239873 0.14072579273498492 False True 0.005286035971723397 1.284959683864335 -0.4041900112270155 -0.0765140953057436 0.0
544 103 1268.0 1069.0 146.80712321400017 0.0 1.18 0.14072579273498492 0.13698271415330446 False True 0.005286035971723397 1.284959683864335 -0.4041900112270155 -0.0765140953057436 0.0
544 104 1280.0 1081.0 148.28660090700015 0.0 1.18 0.14072579273498492 0.05382606845469531 False True 0.005286035971723397 1.284959683864335 -0.4041900112270155 -0.0765140953057436 0.0
544 105 1292.0 1093.0 149.76840455200016 0.0 1.18 0.14072579273498492 0.05705171352801028 False True 0.005286035971723397 1.284959683864335 -0.4041900112270155 -0.0765140953057436 0.0
544 106 1304.0 1105.0 151.25091321600019 0.0 1.18 0.14072579273498492 0.10123371397207023 False True 0.005286035971723397 1.284959683864335 -0.4041900112270155 -0.0765140953057436 0.0
544 107 1316.0 1117.0 152.73372085700015 0.0 1.18 0.14072579273498492 0.10394393668028311 False True 0.005286035971723397 1.284959683864335 -0.4041900112270155 -0.0765140953057436 0.0
544 108 1328.0 1129.0 154.22768013600012 0.0 1.87 0.10394393668028311 0.14072579273498492 False True 0.005286035971723397 1.284959683864335 -0.4041900112270155 -0.0765140953057436 0.0
544 109 1332.0 1133.0 155.7213190660001 0.0 1.87 0.10394393668028311 0.14072579273498492 False True 0.005286035971723397 1.284959683864335 -0.4041900112270155 -0.0765140953057436 0.0
544 110 1336.0 1137.0 157.2160953880001 0.0 8.08 0.022311324379239873 0.10394393668028311 False True 0.005286035971723397 1.284959683864335 -0.4041900112270155 -0.0765140953057436 0.0
544 111 1340.0 1141.0 158.7003724870001 0.0 1.87 0.10394393668028311 0.022311324379239873 False True 0.005286035971723397 1.284959683864335 -0.4041900112270155 -0.0765140953057436 0.0
544 112 1344.0 1145.0 160.1950213820001 0.0 8.08 0.022311324379239873 0.10674671198031085 False True 0.005286035971723397 1.284959683864335 -0.4041900112270155 -0.0765140953057436 0.0
544 113 1356.0 1157.0 161.67944519700012 0.0 8.08 0.022311324379239873 0.10964174972602772 False True 0.005286035971723397 1.284959683864335 -0.4041900112270155 -0.0765140953057436 0.0
544 114 1368.0 1169.0 163.17569568200014 0.0 1.8900000000000001 0.10964174972602772 0.11262875054415127 False True 0.005286035971723397 1.284959683864335 -0.4041900112270155 -0.0765140953057436 0.0
544 115 1380.0 1181.0 164.6612966190001 0.0 1.8900000000000001 0.10964174972602772 0.060388847367612644 False True 0.005286035971723397 1.284959683864335 -0.4041900112270155 -0.0765140953057436 0.0
544 116 1392.0 1193.0 166.1749619940001 0.0 8.08 0.022311324379239873 0.05382606845469531 False True 0.005286035971723397 1.284959683864335 -0.4041900112270155 -0.0765140953057436 0.0
544 117 1396.0 1197.0 167.6587576380001 0.0 8.08 0.022311324379239873 0.05706334995806331 False True 0.005286035971723397 1.284959683864335 -0.4041900112270155 -0.0765140953057436 0.0
544 118 1408.0 1209.0 169.15383424300006 0.0 8.08 0.022311324379239873 0.22137471469688952 False True 0.005286035971723397 1.284959683864335 -0.4041900112270155 -0.0765140953057436 0.0
544 119 1420.0 1221.0 170.6380195860001 0.0 8.08 0.022311324379239873 0.2266987888170116 False True 0.005286035971723397 1.284959683864335 -0.4041900112270155 -0.0765140953057436 0.0
544 120 1432.0 1233.0 172.13019651600007 0.0 8.08 0.022311324379239873 0.21096866956713337 False True 0.005286035971723397 1.284959683864335 -0.4041900112270155 -0.0765140953057436 0.0
544 121 1444.0 1245.0 173.6129892840001 0.0 8.08 0.022311324379239873 0.20588775894956826 False True 0.005286035971723397 1.284959683864335 -0.4041900112270155 -0.0765140953057436 0.0
544 122 1456.0 1257.0 175.09564637400007 0.0 8.08 0.022311324379239873 0.10730576576548259 False True 0.005286035971723397 1.284959683864335 -0.4041900112270155 -0.0765140953057436 0.0
544 123 1468.0 1269.0 176.59035123400008 0.0 8.08 0.022311324379239873 0.11178820976802761 False True 0.005286035971723397 1.284959683864335 -0.4041900112270155 -0.0765140953057436 0.0
544 124 1480.0 1281.0 178.08656538700012 0.0 8.08 0.022311324379239873 0.11635683070615323 False True 0.005286035971723397 1.284959683864335 -0.4041900112270155 -0.0765140953057436 0.0
544 125 1492.0 1293.0 179.5725673820001 0.0 8.06 0.018368877020131062 0.10964174972602772 False True 0.005286035971723397 1.284959683864335 -0.4041900112270155 -0.0765140953057436 0.0
544 126 1496.0 1297.0 181.06756983600008 0.0 8.06 0.018368877020131062 0.12101118215061644 False True 0.005286035971723397 1.284959683864335 -0.4041900112270155 -0.0765140953057436 0.0
544 127 1508.0 1309.0 182.56302830300007 0.0 8.06 0.018368877020131062 0.12575080909814773 False True 0.005286035971723397 1.284959683864335 -0.4041900112270155 -0.0765140953057436 0.0
544 128 1520.0 1321.0 184.04517368000006 0.0 8.06 0.018368877020131062 0.13057524801695836 False True 0.005286035971723397 1.284959683864335 -0.4041900112270155 -0.0765140953057436 0.0
544 129 1532.0 1333.0 185.54105394400005 0.0 8.06 0.018368877020131062 0.1354840268930841 False True 0.005286035971723397 1.284959683864335 -0.4041900112270155 -0.0765140953057436 0.0
544 130 1544.0 1345.0 187.02526395600006 0.0 8.08 0.022311324379239873 0.14047666527760286 False True 0.005286035971723397 1.284959683864335 -0.4041900112270155 -0.0765140953057436 0.0
544 131 1556.0 1357.0 188.54233423900007 0.0 8.08 0.022311324379239873 0.14555267433465968 False True 0.005286035971723397 1.284959683864335 -0.4041900112270155 -0.0765140953057436 0.0
544 132 1568.0 1369.0 190.0359248570001 0.0 8.08 0.022311324379239873 0.15071155689036547 False True 0.005286035971723397 1.284959683864335 -0.4041900112270155 -0.0765140953057436 0.0
544 133 1580.0 1381.0 191.5215548600001 0.0 8.08 0.022311324379239873 0.1354840268930841 False True 0.005286035971723397 1.284959683864335 -0.4041900112270155 -0.0765140953057436 0.0
544 134 1584.0 1385.0 193.0175971760001 0.0 8.08 0.022311324379239873 0.15595280748250634 False True 0.005286035971723397 1.284959683864335 -0.4041900112270155 -0.0765140953057436 0.0
544 135 1596.0 1397.0 194.49975472300008 0.0 8.08 0.022311324379239873 0.16127591241109104 False True 0.005286035971723397 1.284959683864335 -0.4041900112270155 -0.0765140953057436 0.0
544 136 1608.0 1409.0 195.99382527300003 0.0 8.11 0.02893235674892885 0.01653976264070831 False True 0.005286035971723397 1.284959683864335 -0.4041900112270155 -0.0765140953057436 0.0
544 137 1612.0 1413.0 197.47778632700005 0.0 8.05 0.01653976264070831 0.05382606845469531 False True 0.005286035971723397 1.284959683864335 -0.4041900112270155 -0.0765140953057436 0.0
544 138 1616.0 1417.0 198.97220502900007 0.0 8.05 0.01653976264070831 0.1484802358989363 False True 0.005286035971723397 1.284959683864335 -0.4041900112270155 -0.0765140953057436 0.0
544 139 1620.0 1421.0 200.46709351900006 0.0 1.1600000000000001 0.1484802358989363 0.01653976264070831 False True 0.005286035971723397 1.284959683864335 -0.4041900112270155 -0.0765140953057436 0.0
544 140 1624.0 1425.0 201.95278764700004 0.0 1.1600000000000001 0.1484802358989363 0.16668034978972068 False True 0.005286035971723397 1.284959683864335 -0.4041900112270155 -0.0765140953057436 0.0
544 141 1636.0 1437.0 203.44694907000002 0.0 8.05 0.01653976264070831 0.1484802358989363 False True 0.005286035971723397 1.284959683864335 -0.4041900112270155 -0.0765140953057436 0.0
544 142 1640.0 1441.0 204.936331295 0.0 8.05 0.01653976264070831 0.05382606845469531 False True 0.005286035971723397 1.284959683864335 -0.4041900112270155 -0.0765140953057436 0.0
544 143 1644.0 1445.0 206.424044095 0.0 8.05 0.01653976264070831 0.1721655895977777 False True 0.005286035971723397 1.284959683864335 -0.4041900112270155 -0.0765140953057436 0.0
544 144 1656.0 1457.0 207.906595472 0.0 8.05 0.01653976264070831 0.06611311049720099 False True 0.005286035971723397 1.284959683864335 -0.4041900112270155 -0.0765140953057436 0.0
544 145 1668.0 1469.0 209.401621395 0.0 1.6500000000000001 0.06611311049720099 0.018368877020131062 False True 0.005286035971723397 1.284959683864335 -0.4041900112270155 -0.0765140953057436 0.0
544 146 1672.0 1473.0 210.89677034699997 0.0 8.08 0.022311324379239873 0.06611311049720099 False True 0.005286035971723397 1.284959683864335 -0.4041900112270155 -0.0765140953057436 0.0
544 147 1676.0 1477.0 212.37841273599997 0.0 1.6500000000000001 0.06611311049720099 0.022311324379239873 False True 0.005286035971723397 1.284959683864335 -0.4041900112270155 -0.0765140953057436 0.0
544 148 1680.0 1481.0 213.87133778699996 0.0 1.6500000000000001 0.06611311049720099 0.0654934586170519 False True 0.005286035971723397 1.284959683864335 -0.4041900112270155 -0.0765140953057436 0.0
544 149 1692.0 1493.0 215.35976249399994 0.0 1.6500000000000001 0.06611311049720099 0.06497043110368651 False True 0.005286035971723397 1.284959683864335 -0.4041900112270155 -0.0765140953057436 0.0
544 150 1704.0 1505.0 216.8593498689999 0.0 1.6500000000000001 0.06611311049720099 0.06454409010669024 False True 0.005286035971723397 1.284959683864335 -0.4041900112270155 -0.0765140953057436 0.0
544 151 1716.0 1517.0 218.35509043899992 0.0 1.6500000000000001 0.06611311049720099 0.06421448810609257 False True 0.005286035971723397 1.284959683864335 -0.4041900112270155 -0.0765140953057436 0.0
544 152 1728.0 1529.0 219.84935077099993 0.0 1.6500000000000001 0.06611311049720099 0.0639816679071198 False True 0.005286035971723397 1.284959683864335 -0.4041900112270155 -0.0765140953057436 0.0
544 153 1740.0 1541.0 221.3450559869999 0.0 8.08 0.022311324379239873 0.0639816679071198 False True 0.005286035971723397 1.284959683864335 -0.4041900112270155 -0.0765140953057436 0.0
544 154 1744.0 1545.0 222.83106469099994 0.0 8.08 0.022311324379239873 0.06384566263591483 False True 0.005286035971723397 1.284959683864335 -0.4041900112270155 -0.0765140953057436 0.0
544 155 1756.0 1557.0 224.34367746899994 0.0 1.59 0.06384566263591483 0.06380649573622131 False True 0.005286035971723397 1.284959683864335 -0.4041900112270155 -0.0765140953057436 0.0
544 156 1768.0 1569.0 225.83887716299995 0.0 1.59 0.06384566263591483 0.08104984715063668 False True 0.005286035971723397 1.284959683864335 -0.4041900112270155 -0.0765140953057436 0.0
544 157 1772.0 1573.0 227.32311022899995 0.0 1.59 0.06384566263591483 0.060368139884875 False True 0.005286035971723397 1.284959683864335 -0.4041900112270155 -0.0765140953057436 0.0
544 158 1784.0 1585.0 228.81878404699995 0.0 1.59 0.06384566263591483 0.06377500536840049 False True 0.005286035971723397 1.284959683864335 -0.4041900112270155 -0.0765140953057436 0.0
544 159 1796.0 1597.0 230.29974954999994 0.0 1.59 0.06384566263591483 0.06727195877681412 False True 0.005286035971723397 1.284959683864335 -0.4041900112270155 -0.0765140953057436 0.0
544 160 1808.0 1609.0 231.77686812099995 0.0 1.59 0.06384566263591483 0.0708586398985723 False True 0.005286035971723397 1.284959683864335 -0.4041900112270155 -0.0765140953057436 0.0
544 161 1820.0 1621.0 233.24090472 0.0 1.59 0.06384566263591483 0.06727195877681412 False True 0.005286035971723397 1.284959683864335 -0.4041900112270155 -0.0765140953057436 0.0
544 162 1824.0 1625.0 234.706073257 0.0 8.24 0.06727195877681412 0.06384566263591483 False True 0.005286035971723397 1.284959683864335 -0.4041900112270155 -0.0765140953057436 0.0
544 163 1828.0 1629.0 236.198879336 0.0 8.24 0.06727195877681412 0.0745346795483833 False True 0.005286035971723397 1.284959683864335 -0.4041900112270155 -0.0765140953057436 0.0
544 164 1840.0 1641.0 237.69147719800003 0.0 1.59 0.06384566263591483 0.06727195877681412 False True 0.005286035971723397 1.284959683864335 -0.4041900112270155 -0.0765140953057436 0.0
544 165 1844.0 1645.0 239.18806385599999 0.0 8.08 0.022311324379239873 0.07829969960412407 False True 0.005286035971723397 1.284959683864335 -0.4041900112270155 -0.0765140953057436 0.0
544 166 1856.0 1657.0 240.68575669899997 0.0 8.08 0.022311324379239873 0.08215331304465355 False True 0.005286035971723397 1.284959683864335 -0.4041900112270155 -0.0765140953057436 0.0
544 167 1868.0 1669.0 242.182904749 0.0 8.08 0.022311324379239873 0.08609512398851459 False True 0.005286035971723397 1.284959683864335 -0.4041900112270155 -0.0765140953057436 0.0
544 168 1880.0 1681.0 243.66714417100002 0.0 8.08 0.022311324379239873 0.09012472773351879 False True 0.005286035971723397 1.284959683864335 -0.4041900112270155 -0.0765140953057436 0.0
544 169 1892.0 1693.0 245.14320147299998 0.0 8.06 0.018368877020131062 0.07602304246745852 False True 0.005286035971723397 1.284959683864335 -0.4041900112270155 -0.0765140953057436 0.0
544 170 1896.0 1697.0 246.61769232399996 0.0 1.59 0.06384566263591483 0.06727195877681412 False True 0.005286035971723397 1.284959683864335 -0.4041900112270155 -0.0765140953057436 0.0
544 171 1900.0 1701.0 248.08795128999992 0.0 8.24 0.06727195877681412 0.06611311049720099 False True 0.005286035971723397 1.284959683864335 -0.4041900112270155 -0.0765140953057436 0.0
544 172 1904.0 1705.0 249.5578007329999 0.0 8.24 0.06727195877681412 0.09424171079722081 False True 0.005286035971723397 1.284959683864335 -0.4041900112270155 -0.0765140953057436 0.0
544 173 1916.0 1717.0 251.0253222969999 0.0 8.24 0.06727195877681412 0.07837729123076075 False True 0.005286035971723397 1.284959683864335 -0.4041900112270155 -0.0765140953057436 0.0
544 174 1920.0 1721.0 252.50150536199988 0.0 8.24 0.06727195877681412 0.09844565095826076 False True 0.005286035971723397 1.284959683864335 -0.4041900112270155 -0.0765140953057436 0.0
544 175 1932.0 1733.0 253.97328387199985 0.0 8.32 0.09844565095826076 0.06727195877681412 False True 0.005286035971723397 1.284959683864335 -0.4041900112270155 -0.0765140953057436 0.0
544 176 1936.0 1737.0 255.45176043399982 0.0 8.32 0.09844565095826076 0.06727195877681412 False True 0.005286035971723397 1.284959683864335 -0.4041900112270155 -0.0765140953057436 0.0
544 177 1940.0 1741.0 256.9314633459998 0.0 8.32 0.09844565095826076 0.06727195877681412 False True 0.005286035971723397 1.284959683864335 -0.4041900112270155 -0.0765140953057436 0.0
544 178 1944.0 1745.0 258.4121948399998 0.0 8.32 0.09844565095826076 0.03639661766764457 False True 0.005286035971723397 1.284959683864335 -0.4041900112270155 -0.0765140953057436 0.0
544 179 1948.0 1749.0 259.9025060939998 0.0 8.14 0.03639661766764457 0.10273611729859199 False True 0.005286035971723397 1.284959683864335 -0.4041900112270155 -0.0765140953057436 0.0
544 180 1960.0 1761.0 261.3840838099998 0.0 8.33 0.10273611729859199 0.09844565095826076 False True 0.005286035971723397 1.284959683864335 -0.4041900112270155 -0.0765140953057436 0.0
544 181 1964.0 1765.0 262.8760785899998 0.0 8.33 0.10273611729859199 0.03639661766764457 False True 0.005286035971723397 1.284959683864335 -0.4041900112270155 -0.0765140953057436 0.0
544 182 1968.0 1769.0 264.35761261399983 0.0 8.14 0.03639661766764457 0.10674671198031085 False True 0.005286035971723397 1.284959683864335 -0.4041900112270155 -0.0765140953057436 0.0
544 183 1972.0 1773.0 265.8377918699998 0.0 1.8800000000000001 0.10674671198031085 0.03639661766764457 False True 0.005286035971723397 1.284959683864335 -0.4041900112270155 -0.0765140953057436 0.0
544 184 1976.0 1777.0 267.3175543949998 0.0 1.8800000000000001 0.10674671198031085 0.10711267024656568 False True 0.005286035971723397 1.284959683864335 -0.4041900112270155 -0.0765140953057436 0.0
544 185 1988.0 1789.0 268.7988828889998 0.0 1.8800000000000001 0.10674671198031085 0.10711267024656568 False True 0.005286035971723397 1.284959683864335 -0.4041900112270155 -0.0765140953057436 0.0
544 186 1992.0 1793.0 270.2923048759998 0.0 8.34 0.10711267024656568 0.10674671198031085 False True 0.005286035971723397 1.284959683864335 -0.4041900112270155 -0.0765140953057436 0.0
544 187 1996.0 1797.0 271.7826675789998 0.0 8.14 0.03639661766764457 0.11157486162089485 False True 0.005286035971723397 1.284959683864335 -0.4041900112270155 -0.0765140953057436 0.0
544 188 2008.0 1809.0 273.27293258899977 0.0 8.14 0.03639661766764457 0.11612223467546649 False True 0.005286035971723397 1.284959683864335 -0.4041900112270155 -0.0765140953057436 0.0
544 189 2020.0 1821.0 274.76460429999975 0.0 8.14 0.03639661766764457 0.12075432414501591 False True 0.005286035971723397 1.284959683864335 -0.4041900112270155 -0.0765140953057436 0.0
544 190 2032.0 1833.0 276.2483882779997 0.0 8.14 0.03639661766764457 0.12547065629165624 False True 0.005286035971723397 1.284959683864335 -0.4041900112270155 -0.0765140953057436 0.0
544 191 2044.0 1845.0 277.7426526579997 0.0 8.14 0.03639661766764457 0.12547065629165624 False True 0.005286035971723397 1.284959683864335 -0.4041900112270155 -0.0765140953057436 0.0
544 192 2048.0 1849.0 279.2360873269997 0.0 8.38 0.12547065629165624 0.12075432414501591 False True 0.005286035971723397 1.284959683864335 -0.4041900112270155 -0.0765140953057436 0.0
544 193 2052.0 1853.0 280.73006838599974 0.0 8.38 0.12547065629165624 0.11612223467546649 False True 0.005286035971723397 1.284959683864335 -0.4041900112270155 -0.0765140953057436 0.0
544 194 2056.0 1857.0 282.2263407509998 0.0 8.38 0.12547065629165624 0.11612223467546649 False True 0.005286035971723397 1.284959683864335 -0.4041900112270155 -0.0765140953057436 0.0
544 195 2060.0 1861.0 283.7105703009998 0.0 8.38 0.12547065629165624 0.13027074895224927 False True 0.005286035971723397 1.284959683864335 -0.4041900112270155 -0.0765140953057436 0.0
544 196 2072.0 1873.0 285.20611978599976 0.0 8.38 0.12547065629165624 0.13515411158662136 False True 0.005286035971723397 1.284959683864335 -0.4041900112270155 -0.0765140953057436 0.0
544 197 2084.0 1885.0 286.7008700109998 0.0 8.38 0.12547065629165624 0.14012024532661707 False True 0.005286035971723397 1.284959683864335 -0.4041900112270155 -0.0765140953057436 0.0
544 198 2096.0 1897.0 288.1936986789998 0.0 8.38 0.12547065629165624 0.14516864302598745 False True 0.005286035971723397 1.284959683864335 -0.4041900112270155 -0.0765140953057436 0.0
544 199 2108.0 1909.0 289.6780707929998 0.0 8.38 0.12547065629165624 0.15029878931110274 False True 0.005286035971723397 1.284959683864335 -0.4041900112270155 -0.0765140953057436 0.0
544 200 2120.0 1921.0 291.1679339239998 0.0 8.38 0.12547065629165624 0.15551016063248368 False True 0.005286035971723397 1.284959683864335 -0.4041900112270155 -0.0765140953057436 0.0
544 201 2132.0 1933.0 292.6596687689998 0.0 8.38 0.12547065629165624 0.1608022253171678 False True 0.005286035971723397 1.284959683864335 -0.4041900112270155 -0.0765140953057436 0.0
544 202 2144.0 1945.0 294.1414853909998 0.0 8.45 0.1608022253171678 0.1661744436218653 False True 0.005286035971723397 1.284959683864335 -0.4041900112270155 -0.0765140953057436 0.0
544 203 2156.0 1957.0 295.6225683049998 0.0 8.38 0.12547065629165624 0.17162626778694076 False True 0.005286035971723397 1.284959683864335 -0.4041900112270155 -0.0765140953057436 0.0
544 204 2168.0 1969.0 297.1135123929998 0.0 8.38 0.12547065629165624 0.17386184554059309 False True 0.005286035971723397 1.284959683864335 -0.4041900112270155 -0.0765140953057436 0.0
544 205 2180.0 1981.0 298.5769021139998 0.0 1.1 0.17386184554059309 0.12547065629165624 False True 0.005286035971723397 1.284959683864335 -0.4041900112270155 -0.0765140953057436 0.0
544 206 2184.0 1985.0 300.0409990249998 0.0 8.14 0.03639661766764457 0.17386184554059309 False True 0.005286035971723397 1.284959683864335 -0.4041900112270155 -0.0765140953057436 0.0
544 207 2188.0 1989.0 301.5339124819998 0.0 8.14 0.03639661766764457 0.15551016063248368 False True 0.005286035971723397 1.284959683864335 -0.4041900112270155 -0.0765140953057436 0.0
544 208 2192.0 1993.0 302.99487774099975 0.0 8.14 0.03639661766764457 0.10711267024656568 False True 0.005286035971723397 1.284959683864335 -0.4041900112270155 -0.0765140953057436 0.0
544 209 2196.0 1997.0 304.4554991689997 0.0 8.14 0.03639661766764457 0.17839671375720176 False True 0.005286035971723397 1.284959683864335 -0.4041900112270155 -0.0765140953057436 0.0
