803 0 400.0 200.99999999999997 1.3215953220000074 0.0 1.19 0.17292476968975898 0.1824882242450357 False True 0.011459582181851998 8.55857222668431 -0.030140719594070112 -4.235288594223093 0.0
803 1 412.0 212.99999999999997 2.7401422679999996 0.0 1.19 0.17292476968975898 0.17764997173929184 False True 0.011459582181851998 8.55857222668431 -0.030140719594070112 -4.235288594223093 0.0
803 2 424.0 224.99999999999997 4.151740888999996 0.0 1.18 0.17764997173929184 0.1638153461713215 False True 0.011459582181851998 8.55857222668431 -0.030140719594070112 -4.235288594223093 0.0
803 3 436.0 236.99999999999997 5.585107959999988 0.0 1.18 0.17764997173929184 0.16831307823748953 False True 0.011459582181851998 8.55857222668431 -0.030140719594070112 -4.235288594223093 0.0
803 4 448.0 248.99999999999997 6.944357110999988 0.0 1.18 0.17764997173929184 0.1551634983235328 False True 0.011459582181851998 8.55857222668431 -0.030140719594070112 -4.235288594223093 0.0
803 5 460.0 261.0 8.369929177999978 0.0 1.18 0.17764997173929184 0.15943201088302286 False True 0.011459582181851998 8.55857222668431 -0.030140719594070112 -4.235288594223093 0.0
803 6 472.0 273.0 9.777422009999981 0.0 1.18 0.17764997173929184 0.2861808957972335 False True 0.011459582181851998 8.55857222668431 -0.030140719594070112 -4.235288594223093 0.0
803 7 484.0 285.0 11.194843007999992 0.0 1.18 0.17764997173929184 0.2930028874075375 False True 0.011459582181851998 8.55857222668431 -0.030140719594070112 -4.235288594223093 0.0
803 8 496.0 297.0 12.604877783999996 0.0 1.18 0.17764997173929184 0.2728404960238987 False True 0.011459582181851998 8.55857222668431 -0.030140719594070112 -4.235288594223093 0.0
803 9 508.0 309.0 14.025668857999989 0.0 2.15 0.2728404960238987 0.2794598704713449 False True 0.011459582181851998 8.55857222668431 -0.030140719594070112 -4.235288594223093 0.0
803 10 520.0 321.0 15.437402923000008 0.0 1.22 0.15943201088302286 0.2599093872417321 False True 0.011459582181851998 8.55857222668431 -0.030140719594070112 -4.235288594223093 0.0
803 11 532.0 333.0 16.867539749000002 0.0 1.22 0.15943201088302286 0.19250198357718476 False True 0.011459582181851998 8.55857222668431 -0.030140719594070112 -4.235288594223093 0.0
803 12 544.0 345.0 18.288208465999986 0.0 1.1500000000000001 0.19250198357718476 0.19767651378025108 False True 0.011459582181851998 8.55857222668431 -0.030140719594070112 -4.235288594223093 0.0
803 13 556.0 357.0 19.705919507000004 0.0 1.1500000000000001 0.19250198357718476 0.18743905575976105 False True 0.011459582181851998 8.55857222668431 -0.030140719594070112 -4.235288594223093 0.0
803 14 568.0 369.0 21.107237157000014 0.0 1.1500000000000001 0.19250198357718476 0.32860267600708576 False True 0.011459582181851998 8.55857222668431 -0.030140719594070112 -4.235288594223093 0.0
803 15 580.0 381.0 22.506605474000025 0.0 1.1500000000000001 0.19250198357718476 0.1430509840285829 False True 0.011459582181851998 8.55857222668431 -0.030140719594070112 -4.235288594223093 0.0
803 16 592.0 393.0 23.90954044000003 0.0 1.1500000000000001 0.19250198357718476 0.14697258773622462 False True 0.011459582181851998 8.55857222668431 -0.030140719594070112 -4.235288594223093 0.0
803 17 604.0 405.0 25.302324792000036 0.0 1.25 0.14697258773622462 0.13555737861342604 False True 0.011459582181851998 8.55857222668431 -0.030140719594070112 -4.235288594223093 0.0
803 18 616.0 417.0 26.70533217100001 0.0 1.25 0.14697258773622462 0.15101022296037836 False True 0.011459582181851998 8.55857222668431 -0.030140719594070112 -4.235288594223093 0.0
803 19 628.0 429.0 28.108891917000022 0.0 1.25 0.14697258773622462 0.13924579161066797 False True 0.011459582181851998 8.55857222668431 -0.030140719594070112 -4.235288594223093 0.0
803 20 640.0 441.0 29.533721139000022 0.0 1.25 0.14697258773622462 0.12519632205625444 False True 0.011459582181851998 8.55857222668431 -0.030140719594070112 -4.235288594223093 0.0
803 21 652.0 453.0 30.937989927000018 0.0 1.25 0.14697258773622462 0.12853230497368673 False True 0.011459582181851998 8.55857222668431 -0.030140719594070112 -4.235288594223093 0.0
803 22 664.0 465.0 32.348138301000034 0.0 1.25 0.14697258773622462 0.11887907002130232 False True 0.011459582181851998 8.55857222668431 -0.030140719594070112 -4.235288594223093 0.0
803 23 676.0 477.0 33.769257467000045 0.0 1.25 0.14697258773622462 0.12197847394185528 False True 0.011459582181851998 8.55857222668431 -0.030140719594070112 -4.235288594223093 0.0
803 24 688.0 489.0 35.19150683400002 0.0 1.25 0.14697258773622462 0.11303677306742031 False True 0.011459582181851998 8.55857222668431 -0.030140719594070112 -4.235288594223093 0.0
803 25 700.0 501.0 36.614137286000016 0.0 1.25 0.14697258773622462 0.11589840783984533 False True 0.011459582181851998 8.55857222668431 -0.030140719594070112 -4.235288594223093 0.0
803 26 712.0 513.0 38.036980899000014 0.0 1.34 0.11589840783984533 0.1319861014887206 False True 0.011459582181851998 8.55857222668431 -0.030140719594070112 -4.235288594223093 0.0
803 27 724.0 525.0 39.460277894 0.0 1.34 0.11589840783984533 0.12197847394185528 False True 0.011459582181851998 8.55857222668431 -0.030140719594070112 -4.235288594223093 0.0
803 28 728.0 529.0 40.884875201 0.0 1.34 0.11589840783984533 0.12197847394185528 False True 0.011459582181851998 8.55857222668431 -0.030140719594070112 -4.235288594223093 0.0
803 29 732.0 533.0 42.316295550999996 0.0 1.34 0.11589840783984533 0.10767166888263831 False True 0.011459582181851998 8.55857222668431 -0.030140719594070112 -4.235288594223093 0.0
803 30 744.0 545.0 43.738091517000015 0.0 1.34 0.11589840783984533 0.14697258773622462 False True 0.011459582181851998 8.55857222668431 -0.030140719594070112 -4.235288594223093 0.0
803 31 748.0 549.0 45.15949492900003 0.0 1.34 0.11589840783984533 0.35882639421672125 False True 0.011459582181851998 8.55857222668431 -0.030140719594070112 -4.235288594223093 0.0
803 32 760.0 561.0 46.58198447700005 0.0 1.34 0.11589840783984533 0.35112815552923904 False True 0.011459582181851998 8.55857222668431 -0.030140719594070112 -4.235288594223093 0.0
803 33 772.0 573.0 47.99974475500002 0.0 1.25 0.14697258773622462 0.3666182096596208 False True 0.011459582181851998 8.55857222668431 -0.030140719594070112 -4.235288594223093 0.0
803 34 784.0 585.0 49.399207105000045 0.0 1.25 0.14697258773622462 0.3824793947883749 False True 0.011459582181851998 8.55857222668431 -0.030140719594070112 -4.235288594223093 0.0
803 35 796.0 597.0 50.802485450000034 0.0 2.27 0.35882639421672125 0.11589840783984533 False True 0.011459582181851998 8.55857222668431 -0.030140719594070112 -4.235288594223093 0.0
803 36 800.0 601.0 52.20596861300004 0.0 1.25 0.14697258773622462 0.3435242759242175 False True 0.011459582181851998 8.55857222668431 -0.030140719594070112 -4.235288594223093 0.0
803 37 812.0 613.0 53.60752423600002 0.0 1.25 0.14697258773622462 0.37450281017203174 False True 0.011459582181851998 8.55857222668431 -0.030140719594070112 -4.235288594223093 0.0
803 38 824.0 625.0 55.00124889000003 0.0 1.25 0.14697258773622462 0.4069529060984363 False True 0.011459582181851998 8.55857222668431 -0.030140719594070112 -4.235288594223093 0.0
803 39 836.0 637.0 56.417842087000025 0.0 1.25 0.14697258773622462 0.4322245657331097 False True 0.011459582181851998 8.55857222668431 -0.030140719594070112 -4.235288594223093 0.0
803 40 848.0 649.0 57.82358693400005 0.0 1.25 0.14697258773622462 0.11887907002130232 False True 0.011459582181851998 8.55857222668431 -0.030140719594070112 -4.235288594223093 0.0
803 41 852.0 653.0 59.22935823200004 0.0 1.25 0.14697258773622462 0.11887907002130232 False True 0.011459582181851998 8.55857222668431 -0.030140719594070112 -4.235288594223093 0.0
803 42 856.0 657.0 60.634627309000024 0.0 1.25 0.14697258773622462 0.11887907002130232 False True 0.011459582181851998 8.55857222668431 -0.030140719594070112 -4.235288594223093 0.0
803 43 860.0 661.0 62.036042889000015 0.0 1.25 0.14697258773622462 0.11887907002130232 False True 0.011459582181851998 8.55857222668431 -0.030140719594070112 -4.235288594223093 0.0
803 44 864.0 665.0 63.46264224300003 0.0 1.33 0.11887907002130232 0.14697258773622462 False True 0.011459582181851998 8.55857222668431 -0.030140719594070112 -4.235288594223093 0.0
803 45 868.0 669.0 64.86733334100003 0.0 1.25 0.14697258773622462 0.31406766295559857 False True 0.011459582181851998 8.55857222668431 -0.030140719594070112 -4.235288594223093 0.0
803 46 880.0 681.0 66.27396639100004 0.0 1.25 0.14697258773622462 0.32128647285546896 False True 0.011459582181851998 8.55857222668431 -0.030140719594070112 -4.235288594223093 0.0
803 47 892.0 693.0 67.68173013400005 0.0 1.25 0.14697258773622462 0.21948039052793325 False True 0.011459582181851998 8.55857222668431 -0.030140719594070112 -4.235288594223093 0.0
803 48 904.0 705.0 69.08822002900004 0.0 1.1500000000000001 0.19250198357718476 0.11887907002130232 False True 0.011459582181851998 8.55857222668431 -0.030140719594070112 -4.235288594223093 0.0
803 49 908.0 709.0 70.50484065100005 0.0 1.25 0.14697258773622462 0.11887907002130232 False True 0.011459582181851998 8.55857222668431 -0.030140719594070112 -4.235288594223093 0.0
803 50 912.0 713.0 71.89528876300005 0.0 1.25 0.14697258773622462 0.20835834991870045 False True 0.011459582181851998 8.55857222668431 -0.030140719594070112 -4.235288594223093 0.0
803 51 924.0 725.0 73.29763366800006 0.0 1.25 0.14697258773622462 0.12853230497368673 False True 0.011459582181851998 8.55857222668431 -0.030140719594070112 -4.235288594223093 0.0
803 52 928.0 729.0 74.67156509800006 0.0 1.25 0.14697258773622462 0.12853230497368673 False True 0.011459582181851998 8.55857222668431 -0.030140719594070112 -4.235288594223093 0.0
803 53 932.0 733.0 76.05943179000005 0.0 1.34 0.11589840783984533 0.12853230497368673 False True 0.011459582181851998 8.55857222668431 -0.030140719594070112 -4.235288594223093 0.0
803 54 936.0 737.0 77.44574937700006 0.0 1.25 0.14697258773622462 0.12197847394185528 False True 0.011459582181851998 8.55857222668431 -0.030140719594070112 -4.235288594223093 0.0
803 55 940.0 741.0 78.83367913800004 0.0 1.34 0.11589840783984533 0.11887907002130232 False True 0.011459582181851998 8.55857222668431 -0.030140719594070112 -4.235288594223093 0.0
803 56 944.0 745.0 80.22281256900004 0.0 1.26 0.1430509840285829 0.11887907002130232 False True 0.011459582181851998 8.55857222668431 -0.030140719594070112 -4.235288594223093 0.0
803 57 948.0 749.0 81.62863961200006 0.0 1.26 0.1430509840285829 0.23697927203750244 False True 0.011459582181851998 8.55857222668431 -0.030140719594070112 -4.235288594223093 0.0
803 58 960.0 761.0 83.03209381300007 0.0 1.26 0.1430509840285829 0.24302751183135024 False True 0.011459582181851998 8.55857222668431 -0.030140719594070112 -4.235288594223093 0.0
803 59 972.0 773.0 84.42302778700008 0.0 1.26 0.1430509840285829 0.23103828586506425 False True 0.011459582181851998 8.55857222668431 -0.030140719594070112 -4.235288594223093 0.0
803 60 984.0 785.0 85.82638734800008 0.0 1.26 0.1430509840285829 0.26180977507974007 False True 0.011459582181851998 8.55857222668431 -0.030140719594070112 -4.235288594223093 0.0
803 61 996.0 797.0 87.2273436270001 0.0 1.26 0.1430509840285829 0.25544337178176846 False True 0.011459582181851998 8.55857222668431 -0.030140719594070112 -4.235288594223093 0.0
803 62 1008.0 809.0 88.61799100400009 0.0 1.26 0.1430509840285829 0.2748564069918752 False True 0.011459582181851998 8.55857222668431 -0.030140719594070112 -4.235288594223093 0.0
803 63 1020.0 821.0 90.0209733560001 0.0 1.26 0.1430509840285829 0.26828099840360975 False True 0.011459582181851998 8.55857222668431 -0.030140719594070112 -4.235288594223093 0.0
803 64 1032.0 833.0 91.4218547030001 0.0 1.07 0.23697927203750244 0.28831718888171914 False True 0.011459582181851998 8.55857222668431 -0.030140719594070112 -4.235288594223093 0.0
803 65 1044.0 845.0 92.82302152200009 0.0 1.07 0.23697927203750244 0.24918241278804587 False True 0.011459582181851998 8.55857222668431 -0.030140719594070112 -4.235288594223093 0.0
803 66 1056.0 857.0 94.22543846900007 0.0 1.07 0.23697927203750244 0.28153535566335663 False True 0.011459582181851998 8.55857222668431 -0.030140719594070112 -4.235288594223093 0.0
803 67 1068.0 869.0 95.62867149600007 0.0 1.07 0.23697927203750244 0.3092732865111788 False True 0.011459582181851998 8.55857222668431 -0.030140719594070112 -4.235288594223093 0.0
803 68 1080.0 881.0 97.03130901500006 0.0 1.07 0.23697927203750244 0.2952012408210206 False True 0.011459582181851998 8.55857222668431 -0.030140719594070112 -4.235288594223093 0.0
803 69 1092.0 893.0 98.42269364000006 0.0 1.07 0.23697927203750244 0.33113076562641414 False True 0.011459582181851998 8.55857222668431 -0.030140719594070112 -4.235288594223093 0.0
803 70 1104.0 905.0 99.83541130600005 0.0 1.07 0.23697927203750244 0.1430509840285829 False True 0.011459582181851998 8.55857222668431 -0.030140719594070112 -4.235288594223093 0.0
803 71 1108.0 909.0 101.23680171800007 0.0 1.07 0.23697927203750244 0.31645989776647837 False True 0.011459582181851998 8.55857222668431 -0.030140719594070112 -4.235288594223093 0.0
803 72 1120.0 921.0 102.62752381300007 0.0 1.07 0.23697927203750244 0.1430509840285829 False True 0.011459582181851998 8.55857222668431 -0.030140719594070112 -4.235288594223093 0.0
803 73 1124.0 925.0 104.02958714100006 0.0 1.07 0.23697927203750244 0.22940645369355706 False True 0.011459582181851998 8.55857222668431 -0.030140719594070112 -4.235288594223093 0.0
803 74 1136.0 937.0 105.43146608200007 0.0 1.26 0.1430509840285829 0.2352959656926183 False True 0.011459582181851998 8.55857222668431 -0.030140719594070112 -4.235288594223093 0.0
803 75 1148.0 949.0 106.83173937700005 0.0 1.07 0.23697927203750244 0.21794828878261147 False True 0.011459582181851998 8.55857222668431 -0.030140719594070112 -4.235288594223093 0.0
803 76 1160.0 961.0 108.22275174700005 0.0 2.0599999999999996 0.21794828878261147 0.22362369780467944 False True 0.011459582181851998 8.55857222668431 -0.030140719594070112 -4.235288594223093 0.0
803 77 1172.0 973.0 109.63387373800003 0.0 2.0599999999999996 0.21794828878261147 0.20692182062815376 False True 0.011459582181851998 8.55857222668431 -0.030140719594070112 -4.235288594223093 0.0
803 78 1184.0 985.0 111.02441244600001 0.0 2.0599999999999996 0.21794828878261147 0.22940645369355706 False True 0.011459582181851998 8.55857222668431 -0.030140719594070112 -4.235288594223093 0.0
803 79 1188.0 989.0 112.42643283499999 0.0 1.07 0.23697927203750244 0.2123808066481268 False True 0.011459582181851998 8.55857222668431 -0.030140719594070112 -4.235288594223093 0.0
803 80 1200.0 1001.0 113.82689528699999 0.0 1.07 0.23697927203750244 0.1912013684291257 False True 0.011459582181851998 8.55857222668431 -0.030140719594070112 -4.235288594223093 0.0
803 81 1212.0 1013.0 115.21632406399996 0.0 1.07 0.23697927203750244 0.176476825480497 False True 0.011459582181851998 8.55857222668431 -0.030140719594070112 -4.235288594223093 0.0
803 82 1224.0 1025.0 116.63402152799998 0.0 1.33 0.11887907002130232 0.1627617797030037 False True 0.011459582181851998 8.55857222668431 -0.030140719594070112 -4.235288594223093 0.0
803 83 1236.0 1037.0 118.02255887799996 0.0 1.07 0.23697927203750244 0.1861818412900957 False True 0.011459582181851998 8.55857222668431 -0.030140719594070112 -4.235288594223093 0.0
803 84 1248.0 1049.0 119.42122850099994 0.0 1.07 0.23697927203750244 0.19633155952977588 False True 0.011459582181851998 8.55857222668431 -0.030140719594070112 -4.235288594223093 0.0
803 85 1260.0 1061.0 120.82003863199995 0.0 1.25 0.14697258773622462 0.20157188909885318 False True 0.011459582181851998 8.55857222668431 -0.030140719594070112 -4.235288594223093 0.0
803 86 1272.0 1073.0 122.21021603399996 0.0 1.34 0.11589840783984533 0.2473928416710997 False True 0.011459582181851998 8.55857222668431 -0.030140719594070112 -4.235288594223093 0.0
803 87 1284.0 1085.0 123.61056615899994 0.0 1.25 0.14697258773622462 0.18127349253833605 False True 0.011459582181851998 8.55857222668431 -0.030140719594070112 -4.235288594223093 0.0
803 88 1296.0 1097.0 125.00024142399994 0.0 1.99 0.18127349253833605 0.1717923322539038 False True 0.011459582181851998 8.55857222668431 -0.030140719594070112 -4.235288594223093 0.0
803 89 1308.0 1109.0 126.39966678199997 0.0 1.99 0.18127349253833605 0.21794828878261147 False True 0.011459582181851998 8.55857222668431 -0.030140719594070112 -4.235288594223093 0.0
803 90 1312.0 1113.0 127.78843502700002 0.0 1.26 0.1430509840285829 0.15006891043703524 False True 0.011459582181851998 8.55857222668431 -0.030140719594070112 -4.235288594223093 0.0
803 91 1324.0 1125.0 129.18743443500003 0.0 1.26 0.1430509840285829 0.14218071870364413 False True 0.011459582181851998 8.55857222668431 -0.030140719594070112 -4.235288594223093 0.0
803 92 1336.0 1137.0 130.58739448600002 0.0 1.9000000000000001 0.14218071870364413 0.13840997703211422 False True 0.011459582181851998 8.55857222668431 -0.030140719594070112 -4.235288594223093 0.0
803 93 1348.0 1149.0 131.97614697800006 0.0 1.9000000000000001 0.14218071870364413 0.14606716354057997 False True 0.011459582181851998 8.55857222668431 -0.030140719594070112 -4.235288594223093 0.0
803 94 1360.0 1161.0 133.37591518600007 0.0 1.9000000000000001 0.14218071870364413 0.13121714971254456 False True 0.011459582181851998 8.55857222668431 -0.030140719594070112 -4.235288594223093 0.0
803 95 1372.0 1173.0 134.77560695700012 0.0 1.9000000000000001 0.14218071870364413 0.12449165830663035 False True 0.011459582181851998 8.55857222668431 -0.030140719594070112 -4.235288594223093 0.0
803 96 1384.0 1185.0 136.16608455000014 0.0 1.9000000000000001 0.14218071870364413 0.1277958082643005 False True 0.011459582181851998 8.55857222668431 -0.030140719594070112 -4.235288594223093 0.0
803 97 1396.0 1197.0 137.5664857180001 0.0 1.86 0.1277958082643005 0.12130504271019472 False True 0.011459582181851998 8.55857222668431 -0.030140719594070112 -4.235288594223093 0.0
803 98 1408.0 1209.0 138.9650990260001 0.0 1.86 0.1277958082643005 0.1347553280604128 False True 0.011459582181851998 8.55857222668431 -0.030140719594070112 -4.235288594223093 0.0
803 99 1420.0 1221.0 140.3549509040001 0.0 1.86 0.1277958082643005 0.1541855467557645 False True 0.011459582181851998 8.55857222668431 -0.030140719594070112 -4.235288594223093 0.0
803 100 1432.0 1233.0 141.7545535720001 0.0 1.86 0.1277958082643005 0.1097403692523527 False True 0.011459582181851998 8.55857222668431 -0.030140719594070112 -4.235288594223093 0.0
803 101 1444.0 1245.0 143.1544216010001 0.0 1.86 0.1277958082643005 0.1152857272776062 False True 0.011459582181851998 8.55857222668431 -0.030140719594070112 -4.235288594223093 0.0
803 102 1456.0 1257.0 144.5440574390001 0.0 1.86 0.1277958082643005 0.12449165830663035 False True 0.011459582181851998 8.55857222668431 -0.030140719594070112 -4.235288594223093 0.0
803 103 1460.0 1261.0 145.9443765070001 0.0 1.86 0.1277958082643005 0.12449165830663035 False True 0.011459582181851998 8.55857222668431 -0.030140719594070112 -4.235288594223093 0.0
803 104 1464.0 1265.0 147.34538583000008 0.0 1.86 0.1277958082643005 0.1347553280604128 False True 0.011459582181851998 8.55857222668431 -0.030140719594070112 -4.235288594223093 0.0
803 105 1468.0 1269.0 148.74630974400006 0.0 1.86 0.1277958082643005 0.14218071870364413 False True 0.011459582181851998 8.55857222668431 -0.030140719594070112 -4.235288594223093 0.0
803 106 1472.0 1273.0 150.14809423500006 0.0 1.86 0.1277958082643005 0.15841664836942632 False True 0.011459582181851998 8.55857222668431 -0.030140719594070112 -4.235288594223093 0.0
803 107 1484.0 1285.0 151.54869341900005 0.0 1.86 0.1277958082643005 0.13121714971254456 False True 0.011459582181851998 8.55857222668431 -0.030140719594070112 -4.235288594223093 0.0
803 108 1488.0 1289.0 152.94989253800006 0.0 1.86 0.1277958082643005 0.1347553280604128 False True 0.011459582181851998 8.55857222668431 -0.030140719594070112 -4.235288594223093 0.0
803 109 1492.0 1293.0 154.35076548000004 0.0 1.8800000000000001 0.1347553280604128 0.1277958082643005 False True 0.011459582181851998 8.55857222668431 -0.030140719594070112 -4.235288594223093 0.0
803 110 1496.0 1297.0 155.75123577900004 0.0 1.8800000000000001 0.1347553280604128 0.1277958082643005 False True 0.011459582181851998 8.55857222668431 -0.030140719594070112 -4.235288594223093 0.0
803 111 1500.0 1301.0 157.15288807200008 0.0 1.8800000000000001 0.1347553280604128 0.1277958082643005 False True 0.011459582181851998 8.55857222668431 -0.030140719594070112 -4.235288594223093 0.0
803 112 1504.0 1305.0 158.55372480100013 0.0 1.8800000000000001 0.1347553280604128 0.1277958082643005 False True 0.011459582181851998 8.55857222668431 -0.030140719594070112 -4.235288594223093 0.0
803 113 1508.0 1309.0 159.95509775300016 0.0 1.8800000000000001 0.1347553280604128 0.1277958082643005 False True 0.011459582181851998 8.55857222668431 -0.030140719594070112 -4.235288594223093 0.0
803 114 1512.0 1313.0 161.36542030500019 0.0 1.8800000000000001 0.1347553280604128 0.11823629259105979 False True 0.011459582181851998 8.55857222668431 -0.030140719594070112 -4.235288594223093 0.0
803 115 1524.0 1325.0 162.7666945200002 0.0 1.8800000000000001 0.1347553280604128 0.10231602022594262 False True 0.011459582181851998 8.55857222668431 -0.030140719594070112 -4.235288594223093 0.0
803 116 1536.0 1337.0 164.16690361400018 0.0 1.77 0.10231602022594262 0.10008060565723066 False True 0.011459582181851998 8.55857222668431 -0.030140719594070112 -4.235288594223093 0.0
803 117 1548.0 1349.0 165.56674783200023 0.0 1.76 0.10008060565723066 0.09796527860434652 False True 0.011459582181851998 8.55857222668431 -0.030140719594070112 -4.235288594223093 0.0
803 118 1560.0 1361.0 166.95612812400023 0.0 1.76 0.10008060565723066 0.10467128632368239 False True 0.011459582181851998 8.55857222668431 -0.030140719594070112 -4.235288594223093 0.0
803 119 1572.0 1373.0 168.35620106700023 0.0 1.77 0.10231602022594262 0.09409577092137904 False True 0.011459582181851998 8.55857222668431 -0.030140719594070112 -4.235288594223093 0.0
803 120 1584.0 1385.0 169.7558084470002 0.0 1.77 0.10231602022594262 0.10008060565723066 False True 0.011459582181851998 8.55857222668431 -0.030140719594070112 -4.235288594223093 0.0
803 121 1588.0 1389.0 171.1446985500002 0.0 1.77 0.10231602022594262 0.10008060565723066 False True 0.011459582181851998 8.55857222668431 -0.030140719594070112 -4.235288594223093 0.0
803 122 1592.0 1393.0 172.52651937500016 0.0 1.77 0.10231602022594262 0.10467128632368239 False True 0.011459582181851998 8.55857222668431 -0.030140719594070112 -4.235288594223093 0.0
803 123 1596.0 1397.0 173.89815061600015 0.0 1.77 0.10231602022594262 0.09597026304419229 False True 0.011459582181851998 8.55857222668431 -0.030140719594070112 -4.235288594223093 0.0
803 124 1608.0 1409.0 175.26768602300015 0.0 1.77 0.10231602022594262 0.10008060565723066 False True 0.011459582181851998 8.55857222668431 -0.030140719594070112 -4.235288594223093 0.0
803 125 1612.0 1413.0 176.64870957100013 0.0 1.76 0.10008060565723066 0.10714615597735166 False True 0.011459582181851998 8.55857222668431 -0.030140719594070112 -4.235288594223093 0.0
803 126 1624.0 1425.0 178.01656393700014 0.0 1.79 0.10714615597735166 0.10231602022594262 False True 0.011459582181851998 8.55857222668431 -0.030140719594070112 -4.235288594223093 0.0
803 127 1628.0 1429.0 179.39680464300014 0.0 1.79 0.10714615597735166 0.10467128632368239 False True 0.011459582181851998 8.55857222668431 -0.030140719594070112 -4.235288594223093 0.0
803 128 1632.0 1433.0 180.77869132300012 0.0 1.8800000000000001 0.1347553280604128 0.10231602022594262 False True 0.011459582181851998 8.55857222668431 -0.030140719594070112 -4.235288594223093 0.0
803 129 1636.0 1437.0 182.16253595200007 0.0 1.76 0.10008060565723066 0.10467128632368239 False True 0.011459582181851998 8.55857222668431 -0.030140719594070112 -4.235288594223093 0.0
803 130 1640.0 1441.0 183.53496290600012 0.0 1.75 0.09796527860434652 0.1347553280604128 False True 0.011459582181851998 8.55857222668431 -0.030140719594070112 -4.235288594223093 0.0
803 131 1644.0 1445.0 184.91691981100016 0.0 1.75 0.09796527860434652 0.11245365427858063 False True 0.011459582181851998 8.55857222668431 -0.030140719594070112 -4.235288594223093 0.0
803 132 1656.0 1457.0 186.30022892200017 0.0 1.8800000000000001 0.1347553280604128 0.11245365427858063 False True 0.011459582181851998 8.55857222668431 -0.030140719594070112 -4.235288594223093 0.0
803 133 1660.0 1461.0 187.6835274440002 0.0 1.8800000000000001 0.1347553280604128 0.08919737370203863 False True 0.011459582181851998 8.55857222668431 -0.030140719594070112 -4.235288594223093 0.0
803 134 1672.0 1473.0 189.0669354850002 0.0 1.7 0.08919737370203863 0.08780685341234501 False True 0.011459582181851998 8.55857222668431 -0.030140719594070112 -4.235288594223093 0.0
803 135 1684.0 1485.0 190.45058325800014 0.0 1.69 0.08780685341234501 0.08653773509907135 False True 0.011459582181851998 8.55857222668431 -0.030140719594070112 -4.235288594223093 0.0
803 136 1696.0 1497.0 191.83519698200016 0.0 1.69 0.08780685341234501 0.09070914447878546 False True 0.011459582181851998 8.55857222668431 -0.030140719594070112 -4.235288594223093 0.0
803 137 1708.0 1509.0 193.19858861900016 0.0 1.69 0.08780685341234501 0.08436424963860796 False True 0.011459582181851998 8.55857222668431 -0.030140719594070112 -4.235288594223093 0.0
803 138 1720.0 1521.0 194.58349339000014 0.0 1.69 0.08780685341234501 0.08539015811024209 False True 0.011459582181851998 8.55857222668431 -0.030140719594070112 -4.235288594223093 0.0
803 139 1732.0 1533.0 195.9669565960002 0.0 1.69 0.08780685341234501 0.08267788616645873 False True 0.011459582181851998 8.55857222668431 -0.030140719594070112 -4.235288594223093 0.0
803 140 1744.0 1545.0 197.35223905600023 0.0 1.7 0.08919737370203863 0.08346012470892684 False True 0.011459582181851998 8.55857222668431 -0.030140719594070112 -4.235288594223093 0.0
803 141 1756.0 1557.0 198.74794296100023 0.0 1.6500000000000001 0.08346012470892684 0.08201762466668368 False True 0.011459582181851998 8.55857222668431 -0.030140719594070112 -4.235288594223093 0.0
803 142 1768.0 1569.0 200.13325097800023 0.0 1.6300000000000001 0.08201762466668368 0.08147941866623624 False True 0.011459582181851998 8.55857222668431 -0.030140719594070112 -4.235288594223093 0.0
803 143 1780.0 1581.0 201.52943495500026 0.0 1.6300000000000001 0.08201762466668368 0.08346012470892684 False True 0.011459582181851998 8.55857222668431 -0.030140719594070112 -4.235288594223093 0.0
803 144 1784.0 1585.0 202.91511180200027 0.0 1.7 0.08919737370203863 0.08076942594978095 False True 0.011459582181851998 8.55857222668431 -0.030140719594070112 -4.235288594223093 0.0
803 145 1796.0 1597.0 204.30120250000024 0.0 1.7 0.08919737370203863 0.0810633344150595 False True 0.011459582181851998 8.55857222668431 -0.030140719594070112 -4.235288594223093 0.0
803 146 1808.0 1609.0 205.6969614470003 0.0 1.6400000000000001 0.08267788616645873 0.0805482914256484 False True 0.011459582181851998 8.55857222668431 -0.030140719594070112 -4.235288594223093 0.0
803 147 1820.0 1621.0 207.09850788300028 0.0 1.6400000000000001 0.08267788616645873 0.08059773508830925 False True 0.011459582181851998 8.55857222668431 -0.030140719594070112 -4.235288594223093 0.0
803 148 1832.0 1633.0 208.48884928600032 0.0 1.6400000000000001 0.08267788616645873 0.08081620294575086 False True 0.011459582181851998 8.55857222668431 -0.030140719594070112 -4.235288594223093 0.0
803 149 1844.0 1645.0 209.9005997640003 0.0 1.6400000000000001 0.08267788616645873 0.08455315791090576 False True 0.011459582181851998 8.55857222668431 -0.030140719594070112 -4.235288594223093 0.0
803 150 1856.0 1657.0 211.30033214700032 0.0 1.6400000000000001 0.08267788616645873 0.08677522000776489 False True 0.011459582181851998 8.55857222668431 -0.030140719594070112 -4.235288594223093 0.0
803 151 1868.0 1669.0 212.72079290200028 0.0 1.6400000000000001 0.08267788616645873 0.08281893737054924 False True 0.011459582181851998 8.55857222668431 -0.030140719594070112 -4.235288594223093 0.0
803 152 1880.0 1681.0 214.1220859180003 0.0 1.6400000000000001 0.08267788616645873 0.08362502572269939 False True 0.011459582181851998 8.55857222668431 -0.030140719594070112 -4.235288594223093 0.0
803 153 1892.0 1693.0 215.5237523280003 0.0 1.6400000000000001 0.08267788616645873 0.09267951606275143 False True 0.011459582181851998 8.55857222668431 -0.030140719594070112 -4.235288594223093 0.0
803 154 1904.0 1705.0 216.9250666200003 0.0 1.6400000000000001 0.08267788616645873 0.08948433416761331 False True 0.011459582181851998 8.55857222668431 -0.030140719594070112 -4.235288594223093 0.0
803 155 1916.0 1717.0 218.3261211200003 0.0 1.46 0.08948433416761331 0.09102123576923007 False True 0.011459582181851998 8.55857222668431 -0.030140719594070112 -4.235288594223093 0.0
803 156 1928.0 1729.0 219.7281296490003 0.0 1.6400000000000001 0.08267788616645873 0.0880689525381033 False True 0.011459582181851998 8.55857222668431 -0.030140719594070112 -4.235288594223093 0.0
803 157 1940.0 1741.0 221.12785604800027 0.0 1.46 0.08948433416761331 0.08560325353760866 False True 0.011459582181851998 8.55857222668431 -0.030140719594070112 -4.235288594223093 0.0
803 158 1952.0 1753.0 222.52777257200032 0.0 1.6400000000000001 0.08267788616645873 0.0983810343008812 False True 0.011459582181851998 8.55857222668431 -0.030140719594070112 -4.235288594223093 0.0
803 159 1964.0 1765.0 223.92813631800036 0.0 1.6400000000000001 0.08267788616645873 0.08213496104649212 False True 0.011459582181851998 8.55857222668431 -0.030140719594070112 -4.235288594223093 0.0
803 160 1976.0 1777.0 225.32908766000034 0.0 1.6400000000000001 0.08267788616645873 0.09445902162897125 False True 0.011459582181851998 8.55857222668431 -0.030140719594070112 -4.235288594223093 0.0
803 161 1988.0 1789.0 226.73064864000034 0.0 1.6400000000000001 0.08267788616645873 0.08157315273022461 False True 0.011459582181851998 8.55857222668431 -0.030140719594070112 -4.235288594223093 0.0
803 162 2000.0 1801.0 228.13042882900035 0.0 1.6400000000000001 0.08267788616645873 0.10278580426439998 False True 0.011459582181851998 8.55857222668431 -0.030140719594070112 -4.235288594223093 0.0
803 163 2012.0 1813.0 229.52201229600033 0.0 1.6400000000000001 0.08267788616645873 0.08455315791090576 False True 0.011459582181851998 8.55857222668431 -0.030140719594070112 -4.235288594223093 0.0
803 164 2016.0 1817.0 230.92422678600033 0.0 1.6400000000000001 0.08267788616645873 0.08113355618349882 False True 0.011459582181851998 8.55857222668431 -0.030140719594070112 -4.235288594223093 0.0
803 165 2028.0 1829.0 232.32584021000034 0.0 1.6400000000000001 0.08267788616645873 0.09635958692500964 False True 0.011459582181851998 8.55857222668431 -0.030140719594070112 -4.235288594223093 0.0
803 166 2040.0 1841.0 233.7276398610003 0.0 1.6400000000000001 0.08267788616645873 0.10052317401724734 False True 0.011459582181851998 8.55857222668431 -0.030140719594070112 -4.235288594223093 0.0
803 167 2052.0 1853.0 235.1281961670003 0.0 1.6400000000000001 0.08267788616645873 0.0880689525381033 False True 0.011459582181851998 8.55857222668431 -0.030140719594070112 -4.235288594223093 0.0
803 168 2056.0 1857.0 236.5291495620003 0.0 1.6400000000000001 0.08267788616645873 0.08780685341234501 False True 0.011459582181851998 8.55857222668431 -0.030140719594070112 -4.235288594223093 0.0
803 169 2060.0 1861.0 237.92997900500032 0.0 1.6400000000000001 0.08267788616645873 0.08780685341234501 False True 0.011459582181851998 8.55857222668431 -0.030140719594070112 -4.235288594223093 0.0
803 170 2064.0 1865.0 239.32716374500032 0.0 1.6400000000000001 0.08267788616645873 0.08780685341234501 False True 0.011459582181851998 8.55857222668431 -0.030140719594070112 -4.235288594223093 0.0
803 171 2068.0 1869.0 240.71814816700035 0.0 1.6400000000000001 0.08267788616645873 0.08436424963860796 False True 0.011459582181851998 8.55857222668431 -0.030140719594070112 -4.235288594223093 0.0
803 172 2072.0 1873.0 242.11751628700037 0.0 1.6400000000000001 0.08267788616645873 0.08346012470892684 False True 0.011459582181851998 8.55857222668431 -0.030140719594070112 -4.235288594223093 0.0
803 173 2076.0 1877.0 243.5022959490004 0.0 1.7 0.08919737370203863 0.08780685341234501 False True 0.011459582181851998 8.55857222668431 -0.030140719594070112 -4.235288594223093 0.0
803 174 2080.0 1881.0 244.88755612500037 0.0 1.7 0.08919737370203863 0.08436424963860796 False True 0.011459582181851998 8.55857222668431 -0.030140719594070112 -4.235288594223093 0.0
803 175 2084.0 1885.0 246.27115169300035 0.0 1.7 0.08919737370203863 0.08062111233094679 False True 0.011459582181851998 8.55857222668431 -0.030140719594070112 -4.235288594223093 0.0
803 176 2096.0 1897.0 247.6535584470004 0.0 1.7 0.08919737370203863 0.08062111233094679 False True 0.011459582181851998 8.55857222668431 -0.030140719594070112 -4.235288594223093 0.0
803 177 2100.0 1901.0 249.03684917300038 0.0 1.7 0.08919737370203863 0.08062111233094679 False True 0.011459582181851998 8.55857222668431 -0.030140719594070112 -4.235288594223093 0.0
803 178 2104.0 1905.0 250.42124921400037 0.0 1.57 0.08062111233094679 0.08919737370203863 False True 0.011459582181851998 8.55857222668431 -0.030140719594070112 -4.235288594223093 0.0
803 179 2108.0 1909.0 251.81255074700036 0.0 1.7 0.08919737370203863 0.08062111233094679 False True 0.011459582181851998 8.55857222668431 -0.030140719594070112 -4.235288594223093 0.0
803 180 2112.0 1913.0 253.20046008700038 0.0 1.57 0.08062111233094679 0.08919737370203863 False True 0.011459582181851998 8.55857222668431 -0.030140719594070112 -4.235288594223093 0.0
803 181 2116.0 1917.0 254.6009732620004 0.0 1.57 0.08062111233094679 0.09234200212702844 False True 0.011459582181851998 8.55857222668431 -0.030140719594070112 -4.235288594223093 0.0
803 182 2128.0 1929.0 256.00092773500035 0.0 1.72 0.09234200212702844 0.08062111233094679 False True 0.011459582181851998 8.55857222668431 -0.030140719594070112 -4.235288594223093 0.0
803 183 2132.0 1933.0 257.40108023500034 0.0 1.72 0.09234200212702844 0.08062111233094679 False True 0.011459582181851998 8.55857222668431 -0.030140719594070112 -4.235288594223093 0.0
803 184 2136.0 1937.0 258.80046189700033 0.0 1.72 0.09234200212702844 0.08062111233094679 False True 0.011459582181851998 8.55857222668431 -0.030140719594070112 -4.235288594223093 0.0
803 185 2140.0 1941.0 260.19929907600033 0.0 1.72 0.09234200212702844 0.08062111233094679 False True 0.011459582181851998 8.55857222668431 -0.030140719594070112 -4.235288594223093 0.0
803 186 2144.0 1945.0 261.59816920200035 0.0 1.57 0.08062111233094679 0.08919737370203863 False True 0.011459582181851998 8.55857222668431 -0.030140719594070112 -4.235288594223093 0.0
803 187 2148.0 1949.0 262.9980987570004 0.0 1.57 0.08062111233094679 0.08157315273022461 False True 0.011459582181851998 8.55857222668431 -0.030140719594070112 -4.235288594223093 0.0
803 188 2152.0 1953.0 264.3979354000004 0.0 1.7 0.08919737370203863 0.08948433416761331 False True 0.011459582181851998 8.55857222668431 -0.030140719594070112 -4.235288594223093 0.0
803 189 2156.0 1957.0 265.78661290000036 0.0 1.7 0.08919737370203863 0.3616426835166101 False True 0.011459582181851998 8.55857222668431 -0.030140719594070112 -4.235288594223093 0.0
803 190 2168.0 1969.0 267.1857888350003 0.0 1.7 0.08919737370203863 0.39054715334348855 False True 0.011459582181851998 8.55857222668431 -0.030140719594070112 -4.235288594223093 0.0
803 191 2180.0 1981.0 268.58583714300033 0.0 1.57 0.08062111233094679 0.0810633344150595 False True 0.011459582181851998 8.55857222668431 -0.030140719594070112 -4.235288594223093 0.0
803 192 2184.0 1985.0 269.98648964600034 0.0 1.57 0.08062111233094679 0.0880689525381033 False True 0.011459582181851998 8.55857222668431 -0.030140719594070112 -4.235288594223093 0.0
803 193 2188.0 1989.0 271.3857044290003 0.0 1.57 0.08062111233094679 0.10052317401724734 False True 0.011459582181851998 8.55857222668431 -0.030140719594070112 -4.235288594223093 0.0
803 194 2192.0 1993.0 272.78544205200035 0.0 1.57 0.08062111233094679 0.1672204937773523 False True 0.011459582181851998 8.55857222668431 -0.030140719594070112 -4.235288594223093 0.0
