664 0 400.0 200.99999999999997 1.3812435909999863 0.0 8.01 0.010630262132139367 0.012143083894014604 False True -0.0003496452059100002 4.032274396126966 -0.0336700871177283 -1.9356231633840453 0.0
664 1 412.0 212.99999999999997 2.8099567879999654 0.0 8.02 0.012143083894014604 0.013755702415663233 False True -0.0003496452059100002 4.032274396126966 -0.0336700871177283 -1.9356231633840453 0.0
664 2 424.0 224.99999999999997 4.198900208999959 0.0 8.03 0.013755702415663233 0.015467945469966592 False True -0.0003496452059100002 4.032274396126966 -0.0336700871177283 -1.9356231633840453 0.0
664 3 436.0 236.99999999999997 5.552254730999948 0.0 8.04 0.015467945469966592 0.017279630866336826 False True -0.0003496452059100002 4.032274396126966 -0.0336700871177283 -1.9356231633840453 0.0
664 4 448.0 248.99999999999997 6.871699111999931 0.0 8.04 0.015467945469966592 0.009217399376467988 False True -0.0003496452059100002 4.032274396126966 -0.0336700871177283 -1.9356231633840453 0.0
664 5 460.0 261.0 8.204387163999911 0.0 8.03 0.013755702415663233 0.015467945469966592 False True -0.0003496452059100002 4.032274396126966 -0.0336700871177283 -1.9356231633840453 0.0
664 6 464.0 265.0 9.520796832999906 0.0 8.04 0.015467945469966592 0.00669214986966058 False True -0.0003496452059100002 4.032274396126966 -0.0336700871177283 -1.9356231633840453 0.0
664 7 476.0 277.0 10.836030235999885 0.0 7.9799999999999995 0.00669214986966058 0.007904647876515134 False True -0.0003496452059100002 4.032274396126966 -0.0336700871177283 -1.9356231633840453 0.0
664 8 488.0 289.0 12.151938678999898 0.0 7.99 0.007904647876515134 0.005580037566919723 False True -0.0003496452059100002 4.032274396126966 -0.0336700871177283 -1.9356231633840453 0.0
664 9 500.0 301.0 13.469161620999898 0.0 7.99 0.007904647876515134 0.004568433139724395 False True -0.0003496452059100002 4.032274396126966 -0.0336700871177283 -1.9356231633840453 0.0
664 10 512.0 313.0 14.7841311009999 0.0 8.04 0.015467945469966592 0.27430500198482716 False True -0.0003496452059100002 4.032274396126966 -0.0336700871177283 -1.9356231633840453 0.0
664 11 524.0 325.0 16.084720070999907 0.0 8.04 0.015467945469966592 0.3025031915167918 False True -0.0003496452059100002 4.032274396126966 -0.0336700871177283 -1.9356231633840453 0.0
664 12 536.0 337.0 17.391207584999904 0.0 8.04 0.015467945469966592 0.0028471863274917865 False True -0.0003496452059100002 4.032274396126966 -0.0336700871177283 -1.9356231633840453 0.0
664 13 548.0 349.0 18.687512391999917 0.0 8.04 0.015467945469966592 0.00365744870770767 False True -0.0003496452059100002 4.032274396126966 -0.0336700871177283 -1.9356231633840453 0.0
664 14 560.0 361.0 19.985931896999915 0.0 7.95 0.00365744870770767 0.002137737982480051 False True -0.0003496452059100002 4.032274396126966 -0.0336700871177283 -1.9356231633840453 0.0
664 15 572.0 373.0 21.28171914099991 0.0 7.95 0.00365744870770767 0.001529185573661745 False True -0.0003496452059100002 4.032274396126966 -0.0336700871177283 -1.9356231633840453 0.0
664 16 584.0 385.0 22.590074187999903 0.0 8.04 0.015467945469966592 0.0010216009114210262 False True -0.0003496452059100002 4.032274396126966 -0.0336700871177283 -1.9356231633840453 0.0
664 17 596.0 397.0 23.888947283999897 0.0 7.9799999999999995 0.00669214986966058 0.0006150457083543267 False True -0.0003496452059100002 4.032274396126966 -0.0336700871177283 -1.9356231633840453 0.0
664 18 608.0 409.0 25.198982343999916 0.0 7.9799999999999995 0.00669214986966058 0.021200550215906475 False True -0.0003496452059100002 4.032274396126966 -0.0336700871177283 -1.9356231633840453 0.0
664 19 620.0 421.0 26.498892319999896 0.0 7.95 0.00365744870770767 0.01919056646893991 False True -0.0003496452059100002 4.032274396126966 -0.0336700871177283 -1.9356231633840453 0.0
664 20 632.0 433.0 27.809656857999897 0.0 7.91 0.0010216009114210262 0.02330937013953765 False True -0.0003496452059100002 4.032274396126966 -0.0336700871177283 -1.9356231633840453 0.0
664 21 644.0 445.0 29.13024615899988 0.0 8.03 0.013755702415663233 0.025516804387503235 False True -0.0003496452059100002 4.032274396126966 -0.0336700871177283 -1.9356231633840453 0.0
664 22 656.0 457.0 30.441349002999885 0.0 8.03 0.013755702415663233 0.027822621245024076 False True -0.0003496452059100002 4.032274396126966 -0.0336700871177283 -1.9356231633840453 0.0
664 23 668.0 469.0 31.75313111399987 0.0 7.99 0.007904647876515134 0.030226579158045875 False True -0.0003496452059100002 4.032274396126966 -0.0336700871177283 -1.9356231633840453 0.0
664 24 680.0 481.0 33.05433940799986 0.0 7.95 0.00365744870770767 0.03272842675739273 False True -0.0003496452059100002 4.032274396126966 -0.0336700871177283 -1.9356231633840453 0.0
664 25 692.0 493.0 34.36722874799986 0.0 8.06 0.01919056646893991 0.035327902883903084 False True -0.0003496452059100002 4.032274396126966 -0.0336700871177283 -1.9356231633840453 0.0
664 26 704.0 505.0 35.678298014999854 0.0 8.13 0.035327902883903084 0.03802473661454903 False True -0.0003496452059100002 4.032274396126966 -0.0336700871177283 -1.9356231633840453 0.0
664 27 716.0 517.0 36.98035108899984 0.0 8.13 0.035327902883903084 0.040818647289521864 False True -0.0003496452059100002 4.032274396126966 -0.0336700871177283 -1.9356231633840453 0.0
664 28 728.0 529.0 38.30089809599983 0.0 8.15 0.040818647289521864 0.04370934454030451 False True -0.0003496452059100002 4.032274396126966 -0.0336700871177283 -1.9356231633840453 0.0
664 29 740.0 541.0 39.60389301899983 0.0 8.15 0.040818647289521864 0.04669652831870306 False True -0.0003496452059100002 4.032274396126966 -0.0336700871177283 -1.9356231633840453 0.0
664 30 752.0 553.0 40.91720331999983 0.0 8.03 0.013755702415663233 0.04977988892685355 False True -0.0003496452059100002 4.032274396126966 -0.0336700871177283 -1.9356231633840453 0.0
664 31 764.0 565.0 42.229450765999815 0.0 8.03 0.013755702415663233 0.052959107048192254 False True -0.0003496452059100002 4.032274396126966 -0.0336700871177283 -1.9356231633840453 0.0
664 32 776.0 577.0 43.542590243999825 0.0 8.03 0.013755702415663233 0.059603790663213224 False True -0.0003496452059100002 4.032274396126966 -0.0336700871177283 -1.9356231633840453 0.0
664 33 788.0 589.0 44.87246138399985 0.0 8.03 0.013755702415663233 0.05623385377938417 False True -0.0003496452059100002 4.032274396126966 -0.0336700871177283 -1.9356231633840453 0.0
664 34 800.0 601.0 46.18567799499985 0.0 8.03 0.013755702415663233 0.06306856972243426 False True -0.0003496452059100002 4.032274396126966 -0.0336700871177283 -1.9356231633840453 0.0
664 35 812.0 613.0 47.497265258999875 0.0 8.03 0.013755702415663233 0.06662783349455714 False True -0.0003496452059100002 4.032274396126966 -0.0336700871177283 -1.9356231633840453 0.0
664 36 824.0 625.0 48.810097031999874 0.0 8.23 0.06662783349455714 0.07028121506760603 False True -0.0003496452059100002 4.032274396126966 -0.0336700871177283 -1.9356231633840453 0.0
664 37 836.0 637.0 50.11135533599989 0.0 8.23 0.06662783349455714 0.0740283381168027 False True -0.0003496452059100002 4.032274396126966 -0.0336700871177283 -1.9356231633840453 0.0
664 38 848.0 649.0 51.42420676299989 0.0 8.23 0.06662783349455714 0.08180225650725437 False True -0.0003496452059100002 4.032274396126966 -0.0336700871177283 -1.9356231633840453 0.0
664 39 860.0 661.0 52.7360358899999 0.0 8.23 0.06662783349455714 0.07786881694220088 False True -0.0003496452059100002 4.032274396126966 -0.0336700871177283 -1.9356231633840453 0.0
664 40 872.0 673.0 54.04966785799988 0.0 8.24 0.07028121506760603 0.0858282524783218 False True -0.0003496452059100002 4.032274396126966 -0.0336700871177283 -1.9356231633840453 0.0
664 41 884.0 685.0 55.362625102999885 0.0 8.03 0.013755702415663233 0.08994639126509998 False True -0.0003496452059100002 4.032274396126966 -0.0336700871177283 -1.9356231633840453 0.0
664 42 896.0 697.0 56.674028304999865 0.0 8.03 0.013755702415663233 0.09415625006197927 False True -0.0003496452059100002 4.032274396126966 -0.0336700871177283 -1.9356231633840453 0.0
664 43 908.0 709.0 57.97592480899988 0.0 8.03 0.013755702415663233 0.10284939064168669 False True -0.0003496452059100002 4.032274396126966 -0.0336700871177283 -1.9356231633840453 0.0
664 44 920.0 721.0 59.28783852199987 0.0 7.95 0.00365744870770767 0.09845739689032848 False True -0.0003496452059100002 4.032274396126966 -0.0336700871177283 -1.9356231633840453 0.0
664 45 932.0 733.0 60.59837033199989 0.0 7.95 0.00365744870770767 0.10733178112187992 False True -0.0003496452059100002 4.032274396126966 -0.0336700871177283 -1.9356231633840453 0.0
664 46 944.0 745.0 61.917645811999876 0.0 7.91 0.0010216009114210262 0.11190410909603307 False True -0.0003496452059100002 4.032274396126966 -0.0336700871177283 -1.9356231633840453 0.0
664 47 956.0 757.0 63.22820163499986 0.0 7.97 0.005580037566919723 0.11656590633450048 False True -0.0003496452059100002 4.032274396126966 -0.0336700871177283 -1.9356231633840453 0.0
664 48 968.0 769.0 64.52885711899987 0.0 7.9799999999999995 0.00669214986966058 0.12131669565968269 False True -0.0003496452059100002 4.032274396126966 -0.0336700871177283 -1.9356231633840453 0.0
664 49 980.0 781.0 65.84058387399989 0.0 7.9799999999999995 0.00669214986966058 0.12615599099374392 False True -0.0003496452059100002 4.032274396126966 -0.0336700871177283 -1.9356231633840453 0.0
664 50 992.0 793.0 67.1525369099999 0.0 7.9799999999999995 0.00669214986966058 0.13108329740722294 False True -0.0003496452059100002 4.032274396126966 -0.0336700871177283 -1.9356231633840453 0.0
664 51 1004.0 805.0 68.4621851899999 0.0 8.04 0.015467945469966592 0.13609811116852297 False True -0.0003496452059100002 4.032274396126966 -0.0336700871177283 -1.9356231633840453 0.0
664 52 1016.0 817.0 69.74478385599988 0.0 8.04 0.015467945469966592 0.14119991979428437 False True -0.0003496452059100002 4.032274396126966 -0.0336700871177283 -1.9356231633840453 0.0
664 53 1028.0 829.0 71.01270643899988 0.0 8.04 0.015467945469966592 0.1463882021006326 False True -0.0003496452059100002 4.032274396126966 -0.0336700871177283 -1.9356231633840453 0.0
664 54 1040.0 841.0 72.3041138969999 0.0 8.04 0.015467945469966592 0.1516624282552982 False True -0.0003496452059100002 4.032274396126966 -0.0336700871177283 -1.9356231633840453 0.0
664 55 1052.0 853.0 73.5958875399999 0.0 8.04 0.015467945469966592 0.1570220598305978 False True -0.0003496452059100002 4.032274396126966 -0.0336700871177283 -1.9356231633840453 0.0
664 56 1064.0 865.0 74.87800242499989 0.0 8.04 0.015467945469966592 0.1624665498572709 False True -0.0003496452059100002 4.032274396126966 -0.0336700871177283 -1.9356231633840453 0.0
664 57 1076.0 877.0 76.1710889719999 0.0 8.44 0.1624665498572709 0.16799534287918835 False True -0.0003496452059100002 4.032274396126966 -0.0336700871177283 -1.9356231633840453 0.0
664 58 1088.0 889.0 77.4654729239999 0.0 8.04 0.015467945469966592 0.1736078750088861 False True -0.0003496452059100002 4.032274396126966 -0.0336700871177283 -1.9356231633840453 0.0
664 59 1100.0 901.0 78.76084804399989 0.0 8.03 0.013755702415663233 0.1793035739839619 False True -0.0003496452059100002 4.032274396126966 -0.0336700871177283 -1.9356231633840453 0.0
664 60 1112.0 913.0 80.05608062499988 0.0 8.13 0.035327902883903084 0.19094214189008993 False True -0.0003496452059100002 4.032274396126966 -0.0336700871177283 -1.9356231633840453 0.0
664 61 1124.0 925.0 81.35075305599986 0.0 8.13 0.035327902883903084 0.1850818592242897 False True -0.0003496452059100002 4.032274396126966 -0.0336700871177283 -1.9356231633840453 0.0
664 62 1136.0 937.0 82.64667871199987 0.0 8.48 0.1850818592242897 0.19688382494080695 False True -0.0003496452059100002 4.032274396126966 -0.0336700871177283 -1.9356231633840453 0.0
664 63 1148.0 949.0 83.94445303699987 0.0 8.48 0.1850818592242897 0.035327902883903084 False True -0.0003496452059100002 4.032274396126966 -0.0336700871177283 -1.9356231633840453 0.0
664 64 1152.0 953.0 85.23810510699988 0.0 8.13 0.035327902883903084 0.28124694016264734 False True -0.0003496452059100002 4.032274396126966 -0.0336700871177283 -1.9356231633840453 0.0
664 65 1164.0 965.0 86.53387155199988 0.0 8.13 0.035327902883903084 0.2953467509475578 False True -0.0003496452059100002 4.032274396126966 -0.0336700871177283 -1.9356231633840453 0.0
664 66 1176.0 977.0 87.82906543699988 0.0 8.13 0.035327902883903084 0.0001052200051925757 False True -0.0003496452059100002 4.032274396126966 -0.0336700871177283 -1.9356231633840453 0.0
664 67 1188.0 989.0 89.1431640589999 0.0 7.88 0.0001052200051925757 2.0223908748935004e-06 False True -0.0003496452059100002 4.032274396126966 -0.0336700871177283 -1.9356231633840453 0.0
664 68 1200.0 1001.0 90.4206494819999 0.0 7.88 0.0001052200051925757 0.00030957157310433305 False True -0.0003496452059100002 4.032274396126966 -0.0336700871177283 -1.9356231633840453 0.0
664 69 1212.0 1013.0 91.7039216069999 0.0 7.88 0.0001052200051925757 0.0 False True -0.0003496452059100002 4.032274396126966 -0.0336700871177283 -1.9356231633840453 0.0
664 70 1224.0 1025.0 92.98077517699988 0.0 7.88 0.0001052200051925757 9.916398388283612e-05 False True -0.0003496452059100002 4.032274396126966 -0.0336700871177283 -1.9356231633840453 0.0
664 71 1236.0 1037.0 94.25745859899988 0.0 7.85 9.916398388283612e-05 0.0002995153741936082 False True -0.0003496452059100002 4.032274396126966 -0.0336700871177283 -1.9356231633840453 0.0
664 72 1248.0 1049.0 95.53217137899986 0.0 7.88 0.0001052200051925757 0.0006010450828472313 False True -0.0003496452059100002 4.032274396126966 -0.0336700871177283 -1.9356231633840453 0.0
664 73 1260.0 1061.0 96.80717344199985 0.0 7.85 9.916398388283612e-05 0.0010037339029210406 False True -0.0003496452059100002 4.032274396126966 -0.0336700871177283 -1.9356231633840453 0.0
664 74 1272.0 1073.0 98.08397364799984 0.0 7.82 0.0010037339029210406 0.0015075525105657192 False True -0.0003496452059100002 4.032274396126966 -0.0336700871177283 -1.9356231633840453 0.0
664 75 1284.0 1085.0 99.36286061099983 0.0 8.13 0.035327902883903084 0.0021124614679471888 False True -0.0003496452059100002 4.032274396126966 -0.0336700871177283 -1.9356231633840453 0.0
664 76 1296.0 1097.0 100.64229083599983 0.0 7.85 9.916398388283612e-05 0.0028184112271844135 False True -0.0003496452059100002 4.032274396126966 -0.0336700871177283 -1.9356231633840453 0.0
664 77 1308.0 1109.0 101.92126110299981 0.0 8.13 0.035327902883903084 0.004533184440220886 False True -0.0003496452059100002 4.032274396126966 -0.0336700871177283 -1.9356231633840453 0.0
664 78 1320.0 1121.0 103.21096246899981 0.0 7.77 0.004533184440220886 0.003625342135307381 False True -0.0003496452059100002 4.032274396126966 -0.0336700871177283 -1.9356231633840453 0.0
664 79 1332.0 1133.0 104.48853138799981 0.0 7.8 0.0021124614679471888 0.005541858297678598 False True -0.0003496452059100002 4.032274396126966 -0.0336700871177283 -1.9356231633840453 0.0
664 80 1344.0 1145.0 105.76658575499982 0.0 8.48 0.1850818592242897 0.006651273779271926 False True -0.0003496452059100002 4.032274396126966 -0.0336700871177283 -1.9356231633840453 0.0
664 81 1356.0 1157.0 107.04460171599982 0.0 7.87 2.0223908748935004e-06 0.00786133088141748 False True -0.0003496452059100002 4.032274396126966 -0.0336700871177283 -1.9356231633840453 0.0
664 82 1368.0 1169.0 108.33340490199981 0.0 7.87 2.0223908748935004e-06 0.00917191953536113 False True -0.0003496452059100002 4.032274396126966 -0.0336700871177283 -1.9356231633840453 0.0
664 83 1380.0 1181.0 109.61120861199981 0.0 7.85 9.916398388283612e-05 0.010582919618184245 False True -0.0003496452059100002 4.032274396126966 -0.0336700871177283 -1.9356231633840453 0.0
664 84 1392.0 1193.0 110.8902064169998 0.0 8.13 0.035327902883903084 0.013705623381042826 False True -0.0003496452059100002 4.032274396126966 -0.0336700871177283 -1.9356231633840453 0.0
664 85 1404.0 1205.0 112.16871821699979 0.0 7.7 0.013705623381042826 0.01209420096481396 False True -0.0003496452059100002 4.032274396126966 -0.0336700871177283 -1.9356231633840453 0.0
664 86 1416.0 1217.0 113.45624506499982 0.0 7.7 0.013705623381042826 0.015417036657547045 False True -0.0003496452059100002 4.032274396126966 -0.0336700871177283 -1.9356231633840453 0.0
664 87 1428.0 1229.0 114.73578167299982 0.0 7.7 0.013705623381042826 0.01722828058490515 False True -0.0003496452059100002 4.032274396126966 -0.0336700871177283 -1.9356231633840453 0.0
664 88 1440.0 1241.0 116.01442943399982 0.0 7.7 0.013705623381042826 0.01913918496962246 False True -0.0003496452059100002 4.032274396126966 -0.0336700871177283 -1.9356231633840453 0.0
664 89 1452.0 1253.0 117.3023658119998 0.0 7.7 0.013705623381042826 0.021149569651147837 False True -0.0003496452059100002 4.032274396126966 -0.0336700871177283 -1.9356231633840453 0.0
664 90 1464.0 1265.0 118.6007244529998 0.0 7.7 0.013705623381042826 0.2151911842447154 False True -0.0003496452059100002 4.032274396126966 -0.0336700871177283 -1.9356231633840453 0.0
664 91 1476.0 1277.0 119.8936440269998 0.0 7.7 0.013705623381042826 0.20900896338991753 False True -0.0003496452059100002 4.032274396126966 -0.0336700871177283 -1.9356231633840453 0.0
664 92 1488.0 1289.0 121.16657350899979 0.0 7.67 0.01913918496962246 0.22145233652068486 False True -0.0003496452059100002 4.032274396126966 -0.0336700871177283 -1.9356231633840453 0.0
664 93 1500.0 1301.0 122.45602410499978 0.0 7.67 0.01913918496962246 0.23420887897490802 False True -0.0003496452059100002 4.032274396126966 -0.0336700871177283 -1.9356231633840453 0.0
664 94 1512.0 1313.0 123.73384327399978 0.0 7.67 0.01913918496962246 0.25391949686739906 False True -0.0003496452059100002 4.032274396126966 -0.0336700871177283 -1.9356231633840453 0.0
664 95 1524.0 1325.0 125.02319718199979 0.0 8.53 0.2151911842447154 0.2277917830851371 False True -0.0003496452059100002 4.032274396126966 -0.0336700871177283 -1.9356231633840453 0.0
664 96 1536.0 1337.0 126.30047422599975 0.0 7.67 0.01913918496962246 0.20290630319481148 False True -0.0003496452059100002 4.032274396126966 -0.0336700871177283 -1.9356231633840453 0.0
664 97 1548.0 1349.0 127.58000035899974 0.0 7.67 0.01913918496962246 0.025468009536231444 False True -0.0003496452059100002 4.032274396126966 -0.0336700871177283 -1.9356231633840453 0.0
664 98 1560.0 1361.0 128.87123491599974 0.0 7.64 0.025468009536231444 0.027775654750526766 False True -0.0003496452059100002 4.032274396126966 -0.0336700871177283 -1.9356231633840453 0.0
664 99 1572.0 1373.0 130.14908500399977 0.0 7.64 0.025468009536231444 0.02325924451988999 False True -0.0003496452059100002 4.032274396126966 -0.0336700871177283 -1.9356231633840453 0.0
664 100 1584.0 1385.0 131.42755716199977 0.0 7.65 0.02325924451988999 0.030181960324103873 False True -0.0003496452059100002 4.032274396126966 -0.0336700871177283 -1.9356231633840453 0.0
664 101 1596.0 1397.0 132.72230446499978 0.0 7.62 0.030181960324103873 0.03268669655124149 False True -0.0003496452059100002 4.032274396126966 -0.0336700871177283 -1.9356231633840453 0.0
664 102 1608.0 1409.0 134.07632760299978 0.0 7.62 0.030181960324103873 0.0352896238821443 False True -0.0003496452059100002 4.032274396126966 -0.0336700871177283 -1.9356231633840453 0.0
664 103 1620.0 1421.0 135.31596023099976 0.0 7.6 0.0352896238821443 0.037990492946897866 False True -0.0003496452059100002 4.032274396126966 -0.0336700871177283 -1.9356231633840453 0.0
664 104 1632.0 1433.0 136.60945029699977 0.0 7.6 0.0352896238821443 0.04078904458040142 False True -0.0003496452059100002 4.032274396126966 -0.0336700871177283 -1.9356231633840453 0.0
664 105 1644.0 1445.0 137.9110036769998 0.0 7.6 0.0352896238821443 0.04368500984828763 False True -0.0003496452059100002 4.032274396126966 -0.0336700871177283 -1.9356231633840453 0.0
664 106 1656.0 1457.0 139.6530167019998 0.0 7.6 0.0352896238821443 0.0466781100738158 False True -0.0003496452059100002 4.032274396126966 -0.0336700871177283 -1.9356231633840453 0.0
664 107 1668.0 1469.0 141.5948519199998 0.0 7.62 0.030181960324103873 0.03268669655124149 False True -0.0003496452059100002 4.032274396126966 -0.0336700871177283 -1.9356231633840453 0.0
664 108 1672.0 1473.0 143.55325489799978 0.0 7.58 0.04078904458040142 0.05295455214713976 False True -0.0003496452059100002 4.032274396126966 -0.0336700871177283 -1.9356231633840453 0.0
664 109 1684.0 1485.0 145.47198892699979 0.0 7.62 0.030181960324103873 0.049768056865738486 False True -0.0003496452059100002 4.032274396126966 -0.0336700871177283 -1.9356231633840453 0.0
664 110 1696.0 1497.0 146.96264614199978 0.0 7.62 0.030181960324103873 0.05623728818524425 False True -0.0003496452059100002 4.032274396126966 -0.0336700871177283 -1.9356231633840453 0.0
664 111 1708.0 1509.0 148.4072430759998 0.0 7.62 0.030181960324103873 0.06309020350676663 False True -0.0003496452059100002 4.032274396126966 -0.0336700871177283 -1.9356231633840453 0.0
664 112 1720.0 1521.0 149.8222518119998 0.0 7.59 0.037990492946897866 0.05961594762219058 False True -0.0003496452059100002 4.032274396126966 -0.0336700871177283 -1.9356231633840453 0.0
664 113 1732.0 1533.0 151.18865682499975 0.0 7.6 0.0352896238821443 0.025468009536231444 False True -0.0003496452059100002 4.032274396126966 -0.0336700871177283 -1.9356231633840453 0.0
664 114 1736.0 1537.0 152.51885082399977 0.0 7.6 0.0352896238821443 0.07032414904431937 False True -0.0003496452059100002 4.032274396126966 -0.0336700871177283 -1.9356231633840453 0.0
664 115 1748.0 1549.0 153.8158936149998 0.0 7.6 0.0352896238821443 0.07793631858745925 False True -0.0003496452059100002 4.032274396126966 -0.0336700871177283 -1.9356231633840453 0.0
664 116 1760.0 1561.0 155.1088476199998 0.0 7.64 0.025468009536231444 0.0740831371271474 False True -0.0003496452059100002 4.032274396126966 -0.0336700871177283 -1.9356231633840453 0.0
664 117 1772.0 1573.0 156.4119256989998 0.0 7.65 0.02325924451988999 0.08592375462372519 False True -0.0003496452059100002 4.032274396126966 -0.0336700871177283 -1.9356231633840453 0.0
664 118 1784.0 1585.0 157.7034391839998 0.0 7.65 0.02325924451988999 0.08188331901677916 False True -0.0003496452059100002 4.032274396126966 -0.0336700871177283 -1.9356231633840453 0.0
664 119 1796.0 1597.0 159.00727794299976 0.0 7.67 0.01913918496962246 0.06665971932710014 False True -0.0003496452059100002 4.032274396126966 -0.0336700871177283 -1.9356231633840453 0.0
664 120 1808.0 1609.0 160.30014072899976 0.0 7.62 0.030181960324103873 0.037990492946897866 False True -0.0003496452059100002 4.032274396126966 -0.0336700871177283 -1.9356231633840453 0.0
664 121 1812.0 1613.0 161.59274259899976 0.0 7.59 0.037990492946897866 0.09428334952161598 False True -0.0003496452059100002 4.032274396126966 -0.0336700871177283 -1.9356231633840453 0.0
664 122 1824.0 1625.0 162.88548886199973 0.0 7.59 0.037990492946897866 0.09005723227238147 False True -0.0003496452059100002 4.032274396126966 -0.0336700871177283 -1.9356231633840453 0.0
664 123 1836.0 1637.0 164.17560596699977 0.0 7.59 0.037990492946897866 0.09860169466532778 False True -0.0003496452059100002 4.032274396126966 -0.0336700871177283 -1.9356231633840453 0.0
664 124 1848.0 1649.0 165.47980569499978 0.0 7.59 0.037990492946897866 0.10301184677360567 False True -0.0003496452059100002 4.032274396126966 -0.0336700871177283 -1.9356231633840453 0.0
664 125 1860.0 1661.0 166.77280310799975 0.0 7.59 0.037990492946897866 0.11210584229869801 False True -0.0003496452059100002 4.032274396126966 -0.0336700871177283 -1.9356231633840453 0.0
664 126 1872.0 1673.0 168.06698784799974 0.0 7.59 0.037990492946897866 0.10751337573483498 False True -0.0003496452059100002 4.032274396126966 -0.0336700871177283 -1.9356231633840453 0.0
664 127 1884.0 1685.0 169.36173045399974 0.0 7.62 0.030181960324103873 0.11678879812010552 False True -0.0003496452059100002 4.032274396126966 -0.0336700871177283 -1.9356231633840453 0.0
664 128 1896.0 1697.0 170.6655558029997 0.0 7.62 0.030181960324103873 0.12156178580402352 False True -0.0003496452059100002 4.032274396126966 -0.0336700871177283 -1.9356231633840453 0.0
664 129 1908.0 1709.0 171.95857686599973 0.0 7.58 0.04078904458040142 0.13137598220491323 False True -0.0003496452059100002 4.032274396126966 -0.0336700871177283 -1.9356231633840453 0.0
664 130 1920.0 1721.0 173.25163184799973 0.0 7.46 0.08188331901677916 0.12642433895122407 False True -0.0003496452059100002 4.032274396126966 -0.0336700871177283 -1.9356231633840453 0.0
664 131 1932.0 1733.0 174.55522008499972 0.0 7.59 0.037990492946897866 0.13641623129827427 False True -0.0003496452059100002 4.032274396126966 -0.0336700871177283 -1.9356231633840453 0.0
664 132 1944.0 1745.0 175.85011764299972 0.0 7.59 0.037990492946897866 0.14154459310288428 False True -0.0003496452059100002 4.032274396126966 -0.0336700871177283 -1.9356231633840453 0.0
664 133 1956.0 1757.0 177.15237172799974 0.0 7.58 0.04078904458040142 0.14676056567804419 False True -0.0003496452059100002 4.032274396126966 -0.0336700871177283 -1.9356231633840453 0.0
664 134 1968.0 1769.0 178.4456130989997 0.0 7.32 0.14676056567804419 0.15206363832095174 False True -0.0003496452059100002 4.032274396126966 -0.0336700871177283 -1.9356231633840453 0.0
664 135 1980.0 1781.0 179.7388487269997 0.0 7.32 0.14676056567804419 0.1629289974956495 False True -0.0003496452059100002 4.032274396126966 -0.0336700871177283 -1.9356231633840453 0.0
664 136 1992.0 1793.0 181.03364938499968 0.0 7.32 0.14676056567804419 0.15745329161778784 False True -0.0003496452059100002 4.032274396126966 -0.0336700871177283 -1.9356231633840453 0.0
664 137 2004.0 1805.0 182.3361497699997 0.0 7.65 0.02325924451988999 0.17413641172512825 False True -0.0003496452059100002 4.032274396126966 -0.0336700871177283 -1.9356231633840453 0.0
664 138 2016.0 1817.0 183.6291027299997 0.0 7.65 0.02325924451988999 0.16849021927535837 False True -0.0003496452059100002 4.032274396126966 -0.0336700871177283 -1.9356231633840453 0.0
664 139 2028.0 1829.0 184.92199631099967 0.0 7.65 0.02325924451988999 0.18568148527265718 False True -0.0003496452059100002 4.032274396126966 -0.0336700871177283 -1.9356231633840453 0.0
664 140 2040.0 1841.0 186.22290304299972 0.0 7.62 0.030181960324103873 0.1798670211150888 False True -0.0003496452059100002 4.032274396126966 -0.0336700871177283 -1.9356231633840453 0.0
664 141 2052.0 1853.0 187.51658872699974 0.0 7.64 0.025468009536231444 0.19755968732486714 False True -0.0003496452059100002 4.032274396126966 -0.0336700871177283 -1.9356231633840453 0.0
664 142 2064.0 1865.0 188.80782133299974 0.0 7.6 0.0352896238821443 0.1915792336387552 False True -0.0003496452059100002 4.032274396126966 -0.0336700871177283 -1.9356231633840453 0.0
664 143 2076.0 1877.0 190.10911012599976 0.0 7.67 0.01913918496962246 0.21599136769794616 False True -0.0003496452059100002 4.032274396126966 -0.0336700871177283 -1.9356231633840453 0.0
664 144 2088.0 1889.0 191.40401440299976 0.0 7.59 0.037990492946897866 0.2286816987599383 False True -0.0003496452059100002 4.032274396126966 -0.0336700871177283 -1.9356231633840453 0.0
664 145 2100.0 1901.0 192.70934828699976 0.0 7.7 0.013705623381042826 0.24168826339486876 False True -0.0003496452059100002 4.032274396126966 -0.0336700871177283 -1.9356231633840453 0.0
664 146 2112.0 1913.0 194.01447388399973 0.0 7.42 0.09860169466532778 0.2097663538040153 False True -0.0003496452059100002 4.032274396126966 -0.0336700871177283 -1.9356231633840453 0.0
664 147 2124.0 1925.0 195.31072844999974 0.0 7.42 0.09860169466532778 0.22229668923356538 False True -0.0003496452059100002 4.032274396126966 -0.0336700871177283 -1.9356231633840453 0.0
664 148 2136.0 1937.0 196.62443277599974 0.0 7.42 0.09860169466532778 0.20362225917092147 False True -0.0003496452059100002 4.032274396126966 -0.0336700871177283 -1.9356231633840453 0.0
664 149 2148.0 1949.0 197.92708709099972 0.0 7.62 0.030181960324103873 0.2351457686563103 False True -0.0003496452059100002 4.032274396126966 -0.0336700871177283 -1.9356231633840453 0.0
664 150 2160.0 1961.0 199.22052155199972 0.0 7.62 0.030181960324103873 0.26743598465182444 False True -0.0003496452059100002 4.032274396126966 -0.0336700871177283 -1.9356231633840453 0.0
664 151 2172.0 1973.0 200.52470781099973 0.0 7.62 0.030181960324103873 0.2606405860911494 False True -0.0003496452059100002 4.032274396126966 -0.0336700871177283 -1.9356231633840453 0.0
664 152 2184.0 1985.0 201.81922260699977 0.0 7.62 0.030181960324103873 0.26862950704849964 False True -0.0003496452059100002 4.032274396126966 -0.0336700871177283 -1.9356231633840453 0.0
664 153 2196.0 1997.0 203.11435090199976 0.0 7.62 0.030181960324103873 0.3170255097114272 False True -0.0003496452059100002 4.032274396126966 -0.0336700871177283 -1.9356231633840453 0.0
