270 0 400.0 201.0 1.9194072989999995 0.0 2.13 0.27929952769738187 0.2725183325432742 False True -0.006948488392307209 4.032906458428895 -0.02725849600593485 -1.9168857960732426 0.0
270 1 412.0 213.0 3.940195711000001 0.0 2.1199999999999997 0.2725183325432742 0.2861920984019187 False True -0.006948488392307209 4.032906458428895 -0.02725849600593485 -1.9168857960732426 0.0
270 2 424.0 225.0 5.9366776370000025 0.0 2.13 0.27929952769738187 0.26584920447750904 False True -0.006948488392307209 4.032906458428895 -0.02725849600593485 -1.9168857960732426 0.0
270 3 436.0 237.0 7.532838888000015 0.0 2.11 0.26584920447750904 0.2592928238300423 False True -0.006948488392307209 4.032906458428895 -0.02725849600593485 -1.9168857960732426 0.0
270 4 448.0 249.0 9.087421682000013 0.0 2.11 0.26584920447750904 0.29319534198016317 False True -0.006948488392307209 4.032906458428895 -0.02725849600593485 -1.9168857960732426 0.0
270 5 460.0 261.0 10.544582341000023 0.0 2.11 0.26584920447750904 0.30030854468686013 False True -0.006948488392307209 4.032906458428895 -0.02725849600593485 -1.9168857960732426 0.0
270 6 472.0 273.0 11.955262121000004 0.0 2.11 0.26584920447750904 0.3075309817795879 False True -0.006948488392307209 4.032906458428895 -0.02725849600593485 -1.9168857960732426 0.0
270 7 484.0 285.0 13.324792796999986 0.0 2.11 0.26584920447750904 0.314861917591234 False True -0.006948488392307209 4.032906458428895 -0.02725849600593485 -1.9168857960732426 0.0
270 8 496.0 297.0 14.657307615000008 0.0 2.11 0.26584920447750904 0.30030854468686013 False True -0.006948488392307209 4.032906458428895 -0.02725849600593485 -1.9168857960732426 0.0
270 9 500.0 301.0 15.968084398000002 0.0 2.1599999999999997 0.30030854468686013 0.32230060560356577 False True -0.006948488392307209 4.032906458428895 -0.02725849600593485 -1.9168857960732426 0.0
270 10 512.0 313.0 17.264953354 0.0 2.1599999999999997 0.30030854468686013 0.3298462885218722 False True -0.006948488392307209 4.032906458428895 -0.02725849600593485 -1.9168857960732426 0.0
270 11 524.0 325.0 18.570087798000003 0.0 2.1599999999999997 0.30030854468686013 0.3374981983507007 False True -0.006948488392307209 4.032906458428895 -0.02725849600593485 -1.9168857960732426 0.0
270 12 536.0 337.0 19.878865814999983 0.0 2.1599999999999997 0.30030854468686013 0.27929952769738187 False True -0.006948488392307209 4.032906458428895 -0.02725849600593485 -1.9168857960732426 0.0
270 13 540.0 341.0 21.178287770999987 0.0 2.13 0.27929952769738187 0.34525555647065115 False True -0.006948488392307209 4.032906458428895 -0.02725849600593485 -1.9168857960732426 0.0
270 14 552.0 353.0 22.47790164 0.0 2.19 0.32230060560356577 0.2725183325432742 False True -0.006948488392307209 4.032906458428895 -0.02725849600593485 -1.9168857960732426 0.0
270 15 556.0 357.0 23.778548222000012 0.0 2.1199999999999997 0.2725183325432742 0.3075309817795879 False True -0.006948488392307209 4.032906458428895 -0.02725849600593485 -1.9168857960732426 0.0
270 16 560.0 361.0 25.08957578800002 0.0 2.13 0.27929952769738187 0.35311757371623903 False True -0.006948488392307209 4.032906458428895 -0.02725849600593485 -1.9168857960732426 0.0
270 17 572.0 373.0 26.390739592000017 0.0 2.11 0.26584920447750904 0.3610834504548069 False True -0.006948488392307209 4.032906458428895 -0.02725849600593485 -1.9168857960732426 0.0
270 18 584.0 385.0 27.702106919000016 0.0 2.11 0.26584920447750904 0.25284985965484086 False True -0.006948488392307209 4.032906458428895 -0.02725849600593485 -1.9168857960732426 0.0
270 19 596.0 397.0 29.00355096300001 0.0 2.11 0.26584920447750904 0.31254743464243423 False True -0.006948488392307209 4.032906458428895 -0.02725849600593485 -1.9168857960732426 0.0
270 20 608.0 409.0 30.333142578999997 0.0 2.11 0.26584920447750904 0.29578254478449384 False True -0.006948488392307209 4.032906458428895 -0.02725849600593485 -1.9168857960732426 0.0
270 21 620.0 421.0 31.63170903400001 0.0 8.55 0.29578254478449384 0.26584920447750904 False True -0.006948488392307209 4.032906458428895 -0.02725849600593485 -1.9168857960732426 0.0
270 22 624.0 425.0 32.941744766 0.0 2.15 0.29319534198016317 0.28755091495148016 False True -0.006948488392307209 4.032906458428895 -0.02725849600593485 -1.9168857960732426 0.0
270 23 636.0 437.0 34.24234721000002 0.0 2.15 0.29319534198016317 0.3075309817795879 False True -0.006948488392307209 4.032906458428895 -0.02725849600593485 -1.9168857960732426 0.0
270 24 640.0 441.0 35.55343296700002 0.0 2.17 0.3075309817795879 0.2725183325432742 False True -0.006948488392307209 4.032906458428895 -0.02725849600593485 -1.9168857960732426 0.0
270 25 644.0 445.0 36.86699119100001 0.0 2.17 0.3075309817795879 0.2725183325432742 False True -0.006948488392307209 4.032906458428895 -0.02725849600593485 -1.9168857960732426 0.0
270 26 648.0 449.0 38.18198153800003 0.0 2.17 0.3075309817795879 0.24652096966297624 False True -0.006948488392307209 4.032906458428895 -0.02725849600593485 -1.9168857960732426 0.0
270 27 660.0 461.0 39.494440757000035 0.0 2.17 0.3075309817795879 0.2403068001568529 False True -0.006948488392307209 4.032906458428895 -0.02725849600593485 -1.9168857960732426 0.0
270 28 672.0 473.0 40.80607463200002 0.0 2.17 0.3075309817795879 0.23420798596558723 False True -0.006948488392307209 4.032906458428895 -0.02725849600593485 -1.9168857960732426 0.0
270 29 684.0 485.0 42.116296515000016 0.0 2.17 0.3075309817795879 0.2282251503815114 False True -0.006948488392307209 4.032906458428895 -0.02725849600593485 -1.9168857960732426 0.0
270 30 696.0 497.0 43.435294580000004 0.0 2.0599999999999996 0.23420798596558723 0.22235890509785405 False True -0.006948488392307209 4.032906458428895 -0.02725849600593485 -1.9168857960732426 0.0
270 31 708.0 509.0 44.74849422 0.0 2.0599999999999996 0.23420798596558723 0.21660985014757153 False True -0.006948488392307209 4.032906458428895 -0.02725849600593485 -1.9168857960732426 0.0
270 32 720.0 521.0 46.061311647 0.0 2.0599999999999996 0.23420798596558723 0.22235890509785405 False True -0.006948488392307209 4.032906458428895 -0.02725849600593485 -1.9168857960732426 0.0
270 33 724.0 525.0 47.37327178199999 0.0 2.0599999999999996 0.23420798596558723 0.22235890509785405 False True -0.006948488392307209 4.032906458428895 -0.02725849600593485 -1.9168857960732426 0.0
270 34 728.0 529.0 48.67496607999999 0.0 2.0599999999999996 0.23420798596558723 0.22235890509785405 False True -0.006948488392307209 4.032906458428895 -0.02725849600593485 -1.9168857960732426 0.0
270 35 732.0 533.0 49.986975543 0.0 2.04 0.22235890509785405 0.23420798596558723 False True -0.006948488392307209 4.032906458428895 -0.02725849600593485 -1.9168857960732426 0.0
270 36 736.0 537.0 51.299556712 0.0 2.04 0.22235890509785405 0.2282251503815114 False True -0.006948488392307209 4.032906458428895 -0.02725849600593485 -1.9168857960732426 0.0
270 37 740.0 541.0 52.61218855499999 0.0 2.04 0.22235890509785405 0.3075309817795879 False True -0.006948488392307209 4.032906458428895 -0.02725849600593485 -1.9168857960732426 0.0
270 38 744.0 545.0 53.914103173 0.0 2.04 0.22235890509785405 0.314861917591234 False True -0.006948488392307209 4.032906458428895 -0.02725849600593485 -1.9168857960732426 0.0
270 39 748.0 549.0 55.256592910999984 0.0 2.04 0.22235890509785405 0.314861917591234 False True -0.006948488392307209 4.032906458428895 -0.02725849600593485 -1.9168857960732426 0.0
270 40 752.0 553.0 56.554426114999984 0.0 2.04 0.22235890509785405 0.24827454216614814 False True -0.006948488392307209 4.032906458428895 -0.02725849600593485 -1.9168857960732426 0.0
270 41 764.0 565.0 57.86562723299997 0.0 1.08 0.24827454216614814 0.22235890509785405 False True -0.006948488392307209 4.032906458428895 -0.02725849600593485 -1.9168857960732426 0.0
270 42 768.0 569.0 59.17872555699995 0.0 2.04 0.22235890509785405 0.25465874648299874 False True -0.006948488392307209 4.032906458428895 -0.02725849600593485 -1.9168857960732426 0.0
270 43 780.0 581.0 60.49133802199995 0.0 2.13 0.27929952769738187 0.23420798596558723 False True -0.006948488392307209 4.032906458428895 -0.02725849600593485 -1.9168857960732426 0.0
270 44 784.0 585.0 61.82338387499996 0.0 2.13 0.27929952769738187 0.2611582059128772 False True -0.006948488392307209 4.032906458428895 -0.02725849600593485 -1.9168857960732426 0.0
270 45 796.0 597.0 63.124964380999984 0.0 2.13 0.27929952769738187 0.267772283797761 False True -0.006948488392307209 4.032906458428895 -0.02725849600593485 -1.9168857960732426 0.0
270 46 808.0 609.0 64.43775758799998 0.0 1.05 0.267772283797761 0.2745003320165543 False True -0.006948488392307209 4.032906458428895 -0.02725849600593485 -1.9168857960732426 0.0
270 47 820.0 621.0 65.75050785999997 0.0 1.05 0.267772283797761 0.2813416910498883 False True -0.006948488392307209 4.032906458428895 -0.02725849600593485 -1.9168857960732426 0.0
270 48 832.0 633.0 67.06224008399997 0.0 1.05 0.267772283797761 0.2882956900460849 False True -0.006948488392307209 4.032906458428895 -0.02725849600593485 -1.9168857960732426 0.0
270 49 844.0 645.0 68.36427884999998 0.0 1.03 0.2813416910498883 0.267772283797761 False True -0.006948488392307209 4.032906458428895 -0.02725849600593485 -1.9168857960732426 0.0
270 50 848.0 649.0 69.67769799599998 0.0 1.03 0.2813416910498883 0.267772283797761 False True -0.006948488392307209 4.032906458428895 -0.02725849600593485 -1.9168857960732426 0.0
270 51 852.0 653.0 70.98911210999998 0.0 1.04 0.2745003320165543 0.267772283797761 False True -0.006948488392307209 4.032906458428895 -0.02725849600593485 -1.9168857960732426 0.0
270 52 856.0 657.0 72.30267830599996 0.0 1.05 0.267772283797761 0.23585438780737497 False True -0.006948488392307209 4.032906458428895 -0.02725849600593485 -1.9168857960732426 0.0
270 53 868.0 669.0 73.60511224299998 0.0 1.1 0.23585438780737497 0.22981965319888406 False True -0.006948488392307209 4.032906458428895 -0.02725849600593485 -1.9168857960732426 0.0
270 54 880.0 681.0 74.91691869199997 0.0 1.11 0.22981965319888406 0.22390260444873586 False True -0.006948488392307209 4.032906458428895 -0.02725849600593485 -1.9168857960732426 0.0
270 55 892.0 693.0 76.22944321499997 0.0 1.12 0.22390260444873586 0.22981965319888406 False True -0.006948488392307209 4.032906458428895 -0.02725849600593485 -1.9168857960732426 0.0
270 56 896.0 697.0 77.54196953199997 0.0 1.11 0.22981965319888406 0.2181038199677292 False True -0.006948488392307209 4.032906458428895 -0.02725849600593485 -1.9168857960732426 0.0
270 57 908.0 709.0 78.84336556899996 0.0 1.11 0.22981965319888406 0.22390260444873586 False True -0.006948488392307209 4.032906458428895 -0.02725849600593485 -1.9168857960732426 0.0
270 58 912.0 713.0 80.13763086099996 0.0 1.11 0.22981965319888406 0.22390260444873586 False True -0.006948488392307209 4.032906458428895 -0.02725849600593485 -1.9168857960732426 0.0
270 59 916.0 717.0 81.43130007099995 0.0 1.11 0.22981965319888406 0.30253886826240933 False True -0.006948488392307209 4.032906458428895 -0.02725849600593485 -1.9168857960732426 0.0
270 60 928.0 729.0 82.71300638599993 0.0 1.11 0.22981965319888406 0.309826649726991 False True -0.006948488392307209 4.032906458428895 -0.02725849600593485 -1.9168857960732426 0.0
270 61 940.0 741.0 84.02410056099993 0.0 1.11 0.22981965319888406 0.29536164688823535 False True -0.006948488392307209 4.032906458428895 -0.02725849600593485 -1.9168857960732426 0.0
270 62 952.0 753.0 85.35511907499995 0.0 1.11 0.22981965319888406 0.30253886826240933 False True -0.006948488392307209 4.032906458428895 -0.02725849600593485 -1.9168857960732426 0.0
270 63 956.0 757.0 86.61096417399995 0.0 1.11 0.22981965319888406 0.31722427578311685 False True -0.006948488392307209 4.032906458428895 -0.02725849600593485 -1.9168857960732426 0.0
270 64 968.0 769.0 87.90582662399993 0.0 1.11 0.22981965319888406 0.32473101994623227 False True -0.006948488392307209 4.032906458428895 -0.02725849600593485 -1.9168857960732426 0.0
270 65 980.0 781.0 89.20149291799993 0.0 1.11 0.22981965319888406 0.3323461448187347 False True -0.006948488392307209 4.032906458428895 -0.02725849600593485 -1.9168857960732426 0.0
270 66 992.0 793.0 90.49759242599993 0.0 1.11 0.22981965319888406 0.30253886826240933 False True -0.006948488392307209 4.032906458428895 -0.02725849600593485 -1.9168857960732426 0.0
270 67 996.0 797.0 91.7940018349999 0.0 1.11 0.22981965319888406 0.30253886826240933 False True -0.006948488392307209 4.032906458428895 -0.02725849600593485 -1.9168857960732426 0.0
270 68 1000.0 801.0 93.07983305399992 0.0 1.11 0.22981965319888406 0.3400689021637129 False True -0.006948488392307209 4.032906458428895 -0.02725849600593485 -1.9168857960732426 0.0
270 69 1012.0 813.0 94.37282681999991 0.0 1.11 0.22981965319888406 0.34789853297976797 False True -0.006948488392307209 4.032906458428895 -0.02725849600593485 -1.9168857960732426 0.0
270 70 1024.0 825.0 95.66815351699992 0.0 1.11 0.22981965319888406 0.35583426757692804 False True -0.006948488392307209 4.032906458428895 -0.02725849600593485 -1.9168857960732426 0.0
270 71 1036.0 837.0 96.96327003099992 0.0 1.11 0.22981965319888406 0.32473101994623227 False True -0.006948488392307209 4.032906458428895 -0.02725849600593485 -1.9168857960732426 0.0
270 72 1040.0 841.0 98.26024050299992 0.0 1.11 0.22981965319888406 0.37202091637457424 False True -0.006948488392307209 4.032906458428895 -0.02725849600593485 -1.9168857960732426 0.0
270 73 1052.0 853.0 99.55531793199992 0.0 1.11 0.22981965319888406 0.3638753256535891 False True -0.006948488392307209 4.032906458428895 -0.02725849600593485 -1.9168857960732426 0.0
270 74 1064.0 865.0 100.85182514399992 0.0 1.11 0.22981965319888406 0.3802702384501922 False True -0.006948488392307209 4.032906458428895 -0.02725849600593485 -1.9168857960732426 0.0
270 75 1076.0 877.0 102.14760906399991 0.0 1.11 0.22981965319888406 0.29536164688823535 False True -0.006948488392307209 4.032906458428895 -0.02725849600593485 -1.9168857960732426 0.0
270 76 1080.0 881.0 103.44539747699991 0.0 1.01 0.29536164688823535 0.22981965319888406 False True -0.006948488392307209 4.032906458428895 -0.02725849600593485 -1.9168857960732426 0.0
270 77 1084.0 885.0 104.7370797769999 0.0 1.11 0.22981965319888406 0.39707681971588077 False True -0.006948488392307209 4.032906458428895 -0.02725849600593485 -1.9168857960732426 0.0
270 78 1096.0 897.0 106.0331616759999 0.0 1.11 0.22981965319888406 0.3886224802163856 False True -0.006948488392307209 4.032906458428895 -0.02725849600593485 -1.9168857960732426 0.0
270 79 1108.0 909.0 107.32888499499992 0.0 1.11 0.22981965319888406 0.4056324247803927 False True -0.006948488392307209 4.032906458428895 -0.02725849600593485 -1.9168857960732426 0.0
270 80 1120.0 921.0 108.62494211099994 0.0 1.11 0.22981965319888406 0.41428845311384044 False True -0.006948488392307209 4.032906458428895 -0.02725849600593485 -1.9168857960732426 0.0
270 81 1132.0 933.0 109.93370414499995 0.0 1.11 0.22981965319888406 0.30253886826240933 False True -0.006948488392307209 4.032906458428895 -0.02725849600593485 -1.9168857960732426 0.0
270 82 1136.0 937.0 111.23373005699995 0.0 1.11 0.22981965319888406 0.431898360270591 False True -0.006948488392307209 4.032906458428895 -0.02725849600593485 -1.9168857960732426 0.0
270 83 1148.0 949.0 112.54402668699996 0.0 1.11 0.22981965319888406 0.42304405237656667 False True -0.006948488392307209 4.032906458428895 -0.02725849600593485 -1.9168857960732426 0.0
270 84 1160.0 961.0 113.84501479399995 0.0 1.11 0.22981965319888406 0.4408505046258156 False True -0.006948488392307209 4.032906458428895 -0.02725849600593485 -1.9168857960732426 0.0
270 85 1172.0 973.0 115.15674489899993 0.0 1.11 0.22981965319888406 0.44989960348725594 False True -0.006948488392307209 4.032906458428895 -0.02725849600593485 -1.9168857960732426 0.0
270 86 1184.0 985.0 116.46744263599993 0.0 1.11 0.22981965319888406 0.37732353202525193 False True -0.006948488392307209 4.032906458428895 -0.02725849600593485 -1.9168857960732426 0.0
270 87 1196.0 997.0 117.7680100369999 0.0 1.11 0.22981965319888406 0.3691523766664998 False True -0.006948488392307209 4.032906458428895 -0.02725849600593485 -1.9168857960732426 0.0
270 88 1208.0 1009.0 119.09625900499987 0.0 1.11 0.22981965319888406 0.38559608598081857 False True -0.006948488392307209 4.032906458428895 -0.02725849600593485 -1.9168857960732426 0.0
270 89 1220.0 1021.0 120.39611449899985 0.0 1.11 0.22981965319888406 0.39396919784184936 False True -0.006948488392307209 4.032906458428895 -0.02725849600593485 -1.9168857960732426 0.0
270 90 1232.0 1033.0 121.70626375699982 0.0 1.11 0.22981965319888406 0.40244201685992803 False True -0.006948488392307209 4.032906458428895 -0.02725849600593485 -1.9168857960732426 0.0
270 91 1244.0 1045.0 123.01695541099986 0.0 1.11 0.22981965319888406 0.411013682314669 False True -0.006948488392307209 4.032906458428895 -0.02725849600593485 -1.9168857960732426 0.0
270 92 1256.0 1057.0 124.3279814529999 0.0 1.11 0.22981965319888406 0.4196833235997836 False True -0.006948488392307209 4.032906458428895 -0.02725849600593485 -1.9168857960732426 0.0
270 93 1268.0 1069.0 125.62826439999986 0.0 1.11 0.22981965319888406 0.29536164688823535 False True -0.006948488392307209 4.032906458428895 -0.02725849600593485 -1.9168857960732426 0.0
270 94 1272.0 1073.0 126.93806830499989 0.0 1.11 0.22981965319888406 0.279420948504107 False True -0.006948488392307209 4.032906458428895 -0.02725849600593485 -1.9168857960732426 0.0
270 95 1284.0 1085.0 128.24886144099986 0.0 1.11 0.22981965319888406 0.4373130023297606 False True -0.006948488392307209 4.032906458428895 -0.02725849600593485 -1.9168857960732426 0.0
270 96 1296.0 1097.0 129.54869110099986 0.0 1.11 0.22981965319888406 0.4284500603101281 False True -0.006948488392307209 4.032906458428895 -0.02725849600593485 -1.9168857960732426 0.0
270 97 1308.0 1109.0 130.85886046399986 0.0 1.11 0.22981965319888406 0.29536164688823535 False True -0.006948488392307209 4.032906458428895 -0.02725849600593485 -1.9168857960732426 0.0
270 98 1312.0 1113.0 132.16936941899985 0.0 1.11 0.22981965319888406 0.3886224802163856 False True -0.006948488392307209 4.032906458428895 -0.02725849600593485 -1.9168857960732426 0.0
270 99 1316.0 1117.0 133.46968089099983 0.0 1.11 0.22981965319888406 0.31722427578311685 False True -0.006948488392307209 4.032906458428895 -0.02725849600593485 -1.9168857960732426 0.0
270 100 1320.0 1121.0 134.7792662839998 0.0 0.98 0.31722427578311685 0.309826649726991 False True -0.006948488392307209 4.032906458428895 -0.02725849600593485 -1.9168857960732426 0.0
270 101 1324.0 1125.0 136.07974544399974 0.0 0.99 0.309826649726991 0.31722427578311685 False True -0.006948488392307209 4.032906458428895 -0.02725849600593485 -1.9168857960732426 0.0
270 102 1328.0 1129.0 137.38859983099974 0.0 0.99 0.309826649726991 0.20546565271873102 False True -0.006948488392307209 4.032906458428895 -0.02725849600593485 -1.9168857960732426 0.0
270 103 1340.0 1141.0 138.68739124799976 0.0 2.01 0.20546565271873102 0.21097857384333918 False True -0.006948488392307209 4.032906458428895 -0.02725849600593485 -1.9168857960732426 0.0
270 104 1352.0 1153.0 139.99745752199976 0.0 2.02 0.21097857384333918 0.2000716514705523 False True -0.006948488392307209 4.032906458428895 -0.02725849600593485 -1.9168857960732426 0.0
270 105 1364.0 1165.0 141.30763734599975 0.0 2.0 0.2000716514705523 0.19479712290238835 False True -0.006948488392307209 4.032906458428895 -0.02725849600593485 -1.9168857960732426 0.0
270 106 1376.0 1177.0 142.6064289839997 0.0 1.11 0.22981965319888406 0.18964260786930867 False True -0.006948488392307209 4.032906458428895 -0.02725849600593485 -1.9168857960732426 0.0
270 107 1388.0 1189.0 143.91595405699974 0.0 2.02 0.21097857384333918 0.18460863522378743 False True -0.006948488392307209 4.032906458428895 -0.02725849600593485 -1.9168857960732426 0.0
270 108 1400.0 1201.0 145.2271248129997 0.0 1.97 0.18460863522378743 0.17969572176282828 False True -0.006948488392307209 4.032906458428895 -0.02725849600593485 -1.9168857960732426 0.0
270 109 1412.0 1213.0 146.5425749859997 0.0 1.97 0.18460863522378743 0.17490437217627022 False True -0.006948488392307209 4.032906458428895 -0.02725849600593485 -1.9168857960732426 0.0
270 110 1424.0 1225.0 148.1969490449997 0.0 1.97 0.18460863522378743 0.17023507899632614 False True -0.006948488392307209 4.032906458428895 -0.02725849600593485 -1.9168857960732426 0.0
270 111 1436.0 1237.0 150.18781794499972 0.0 1.94 0.17023507899632614 0.18460863522378743 False True -0.006948488392307209 4.032906458428895 -0.02725849600593485 -1.9168857960732426 0.0
270 112 1440.0 1241.0 152.20432375599972 0.0 2.02 0.21097857384333918 0.1656883225483327 False True -0.006948488392307209 4.032906458428895 -0.02725849600593485 -1.9168857960732426 0.0
270 113 1452.0 1253.0 154.18000985099974 0.0 2.01 0.20546565271873102 0.18964260786930867 False True -0.006948488392307209 4.032906458428895 -0.02725849600593485 -1.9168857960732426 0.0
270 114 1456.0 1257.0 155.77118221099977 0.0 1.11 0.22981965319888406 0.32473101994623227 False True -0.006948488392307209 4.032906458428895 -0.02725849600593485 -1.9168857960732426 0.0
270 115 1460.0 1261.0 157.29580931999976 0.0 1.11 0.22981965319888406 0.22390260444873586 False True -0.006948488392307209 4.032906458428895 -0.02725849600593485 -1.9168857960732426 0.0
270 116 1464.0 1265.0 158.76117574599976 0.0 1.11 0.22981965319888406 0.2000716514705523 False True -0.006948488392307209 4.032906458428895 -0.02725849600593485 -1.9168857960732426 0.0
270 117 1468.0 1269.0 160.1849573849998 0.0 1.11 0.22981965319888406 0.22390260444873586 False True -0.006948488392307209 4.032906458428895 -0.02725849600593485 -1.9168857960732426 0.0
270 118 1472.0 1273.0 161.56925698999981 0.0 1.11 0.22981965319888406 0.15696427982817304 False True -0.006948488392307209 4.032906458428895 -0.02725849600593485 -1.9168857960732426 0.0
270 119 1484.0 1285.0 162.9183471789998 0.0 1.9100000000000001 0.15696427982817304 0.22981965319888406 False True -0.006948488392307209 4.032906458428895 -0.02725849600593485 -1.9168857960732426 0.0
270 120 1488.0 1289.0 164.2530017739998 0.0 1.11 0.22981965319888406 0.16126457090271165 False True -0.006948488392307209 4.032906458428895 -0.02725849600593485 -1.9168857960732426 0.0
270 121 1500.0 1301.0 165.57698391799983 0.0 1.9200000000000002 0.16126457090271165 0.15278789274612992 False True -0.006948488392307209 4.032906458428895 -0.02725849600593485 -1.9168857960732426 0.0
270 122 1512.0 1313.0 166.89283723599982 0.0 1.9000000000000001 0.15278789274612992 0.14873584068635715 False True -0.006948488392307209 4.032906458428895 -0.02725849600593485 -1.9168857960732426 0.0
270 123 1524.0 1325.0 168.20698118099983 0.0 1.9000000000000001 0.15278789274612992 0.16126457090271165 False True -0.006948488392307209 4.032906458428895 -0.02725849600593485 -1.9168857960732426 0.0
270 124 1528.0 1329.0 169.52071477499982 0.0 1.9000000000000001 0.15278789274612992 0.16126457090271165 False True -0.006948488392307209 4.032906458428895 -0.02725849600593485 -1.9168857960732426 0.0
270 125 1532.0 1333.0 170.83292859299985 0.0 1.9200000000000002 0.16126457090271165 0.14480854224389428 False True -0.006948488392307209 4.032906458428895 -0.02725849600593485 -1.9168857960732426 0.0
270 126 1544.0 1345.0 172.1562680729998 0.0 1.9200000000000002 0.16126457090271165 0.15278789274612992 False True -0.006948488392307209 4.032906458428895 -0.02725849600593485 -1.9168857960732426 0.0
270 127 1548.0 1349.0 173.4711780239998 0.0 1.9200000000000002 0.16126457090271165 0.14100640353718571 False True -0.006948488392307209 4.032906458428895 -0.02725849600593485 -1.9168857960732426 0.0
270 128 1560.0 1361.0 174.7853635199998 0.0 1.9200000000000002 0.16126457090271165 0.15278789274612992 False True -0.006948488392307209 4.032906458428895 -0.02725849600593485 -1.9168857960732426 0.0
270 129 1564.0 1365.0 176.1117190229998 0.0 1.9200000000000002 0.16126457090271165 0.15278789274612992 False True -0.006948488392307209 4.032906458428895 -0.02725849600593485 -1.9168857960732426 0.0
270 130 1568.0 1369.0 177.4253225559998 0.0 1.9000000000000001 0.15278789274612992 0.16126457090271165 False True -0.006948488392307209 4.032906458428895 -0.02725849600593485 -1.9168857960732426 0.0
270 131 1572.0 1373.0 178.74209013699982 0.0 1.9000000000000001 0.15278789274612992 0.13377916717939464 False True -0.006948488392307209 4.032906458428895 -0.02725849600593485 -1.9168857960732426 0.0
270 132 1584.0 1385.0 180.0647226059998 0.0 1.9000000000000001 0.15278789274612992 0.13732981816746495 False True -0.006948488392307209 4.032906458428895 -0.02725849600593485 -1.9168857960732426 0.0
270 133 1596.0 1397.0 181.37918777399977 0.0 1.9200000000000002 0.16126457090271165 0.13035481902297424 False True -0.006948488392307209 4.032906458428895 -0.02725849600593485 -1.9168857960732426 0.0
270 134 1608.0 1409.0 182.7057332619998 0.0 1.9200000000000002 0.16126457090271165 0.12705712951667522 False True -0.006948488392307209 4.032906458428895 -0.02725849600593485 -1.9168857960732426 0.0
270 135 1620.0 1421.0 184.02227056499976 0.0 1.83 0.12705712951667522 0.12388644181188137 False True -0.006948488392307209 4.032906458428895 -0.02725849600593485 -1.9168857960732426 0.0
270 136 1632.0 1433.0 185.33843543499972 0.0 1.83 0.12705712951667522 0.12084308635855688 False True -0.006948488392307209 4.032906458428895 -0.02725849600593485 -1.9168857960732426 0.0
270 137 1644.0 1445.0 186.6650773029997 0.0 1.83 0.12705712951667522 0.11792738087220975 False True -0.006948488392307209 4.032906458428895 -0.02725849600593485 -1.9168857960732426 0.0
270 138 1656.0 1457.0 187.9877182609997 0.0 1.83 0.12705712951667522 0.11513963030212288 False True -0.006948488392307209 4.032906458428895 -0.02725849600593485 -1.9168857960732426 0.0
270 139 1668.0 1469.0 189.30608092399973 0.0 1.83 0.12705712951667522 0.11248012680085255 False True -0.006948488392307209 4.032906458428895 -0.02725849600593485 -1.9168857960732426 0.0
270 140 1680.0 1481.0 190.62166749099976 0.0 1.83 0.12705712951667522 0.10994914969501776 False True -0.006948488392307209 4.032906458428895 -0.02725849600593485 -1.9168857960732426 0.0
270 141 1692.0 1493.0 191.9468473039998 0.0 1.83 0.12705712951667522 0.10754696545736876 False True -0.006948488392307209 4.032906458428895 -0.02725849600593485 -1.9168857960732426 0.0
270 142 1704.0 1505.0 193.27368703299982 0.0 1.76 0.10754696545736876 0.10527382768013818 False True -0.006948488392307209 4.032906458428895 -0.02725849600593485 -1.9168857960732426 0.0
270 143 1716.0 1517.0 194.59010502599978 0.0 1.76 0.10754696545736876 0.12705712951667522 False True -0.006948488392307209 4.032906458428895 -0.02725849600593485 -1.9168857960732426 0.0
270 144 1720.0 1521.0 195.9168075199998 0.0 1.76 0.10754696545736876 0.1031299770496807 False True -0.006948488392307209 4.032906458428895 -0.02725849600593485 -1.9168857960732426 0.0
270 145 1732.0 1533.0 197.24301826899978 0.0 1.74 0.1031299770496807 0.10111564132240944 False True -0.006948488392307209 4.032906458428895 -0.02725849600593485 -1.9168857960732426 0.0
270 146 1744.0 1545.0 198.5572487149998 0.0 1.76 0.10754696545736876 0.1031299770496807 False True -0.006948488392307209 4.032906458428895 -0.02725849600593485 -1.9168857960732426 0.0
270 147 1748.0 1549.0 199.88202667199977 0.0 1.76 0.10754696545736876 0.1031299770496807 False True -0.006948488392307209 4.032906458428895 -0.02725849600593485 -1.9168857960732426 0.0
270 148 1752.0 1553.0 201.20496195799979 0.0 1.76 0.10754696545736876 0.1031299770496807 False True -0.006948488392307209 4.032906458428895 -0.02725849600593485 -1.9168857960732426 0.0
270 149 1756.0 1557.0 202.53120642399978 0.0 1.76 0.10754696545736876 0.1031299770496807 False True -0.006948488392307209 4.032906458428895 -0.02725849600593485 -1.9168857960732426 0.0
270 150 1760.0 1561.0 203.8472098229998 0.0 1.76 0.10754696545736876 0.09923103530201603 False True -0.006948488392307209 4.032906458428895 -0.02725849600593485 -1.9168857960732426 0.0
270 151 1772.0 1573.0 205.17432618999982 0.0 1.76 0.10754696545736876 0.09747636081799226 False True -0.006948488392307209 4.032906458428895 -0.02725849600593485 -1.9168857960732426 0.0
270 152 1784.0 1585.0 206.49130087699984 0.0 1.76 0.10754696545736876 0.09585180670544924 False True -0.006948488392307209 4.032906458428895 -0.02725849600593485 -1.9168857960732426 0.0
270 153 1796.0 1597.0 207.81698488999984 0.0 1.76 0.10754696545736876 0.09435754878623125 False True -0.006948488392307209 4.032906458428895 -0.02725849600593485 -1.9168857960732426 0.0
270 154 1808.0 1609.0 209.13293164299984 0.0 1.76 0.10754696545736876 0.12705712951667522 False True -0.006948488392307209 4.032906458428895 -0.02725849600593485 -1.9168857960732426 0.0
270 155 1812.0 1613.0 210.45770576699982 0.0 1.76 0.10754696545736876 0.12705712951667522 False True -0.006948488392307209 4.032906458428895 -0.02725849600593485 -1.9168857960732426 0.0
270 156 1816.0 1617.0 211.77480657199982 0.0 1.76 0.10754696545736876 0.09747636081799226 False True -0.006948488392307209 4.032906458428895 -0.02725849600593485 -1.9168857960732426 0.0
270 157 1820.0 1621.0 213.09828951199978 0.0 1.76 0.10754696545736876 0.09747636081799226 False True -0.006948488392307209 4.032906458428895 -0.02725849600593485 -1.9168857960732426 0.0
270 158 1824.0 1625.0 214.43295940899975 0.0 1.71 0.09747636081799226 0.12705712951667522 False True -0.006948488392307209 4.032906458428895 -0.02725849600593485 -1.9168857960732426 0.0
270 159 1828.0 1629.0 215.75851926599972 0.0 1.71 0.09747636081799226 0.1031299770496807 False True -0.006948488392307209 4.032906458428895 -0.02725849600593485 -1.9168857960732426 0.0
270 160 1832.0 1633.0 217.07510906399972 0.0 1.76 0.10754696545736876 0.09747636081799226 False True -0.006948488392307209 4.032906458428895 -0.02725849600593485 -1.9168857960732426 0.0
270 161 1836.0 1637.0 218.4004350409997 0.0 1.71 0.09747636081799226 0.10754696545736876 False True -0.006948488392307209 4.032906458428895 -0.02725849600593485 -1.9168857960732426 0.0
270 162 1840.0 1641.0 219.71828803399967 0.0 1.76 0.10754696545736876 0.09299374985133646 False True -0.006948488392307209 4.032906458428895 -0.02725849600593485 -1.9168857960732426 0.0
270 163 1852.0 1653.0 221.0429014729997 0.0 1.76 0.10754696545736876 0.11513963030212288 False True -0.006948488392307209 4.032906458428895 -0.02725849600593485 -1.9168857960732426 0.0
270 164 1856.0 1657.0 222.3594233779997 0.0 1.76 0.10754696545736876 0.09585180670544924 False True -0.006948488392307209 4.032906458428895 -0.02725849600593485 -1.9168857960732426 0.0
270 165 1860.0 1661.0 223.68451897199964 0.0 1.7 0.09585180670544924 0.10754696545736876 False True -0.006948488392307209 4.032906458428895 -0.02725849600593485 -1.9168857960732426 0.0
270 166 1864.0 1665.0 225.0004447589996 0.0 1.76 0.10754696545736876 0.10994914969501776 False True -0.006948488392307209 4.032906458428895 -0.02725849600593485 -1.9168857960732426 0.0
270 167 1868.0 1669.0 226.33292586599958 0.0 1.76 0.10754696545736876 0.09747636081799226 False True -0.006948488392307209 4.032906458428895 -0.02725849600593485 -1.9168857960732426 0.0
270 168 1872.0 1673.0 227.67195439199963 0.0 1.71 0.09747636081799226 0.09585180670544924 False True -0.006948488392307209 4.032906458428895 -0.02725849600593485 -1.9168857960732426 0.0
270 169 1876.0 1677.0 229.00377844999963 0.0 1.71 0.09747636081799226 0.10754696545736876 False True -0.006948488392307209 4.032906458428895 -0.02725849600593485 -1.9168857960732426 0.0
270 170 1880.0 1681.0 230.33639443399966 0.0 1.71 0.09747636081799226 0.12705712951667522 False True -0.006948488392307209 4.032906458428895 -0.02725849600593485 -1.9168857960732426 0.0
270 171 1884.0 1685.0 231.6700455519997 0.0 1.71 0.09747636081799226 0.12705712951667522 False True -0.006948488392307209 4.032906458428895 -0.02725849600593485 -1.9168857960732426 0.0
270 172 1888.0 1689.0 233.0017860049997 0.0 1.71 0.09747636081799226 0.12705712951667522 False True -0.006948488392307209 4.032906458428895 -0.02725849600593485 -1.9168857960732426 0.0
270 173 1892.0 1693.0 234.34446443499974 0.0 1.71 0.09747636081799226 0.12705712951667522 False True -0.006948488392307209 4.032906458428895 -0.02725849600593485 -1.9168857960732426 0.0
270 174 1896.0 1697.0 235.67630303799973 0.0 1.71 0.09747636081799226 0.09065811484789599 False True -0.006948488392307209 4.032906458428895 -0.02725849600593485 -1.9168857960732426 0.0
270 175 1908.0 1709.0 237.00877664399974 0.0 1.6600000000000001 0.09065811484789599 0.09176055964463455 False True -0.006948488392307209 4.032906458428895 -0.02725849600593485 -1.9168857960732426 0.0
270 176 1920.0 1721.0 238.35380786999968 0.0 1.6600000000000001 0.09065811484789599 0.08968653906712395 False True -0.006948488392307209 4.032906458428895 -0.02725849600593485 -1.9168857960732426 0.0
270 177 1932.0 1733.0 239.68435322399972 0.0 1.6500000000000001 0.08968653906712395 0.08884594282019105 False True -0.006948488392307209 4.032906458428895 -0.02725849600593485 -1.9168857960732426 0.0
270 178 1944.0 1745.0 241.01563639199975 0.0 1.6600000000000001 0.09065811484789599 0.08968653906712395 False True -0.006948488392307209 4.032906458428895 -0.02725849600593485 -1.9168857960732426 0.0
270 179 1948.0 1749.0 242.34556780599974 0.0 1.6600000000000001 0.09065811484789599 0.08813642352579011 False True -0.006948488392307209 4.032906458428895 -0.02725849600593485 -1.9168857960732426 0.0
270 180 1960.0 1761.0 243.67727420399973 0.0 1.6600000000000001 0.09065811484789599 0.08968653906712395 False True -0.006948488392307209 4.032906458428895 -0.02725849600593485 -1.9168857960732426 0.0
270 181 1964.0 1765.0 245.00856266799974 0.0 1.71 0.09747636081799226 0.08755806549369234 False True -0.006948488392307209 4.032906458428895 -0.02725849600593485 -1.9168857960732426 0.0
270 182 1976.0 1777.0 246.33991096299974 0.0 1.62 0.08755806549369234 0.09747636081799226 False True -0.006948488392307209 4.032906458428895 -0.02725849600593485 -1.9168857960732426 0.0
270 183 1980.0 1781.0 247.66909860799973 0.0 1.62 0.08755806549369234 0.08711093991631602 False True -0.006948488392307209 4.032906458428895 -0.02725849600593485 -1.9168857960732426 0.0
270 184 1992.0 1793.0 248.99840253599973 0.0 1.61 0.08711093991631602 0.08755806549369234 False True -0.006948488392307209 4.032906458428895 -0.02725849600593485 -1.9168857960732426 0.0
270 185 1996.0 1797.0 250.34002668999972 0.0 1.62 0.08755806549369234 0.08679510486160823 False True -0.006948488392307209 4.032906458428895 -0.02725849600593485 -1.9168857960732426 0.0
270 186 2008.0 1809.0 251.67130382999972 0.0 1.62 0.08755806549369234 0.08711093991631602 False True -0.006948488392307209 4.032906458428895 -0.02725849600593485 -1.9168857960732426 0.0
270 187 2012.0 1813.0 253.00368128099973 0.0 1.71 0.09747636081799226 0.08661060526723843 False True -0.006948488392307209 4.032906458428895 -0.02725849600593485 -1.9168857960732426 0.0
270 188 2024.0 1825.0 254.34461000399972 0.0 1.61 0.08711093991631602 0.08755806549369234 False True -0.006948488392307209 4.032906458428895 -0.02725849600593485 -1.9168857960732426 0.0
270 189 2028.0 1829.0 255.67851623099972 0.0 1.61 0.08711093991631602 0.09065811484789599 False True -0.006948488392307209 4.032906458428895 -0.02725849600593485 -1.9168857960732426 0.0
270 190 2032.0 1833.0 257.01106840799974 0.0 1.6600000000000001 0.09065811484789599 0.08655747293610042 False True -0.006948488392307209 4.032906458428895 -0.02725849600593485 -1.9168857960732426 0.0
270 191 2044.0 1845.0 258.35333834799974 0.0 1.6600000000000001 0.09065811484789599 0.08711093991631602 False True -0.006948488392307209 4.032906458428895 -0.02725849600593485 -1.9168857960732426 0.0
270 192 2048.0 1849.0 259.6856007219998 0.0 1.6600000000000001 0.09065811484789599 0.08711093991631602 False True -0.006948488392307209 4.032906458428895 -0.02725849600593485 -1.9168857960732426 0.0
270 193 2052.0 1853.0 261.01681118699975 0.0 1.6600000000000001 0.09065811484789599 0.08711093991631602 False True -0.006948488392307209 4.032906458428895 -0.02725849600593485 -1.9168857960732426 0.0
270 194 2056.0 1857.0 262.3473013709998 0.0 1.6600000000000001 0.09065811484789599 0.08711093991631602 False True -0.006948488392307209 4.032906458428895 -0.02725849600593485 -1.9168857960732426 0.0
270 195 2060.0 1861.0 263.6879605309998 0.0 1.6600000000000001 0.09065811484789599 0.08711093991631602 False True -0.006948488392307209 4.032906458428895 -0.02725849600593485 -1.9168857960732426 0.0
270 196 2064.0 1865.0 265.02145997599985 0.0 1.6600000000000001 0.09065811484789599 0.08663572653314124 False True -0.006948488392307209 4.032906458428895 -0.02725849600593485 -1.9168857960732426 0.0
270 197 2076.0 1877.0 266.35466424699985 0.0 1.6600000000000001 0.09065811484789599 0.08684537158348443 False True -0.006948488392307209 4.032906458428895 -0.02725849600593485 -1.9168857960732426 0.0
270 198 2088.0 1889.0 267.6979647869999 0.0 1.6600000000000001 0.09065811484789599 0.08718640047188624 False True -0.006948488392307209 4.032906458428895 -0.02725849600593485 -1.9168857960732426 0.0
270 199 2100.0 1901.0 269.0312886039999 0.0 1.6600000000000001 0.09065811484789599 0.0876587924434918 False True -0.006948488392307209 4.032906458428895 -0.02725849600593485 -1.9168857960732426 0.0
270 200 2112.0 1913.0 270.36088366899986 0.0 1.61 0.08711093991631602 0.09065811484789599 False True -0.006948488392307209 4.032906458428895 -0.02725849600593485 -1.9168857960732426 0.0
270 201 2116.0 1917.0 271.6928995419999 0.0 1.61 0.08711093991631602 0.08826251360591382 False True -0.006948488392307209 4.032906458428895 -0.02725849600593485 -1.9168857960732426 0.0
270 202 2128.0 1929.0 273.03197333199995 0.0 1.71 0.09747636081799226 0.08899751693262196 False True -0.006948488392307209 4.032906458428895 -0.02725849600593485 -1.9168857960732426 0.0
270 203 2140.0 1941.0 274.363302414 0.0 1.6600000000000001 0.09065811484789599 0.08986374226764036 False True -0.006948488392307209 4.032906458428895 -0.02725849600593485 -1.9168857960732426 0.0
270 204 2152.0 1953.0 275.695932628 0.0 1.6600000000000001 0.09065811484789599 0.0908611163315701 False True -0.006948488392307209 4.032906458428895 -0.02725849600593485 -1.9168857960732426 0.0
270 205 2164.0 1965.0 277.0253916799999 0.0 1.71 0.09747636081799226 0.09198955272891511 False True -0.006948488392307209 4.032906458428895 -0.02725849600593485 -1.9168857960732426 0.0
270 206 2176.0 1977.0 278.35685842299995 0.0 1.61 0.08711093991631602 0.09324895195672124 False True -0.006948488392307209 4.032906458428895 -0.02725849600593485 -1.9168857960732426 0.0
270 207 2188.0 1989.0 279.68747168 0.0 1.76 0.10754696545736876 0.08679510486160823 False True -0.006948488392307209 4.032906458428895 -0.02725849600593485 -1.9168857960732426 0.0
270 208 2192.0 1993.0 281.02835464699996 0.0 1.76 0.10754696545736876 0.08755806549369234 False True -0.006948488392307209 4.032906458428895 -0.02725849600593485 -1.9168857960732426 0.0
270 209 2196.0 1997.0 282.3571123549999 0.0 1.71 0.09747636081799226 0.08755806549369234 False True -0.006948488392307209 4.032906458428895 -0.02725849600593485 -1.9168857960732426 0.0
