166 0 400.0 200.99999999999997 1.255008900000007 0.0 8.42 0.16824755241713918 0.16239656050289134 False True 0.002638261460939881 2.895802655245821 -0.13023793633334885 -1.3093691076406302 0.0
166 1 412.0 212.99999999999997 2.5525012730000185 0.0 8.42 0.16824755241713918 0.15664091087144252 False True 0.002638261460939881 2.895802655245821 -0.13023793633334885 -1.3093691076406302 0.0
166 2 424.0 224.99999999999997 3.8634377820000054 0.0 8.41 0.16239656050289134 0.17419328930646183 False True 0.002638261460939881 2.895802655245821 -0.13023793633334885 -1.3093691076406302 0.0
166 3 436.0 236.99999999999997 5.16376856200003 0.0 8.41 0.16239656050289134 0.18023316438748918 False True 0.002638261460939881 2.895802655245821 -0.13023793633334885 -1.3093691076406302 0.0
166 4 448.0 248.99999999999997 6.473382877000006 0.0 8.43 0.17419328930646183 0.18636656146189656 False True 0.002638261460939881 2.895802655245821 -0.13023793633334885 -1.3093691076406302 0.0
166 5 460.0 261.0 7.773966139000009 0.0 8.43 0.17419328930646183 0.19259285497801146 False True 0.002638261460939881 2.895802655245821 -0.13023793633334885 -1.3093691076406302 0.0
166 6 472.0 273.0 9.092365373999996 0.0 8.459999999999999 0.19259285497801146 0.19891141009337726 False True 0.002638261460939881 2.895802655245821 -0.13023793633334885 -1.3093691076406302 0.0
166 7 484.0 285.0 10.402990015 0.0 8.459999999999999 0.19259285497801146 0.20532158273822457 False True 0.002638261460939881 2.895802655245821 -0.13023793633334885 -1.3093691076406302 0.0
166 8 496.0 297.0 11.703257855999993 0.0 8.459999999999999 0.19259285497801146 0.21182271967989183 False True 0.002638261460939881 2.895802655245821 -0.13023793633334885 -1.3093691076406302 0.0
166 9 508.0 309.0 13.003003199999995 0.0 8.459999999999999 0.19259285497801146 0.2184141585881411 False True 0.002638261460939881 2.895802655245821 -0.13023793633334885 -1.3093691076406302 0.0
166 10 520.0 321.0 14.332964731999994 0.0 8.459999999999999 0.19259285497801146 0.22509522810138957 False True 0.002638261460939881 2.895802655245821 -0.13023793633334885 -1.3093691076406302 0.0
166 11 532.0 333.0 15.632541967000009 0.0 8.459999999999999 0.19259285497801146 0.2318652478938442 False True 0.002638261460939881 2.895802655245821 -0.13023793633334885 -1.3093691076406302 0.0
166 12 544.0 345.0 16.944152900000006 0.0 8.459999999999999 0.19259285497801146 0.2387235287435417 False True 0.002638261460939881 2.895802655245821 -0.13023793633334885 -1.3093691076406302 0.0
166 13 556.0 357.0 18.24562003600002 0.0 8.459999999999999 0.19259285497801146 0.24566937260125443 False True 0.002638261460939881 2.895802655245821 -0.13023793633334885 -1.3093691076406302 0.0
166 14 568.0 369.0 19.55526445900003 0.0 8.459999999999999 0.19259285497801146 0.25270207266031514 False True 0.002638261460939881 2.895802655245821 -0.13023793633334885 -1.3093691076406302 0.0
166 15 580.0 381.0 20.87572121100004 0.0 8.459999999999999 0.19259285497801146 0.2598209134272757 False True 0.002638261460939881 2.895802655245821 -0.13023793633334885 -1.3093691076406302 0.0
166 16 592.0 393.0 22.186093030000023 0.0 8.5 0.2184141585881411 0.2670251707934729 False True 0.002638261460939881 2.895802655245821 -0.13023793633334885 -1.3093691076406302 0.0
166 17 604.0 405.0 23.495646876000023 0.0 8.57 0.2670251707934729 0.2743141121074301 False True 0.002638261460939881 2.895802655245821 -0.13023793633334885 -1.3093691076406302 0.0
166 18 616.0 417.0 24.798861276000025 0.0 8.57 0.2670251707934729 0.2816869962481225 False True 0.002638261460939881 2.895802655245821 -0.13023793633334885 -1.3093691076406302 0.0
166 19 628.0 429.0 26.103985790000024 0.0 8.5 0.2184141585881411 0.2891430736990893 False True 0.002638261460939881 2.895802655245821 -0.13023793633334885 -1.3093691076406302 0.0
166 20 640.0 441.0 27.40458601200004 0.0 8.57 0.2670251707934729 0.29668158662338434 False True 0.002638261460939881 2.895802655245821 -0.13023793633334885 -1.3093691076406302 0.0
166 21 652.0 453.0 28.71914774800004 0.0 8.57 0.2670251707934729 0.15098119129514714 False True 0.002638261460939881 2.895802655245821 -0.13023793633334885 -1.3093691076406302 0.0
166 22 664.0 465.0 30.049792000000053 0.0 8.39 0.15098119129514714 0.1454179799522149 False True 0.002638261460939881 2.895802655245821 -0.13023793633334885 -1.3093691076406302 0.0
166 23 676.0 477.0 31.36594135900006 0.0 8.39 0.15098119129514714 0.13995184536889133 False True 0.002638261460939881 2.895802655245821 -0.13023793633334885 -1.3093691076406302 0.0
166 24 688.0 489.0 32.68190315000007 0.0 8.39 0.15098119129514714 0.13458334636260535 False True 0.002638261460939881 2.895802655245821 -0.13023793633334885 -1.3093691076406302 0.0
166 25 700.0 501.0 33.99822184100006 0.0 8.39 0.15098119129514714 0.1454179799522149 False True 0.002638261460939881 2.895802655245821 -0.13023793633334885 -1.3093691076406302 0.0
166 26 704.0 505.0 35.314563071000066 0.0 8.39 0.15098119129514714 0.12931303198608834 False True 0.002638261460939881 2.895802655245821 -0.13023793633334885 -1.3093691076406302 0.0
166 27 716.0 517.0 36.636202403000055 0.0 8.39 0.15098119129514714 0.12414144147247201 False True 0.002638261460939881 2.895802655245821 -0.13023793633334885 -1.3093691076406302 0.0
166 28 728.0 529.0 37.95694436700006 0.0 8.38 0.1454179799522149 0.11906910418136174 False True 0.002638261460939881 2.895802655245821 -0.13023793633334885 -1.3093691076406302 0.0
166 29 740.0 541.0 39.27399514700005 0.0 8.39 0.15098119129514714 0.114096539545901 False True 0.002638261460939881 2.895802655245821 -0.13023793633334885 -1.3093691076406302 0.0
166 30 752.0 553.0 40.60761658800004 0.0 8.39 0.15098119129514714 0.10922425702083485 False True 0.002638261460939881 2.895802655245821 -0.13023793633334885 -1.3093691076406302 0.0
166 31 764.0 565.0 41.92375808400004 0.0 8.33 0.11906910418136174 0.10445275603155661 False True 0.002638261460939881 2.895802655245821 -0.13023793633334885 -1.3093691076406302 0.0
166 32 776.0 577.0 43.24684816300004 0.0 8.39 0.15098119129514714 0.09978252592417365 False True 0.002638261460939881 2.895802655245821 -0.13023793633334885 -1.3093691076406302 0.0
166 33 788.0 589.0 44.56201590400002 0.0 8.39 0.15098119129514714 0.09521404591656629 False True 0.002638261460939881 2.895802655245821 -0.13023793633334885 -1.3093691076406302 0.0
166 34 800.0 601.0 45.87757013800001 0.0 8.39 0.15098119129514714 0.09074778505047273 False True 0.002638261460939881 2.895802655245821 -0.13023793633334885 -1.3093691076406302 0.0
166 35 812.0 613.0 47.19359734 0.0 8.35 0.12931303198608834 0.08638420214458012 False True 0.002638261460939881 2.895802655245821 -0.13023793633334885 -1.3093691076406302 0.0
166 36 824.0 625.0 48.509578009999984 0.0 8.26 0.08638420214458012 0.12931303198608834 False True 0.002638261460939881 2.895802655245821 -0.13023793633334885 -1.3093691076406302 0.0
166 37 828.0 629.0 49.836171764 0.0 8.35 0.12931303198608834 0.0821237457486466 False True 0.002638261460939881 2.895802655245821 -0.13023793633334885 -1.3093691076406302 0.0
166 38 840.0 641.0 51.152709362999985 0.0 8.25 0.0821237457486466 0.0779668540986465 False True 0.002638261460939881 2.895802655245821 -0.13023793633334885 -1.3093691076406302 0.0
166 39 852.0 653.0 52.47925292099998 0.0 8.25 0.0821237457486466 0.07391395507294546 False True 0.002638261460939881 2.895802655245821 -0.13023793633334885 -1.3093691076406302 0.0
166 40 864.0 665.0 53.79553941199998 0.0 8.25 0.0821237457486466 0.06996546614951463 False True 0.002638261460939881 2.895802655245821 -0.13023793633334885 -1.3093691076406302 0.0
166 41 876.0 677.0 55.111715720999996 0.0 8.25 0.0821237457486466 0.06612179436418084 False True 0.002638261460939881 2.895802655245821 -0.13023793633334885 -1.3093691076406302 0.0
166 42 888.0 689.0 56.456658809000004 0.0 8.25 0.0821237457486466 0.06238333626993183 False True 0.002638261460939881 2.895802655245821 -0.13023793633334885 -1.3093691076406302 0.0
166 43 900.0 701.0 57.773204652000004 0.0 8.25 0.0821237457486466 0.058750477897246384 False True 0.002638261460939881 2.895802655245821 -0.13023793633334885 -1.3093691076406302 0.0
166 44 912.0 713.0 59.099417140000014 0.0 8.25 0.0821237457486466 0.05522359471550643 False True 0.002638261460939881 2.895802655245821 -0.13023793633334885 -1.3093691076406302 0.0
166 45 924.0 725.0 60.416375225000024 0.0 8.25 0.0821237457486466 0.05180305159544321 False True 0.002638261460939881 2.895802655245821 -0.13023793633334885 -1.3093691076406302 0.0
166 46 936.0 737.0 61.731127145000016 0.0 8.25 0.0821237457486466 0.04848920277265027 False True 0.002638261460939881 2.895802655245821 -0.13023793633334885 -1.3093691076406302 0.0
166 47 948.0 749.0 63.05696992800003 0.0 8.25 0.0821237457486466 0.058750477897246384 False True 0.002638261460939881 2.895802655245821 -0.13023793633334885 -1.3093691076406302 0.0
166 48 952.0 753.0 64.37378496700003 0.0 8.25 0.0821237457486466 0.07391395507294546 False True 0.002638261460939881 2.895802655245821 -0.13023793633334885 -1.3093691076406302 0.0
166 49 956.0 757.0 65.70029165900004 0.0 8.25 0.0821237457486466 0.07391395507294546 False True 0.002638261460939881 2.895802655245821 -0.13023793633334885 -1.3093691076406302 0.0
166 50 960.0 761.0 67.01676016100004 0.0 8.25 0.0821237457486466 0.04528239181216348 False True 0.002638261460939881 2.895802655245821 -0.13023793633334885 -1.3093691076406302 0.0
166 51 972.0 773.0 68.34227819600002 0.0 8.15 0.04528239181216348 0.0421829515741039 False True 0.002638261460939881 2.895802655245821 -0.13023793633334885 -1.3093691076406302 0.0
166 52 984.0 785.0 69.65991426600002 0.0 8.15 0.04528239181216348 0.03919120418038964 False True 0.002638261460939881 2.895802655245821 -0.13023793633334885 -1.3093691076406302 0.0
166 53 996.0 797.0 70.987506053 0.0 8.15 0.04528239181216348 0.0363074609825296 False True 0.002638261460939881 2.895802655245821 -0.13023793633334885 -1.3093691076406302 0.0
166 54 1008.0 809.0 72.30429258000001 0.0 8.15 0.04528239181216348 0.3120028463972715 False True 0.002638261460939881 2.895802655245821 -0.13023793633334885 -1.3093691076406302 0.0
166 55 1020.0 821.0 73.631556754 0.0 8.15 0.04528239181216348 0.058750477897246384 False True 0.002638261460939881 2.895802655245821 -0.13023793633334885 -1.3093691076406302 0.0
166 56 1024.0 825.0 74.96757900699998 0.0 8.15 0.04528239181216348 0.3043017689393578 False True 0.002638261460939881 2.895802655245821 -0.13023793633334885 -1.3093691076406302 0.0
166 57 1036.0 837.0 76.29454927799998 0.0 8.15 0.04528239181216348 0.31978403665670824 False True 0.002638261460939881 2.895802655245821 -0.13023793633334885 -1.3093691076406302 0.0
166 58 1048.0 849.0 77.61061615099999 0.0 8.15 0.04528239181216348 0.32764454936481646 False True 0.002638261460939881 2.895802655245821 -0.13023793633334885 -1.3093691076406302 0.0
166 59 1060.0 861.0 78.93626834399998 0.0 8.15 0.04528239181216348 0.33558358623534257 False True 0.002638261460939881 2.895802655245821 -0.13023793633334885 -1.3093691076406302 0.0
166 60 1072.0 873.0 80.25246658699999 0.0 8.15 0.04528239181216348 0.34360034112845933 False True 0.002638261460939881 2.895802655245821 -0.13023793633334885 -1.3093691076406302 0.0
166 61 1084.0 885.0 81.57877489999998 0.0 8.15 0.04528239181216348 0.030865178542602352 False True 0.002638261460939881 2.895802655245821 -0.13023793633334885 -1.3093691076406302 0.0
166 62 1096.0 897.0 82.89542789599997 0.0 8.15 0.04528239181216348 0.033532022530481084 False True 0.002638261460939881 2.895802655245821 -0.13023793633334885 -1.3093691076406302 0.0
166 63 1108.0 909.0 84.22095459899998 0.0 8.15 0.04528239181216348 0.028307207876677003 False True 0.002638261460939881 2.895802655245821 -0.13023793633334885 -1.3093691076406302 0.0
166 64 1120.0 921.0 85.53834757499999 0.0 8.15 0.04528239181216348 0.025858378502029274 False True 0.002638261460939881 2.895802655245821 -0.13023793633334885 -1.3093691076406302 0.0
166 65 1132.0 933.0 86.864930719 0.0 8.35 0.12931303198608834 0.02351894747272918 False True 0.002638261460939881 2.895802655245821 -0.13023793633334885 -1.3093691076406302 0.0
166 66 1144.0 945.0 88.19217057400002 0.0 8.25 0.0821237457486466 0.021289160901884527 False True 0.002638261460939881 2.895802655245821 -0.13023793633334885 -1.3093691076406302 0.0
166 67 1156.0 957.0 89.51007316100001 0.0 8.62 0.3043017689393578 0.0779668540986465 False True 0.002638261460939881 2.895802655245821 -0.13023793633334885 -1.3093691076406302 0.0
166 68 1160.0 961.0 90.820592274 0.0 8.62 0.3043017689393578 0.019169253937032747 False True 0.002638261460939881 2.895802655245821 -0.13023793633334885 -1.3093691076406302 0.0
166 69 1172.0 973.0 92.181535029 0.0 8.25 0.0821237457486466 0.017159450736624615 False True 0.002638261460939881 2.895802655245821 -0.13023793633334885 -1.3093691076406302 0.0
166 70 1184.0 985.0 93.458367023 0.0 8.35 0.12931303198608834 0.01525996444760878 False True 0.002638261460939881 2.895802655245821 -0.13023793633334885 -1.3093691076406302 0.0
166 71 1196.0 997.0 94.767269852 0.0 8.03 0.01525996444760878 0.013470997184120113 False True 0.002638261460939881 2.895802655245821 -0.13023793633334885 -1.3093691076406302 0.0
166 72 1208.0 1009.0 96.076868467 0.0 8.15 0.04528239181216348 0.021289160901884527 False True 0.002638261460939881 2.895802655245821 -0.13023793633334885 -1.3093691076406302 0.0
166 73 1212.0 1013.0 97.37606691899998 0.0 8.15 0.04528239181216348 0.011792740007263913 False True 0.002638261460939881 2.895802655245821 -0.13023793633334885 -1.3093691076406302 0.0
166 74 1224.0 1025.0 98.68593088099996 0.0 8.15 0.04528239181216348 0.010225372906013904 False True 0.002638261460939881 2.895802655245821 -0.13023793633334885 -1.3093691076406302 0.0
166 75 1236.0 1037.0 99.99757302999996 0.0 8.03 0.01525996444760878 0.017159450736624615 False True 0.002638261460939881 2.895802655245821 -0.13023793633334885 -1.3093691076406302 0.0
166 76 1240.0 1041.0 101.31279555599994 0.0 8.15 0.04528239181216348 0.00876906477921006 False True 0.002638261460939881 2.895802655245821 -0.13023793633334885 -1.3093691076406302 0.0
166 77 1252.0 1053.0 102.62037320199994 0.0 7.99 0.00876906477921006 0.007423973418675209 False True 0.002638261460939881 2.895802655245821 -0.13023793633334885 -1.3093691076406302 0.0
166 78 1264.0 1065.0 103.93085858999996 0.0 7.99 0.00876906477921006 0.006190245493429483 False True 0.002638261460939881 2.895802655245821 -0.13023793633334885 -1.3093691076406302 0.0
166 79 1276.0 1077.0 105.24149350999997 0.0 8.15 0.04528239181216348 0.0050680165350255385 False True 0.002638261460939881 2.895802655245821 -0.13023793633334885 -1.3093691076406302 0.0
166 80 1288.0 1089.0 106.56278612899996 0.0 7.96 0.0050680165350255385 0.004057410923997567 False True 0.002638261460939881 2.895802655245821 -0.13023793633334885 -1.3093691076406302 0.0
166 81 1300.0 1101.0 107.87376159399997 0.0 8.15 0.04528239181216348 0.0031585418774231037 False True 0.002638261460939881 2.895802655245821 -0.13023793633334885 -1.3093691076406302 0.0
166 82 1312.0 1113.0 109.18550156899997 0.0 8.15 0.04528239181216348 0.002371511437598633 False True 0.002638261460939881 2.895802655245821 -0.13023793633334885 -1.3093691076406302 0.0
166 83 1324.0 1125.0 110.49742372999998 0.0 8.15 0.04528239181216348 0.001696410461838953 False True 0.002638261460939881 2.895802655245821 -0.13023793633334885 -1.3093691076406302 0.0
166 84 1336.0 1137.0 111.80899613199998 0.0 8.15 0.04528239181216348 0.0011333186133903387 False True 0.002638261460939881 2.895802655245821 -0.13023793633334885 -1.3093691076406302 0.0
166 85 1348.0 1149.0 113.12109730499998 0.0 7.91 0.0011333186133903387 0.0006823043534624806 False True 0.002638261460939881 2.895802655245821 -0.13023793633334885 -1.3093691076406302 0.0
166 86 1360.0 1161.0 114.43316262999997 0.0 7.91 0.0011333186133903387 0.00034342493438817783 False True 0.002638261460939881 2.895802655245821 -0.13023793633334885 -1.3093691076406302 0.0
166 87 1372.0 1173.0 115.74396197999997 0.0 7.91 0.0011333186133903387 0.00011672639389084222 False True 0.002638261460939881 2.895802655245821 -0.13023793633334885 -1.3093691076406302 0.0
166 88 1384.0 1185.0 117.05514539699996 0.0 7.91 0.0011333186133903387 2.243550486735012e-06 False True 0.002638261460939881 2.895802655245821 -0.13023793633334885 -1.3093691076406302 0.0
166 89 1396.0 1197.0 118.36683119899996 0.0 7.91 0.0011333186133903387 0.0 False True 0.002638261460939881 2.895802655245821 -0.13023793633334885 -1.3093691076406302 0.0
166 90 1408.0 1209.0 119.67896978399997 0.0 7.91 0.0011333186133903387 0.00011000811320345565 False True 0.002638261460939881 2.895802655245821 -0.13023793633334885 -1.3093691076406302 0.0
166 91 1420.0 1221.0 120.990318357 0.0 7.91 0.0011333186133903387 0.0003322690345861433 False True 0.002638261460939881 2.895802655245821 -0.13023793633334885 -1.3093691076406302 0.0
166 92 1432.0 1233.0 122.30191455600001 0.0 7.84 0.0003322690345861433 0.0006667726822306803 False True 0.002638261460939881 2.895802655245821 -0.13023793633334885 -1.3093691076406302 0.0
166 93 1444.0 1245.0 123.63005074600002 0.0 7.84 0.0003322690345861433 0.001113497748831329 False True 0.002638261460939881 2.895802655245821 -0.13023793633334885 -1.3093691076406302 0.0
166 94 1456.0 1257.0 125.51454210699998 0.0 7.84 0.0003322690345861433 0.0016724117038138934 False True 0.002638261460939881 2.895802655245821 -0.13023793633334885 -1.3093691076406302 0.0
166 95 1468.0 1269.0 127.52170654299996 0.0 7.84 0.0003322690345861433 0.0023434707965993237 False True 0.002638261460939881 2.895802655245821 -0.13023793633334885 -1.3093691076406302 0.0
166 96 1480.0 1281.0 129.53629537299994 0.0 7.84 0.0003322690345861433 0.0031266200609721393 False True 0.002638261460939881 2.895802655245821 -0.13023793633334885 -1.3093691076406302 0.0
166 97 1492.0 1293.0 131.30443522999994 0.0 7.79 0.0031266200609721393 0.0011333186133903387 False True 0.002638261460939881 2.895802655245821 -0.13023793633334885 -1.3093691076406302 0.0
166 98 1496.0 1297.0 132.78596536499995 0.0 7.79 0.0031266200609721393 0.004021793320580594 False True 0.002638261460939881 2.895802655245821 -0.13023793633334885 -1.3093691076406302 0.0
166 99 1508.0 1309.0 134.22512506699994 0.0 7.91 0.0011333186133903387 0.0031266200609721393 False True 0.002638261460939881 2.895802655245821 -0.13023793633334885 -1.3093691076406302 0.0
166 100 1512.0 1313.0 135.61470308199992 0.0 7.79 0.0031266200609721393 0.00011672639389084222 False True 0.002638261460939881 2.895802655245821 -0.13023793633334885 -1.3093691076406302 0.0
166 101 1516.0 1317.0 136.9777163059999 0.0 7.79 0.0031266200609721393 0.00011672639389084222 False True 0.002638261460939881 2.895802655245821 -0.13023793633334885 -1.3093691076406302 0.0
166 102 1520.0 1321.0 138.30535563599992 0.0 7.88 0.00011672639389084222 0.0003322690345861433 False True 0.002638261460939881 2.895802655245821 -0.13023793633334885 -1.3093691076406302 0.0
166 103 1524.0 1325.0 139.61671267999995 0.0 7.88 0.00011672639389084222 0.00502891319555263 False True 0.002638261460939881 2.895802655245821 -0.13023793633334885 -1.3093691076406302 0.0
166 104 1536.0 1337.0 140.92773435699993 0.0 7.77 0.00502891319555263 0.0061478911102326025 False True 0.002638261460939881 2.895802655245821 -0.13023793633334885 -1.3093691076406302 0.0
166 105 1548.0 1349.0 142.24979540099994 0.0 7.77 0.00502891319555263 0.007378627302043763 False True 0.002638261460939881 2.895802655245821 -0.13023793633334885 -1.3093691076406302 0.0
166 106 1560.0 1361.0 143.56128454199998 0.0 7.77 0.00502891319555263 0.00011672639389084222 False True 0.002638261460939881 2.895802655245821 -0.13023793633334885 -1.3093691076406302 0.0
166 107 1564.0 1365.0 144.872557624 0.0 7.88 0.00011672639389084222 0.008721010831458561 False True 0.002638261460939881 2.895802655245821 -0.13023793633334885 -1.3093691076406302 0.0
166 108 1576.0 1377.0 146.199078904 0.0 7.74 0.008721010831458561 0.010174919593096689 False True 0.002638261460939881 2.895802655245821 -0.13023793633334885 -1.3093691076406302 0.0
166 109 1588.0 1389.0 147.52138473 0.0 7.77 0.00502891319555263 0.008721010831458561 False True 0.002638261460939881 2.895802655245821 -0.13023793633334885 -1.3093691076406302 0.0
166 110 1592.0 1393.0 148.842252925 0.0 7.77 0.00502891319555263 0.008721010831458561 False True 0.002638261460939881 2.895802655245821 -0.13023793633334885 -1.3093691076406302 0.0
166 111 1596.0 1397.0 150.15391676700003 0.0 7.77 0.00502891319555263 0.008721010831458561 False True 0.002638261460939881 2.895802655245821 -0.13023793633334885 -1.3093691076406302 0.0
166 112 1600.0 1401.0 151.46453128200002 0.0 7.91 0.0011333186133903387 0.011740220327934927 False True 0.002638261460939881 2.895802655245821 -0.13023793633334885 -1.3093691076406302 0.0
166 113 1612.0 1413.0 152.78576527700002 0.0 7.91 0.0011333186133903387 0.01341676863663079 False True 0.002638261460939881 2.895802655245821 -0.13023793633334885 -1.3093691076406302 0.0
166 114 1624.0 1425.0 154.09790776100002 0.0 7.91 0.0011333186133903387 0.015204408993965947 False True 0.002638261460939881 2.895802655245821 -0.13023793633334885 -1.3093691076406302 0.0
166 115 1636.0 1437.0 155.420179612 0.0 7.7 0.015204408993965947 0.01710297476439744 False True 0.002638261460939881 2.895802655245821 -0.13023793633334885 -1.3093691076406302 0.0
166 116 1648.0 1449.0 156.73031290499998 0.0 7.7 0.015204408993965947 0.0011333186133903387 False True 0.002638261460939881 2.895802655245821 -0.13023793633334885 -1.3093691076406302 0.0
166 117 1652.0 1453.0 158.04296620699998 0.0 7.7 0.015204408993965947 0.019112288218718732 False True 0.002638261460939881 2.895802655245821 -0.13023793633334885 -1.3093691076406302 0.0
166 118 1664.0 1465.0 159.36467732999998 0.0 7.7 0.015204408993965947 0.02123216055183651 False True 0.002638261460939881 2.895802655245821 -0.13023793633334885 -1.3093691076406302 0.0
166 119 1676.0 1477.0 160.67614756799995 0.0 7.91 0.0011333186133903387 0.015204408993965947 False True 0.002638261460939881 2.895802655245821 -0.13023793633334885 -1.3093691076406302 0.0
166 120 1680.0 1481.0 161.98514545899994 0.0 7.91 0.0011333186133903387 0.015204408993965947 False True 0.002638261460939881 2.895802655245821 -0.13023793633334885 -1.3093691076406302 0.0
166 121 1684.0 1485.0 163.29705971299992 0.0 7.7 0.015204408993965947 0.0011333186133903387 False True 0.002638261460939881 2.895802655245821 -0.13023793633334885 -1.3093691076406302 0.0
166 122 1688.0 1489.0 164.61831675599993 0.0 7.91 0.0011333186133903387 0.015204408993965947 False True 0.002638261460939881 2.895802655245821 -0.13023793633334885 -1.3093691076406302 0.0
166 123 1692.0 1493.0 165.92829444499992 0.0 7.91 0.0011333186133903387 0.02346239190164835 False True 0.002638261460939881 2.895802655245821 -0.13023793633334885 -1.3093691076406302 0.0
166 124 1704.0 1505.0 167.2407356109999 0.0 7.91 0.0011333186133903387 0.025802771369029167 False True 0.002638261460939881 2.895802655245821 -0.13023793633334885 -1.3093691076406302 0.0
166 125 1716.0 1517.0 168.5617701639999 0.0 7.91 0.0011333186133903387 0.028253077038924507 False True 0.002638261460939881 2.895802655245821 -0.13023793633334885 -1.3093691076406302 0.0
166 126 1728.0 1529.0 169.8775491549999 0.0 7.91 0.0011333186133903387 0.019112288218718732 False True 0.002638261460939881 2.895802655245821 -0.13023793633334885 -1.3093691076406302 0.0
166 127 1732.0 1533.0 171.18501151099994 0.0 7.68 0.019112288218718732 0.0011333186133903387 False True 0.002638261460939881 2.895802655245821 -0.13023793633334885 -1.3093691076406302 0.0
166 128 1736.0 1537.0 172.49588673899999 0.0 7.68 0.019112288218718732 0.0011333186133903387 False True 0.002638261460939881 2.895802655245821 -0.13023793633334885 -1.3093691076406302 0.0
166 129 1740.0 1541.0 173.80568018 0.0 7.68 0.019112288218718732 0.015204408993965947 False True 0.002638261460939881 2.895802655245821 -0.13023793633334885 -1.3093691076406302 0.0
166 130 1744.0 1545.0 175.127755489 0.0 7.68 0.019112288218718732 0.015204408993965947 False True 0.002638261460939881 2.895802655245821 -0.13023793633334885 -1.3093691076406302 0.0
166 131 1748.0 1549.0 176.43910705300001 0.0 7.68 0.019112288218718732 0.030813076002535647 False True 0.002638261460939881 2.895802655245821 -0.13023793633334885 -1.3093691076406302 0.0
166 132 1760.0 1561.0 177.74976459900003 0.0 7.63 0.030813076002535647 0.019112288218718732 False True 0.002638261460939881 2.895802655245821 -0.13023793633334885 -1.3093691076406302 0.0
166 133 1764.0 1565.0 179.061911992 0.0 7.63 0.030813076002535647 0.033482524380617544 False True 0.002638261460939881 2.895802655245821 -0.13023793633334885 -1.3093691076406302 0.0
166 134 1776.0 1577.0 180.37262293799998 0.0 7.63 0.030813076002535647 0.03626116734785964 False True 0.002638261460939881 2.895802655245821 -0.13023793633334885 -1.3093691076406302 0.0
166 135 1788.0 1589.0 181.68572596099997 0.0 7.63 0.030813076002535647 0.039148739158373476 False True 0.002638261460939881 2.895802655245821 -0.13023793633334885 -1.3093691076406302 0.0
166 136 1800.0 1601.0 183.007793566 0.0 7.63 0.030813076002535647 0.04214496317226717 False True 0.002638261460939881 2.895802655245821 -0.13023793633334885 -1.3093691076406302 0.0
166 137 1812.0 1613.0 184.31845221900002 0.0 7.63 0.030813076002535647 0.045249551883304845 False True 0.002638261460939881 2.895802655245821 -0.13023793633334885 -1.3093691076406302 0.0
166 138 1824.0 1625.0 185.629896042 0.0 7.58 0.045249551883304845 0.04846220694766076 False True 0.002638261460939881 2.895802655245821 -0.13023793633334885 -1.3093691076406302 0.0
166 139 1836.0 1637.0 186.94137288600004 0.0 7.58 0.045249551883304845 0.030813076002535647 False True 0.002638261460939881 2.895802655245821 -0.13023793633334885 -1.3093691076406302 0.0
166 140 1840.0 1641.0 188.25194176000005 0.0 7.63 0.030813076002535647 0.0517826192137535 False True 0.002638261460939881 2.895802655245821 -0.13023793633334885 -1.3093691076406302 0.0
166 141 1852.0 1653.0 189.57250303900005 0.0 7.63 0.030813076002535647 0.045249551883304845 False True 0.002638261460939881 2.895802655245821 -0.13023793633334885 -1.3093691076406302 0.0
166 142 1856.0 1657.0 190.88205448800008 0.0 7.63 0.030813076002535647 0.05521046875315992 False True 0.002638261460939881 2.895802655245821 -0.13023793633334885 -1.3093691076406302 0.0
166 143 1868.0 1669.0 192.19291051700012 0.0 7.55 0.05521046875315992 0.058745424892607055 False True 0.002638261460939881 2.895802655245821 -0.13023793633334885 -1.3093691076406302 0.0
166 144 1880.0 1681.0 193.50354112200014 0.0 7.55 0.05521046875315992 0.030813076002535647 False True 0.002638261460939881 2.895802655245821 -0.13023793633334885 -1.3093691076406302 0.0
166 145 1884.0 1685.0 194.81525209200012 0.0 7.91 0.0011333186133903387 0.06238714624704095 False True 0.002638261460939881 2.895802655245821 -0.13023793633334885 -1.3093691076406302 0.0
166 146 1896.0 1697.0 196.12676733000015 0.0 7.63 0.030813076002535647 0.0661352807537653 False True 0.002638261460939881 2.895802655245821 -0.13023793633334885 -1.3093691076406302 0.0
166 147 1908.0 1709.0 197.44740734700017 0.0 7.63 0.030813076002535647 0.06998946570764719 False True 0.002638261460939881 2.895802655245821 -0.13023793633334885 -1.3093691076406302 0.0
166 148 1920.0 1721.0 198.7585531030002 0.0 7.91 0.0011333186133903387 0.0739493277973826 False True 0.002638261460939881 2.895802655245821 -0.13023793633334885 -1.3093691076406302 0.0
166 149 1932.0 1733.0 200.07020435000018 0.0 7.91 0.0011333186133903387 0.07801448314283796 False True 0.002638261460939881 2.895802655245821 -0.13023793633334885 -1.3093691076406302 0.0
166 150 1944.0 1745.0 201.3810964360002 0.0 7.55 0.05521046875315992 0.019112288218718732 False True 0.002638261460939881 2.895802655245821 -0.13023793633334885 -1.3093691076406302 0.0
166 151 1948.0 1749.0 202.69216467400022 0.0 7.55 0.05521046875315992 0.0821845373334276 False True 0.002638261460939881 2.895802655245821 -0.13023793633334885 -1.3093691076406302 0.0
166 152 1960.0 1761.0 204.00304310600026 0.0 7.55 0.05521046875315992 0.08645908546755932 False True 0.002638261460939881 2.895802655245821 -0.13023793633334885 -1.3093691076406302 0.0
166 153 1972.0 1773.0 205.31620361000026 0.0 7.55 0.05521046875315992 0.09083771219312259 False True 0.002638261460939881 2.895802655245821 -0.13023793633334885 -1.3093691076406302 0.0
166 154 1984.0 1785.0 206.62824220700023 0.0 7.55 0.05521046875315992 0.09531999174902822 False True 0.002638261460939881 2.895802655245821 -0.13023793633334885 -1.3093691076406302 0.0
166 155 1996.0 1797.0 207.95057291700024 0.0 7.55 0.05521046875315992 0.09990548800777663 False True 0.002638261460939881 2.895802655245821 -0.13023793633334885 -1.3093691076406302 0.0
166 156 2008.0 1809.0 209.2625402890002 0.0 7.4399999999999995 0.09990548800777663 0.10459375451907535 False True 0.002638261460939881 2.895802655245821 -0.13023793633334885 -1.3093691076406302 0.0
166 157 2020.0 1821.0 210.57477526400024 0.0 7.4399999999999995 0.09990548800777663 0.10938433455448746 False True 0.002638261460939881 2.895802655245821 -0.13023793633334885 -1.3093691076406302 0.0
166 158 2032.0 1833.0 211.89649109100023 0.0 7.55 0.05521046875315992 0.11427676115309111 False True 0.002638261460939881 2.895802655245821 -0.13023793633334885 -1.3093691076406302 0.0
166 159 2044.0 1845.0 213.20784823600022 0.0 7.41 0.11427676115309111 0.11927055716819111 False True 0.002638261460939881 2.895802655245821 -0.13023793633334885 -1.3093691076406302 0.0
166 160 2056.0 1857.0 214.5189424230002 0.0 7.41 0.11427676115309111 0.12436523531502154 False True 0.002638261460939881 2.895802655245821 -0.13023793633334885 -1.3093691076406302 0.0
166 161 2068.0 1869.0 215.82917158000018 0.0 7.41 0.11427676115309111 0.12956029821948142 False True 0.002638261460939881 2.895802655245821 -0.13023793633334885 -1.3093691076406302 0.0
166 162 2080.0 1881.0 217.15023545800014 0.0 7.41 0.11427676115309111 0.1348552384678636 False True 0.002638261460939881 2.895802655245821 -0.13023793633334885 -1.3093691076406302 0.0
166 163 2092.0 1893.0 218.4620063340001 0.0 7.91 0.0011333186133903387 0.14024953865760864 False True 0.002638261460939881 2.895802655245821 -0.13023793633334885 -1.3093691076406302 0.0
166 164 2104.0 1905.0 219.77352854500012 0.0 7.91 0.0011333186133903387 0.1457426714490318 False True 0.002638261460939881 2.895802655245821 -0.13023793633334885 -1.3093691076406302 0.0
166 165 2116.0 1917.0 221.0835914240001 0.0 7.7 0.015204408993965947 0.15133409961806535 False True 0.002638261460939881 2.895802655245821 -0.13023793633334885 -1.3093691076406302 0.0
166 166 2128.0 1929.0 222.4054765270001 0.0 7.52 0.0661352807537653 0.045249551883304845 False True 0.002638261460939881 2.895802655245821 -0.13023793633334885 -1.3093691076406302 0.0
166 167 2132.0 1933.0 223.71542742300008 0.0 7.91 0.0011333186133903387 0.1348552384678636 False True 0.002638261460939881 2.895802655245821 -0.13023793633334885 -1.3093691076406302 0.0
166 168 2136.0 1937.0 225.02562022100008 0.0 7.55 0.05521046875315992 0.01341676863663079 False True 0.002638261460939881 2.895802655245821 -0.13023793633334885 -1.3093691076406302 0.0
166 169 2140.0 1941.0 226.33523685500003 0.0 7.91 0.0011333186133903387 0.03626116734785964 False True 0.002638261460939881 2.895802655245821 -0.13023793633334885 -1.3093691076406302 0.0
166 170 2144.0 1945.0 227.64504195100002 0.0 7.91 0.0011333186133903387 0.15702327610996972 False True 0.002638261460939881 2.895802655245821 -0.13023793633334885 -1.3093691076406302 0.0
166 171 2156.0 1957.0 228.95471952100004 0.0 7.91 0.0011333186133903387 0.1628096440940582 False True 0.002638261460939881 2.895802655245821 -0.13023793633334885 -1.3093691076406302 0.0
166 172 2168.0 1969.0 230.26526181600005 0.0 7.91 0.0011333186133903387 0.08645908546755932 False True 0.002638261460939881 2.895802655245821 -0.13023793633334885 -1.3093691076406302 0.0
166 173 2172.0 1973.0 231.57596311000006 0.0 7.47 0.08645908546755932 0.11427676115309111 False True 0.002638261460939881 2.895802655245821 -0.13023793633334885 -1.3093691076406302 0.0
166 174 2176.0 1977.0 232.8871357620001 0.0 7.41 0.11427676115309111 0.019112288218718732 False True 0.002638261460939881 2.895802655245821 -0.13023793633334885 -1.3093691076406302 0.0
166 175 2180.0 1981.0 234.19808671400014 0.0 7.41 0.11427676115309111 0.004057410923997567 False True 0.002638261460939881 2.895802655245821 -0.13023793633334885 -1.3093691076406302 0.0
166 176 2184.0 1985.0 235.5227610370001 0.0 7.41 0.11427676115309111 0.16869263701935652 False True 0.002638261460939881 2.895802655245821 -0.13023793633334885 -1.3093691076406302 0.0
166 177 2196.0 1997.0 236.8483451210001 0.0 7.41 0.11427676115309111 0.17467167867127575 False True 0.002638261460939881 2.895802655245821 -0.13023793633334885 -1.3093691076406302 0.0
