506 0 400.0 200.99999999999997 1.3793638520000115 0.0 1.23 0.11510490039764197 0.10902863917960583 False True 0.06217641514057243 6.379873453272347 -0.025321891613287913 -3.14254582373342 0.0
506 1 412.0 212.99999999999997 2.8092964860000222 0.0 1.23 0.11510490039764197 0.12152309859203157 False True 0.06217641514057243 6.379873453272347 -0.025321891613287913 -3.14254582373342 0.0
506 2 424.0 224.99999999999997 4.229100748000036 0.0 1.23 0.11510490039764197 0.11202387714046418 False True 0.06217641514057243 6.379873453272347 -0.025321891613287913 -3.14254582373342 0.0
506 3 436.0 236.99999999999997 5.636886232000023 0.0 1.23 0.11510490039764197 0.004967591995971927 False True 0.06217641514057243 6.379873453272347 -0.025321891613287913 -3.14254582373342 0.0
506 4 448.0 249.0 7.056907873 0.0 7.76 0.004967591995971927 0.005962046052813994 False True 0.06217641514057243 6.379873453272347 -0.025321891613287913 -3.14254582373342 0.0
506 5 460.0 261.0 8.495567811 0.0 7.76 0.004967591995971927 0.009486281309525326 False True 0.06217641514057243 6.379873453272347 -0.025321891613287913 -3.14254582373342 0.0
506 6 472.0 273.0 9.928807686999988 0.0 7.76 0.004967591995971927 0.008221493878803053 False True 0.06217641514057243 6.379873453272347 -0.025321891613287913 -3.14254582373342 0.0
506 7 484.0 285.0 11.352634846 0.0 7.76 0.004967591995971927 0.0032496717899763903 False True 0.06217641514057243 6.379873453272347 -0.025321891613287913 -3.14254582373342 0.0
506 8 496.0 297.0 12.787674049999993 0.0 7.78 0.0032496717899763903 0.0025263578210549696 False True 0.06217641514057243 6.379873453272347 -0.025321891613287913 -3.14254582373342 0.0
506 9 508.0 309.0 14.22872378400001 0.0 7.78 0.0032496717899763903 0.004063440371786234 False True 0.06217641514057243 6.379873453272347 -0.025321891613287913 -3.14254582373342 0.0
506 10 520.0 321.0 15.677822356000007 0.0 7.78 0.0032496717899763903 0.0013513347658366945 False True 0.06217641514057243 6.379873453272347 -0.025321891613287913 -3.14254582373342 0.0
506 11 532.0 333.0 17.105583937999995 0.0 7.78 0.0032496717899763903 0.0018935609891666263 False True 0.06217641514057243 6.379873453272347 -0.025321891613287913 -3.14254582373342 0.0
506 12 544.0 345.0 18.575410801999993 0.0 7.78 0.0032496717899763903 0.0005387627366836273 False True 0.06217641514057243 6.379873453272347 -0.025321891613287913 -3.14254582373342 0.0
506 13 556.0 357.0 20.00346406 0.0 7.8 0.0018935609891666263 0.012285399833480655 False True 0.06217641514057243 6.379873453272347 -0.025321891613287913 -3.14254582373342 0.0
506 14 568.0 369.0 21.47589714 0.0 7.78 0.0032496717899763903 0.010840958516686003 False True 0.06217641514057243 6.379873453272347 -0.025321891613287913 -3.14254582373342 0.0
506 15 580.0 381.0 22.917586873000005 0.0 7.71 0.010840958516686003 0.015443027255637851 False True 0.06217641514057243 6.379873453272347 -0.025321891613287913 -3.14254582373342 0.0
506 16 592.0 393.0 24.368590917999995 0.0 7.68 0.015443027255637851 0.013819470615789118 False True 0.06217641514057243 6.379873453272347 -0.025321891613287913 -3.14254582373342 0.0
506 17 604.0 405.0 25.80526729600001 0.0 7.68 0.015443027255637851 0.017155917195563898 False True 0.06217641514057243 6.379873453272347 -0.025321891613287913 -3.14254582373342 0.0
506 18 616.0 417.0 27.244215784000005 0.0 7.68 0.015443027255637851 0.041857674421743006 False True 0.06217641514057243 6.379873453272347 -0.025321891613287913 -3.14254582373342 0.0
506 19 628.0 429.0 28.680733120000014 0.0 7.71 0.010840958516686003 0.036588879518404054 False True 0.06217641514057243 6.379873453272347 -0.025321891613287913 -3.14254582373342 0.0
506 20 640.0 441.0 30.136130139000016 0.0 7.8 0.0018935609891666263 0.039180032838181465 False True 0.06217641514057243 6.379873453272347 -0.025321891613287913 -3.14254582373342 0.0
506 21 652.0 453.0 31.574773232000013 0.0 7.8 0.0018935609891666263 0.03166710481826332 False True 0.06217641514057243 6.379873453272347 -0.025321891613287913 -3.14254582373342 0.0
506 22 664.0 465.0 33.0119794 0.0 7.68 0.015443027255637851 0.0340844834185851 False True 0.06217641514057243 6.379873453272347 -0.025321891613287913 -3.14254582373342 0.0
506 23 676.0 477.0 34.44740861699998 0.0 7.78 0.0032496717899763903 0.02709439769580856 False True 0.06217641514057243 6.379873453272347 -0.025321891613287913 -3.14254582373342 0.0
506 24 688.0 489.0 35.880654066999995 0.0 7.68 0.015443027255637851 0.02933699529431861 False True 0.06217641514057243 6.379873453272347 -0.025321891613287913 -3.14254582373342 0.0
506 25 700.0 501.0 37.31767905299998 0.0 8.12 0.02933699529431861 0.022872665887404425 False True 0.06217641514057243 6.379873453272347 -0.025321891613287913 -3.14254582373342 0.0
506 26 712.0 513.0 38.75552850899999 0.0 8.12 0.02933699529431861 0.019003676728229064 False True 0.06217641514057243 6.379873453272347 -0.025321891613287913 -3.14254582373342 0.0
506 27 724.0 525.0 40.19400254399997 0.0 8.12 0.02933699529431861 0.02089397352235036 False True 0.06217641514057243 6.379873453272347 -0.025321891613287913 -3.14254582373342 0.0
506 28 736.0 537.0 41.64991123299998 0.0 8.12 0.02933699529431861 0.015489056445366096 False True 0.06217641514057243 6.379873453272347 -0.025321891613287913 -3.14254582373342 0.0
506 29 748.0 549.0 43.097383963 0.0 8.12 0.02933699529431861 0.01720197436827388 False True 0.06217641514057243 6.379873453272347 -0.025321891613287913 -3.14254582373342 0.0
506 30 760.0 561.0 44.53436518500001 0.0 7.78 0.0032496717899763903 0.024939546119689633 False True 0.06217641514057243 6.379873453272347 -0.025321891613287913 -3.14254582373342 0.0
506 31 772.0 573.0 45.97381472700002 0.0 7.8 0.0018935609891666263 0.012330289507337987 False True 0.06217641514057243 6.379873453272347 -0.025321891613287913 -3.14254582373342 0.0
506 32 784.0 585.0 47.41561155900001 0.0 8.03 0.012330289507337987 0.013865104083033437 False True 0.06217641514057243 6.379873453272347 -0.025321891613287913 -3.14254582373342 0.0
506 33 796.0 597.0 48.867960572000015 0.0 8.03 0.012330289507337987 0.009528718030343535 False True 0.06217641514057243 6.379873453272347 -0.025321891613287913 -3.14254582373342 0.0
506 34 808.0 609.0 50.32471768900004 0.0 8.01 0.009528718030343535 0.010884776029656063 False True 0.06217641514057243 6.379873453272347 -0.025321891613287913 -3.14254582373342 0.0
506 35 820.0 621.0 51.77335559400004 0.0 8.01 0.009528718030343535 0.007085541241428251 False True 0.06217641514057243 6.379873453272347 -0.025321891613287913 -3.14254582373342 0.0
506 36 832.0 633.0 53.213432082000026 0.0 8.01 0.009528718030343535 0.0082622609433011 False True 0.06217641514057243 6.379873453272347 -0.025321891613287913 -3.14254582373342 0.0
506 37 844.0 645.0 54.66270035900004 0.0 8.01 0.009528718030343535 0.005001814998818051 False True 0.06217641514057243 6.379873453272347 -0.025321891613287913 -3.14254582373342 0.0
506 38 856.0 657.0 56.11756353800004 0.0 8.01 0.009528718030343535 0.0059986864229812295 False True 0.06217641514057243 6.379873453272347 -0.025321891613287913 -3.14254582373342 0.0
506 39 868.0 669.0 57.55232396000005 0.0 8.03 0.012330289507337987 0.0025521511471005083 False True 0.06217641514057243 6.379873453272347 -0.025321891613287913 -3.14254582373342 0.0
506 40 880.0 681.0 58.99020410000006 0.0 8.03 0.012330289507337987 0.001370726136981855 False True 0.06217641514057243 6.379873453272347 -0.025321891613287913 -3.14254582373342 0.0
506 41 892.0 693.0 60.43730432600006 0.0 8.03 0.012330289507337987 0.0032784513695879036 False True 0.06217641514057243 6.379873453272347 -0.025321891613287913 -3.14254582373342 0.0
506 42 904.0 705.0 61.87553552500003 0.0 8.01 0.009528718030343535 0.00027749270842556464 False True 0.06217641514057243 6.379873453272347 -0.025321891613287913 -3.14254582373342 0.0
506 43 916.0 717.0 63.32085240700002 0.0 8.01 0.009528718030343535 0.001916218264855561 False True 0.06217641514057243 6.379873453272347 -0.025321891613287913 -3.14254582373342 0.0
506 44 928.0 729.0 64.75691403300002 0.0 7.93 0.001916218264855561 0.0009157391326260569 False True 0.06217641514057243 6.379873453272347 -0.025321891613287913 -3.14254582373342 0.0
506 45 940.0 741.0 66.193083994 0.0 7.91 0.0009157391326260569 0.0005513125695143911 False True 0.06217641514057243 6.379873453272347 -0.025321891613287913 -3.14254582373342 0.0
506 46 952.0 753.0 67.63942442700002 0.0 7.91 0.0009157391326260569 0.0 False True 0.06217641514057243 6.379873453272347 -0.025321891613287913 -3.14254582373342 0.0
506 47 964.0 765.0 69.07403001500003 0.0 7.86 0.0 1.8128238188724361e-06 False True 0.06217641514057243 6.379873453272347 -0.025321891613287913 -3.14254582373342 0.0
506 48 976.0 777.0 70.52281870800002 0.0 7.91 0.0009157391326260569 8.888827287976874e-05 False True 0.06217641514057243 6.379873453272347 -0.025321891613287913 -3.14254582373342 0.0
506 49 988.0 789.0 71.97302207100003 0.0 7.86 0.0 0.004095036480549138 False True 0.06217641514057243 6.379873453272347 -0.025321891613287913 -3.14254582373342 0.0
506 50 1000.0 801.0 73.40984520200001 0.0 7.91 0.0009157391326260569 0.05342744211850217 False True 0.06217641514057243 6.379873453272347 -0.025321891613287913 -3.14254582373342 0.0
506 51 1012.0 813.0 74.859173905 0.0 7.86 0.0 0.05972362961989751 False True 0.06217641514057243 6.379873453272347 -0.025321891613287913 -3.14254582373342 0.0
506 52 1024.0 825.0 76.33231423000001 0.0 7.86 0.0 0.05653318892722286 False True 0.06217641514057243 6.379873453272347 -0.025321891613287913 -3.14254582373342 0.0
506 53 1036.0 837.0 77.783953112 0.0 7.91 0.0009157391326260569 0.05040670961474037 False True 0.06217641514057243 6.379873453272347 -0.025321891613287913 -3.14254582373342 0.0
506 54 1048.0 849.0 79.23731536900002 0.0 7.91 0.0009157391326260569 0.06635726865448265 False True 0.06217641514057243 6.379873453272347 -0.025321891613287913 -3.14254582373342 0.0
506 55 1060.0 861.0 80.691057113 0.0 7.91 0.0009157391326260569 0.06979978393527558 False True 0.06217641514057243 6.379873453272347 -0.025321891613287913 -3.14254582373342 0.0
506 56 1072.0 873.0 82.13496022999999 0.0 7.91 0.0009157391326260569 0.0629984353052235 False True 0.06217641514057243 6.379873453272347 -0.025321891613287913 -3.14254582373342 0.0
506 57 1084.0 885.0 83.60410267699999 0.0 8.25 0.06635726865448265 0.07693443555172907 False True 0.06217641514057243 6.379873453272347 -0.025321891613287913 -3.14254582373342 0.0
506 58 1096.0 897.0 85.06000325099998 0.0 8.25 0.06635726865448265 0.04462152666317609 False True 0.06217641514057243 6.379873453272347 -0.025321891613287913 -3.14254582373342 0.0
506 59 1108.0 909.0 86.512588015 0.0 7.86 0.0 0.10329667188037282 False True 0.06217641514057243 6.379873453272347 -0.025321891613287913 -3.14254582373342 0.0
506 60 1120.0 921.0 87.96479208000002 0.0 8.18 0.04462152666317609 0.07332562704609345 False True 0.06217641514057243 6.379873453272347 -0.025321891613287913 -3.14254582373342 0.0
506 61 1132.0 933.0 89.40592368900002 0.0 8.27 0.07332562704609345 0.09534908868210096 False True 0.06217641514057243 6.379873453272347 -0.025321891613287913 -3.14254582373342 0.0
506 62 1144.0 945.0 90.85176073100001 0.0 8.01 0.009528718030343535 0.09791121771471506 False True 0.06217641514057243 6.379873453272347 -0.025321891613287913 -3.14254582373342 0.0
506 63 1156.0 957.0 92.31626080100003 0.0 7.91 0.0009157391326260569 0.09048726179438168 False True 0.06217641514057243 6.379873453272347 -0.025321891613287913 -3.14254582373342 0.0
506 64 1168.0 969.0 93.75636593300004 0.0 8.25 0.06635726865448265 0.092874357282074 False True 0.06217641514057243 6.379873453272347 -0.025321891613287913 -3.14254582373342 0.0
506 65 1180.0 981.0 95.20528851300006 0.0 8.01 0.009528718030343535 0.10056049735956085 False True 0.06217641514057243 6.379873453272347 -0.025321891613287913 -3.14254582373342 0.0
506 66 1192.0 993.0 96.65362870900006 0.0 8.01 0.009528718030343535 0.08385404199940594 False True 0.06217641514057243 6.379873453272347 -0.025321891613287913 -3.14254582373342 0.0
506 67 1204.0 1005.0 98.10047742500007 0.0 8.01 0.009528718030343535 0.08597688782985763 False True 0.06217641514057243 6.379873453272347 -0.025321891613287913 -3.14254582373342 0.0
506 68 1216.0 1017.0 99.53796921200006 0.0 8.01 0.009528718030343535 0.07987404806085316 False True 0.06217641514057243 6.379873453272347 -0.025321891613287913 -3.14254582373342 0.0
506 69 1228.0 1029.0 100.98535509300007 0.0 8.01 0.009528718030343535 0.0818196973307896 False True 0.06217641514057243 6.379873453272347 -0.025321891613287913 -3.14254582373342 0.0
506 70 1240.0 1041.0 102.44147487000006 0.0 8.01 0.009528718030343535 0.07624956829392984 False True 0.06217641514057243 6.379873453272347 -0.025321891613287913 -3.14254582373342 0.0
506 71 1252.0 1053.0 103.88924072100008 0.0 8.01 0.009528718030343535 0.07801727955605339 False True 0.06217641514057243 6.379873453272347 -0.025321891613287913 -3.14254582373342 0.0
506 72 1264.0 1065.0 105.33814442500008 0.0 7.86 0.0 0.07298197885824838 False True 0.06217641514057243 6.379873453272347 -0.025321891613287913 -3.14254582373342 0.0
506 73 1276.0 1077.0 106.77511841100008 0.0 1.31 0.092874357282074 0.07457108184544727 False True 0.06217641514057243 6.379873453272347 -0.025321891613287913 -3.14254582373342 0.0
506 74 1288.0 1089.0 108.22614115300007 0.0 7.91 0.0009157391326260569 0.07007251314732985 False True 0.06217641514057243 6.379873453272347 -0.025321891613287913 -3.14254582373342 0.0
506 75 1300.0 1101.0 109.67925979500009 0.0 7.86 0.0 0.1182714100362795 False True 0.06217641514057243 6.379873453272347 -0.025321891613287913 -3.14254582373342 0.0
506 76 1312.0 1113.0 111.12235089900008 0.0 8.12 0.02933699529431861 0.10611947685055138 False True 0.06217641514057243 6.379873453272347 -0.025321891613287913 -3.14254582373342 0.0
506 77 1324.0 1125.0 112.57515900200008 0.0 7.91 0.0009157391326260569 0.08818803173433605 False True 0.06217641514057243 6.379873453272347 -0.025321891613287913 -3.14254582373342 0.0
506 78 1336.0 1137.0 114.04402655200008 0.0 7.91 0.0009157391326260569 0.06638214195219831 False True 0.06217641514057243 6.379873453272347 -0.025321891613287913 -3.14254582373342 0.0
506 79 1348.0 1149.0 115.49488553700007 0.0 7.91 0.0009157391326260569 0.06752226129525546 False True 0.06217641514057243 6.379873453272347 -0.025321891613287913 -3.14254582373342 0.0
506 80 1360.0 1161.0 116.94598074700008 0.0 8.25 0.06635726865448265 0.06437244045085043 False True 0.06217641514057243 6.379873453272347 -0.025321891613287913 -3.14254582373342 0.0
506 81 1372.0 1173.0 118.38600972800006 0.0 8.27 0.07332562704609345 0.07148240904078003 False True 0.06217641514057243 6.379873453272347 -0.025321891613287913 -3.14254582373342 0.0
506 82 1384.0 1185.0 119.83433806100007 0.0 8.27 0.07332562704609345 0.022828927325427132 False True 0.06217641514057243 6.379873453272347 -0.025321891613287913 -3.14254582373342 0.0
506 83 1396.0 1197.0 121.26618789100007 0.0 8.27 0.07332562704609345 0.0008997235646253973 False True 0.06217641514057243 6.379873453272347 -0.025321891613287913 -3.14254582373342 0.0
506 84 1408.0 1209.0 122.70087451400008 0.0 7.99 0.007085541241428251 0.06533216974063023 False True 0.06217641514057243 6.379873453272347 -0.025321891613287913 -3.14254582373342 0.0
506 85 1420.0 1221.0 124.1361919740001 0.0 7.78 0.0032496717899763903 0.13178603552787904 False True 0.06217641514057243 6.379873453272347 -0.025321891613287913 -3.14254582373342 0.0
506 86 1432.0 1233.0 125.57844094000012 0.0 8.01 0.009528718030343535 0.13091576072272557 False True 0.06217641514057243 6.379873453272347 -0.025321891613287913 -3.14254582373342 0.0
506 87 1444.0 1245.0 127.01759961100015 0.0 8.24 0.0629984353052235 0.1240491384162574 False True 0.06217641514057243 6.379873453272347 -0.025321891613287913 -3.14254582373342 0.0
506 88 1456.0 1257.0 128.45515753700016 0.0 8.24 0.0629984353052235 0.1143794268228778 False True 0.06217641514057243 6.379873453272347 -0.025321891613287913 -3.14254582373342 0.0
506 89 1468.0 1269.0 129.89146742900016 0.0 7.94 0.0025521511471005083 0.11751818390862843 False True 0.06217641514057243 6.379873453272347 -0.025321891613287913 -3.14254582373342 0.0
506 90 1480.0 1281.0 131.33973693800016 0.0 7.79 0.0025263578210549696 0.1083569685677459 False True 0.06217641514057243 6.379873453272347 -0.025321891613287913 -3.14254582373342 0.0
506 91 1492.0 1293.0 132.7749647490001 0.0 7.68 0.015443027255637851 0.13447407108501183 False True 0.06217641514057243 6.379873453272347 -0.025321891613287913 -3.14254582373342 0.0
506 92 1504.0 1305.0 134.22705150500008 0.0 1.33 0.08818803173433605 0.09996551239198834 False True 0.06217641514057243 6.379873453272347 -0.025321891613287913 -3.14254582373342 0.0
506 93 1516.0 1317.0 135.69861897800007 0.0 7.6899999999999995 0.013819470615789118 0.12744066424651612 False True 0.06217641514057243 6.379873453272347 -0.025321891613287913 -3.14254582373342 0.0
506 94 1528.0 1329.0 137.15095595400004 0.0 8.27 0.07332562704609345 0.11132558349915594 False True 0.06217641514057243 6.379873453272347 -0.025321891613287913 -3.14254582373342 0.0
506 95 1540.0 1341.0 138.60352918100006 0.0 8.27 0.07332562704609345 0.09235161674328318 False True 0.06217641514057243 6.379873453272347 -0.025321891613287913 -3.14254582373342 0.0
506 96 1552.0 1353.0 140.0561703940001 0.0 8.27 0.07332562704609345 0.08552238315669632 False True 0.06217641514057243 6.379873453272347 -0.025321891613287913 -3.14254582373342 0.0
506 97 1564.0 1365.0 141.51192297300014 0.0 8.27 0.07332562704609345 0.08771120030886993 False True 0.06217641514057243 6.379873453272347 -0.025321891613287913 -3.14254582373342 0.0
506 98 1576.0 1377.0 142.97843872500016 0.0 8.27 0.07332562704609345 0.0814086715553044 False True 0.06217641514057243 6.379873453272347 -0.025321891613287913 -3.14254582373342 0.0
506 99 1588.0 1389.0 144.4319604230002 0.0 8.27 0.07332562704609345 0.07764827499350885 False True 0.06217641514057243 6.379873453272347 -0.025321891613287913 -3.14254582373342 0.0
506 100 1600.0 1401.0 145.88480247200022 0.0 7.68 0.015443027255637851 0.08342146712944887 False True 0.06217641514057243 6.379873453272347 -0.025321891613287913 -3.14254582373342 0.0
506 101 1612.0 1413.0 147.3239352560002 0.0 7.71 0.010840958516686003 0.07948420694954637 False True 0.06217641514057243 6.379873453272347 -0.025321891613287913 -3.14254582373342 0.0
506 102 1624.0 1425.0 148.76296200200017 0.0 7.71 0.010840958516686003 0.08998769046683067 False True 0.06217641514057243 6.379873453272347 -0.025321891613287913 -3.14254582373342 0.0
506 103 1636.0 1437.0 150.21068136900016 0.0 7.71 0.010840958516686003 0.07267355891053881 False True 0.06217641514057243 6.379873453272347 -0.025321891613287913 -3.14254582373342 0.0
506 104 1648.0 1449.0 151.64896401600015 0.0 7.71 0.010840958516686003 0.07424277146607797 False True 0.06217641514057243 6.379873453272347 -0.025321891613287913 -3.14254582373342 0.0
506 105 1660.0 1461.0 153.09586411600014 0.0 7.71 0.010840958516686003 0.06980304296285647 False True 0.06217641514057243 6.379873453272347 -0.025321891613287913 -3.14254582373342 0.0
506 106 1672.0 1473.0 154.51839515000017 0.0 7.71 0.010840958516686003 0.07119359700052515 False True 0.06217641514057243 6.379873453272347 -0.025321891613287913 -3.14254582373342 0.0
506 107 1684.0 1485.0 155.96232864300015 0.0 7.71 0.010840958516686003 0.06729074268881945 False True 0.06217641514057243 6.379873453272347 -0.025321891613287913 -3.14254582373342 0.0
506 108 1696.0 1497.0 157.39892493600018 0.0 7.71 0.010840958516686003 0.07590106851441156 False True 0.06217641514057243 6.379873453272347 -0.025321891613287913 -3.14254582373342 0.0
506 109 1708.0 1509.0 158.83381900600017 0.0 7.71 0.010840958516686003 0.09480273350647629 False True 0.06217641514057243 6.379873453272347 -0.025321891613287913 -3.14254582373342 0.0
506 110 1720.0 1521.0 160.26839101200017 0.0 7.71 0.010840958516686003 0.0641962670785273 False True 0.06217641514057243 6.379873453272347 -0.025321891613287913 -3.14254582373342 0.0
506 111 1732.0 1533.0 161.7045395530002 0.0 7.71 0.010840958516686003 0.06258391088557325 False True 0.06217641514057243 6.379873453272347 -0.025321891613287913 -3.14254582373342 0.0
506 112 1744.0 1545.0 163.15227837900017 0.0 1.75 0.07267355891053881 0.06513773680962082 False True 0.06217641514057243 6.379873453272347 -0.025321891613287913 -3.14254582373342 0.0
506 113 1756.0 1557.0 164.58863552700018 0.0 7.71 0.010840958516686003 0.060843114650747716 False True 0.06217641514057243 6.379873453272347 -0.025321891613287913 -3.14254582373342 0.0
506 114 1768.0 1569.0 166.02587568300015 0.0 7.86 0.0 0.05991716369876558 False True 0.06217641514057243 6.379873453272347 -0.025321891613287913 -3.14254582373342 0.0
506 115 1780.0 1581.0 167.47503458500012 0.0 7.99 0.007085541241428251 0.05980714024281126 False True 0.06217641514057243 6.379873453272347 -0.025321891613287913 -3.14254582373342 0.0
506 116 1792.0 1593.0 168.9233542620001 0.0 7.99 0.007085541241428251 0.06051339214172699 False True 0.06217641514057243 6.379873453272347 -0.025321891613287913 -3.14254582373342 0.0
506 117 1804.0 1605.0 170.36352655600007 0.0 7.99 0.007085541241428251 0.05995186426636164 False True 0.06217641514057243 6.379873453272347 -0.025321891613287913 -3.14254582373342 0.0
506 118 1816.0 1617.0 171.82427420800008 0.0 7.99 0.007085541241428251 0.05975311952826304 False True 0.06217641514057243 6.379873453272347 -0.025321891613287913 -3.14254582373342 0.0
506 119 1828.0 1629.0 173.25706099700005 0.0 7.99 0.007085541241428251 0.06143755225986562 False True 0.06217641514057243 6.379873453272347 -0.025321891613287913 -3.14254582373342 0.0
506 120 1840.0 1641.0 174.69016799300005 0.0 1.52 0.06143755225986562 0.06203553258699434 False True 0.06217641514057243 6.379873453272347 -0.025321891613287913 -3.14254582373342 0.0
506 121 1852.0 1653.0 176.12214612200006 0.0 1.52 0.06143755225986562 0.06093015826897492 False True 0.06217641514057243 6.379873453272347 -0.025321891613287913 -3.14254582373342 0.0
506 122 1864.0 1665.0 177.55153818700006 0.0 7.99 0.007085541241428251 0.06018728634189182 False True 0.06217641514057243 6.379873453272347 -0.025321891613287913 -3.14254582373342 0.0
506 123 1876.0 1677.0 178.9922766470001 0.0 1.52 0.06143755225986562 0.060135193744410544 False True 0.06217641514057243 6.379873453272347 -0.025321891613287913 -3.14254582373342 0.0
506 124 1888.0 1689.0 180.42778638700008 0.0 8.25 0.06635726865448265 0.0627240486634789 False True 0.06217641514057243 6.379873453272347 -0.025321891613287913 -3.14254582373342 0.0
506 125 1900.0 1701.0 181.86164221100012 0.0 8.03 0.012330289507337987 0.059789798308564866 False True 0.06217641514057243 6.379873453272347 -0.025321891613287913 -3.14254582373342 0.0
506 126 1912.0 1713.0 183.29360542000012 0.0 7.71 0.010840958516686003 0.06334496031872226 False True 0.06217641514057243 6.379873453272347 -0.025321891613287913 -3.14254582373342 0.0
506 127 1924.0 1725.0 184.7260289200001 0.0 7.71 0.010840958516686003 0.0613329162792824 False True 0.06217641514057243 6.379873453272347 -0.025321891613287913 -3.14254582373342 0.0
506 128 1936.0 1737.0 186.14020959200008 0.0 1.6400000000000001 0.0613329162792824 0.06191320410786852 False True 0.06217641514057243 6.379873453272347 -0.025321891613287913 -3.14254582373342 0.0
506 129 1948.0 1749.0 187.54444992100008 0.0 1.6400000000000001 0.0613329162792824 0.08825490484689984 False True 0.06217641514057243 6.379873453272347 -0.025321891613287913 -3.14254582373342 0.0
506 130 1960.0 1761.0 188.93933653600004 0.0 1.6400000000000001 0.0613329162792824 0.0843994575564201 False True 0.06217641514057243 6.379873453272347 -0.025321891613287913 -3.14254582373342 0.0
506 131 1972.0 1773.0 190.331701184 0.0 1.6400000000000001 0.0613329162792824 0.09620969504720155 False True 0.06217641514057243 6.379873453272347 -0.025321891613287913 -3.14254582373342 0.0
506 132 1984.0 1785.0 191.739477084 0.0 1.6400000000000001 0.0613329162792824 0.09219178519166521 False True 0.06217641514057243 6.379873453272347 -0.025321891613287913 -3.14254582373342 0.0
506 133 1996.0 1797.0 193.134423507 0.0 1.6400000000000001 0.0613329162792824 0.10448694863833564 False True 0.06217641514057243 6.379873453272347 -0.025321891613287913 -3.14254582373342 0.0
506 134 2008.0 1809.0 194.52712830899998 0.0 1.6400000000000001 0.0613329162792824 0.11308327594138241 False True 0.06217641514057243 6.379873453272347 -0.025321891613287913 -3.14254582373342 0.0
506 135 2020.0 1821.0 195.93797488999996 0.0 8.12 0.02933699529431861 0.10874544493301891 False True 0.06217641514057243 6.379873453272347 -0.025321891613287913 -3.14254582373342 0.0
506 136 2032.0 1833.0 197.33698758999998 0.0 1.33 0.08818803173433605 0.12199515963640789 False True 0.06217641514057243 6.379873453272347 -0.025321891613287913 -3.14254582373342 0.0
506 137 2044.0 1845.0 198.761120479 0.0 1.33 0.08818803173433605 0.11749999802024765 False True 0.06217641514057243 6.379873453272347 -0.025321891613287913 -3.14254582373342 0.0
506 138 2056.0 1857.0 200.16371022899995 0.0 1.33 0.08818803173433605 0.13121895616934762 False True 0.06217641514057243 6.379873453272347 -0.025321891613287913 -3.14254582373342 0.0
506 139 2068.0 1869.0 201.58020728199995 0.0 1.33 0.08818803173433605 0.12656830141178113 False True 0.06217641514057243 6.379873453272347 -0.025321891613287913 -3.14254582373342 0.0
506 140 2080.0 1881.0 203.00495266399992 0.0 1.33 0.08818803173433605 0.1003082227661214 False True 0.06217641514057243 6.379873453272347 -0.025321891613287913 -3.14254582373342 0.0
506 141 2092.0 1893.0 204.4014053489999 0.0 8.24 0.0629984353052235 0.14075089720937867 False True 0.06217641514057243 6.379873453272347 -0.025321891613287913 -3.14254582373342 0.0
506 142 2104.0 1905.0 205.79956698099988 0.0 8.24 0.0629984353052235 0.1505870911561901 False True 0.06217641514057243 6.379873453272347 -0.025321891613287913 -3.14254582373342 0.0
506 143 2116.0 1917.0 207.18684180499986 0.0 8.24 0.0629984353052235 0.13594664897986886 False True 0.06217641514057243 6.379873453272347 -0.025321891613287913 -3.14254582373342 0.0
506 144 2128.0 1929.0 208.58604901499984 0.0 8.18 0.04462152666317609 0.08062583871952028 False True 0.06217641514057243 6.379873453272347 -0.025321891613287913 -3.14254582373342 0.0
506 145 2140.0 1941.0 209.9735259329998 0.0 8.18 0.04462152666317609 0.06850204508271522 False True 0.06217641514057243 6.379873453272347 -0.025321891613287913 -3.14254582373342 0.0
506 146 2152.0 1953.0 211.34825469399976 0.0 8.18 0.04462152666317609 0.15350076410264896 False True 0.06217641514057243 6.379873453272347 -0.025321891613287913 -3.14254582373342 0.0
506 147 2164.0 1965.0 212.71836674099978 0.0 8.18 0.04462152666317609 0.1495320256914388 False True 0.06217641514057243 6.379873453272347 -0.025321891613287913 -3.14254582373342 0.0
506 148 2176.0 1977.0 214.08466456299982 0.0 2.04 0.15350076410264896 0.16168052630426033 False True 0.06217641514057243 6.379873453272347 -0.025321891613287913 -3.14254582373342 0.0
506 149 2188.0 1989.0 215.46381025899984 0.0 8.18 0.04462152666317609 0.15755040238027354 False True 0.06217641514057243 6.379873453272347 -0.025321891613287913 -3.14254582373342 0.0
