21 0 400.0 200.99999999999997 1.2796532360000015 0.0 1.84 0.0822026218036862 0.08660110297264516 False True 0.001429402459927435 4.879382954455132 -0.008146004992779579 -2.380755565401208 0.0
21 1 412.0 212.99999999999997 2.624304173000013 0.0 1.84 0.0822026218036862 0.07812361981854796 False True 0.001429402459927435 4.879382954455132 -0.008146004992779579 -2.380755565401208 0.0
21 2 424.0 224.99999999999997 3.9708358430000033 0.0 1.82 0.07812361981854796 0.08012307671786542 False True 0.001429402459927435 4.879382954455132 -0.008146004992779579 -2.380755565401208 0.0
21 3 436.0 236.99999999999997 5.321899013000007 0.0 1.83 0.08012307671786542 0.07436579608483074 False True 0.001429402459927435 4.879382954455132 -0.008146004992779579 -2.380755565401208 0.0
21 4 448.0 248.99999999999997 6.674297628000005 0.0 1.83 0.08012307671786542 0.07620445948969408 False True 0.001429402459927435 4.879382954455132 -0.008146004992779579 -2.380755565401208 0.0
21 5 460.0 261.0 8.040137080999983 0.0 1.83 0.08012307671786542 0.0709307211896138 False True 0.001429402459927435 4.879382954455132 -0.008146004992779579 -2.380755565401208 0.0
21 6 472.0 273.0 9.391470167999984 0.0 1.83 0.08012307671786542 0.07260782190701784 False True 0.001429402459927435 4.879382954455132 -0.008146004992779579 -2.380755565401208 0.0
21 7 484.0 285.0 10.74292801499999 0.0 1.83 0.08012307671786542 0.005446253974439733 False True 0.001429402459927435 4.879382954455132 -0.008146004992779579 -2.380755565401208 0.0
21 8 496.0 297.0 12.09771331799999 0.0 7.75 0.005446253974439733 0.004537832719136357 False True 0.001429402459927435 4.879382954455132 -0.008146004992779579 -2.380755565401208 0.0
21 9 508.0 309.0 13.463519590999994 0.0 7.75 0.005446253974439733 0.006437083478766745 False True 0.001429402459927435 4.879382954455132 -0.008146004992779579 -2.380755565401208 0.0
21 10 520.0 321.0 14.821959510999989 0.0 7.75 0.005446253974439733 0.0029685342489815486 False True 0.001429402459927435 4.879382954455132 -0.008146004992779579 -2.380755565401208 0.0
21 11 532.0 333.0 16.172651210999987 0.0 7.75 0.005446253974439733 0.0017297441133023923 False True 0.001429402459927435 4.879382954455132 -0.008146004992779579 -2.380755565401208 0.0
21 12 544.0 345.0 17.523925236999986 0.0 7.75 0.005446253974439733 0.00230779604885531 False True 0.001429402459927435 4.879382954455132 -0.008146004992779579 -2.380755565401208 0.0
21 13 556.0 357.0 18.876647244999987 0.0 7.75 0.005446253974439733 0.0008218861438390552 False True 0.001429402459927435 4.879382954455132 -0.008146004992779579 -2.380755565401208 0.0
21 14 568.0 369.0 20.256880596000002 0.0 7.75 0.005446253974439733 0.0012344272878876893 False True 0.001429402459927435 4.879382954455132 -0.008146004992779579 -2.380755565401208 0.0
21 15 580.0 381.0 21.607821830999995 0.0 7.75 0.005446253974439733 0.0037119015986624886 False True 0.001429402459927435 4.879382954455132 -0.008146004992779579 -2.380755565401208 0.0
21 16 592.0 393.0 22.97103284900001 0.0 7.75 0.005446253974439733 0.00024525178954313084 False True 0.001429402459927435 4.879382954455132 -0.008146004992779579 -2.380755565401208 0.0
21 17 604.0 405.0 35.367391669 0.0 7.84 0.00024525178954313084 8.119831768559259e-05 False True 0.001429402459927435 4.879382954455132 -0.008146004992779579 -2.380755565401208 0.0
21 18 616.0 417.0 41.13384218599998 0.0 7.85 8.119831768559259e-05 0.0 False True 0.001429402459927435 4.879382954455132 -0.008146004992779579 -2.380755565401208 0.0
21 19 628.0 429.0 44.56494006599996 0.0 7.84 0.00024525178954313084 0.0004921529739875653 False True 0.001429402459927435 4.879382954455132 -0.008146004992779579 -2.380755565401208 0.0
21 20 640.0 441.0 47.48405327499995 0.0 7.84 0.00024525178954313084 0.009903079057963702 False True 0.001429402459927435 4.879382954455132 -0.008146004992779579 -2.380755565401208 0.0
21 21 652.0 453.0 50.12512514699995 0.0 7.84 0.00024525178954313084 0.012623912344717795 False True 0.001429402459927435 4.879382954455132 -0.008146004992779579 -2.380755565401208 0.0
21 22 664.0 465.0 52.57350658999994 0.0 7.85 8.119831768559259e-05 0.015671714271210422 False True 0.001429402459927435 4.879382954455132 -0.008146004992779579 -2.380755565401208 0.0
21 23 676.0 477.0 54.883207754999944 0.0 7.84 0.00024525178954313084 0.014107010885751498 False True 0.001429402459927435 4.879382954455132 -0.008146004992779579 -2.380755565401208 0.0
21 24 688.0 489.0 57.084460768999946 0.0 7.85 8.119831768559259e-05 0.017317874980461646 False True 0.001429402459927435 4.879382954455132 -0.008146004992779579 -2.380755565401208 0.0
21 25 700.0 501.0 59.20656691299993 0.0 7.67 0.015671714271210422 0.01122255800743019 False True 0.001429402459927435 4.879382954455132 -0.008146004992779579 -2.380755565401208 0.0
21 26 712.0 513.0 61.28997558299994 0.0 7.85 8.119831768559259e-05 0.020853937570579562 False True 0.001429402459927435 4.879382954455132 -0.008146004992779579 -2.380755565401208 0.0
21 27 724.0 525.0 63.28759691199997 0.0 7.85 8.119831768559259e-05 0.01904533734631246 False True 0.001429402459927435 4.879382954455132 -0.008146004992779579 -2.380755565401208 0.0
21 28 736.0 537.0 65.18329658599998 0.0 7.64 0.020853937570579562 0.022743503740464164 False True 0.001429402459927435 4.879382954455132 -0.008146004992779579 -2.380755565401208 0.0
21 29 748.0 549.0 66.99883889200001 0.0 7.67 0.015671714271210422 0.024713855845748478 False True 0.001429402459927435 4.879382954455132 -0.008146004992779579 -2.380755565401208 0.0
21 30 760.0 561.0 68.77325612200002 0.0 7.75 0.005446253974439733 0.06781983661124243 False True 0.001429402459927435 4.879382954455132 -0.008146004992779579 -2.380755565401208 0.0
21 31 772.0 573.0 70.49755018600004 0.0 1.76 0.06781983661124243 0.06638638070673593 False True 0.001429402459927435 4.879382954455132 -0.008146004992779579 -2.380755565401208 0.0
21 32 784.0 585.0 72.19979656700002 0.0 1.76 0.06781983661124243 0.06933467007785508 False True 0.001429402459927435 4.879382954455132 -0.008146004992779579 -2.380755565401208 0.0
21 33 796.0 597.0 73.86536484000001 0.0 1.76 0.06781983661124243 0.06376420054404183 False True 0.001429402459927435 4.879382954455132 -0.008146004992779579 -2.380755565401208 0.0
21 34 808.0 609.0 75.50609589700002 0.0 1.76 0.06781983661124243 0.06503445414276264 False True 0.001429402459927435 4.879382954455132 -0.008146004992779579 -2.380755565401208 0.0
21 35 820.0 621.0 77.11203579300002 0.0 1.76 0.06781983661124243 0.06146924588732592 False True 0.001429402459927435 4.879382954455132 -0.008146004992779579 -2.380755565401208 0.0
21 36 832.0 633.0 78.69654268800002 0.0 1.76 0.06781983661124243 0.059502502134811085 False True 0.001429402459927435 4.879382954455132 -0.008146004992779579 -2.380755565401208 0.0
21 37 844.0 645.0 80.27537921700002 0.0 1.76 0.06781983661124243 0.0625757553672199 False True 0.001429402459927435 4.879382954455132 -0.008146004992779579 -2.380755565401208 0.0
21 38 856.0 657.0 81.81345510600002 0.0 1.76 0.06781983661124243 0.020893892196037826 False True 0.001429402459927435 4.879382954455132 -0.008146004992779579 -2.380755565401208 0.0
21 39 868.0 669.0 83.326191451 0.0 1.76 0.06781983661124243 8.615716184417288e-05 False True 0.001429402459927435 4.879382954455132 -0.008146004992779579 -2.380755565401208 0.0
21 40 880.0 681.0 84.822430121 0.0 7.88 8.615716184417288e-05 0.00025348609399410274 False True 0.001429402459927435 4.879382954455132 -0.008146004992779579 -2.380755565401208 0.0
21 41 892.0 693.0 86.31097587699998 0.0 1.76 0.06781983661124243 1.6559917251617118e-06 False True 0.001429402459927435 4.879382954455132 -0.008146004992779579 -2.380755565401208 0.0
21 42 904.0 705.0 87.78314759599999 0.0 1.76 0.06781983661124243 0.0008365161634839611 False True 0.001429402459927435 4.879382954455132 -0.008146004992779579 -2.380755565401208 0.0
21 43 916.0 717.0 89.23888744699997 0.0 7.91 0.0008365161634839611 0.0005036170882073544 False True 0.001429402459927435 4.879382954455132 -0.008146004992779579 -2.380755565401208 0.0
21 44 928.0 729.0 90.67679398599995 0.0 7.88 8.615716184417288e-05 0.00175044124926507 False True 0.001429402459927435 4.879382954455132 -0.008146004992779579 -2.380755565401208 0.0
21 45 940.0 741.0 92.12247123399999 0.0 7.88 8.615716184417288e-05 0.0012521410611852507 False True 0.001429402459927435 4.879382954455132 -0.008146004992779579 -2.380755565401208 0.0
21 46 952.0 753.0 93.54372797499997 0.0 7.88 8.615716184417288e-05 0.002994824032464172 False True 0.001429402459927435 4.879382954455132 -0.008146004992779579 -2.380755565401208 0.0
21 47 964.0 765.0 94.97082512999998 0.0 7.88 8.615716184417288e-05 0.015713786918368992 False True 0.001429402459927435 4.879382954455132 -0.008146004992779579 -2.380755565401208 0.0
21 48 976.0 777.0 96.38243743700002 0.0 1.76 0.06781983661124243 0.009943105804159434 False True 0.001429402459927435 4.879382954455132 -0.008146004992779579 -2.380755565401208 0.0
21 49 988.0 789.0 97.779216754 0.0 1.76 0.06781983661124243 0.007547471304599074 False True 0.001429402459927435 4.879382954455132 -0.008146004992779579 -2.380755565401208 0.0
21 50 1000.0 801.0 99.18923689799999 0.0 8.0 0.007547471304599074 0.008704363901982943 False True 0.001429402459927435 4.879382954455132 -0.008146004992779579 -2.380755565401208 0.0
21 51 1012.0 813.0 100.60417721699997 0.0 8.0 0.007547471304599074 0.005479724491084612 False True 0.001429402459927435 4.879382954455132 -0.008146004992779579 -2.380755565401208 0.0
21 52 1024.0 825.0 102.01983784999993 0.0 8.0 0.007547471304599074 0.012665597942270256 False True 0.001429402459927435 4.879382954455132 -0.008146004992779579 -2.380755565401208 0.0
21 53 1036.0 837.0 103.44619710599994 0.0 8.0 0.007547471304599074 0.006472552678282572 False True 0.001429402459927435 4.879382954455132 -0.008146004992779579 -2.380755565401208 0.0
21 54 1048.0 849.0 104.86055185299995 0.0 8.02 0.009943105804159434 0.01126356415909207 False True 0.001429402459927435 4.879382954455132 -0.008146004992779579 -2.380755565401208 0.0
21 55 1060.0 861.0 106.29463535899993 0.0 8.03 0.01126356415909207 0.0045690950011812925 False True 0.001429402459927435 4.879382954455132 -0.008146004992779579 -2.380755565401208 0.0
21 56 1072.0 873.0 107.70825819399994 0.0 8.03 0.01126356415909207 0.02892750138923607 False True 0.001429402459927435 4.879382954455132 -0.008146004992779579 -2.380755565401208 0.0
21 57 1084.0 885.0 109.13482101699992 0.0 8.03 0.01126356415909207 0.03342348058572126 False True 0.001429402459927435 4.879382954455132 -0.008146004992779579 -2.380755565401208 0.0
21 58 1096.0 897.0 110.55247932799995 0.0 8.15 0.03342348058572126 0.035790466506529395 False True 0.001429402459927435 4.879382954455132 -0.008146004992779579 -2.380755565401208 0.0
21 59 1108.0 909.0 111.96882197899993 0.0 8.16 0.035790466506529395 0.031135746292596734 False True 0.001429402459927435 4.879382954455132 -0.008146004992779579 -2.380755565401208 0.0
21 60 1120.0 921.0 113.39860480699997 0.0 8.16 0.035790466506529395 0.03823645836694352 False True 0.001429402459927435 4.879382954455132 -0.008146004992779579 -2.380755565401208 0.0
21 61 1132.0 933.0 114.82705572099997 0.0 8.15 0.03342348058572126 0.043364437672503815 False True 0.001429402459927435 4.879382954455132 -0.008146004992779579 -2.380755565401208 0.0
21 62 1144.0 945.0 116.24578425799996 0.0 8.15 0.03342348058572126 0.02679897568795033 False True 0.001429402459927435 4.879382954455132 -0.008146004992779579 -2.380755565401208 0.0
21 63 1156.0 957.0 117.67441463 0.0 8.02 0.009943105804159434 0.008665598492026194 False True 0.001429402459927435 4.879382954455132 -0.008146004992779579 -2.380755565401208 0.0
21 64 1168.0 969.0 119.10235551099998 0.0 8.16 0.035790466506529395 0.0023313579273186993 False True 0.001429402459927435 4.879382954455132 -0.008146004992779579 -2.380755565401208 0.0
21 65 1180.0 981.0 120.52126268199999 0.0 8.16 0.035790466506529395 0.01735961933088986 False True 0.001429402459927435 4.879382954455132 -0.008146004992779579 -2.380755565401208 0.0
21 66 1192.0 993.0 121.94883765399993 0.0 8.16 0.035790466506529395 0.019086381643132432 False True 0.001429402459927435 4.879382954455132 -0.008146004992779579 -2.380755565401208 0.0
21 67 1204.0 1005.0 123.37748158599993 0.0 8.16 0.035790466506529395 0.014149057970808713 False True 0.001429402459927435 4.879382954455132 -0.008146004992779579 -2.380755565401208 0.0
21 68 1216.0 1017.0 124.79516926899993 0.0 8.16 0.035790466506529395 0.04880529543120577 False True 0.001429402459927435 4.879382954455132 -0.008146004992779579 -2.380755565401208 0.0
21 69 1228.0 1029.0 126.22429529299995 0.0 8.07 0.01735961933088986 0.054556783410254085 False True 0.001429402459927435 4.879382954455132 -0.008146004992779579 -2.380755565401208 0.0
21 70 1240.0 1041.0 127.64203739699997 0.0 8.16 0.035790466506529395 0.051642356022613835 False True 0.001429402459927435 4.879382954455132 -0.008146004992779579 -2.380755565401208 0.0
21 71 1252.0 1053.0 129.065601927 0.0 1.76 0.06781983661124243 0.06061652911450871 False True 0.001429402459927435 4.879382954455132 -0.008146004992779579 -2.380755565401208 0.0
21 72 1264.0 1065.0 130.49322558299997 0.0 8.02 0.009943105804159434 0.06698203673545677 False True 0.001429402459927435 4.879382954455132 -0.008146004992779579 -2.380755565401208 0.0
21 73 1276.0 1077.0 131.91091097999998 0.0 7.88 8.615716184417288e-05 0.07365068814949385 False True 0.001429402459927435 4.879382954455132 -0.008146004992779579 -2.380755565401208 0.0
21 74 1288.0 1089.0 133.33771027999995 0.0 7.87 1.6559917251617118e-06 0.057548277156064136 False True 0.001429402459927435 4.879382954455132 -0.008146004992779579 -2.380755565401208 0.0
21 75 1300.0 1101.0 134.76528585899996 0.0 8.24 0.057548277156064136 0.04604589433658205 False True 0.001429402459927435 4.879382954455132 -0.008146004992779579 -2.380755565401208 0.0
21 76 1312.0 1113.0 136.19702025899994 0.0 8.24 0.057548277156064136 0.08421603457320115 False True 0.001429402459927435 4.879382954455132 -0.008146004992779579 -2.380755565401208 0.0
21 77 1324.0 1125.0 137.6159715189999 0.0 8.24 0.057548277156064136 0.08061974396513848 False True 0.001429402459927435 4.879382954455132 -0.008146004992779579 -2.380755565401208 0.0
21 78 1336.0 1137.0 139.0631836849999 0.0 8.24 0.057548277156064136 0.0916302980670751 False True 0.001429402459927435 4.879382954455132 -0.008146004992779579 -2.380755565401208 0.0
21 79 1348.0 1149.0 140.48004244899994 0.0 8.24 0.057548277156064136 0.08788634461874786 False True 0.001429402459927435 4.879382954455132 -0.008146004992779579 -2.380755565401208 0.0
21 80 1360.0 1161.0 141.90764456999995 0.0 8.24 0.057548277156064136 0.09933759424570965 False True 0.001429402459927435 4.879382954455132 -0.008146004992779579 -2.380755565401208 0.0
21 81 1372.0 1173.0 143.3255279509999 0.0 7.84 0.00024525178954313084 0.10733476822313291 False True 0.001429402459927435 4.879382954455132 -0.008146004992779579 -2.380755565401208 0.0
21 82 1384.0 1185.0 144.75404326499995 0.0 7.84 0.00024525178954313084 0.09544751151830284 False True 0.001429402459927435 4.879382954455132 -0.008146004992779579 -2.380755565401208 0.0
21 83 1396.0 1197.0 146.17112550599995 0.0 7.84 0.00024525178954313084 0.10330014823480489 False True 0.001429402459927435 4.879382954455132 -0.008146004992779579 -2.380755565401208 0.0
21 84 1408.0 1209.0 147.58898505299993 0.0 8.0 0.007547471304599074 0.003740764246049382 False True 0.001429402459927435 4.879382954455132 -0.008146004992779579 -2.380755565401208 0.0
21 85 1420.0 1221.0 149.01556622499993 0.0 8.0 0.007547471304599074 0.08436203868244975 False True 0.001429402459927435 4.879382954455132 -0.008146004992779579 -2.380755565401208 0.0
21 86 1432.0 1233.0 150.4337156869999 0.0 8.0 0.007547471304599074 0.02278196125489074 False True 0.001429402459927435 4.879382954455132 -0.008146004992779579 -2.380755565401208 0.0
21 87 1444.0 1245.0 151.86259363699992 0.0 8.16 0.035790466506529395 0.04076120257745904 False True 0.001429402459927435 4.879382954455132 -0.008146004992779579 -2.380755565401208 0.0
21 88 1456.0 1257.0 153.28045156799993 0.0 8.16 0.035790466506529395 0.11986686369553248 False True 0.001429402459927435 4.879382954455132 -0.008146004992779579 -2.380755565401208 0.0
21 89 1468.0 1269.0 154.70880758499993 0.0 8.16 0.035790466506529395 0.11561854915170425 False True 0.001429402459927435 4.879382954455132 -0.008146004992779579 -2.380755565401208 0.0
21 90 1480.0 1281.0 156.12493565499994 0.0 8.16 0.035790466506529395 0.11144104174079664 False True 0.001429402459927435 4.879382954455132 -0.008146004992779579 -2.380755565401208 0.0
21 91 1492.0 1293.0 157.55359173299996 0.0 7.87 1.6559917251617118e-06 0.12857417177626965 False True 0.001429402459927435 4.879382954455132 -0.008146004992779579 -2.380755565401208 0.0
21 92 1504.0 1305.0 158.97061086399998 0.0 7.87 1.6559917251617118e-06 0.06376122346339567 False True 0.001429402459927435 4.879382954455132 -0.008146004992779579 -2.380755565401208 0.0
21 93 1516.0 1317.0 160.398502378 0.0 8.03 0.01126356415909207 0.031107706594151935 False True 0.001429402459927435 4.879382954455132 -0.008146004992779579 -2.380755565401208 0.0
21 94 1528.0 1329.0 161.827673366 0.0 1.76 0.06781983661124243 0.028896157443341668 False True 0.001429402459927435 4.879382954455132 -0.008146004992779579 -2.380755565401208 0.0
21 95 1540.0 1341.0 163.257898479 0.0 8.15 0.03342348058572126 0.03339924103739537 False True 0.001429402459927435 4.879382954455132 -0.008146004992779579 -2.380755565401208 0.0
21 96 1552.0 1353.0 164.68709202000002 0.0 7.75 0.005446253974439733 0.038221376979114915 False True 0.001429402459927435 4.879382954455132 -0.008146004992779579 -2.380755565401208 0.0
21 97 1564.0 1365.0 179.729760398 0.0 8.16 0.035790466506529395 0.03577054056188903 False True 0.001429402459927435 4.879382954455132 -0.008146004992779579 -2.380755565401208 0.0
21 98 1576.0 1377.0 184.848935944 0.0 8.0 0.007547471304599074 0.04336070798871939 False True 0.001429402459927435 4.879382954455132 -0.008146004992779579 -2.380755565401208 0.0
21 99 1588.0 1389.0 188.24002798099997 0.0 8.0 0.007547471304599074 0.0407515141460379 False True 0.001429402459927435 4.879382954455132 -0.008146004992779579 -2.380755565401208 0.0
21 100 1600.0 1401.0 191.17847211099996 0.0 7.85 8.119831768559259e-05 0.04881524989832662 False True 0.001429402459927435 4.879382954455132 -0.008146004992779579 -2.380755565401208 0.0
21 101 1612.0 1413.0 193.84280551999996 0.0 7.85 8.119831768559259e-05 0.04604870652672577 False True 0.001429402459927435 4.879382954455132 -0.008146004992779579 -2.380755565401208 0.0
21 102 1624.0 1425.0 196.32932397899992 0.0 7.85 8.119831768559259e-05 0.0545828924456026 False True 0.001429402459927435 4.879382954455132 -0.008146004992779579 -2.380755565401208 0.0
21 103 1636.0 1437.0 198.6723528369999 0.0 7.85 8.119831768559259e-05 0.05166007038648041 False True 0.001429402459927435 4.879382954455132 -0.008146004992779579 -2.380755565401208 0.0
21 104 1648.0 1449.0 200.94718067799988 0.0 7.85 8.119831768559259e-05 0.06066140011783672 False True 0.001429402459927435 4.879382954455132 -0.008146004992779579 -2.380755565401208 0.0
21 105 1660.0 1461.0 203.10778283799988 0.0 7.85 8.119831768559259e-05 0.05758343272912779 False True 0.001429402459927435 4.879382954455132 -0.008146004992779579 -2.380755565401208 0.0
21 106 1672.0 1473.0 205.19704108299987 0.0 7.85 8.119831768559259e-05 0.07035683774987724 False True 0.001429402459927435 4.879382954455132 -0.008146004992779579 -2.380755565401208 0.0
21 107 1684.0 1485.0 207.18488804899988 0.0 7.85 8.119831768559259e-05 0.08073789912709287 False True 0.001429402459927435 4.879382954455132 -0.008146004992779579 -2.380755565401208 0.0
21 108 1696.0 1497.0 209.0778448719999 0.0 7.85 8.119831768559259e-05 0.07720191411393085 False True 0.001429402459927435 4.879382954455132 -0.008146004992779579 -2.380755565401208 0.0
21 109 1708.0 1509.0 210.9041010539999 0.0 7.43 0.07720191411393085 0.07374144794926618 False True 0.001429402459927435 4.879382954455132 -0.008146004992779579 -2.380755565401208 0.0
21 110 1720.0 1521.0 212.70286637499987 0.0 7.85 8.119831768559259e-05 0.08803503950267003 False True 0.001429402459927435 4.879382954455132 -0.008146004992779579 -2.380755565401208 0.0
21 111 1732.0 1533.0 214.45064358199988 0.0 7.43 0.07720191411393085 0.0843490583192531 False True 0.001429402459927435 4.879382954455132 -0.008146004992779579 -2.380755565401208 0.0
21 112 1744.0 1545.0 216.16243238199985 0.0 7.85 8.119831768559259e-05 0.09179548300656959 False True 0.001429402459927435 4.879382954455132 -0.008146004992779579 -2.380755565401208 0.0
21 113 1756.0 1557.0 217.83835356099985 0.0 7.4 0.08803503950267003 0.09953828109412538 False True 0.001429402459927435 4.879382954455132 -0.008146004992779579 -2.380755565401208 0.0
21 114 1768.0 1569.0 219.49020423699983 0.0 7.4 0.08803503950267003 0.09563002171311764 False True 0.001429402459927435 4.879382954455132 -0.008146004992779579 -2.380755565401208 0.0
21 115 1780.0 1581.0 221.10606615999984 0.0 7.85 8.119831768559259e-05 0.10757442694048214 False True 0.001429402459927435 4.879382954455132 -0.008146004992779579 -2.380755565401208 0.0
21 116 1792.0 1593.0 222.69006325099986 0.0 7.43 0.07720191411393085 0.10351987924851143 False True 0.001429402459927435 4.879382954455132 -0.008146004992779579 -2.380755565401208 0.0
21 117 1804.0 1605.0 224.26431567699984 0.0 7.43 0.07720191411393085 0.12017176568584516 False True 0.001429402459927435 4.879382954455132 -0.008146004992779579 -2.380755565401208 0.0
21 118 1816.0 1617.0 225.81027255299983 0.0 8.02 0.009943105804159434 0.13341094196535924 False True 0.001429402459927435 4.879382954455132 -0.008146004992779579 -2.380755565401208 0.0
21 119 1828.0 1629.0 227.34926317399987 0.0 8.02 0.009943105804159434 0.1425878945786634 False True 0.001429402459927435 4.879382954455132 -0.008146004992779579 -2.380755565401208 0.0
21 120 1840.0 1641.0 228.85883955299988 0.0 8.02 0.009943105804159434 0.12892727674726145 False True 0.001429402459927435 4.879382954455132 -0.008146004992779579 -2.380755565401208 0.0
21 121 1852.0 1653.0 230.3605609419999 0.0 8.02 0.009943105804159434 0.15687057806533444 False True 0.001429402459927435 4.879382954455132 -0.008146004992779579 -2.380755565401208 0.0
21 122 1864.0 1665.0 231.84432111799993 0.0 8.02 0.009943105804159434 0.17685993447384152 False True 0.001429402459927435 4.879382954455132 -0.008146004992779579 -2.380755565401208 0.0
21 123 1876.0 1677.0 233.3118019119999 0.0 8.02 0.009943105804159434 0.16673175320944636 False True 0.001429402459927435 4.879382954455132 -0.008146004992779579 -2.380755565401208 0.0
21 124 1888.0 1689.0 234.76481035599988 0.0 8.0 0.007547471304599074 0.1872511419743838 False True 0.001429402459927435 4.879382954455132 -0.008146004992779579 -2.380755565401208 0.0
21 125 1900.0 1701.0 236.21165358799988 0.0 7.91 0.0008365161634839611 0.17176271433438203 False True 0.001429402459927435 4.879382954455132 -0.008146004992779579 -2.380755565401208 0.0
21 126 1912.0 1713.0 237.64218801799984 0.0 7.85 8.119831768559259e-05 0.14728028211250666 False True 0.001429402459927435 4.879382954455132 -0.008146004992779579 -2.380755565401208 0.0
21 127 1924.0 1725.0 239.07190331399983 0.0 7.88 8.615716184417288e-05 0.16176754528362045 False True 0.001429402459927435 4.879382954455132 -0.008146004992779579 -2.380755565401208 0.0
21 128 1936.0 1737.0 240.49647488899978 0.0 7.88 8.615716184417288e-05 0.13796463005964116 False True 0.001429402459927435 4.879382954455132 -0.008146004992779579 -2.380755565401208 0.0
21 129 1948.0 1749.0 241.92306797899977 0.0 8.24 0.057548277156064136 0.19790129060569625 False True 0.001429402459927435 4.879382954455132 -0.008146004992779579 -2.380755565401208 0.0
21 130 1960.0 1761.0 243.34771062099975 0.0 7.75 0.005446253974439733 0.11170152763846133 False True 0.001429402459927435 4.879382954455132 -0.008146004992779579 -2.380755565401208 0.0
21 131 1972.0 1773.0 244.77448600999975 0.0 7.75 0.005446253974439733 0.06704841304611976 False True 0.001429402459927435 4.879382954455132 -0.008146004992779579 -2.380755565401208 0.0
21 132 1984.0 1785.0 246.19723827099972 0.0 7.63 0.022743503740464164 0.026764805796791486 False True 0.001429402459927435 4.879382954455132 -0.008146004992779579 -2.380755565401208 0.0
21 133 1996.0 1797.0 247.61467742699972 0.0 7.75 0.005446253974439733 0.1646881135081156 False True 0.001429402459927435 4.879382954455132 -0.008146004992779579 -2.380755565401208 0.0
21 134 2008.0 1809.0 249.05206164099968 0.0 7.75 0.005446253974439733 0.15261074173699996 False True 0.001429402459927435 4.879382954455132 -0.008146004992779579 -2.380755565401208 0.0
21 135 2020.0 1821.0 250.47967547899964 0.0 7.88 8.615716184417288e-05 0.15656358887330654 False True 0.001429402459927435 4.879382954455132 -0.008146004992779579 -2.380755565401208 0.0
21 136 2032.0 1833.0 251.9071680499996 0.0 7.43 0.07720191411393085 0.14492581230642979 False True 0.001429402459927435 4.879382954455132 -0.008146004992779579 -2.380755565401208 0.0
21 137 2044.0 1845.0 253.33397007899958 0.0 7.4 0.08803503950267003 0.1487313563624571 False True 0.001429402459927435 4.879382954455132 -0.008146004992779579 -2.380755565401208 0.0
21 138 2056.0 1857.0 254.76241084099956 0.0 7.4 0.08803503950267003 0.1339559126207991 False True 0.001429402459927435 4.879382954455132 -0.008146004992779579 -2.380755565401208 0.0
21 139 2068.0 1869.0 256.1919797759995 0.0 7.4 0.08803503950267003 0.1375377294151794 False True 0.001429402459927435 4.879382954455132 -0.008146004992779579 -2.380755565401208 0.0
21 140 2080.0 1881.0 257.6200433099996 0.0 7.4 0.08803503950267003 0.14119448174076285 False True 0.001429402459927435 4.879382954455132 -0.008146004992779579 -2.380755565401208 0.0
21 141 2092.0 1893.0 259.04695536699955 0.0 7.4 0.08803503950267003 0.1270184772835068 False True 0.001429402459927435 4.879382954455132 -0.008146004992779579 -2.380755565401208 0.0
21 142 2104.0 1905.0 260.47454762499956 0.0 7.4 0.08803503950267003 0.12038488354691672 False True 0.001429402459927435 4.879382954455132 -0.008146004992779579 -2.380755565401208 0.0
21 143 2116.0 1917.0 261.88951867599957 0.0 7.4 0.08803503950267003 0.1304493811544146 False True 0.001429402459927435 4.879382954455132 -0.008146004992779579 -2.380755565401208 0.0
21 144 2128.0 1929.0 263.3159315629996 0.0 1.1300000000000001 0.1375377294151794 0.11405771768305734 False True 0.001429402459927435 4.879382954455132 -0.008146004992779579 -2.380755565401208 0.0
21 145 2140.0 1941.0 264.7528196229996 0.0 1.1300000000000001 0.1375377294151794 0.11100981992259225 False True 0.001429402459927435 4.879382954455132 -0.008146004992779579 -2.380755565401208 0.0
21 146 2152.0 1953.0 266.1799033459996 0.0 1.2 0.11405771768305734 0.11718284026540433 False True 0.001429402459927435 4.879382954455132 -0.008146004992779579 -2.380755565401208 0.0
21 147 2164.0 1965.0 267.6070362729996 0.0 7.63 0.022743503740464164 0.10514687671227639 False True 0.001429402459927435 4.879382954455132 -0.008146004992779579 -2.380755565401208 0.0
21 148 2176.0 1977.0 269.0171530369996 0.0 7.63 0.022743503740464164 0.10803944338347675 False True 0.001429402459927435 4.879382954455132 -0.008146004992779579 -2.380755565401208 0.0
21 149 2188.0 1989.0 270.4270783599996 0.0 7.63 0.022743503740464164 0.09959628862300056 False True 0.001429402459927435 4.879382954455132 -0.008146004992779579 -2.380755565401208 0.0
