53 0 400.0 200.99999999999997 1.1959320900000137 0.0 8.49 0.24896731440338737 0.2567146082041694 False True 0.0005053686553941092 2.990205272873639 -0.13544752692328924 -1.3409924656698058 0.0
53 1 412.0 212.99999999999997 2.451520141000003 0.0 8.5 0.2567146082041694 0.24132615765031792 False True 0.0005053686553941092 2.990205272873639 -0.13544752692328924 -1.3409924656698058 0.0
53 2 424.0 224.99999999999997 3.696380007000016 0.0 8.48 0.24132615765031792 0.23379191641943642 False True 0.0005053686553941092 2.990205272873639 -0.13544752692328924 -1.3409924656698058 0.0
53 3 436.0 236.99999999999997 4.971848634000025 0.0 8.47 0.23379191641943642 0.24132615765031792 False True 0.0005053686553941092 2.990205272873639 -0.13544752692328924 -1.3409924656698058 0.0
53 4 440.0 240.99999999999997 6.21914165900003 0.0 8.48 0.24132615765031792 0.22636535849231834 False True 0.0005053686553941092 2.990205272873639 -0.13544752692328924 -1.3409924656698058 0.0
53 5 452.0 252.99999999999997 7.475671570000031 0.0 8.47 0.23379191641943642 0.26456724996313424 False True 0.0005053686553941092 2.990205272873639 -0.13544752692328924 -1.3409924656698058 0.0
53 6 464.0 265.0 8.732991839000022 0.0 8.48 0.24132615765031792 0.35929218426714316 False True 0.0005053686553941092 2.990205272873639 -0.13544752692328924 -1.3409924656698058 0.0
53 7 476.0 277.0 9.98939999800001 0.0 8.48 0.24132615765031792 0.34133177270839593 False True 0.0005053686553941092 2.990205272873639 -0.13544752692328924 -1.3409924656698058 0.0
53 8 488.0 289.0 11.234899154000004 0.0 8.48 0.24132615765031792 0.33249938927807 False True 0.0005053686553941092 2.990205272873639 -0.13544752692328924 -1.3409924656698058 0.0
53 9 500.0 301.0 12.491939701999996 0.0 8.49 0.24896731440338737 0.2725244400546049 False True 0.0005053686553941092 2.990205272873639 -0.13544752692328924 -1.3409924656698058 0.0
53 10 512.0 313.0 13.749796121000003 0.0 8.49 0.24896731440338737 0.3684184447102136 False True 0.0005053686553941092 2.990205272873639 -0.13544752692328924 -1.3409924656698058 0.0
53 11 524.0 325.0 14.997139964000013 0.0 8.49 0.24896731440338737 0.28058536839672865 False True 0.0005053686553941092 2.990205272873639 -0.13544752692328924 -1.3409924656698058 0.0
53 12 536.0 337.0 16.254374619000004 0.0 8.49 0.24896731440338737 0.2887492145324657 False True 0.0005053686553941092 2.990205272873639 -0.13544752692328924 -1.3409924656698058 0.0
53 13 548.0 349.0 17.511378019999995 0.0 8.49 0.24896731440338737 0.2970151477116586 False True 0.0005053686553941092 2.990205272873639 -0.13544752692328924 -1.3409924656698058 0.0
53 14 560.0 361.0 18.757548170000007 0.0 8.49 0.24896731440338737 0.3053823269740811 False True 0.0005053686553941092 2.990205272873639 -0.13544752692328924 -1.3409924656698058 0.0
53 15 572.0 373.0 20.015116858 0.0 8.49 0.24896731440338737 0.37764088023177705 False True 0.0005053686553941092 2.990205272873639 -0.13544752692328924 -1.3409924656698058 0.0
53 16 584.0 385.0 21.273744129000022 0.0 8.49 0.24896731440338737 0.3869585827628434 False True 0.0005053686553941092 2.990205272873639 -0.13544752692328924 -1.3409924656698058 0.0
53 17 596.0 397.0 22.530492037000016 0.0 7.13 0.34133177270839593 0.24132615765031792 False True 0.0005053686553941092 2.990205272873639 -0.13544752692328924 -1.3409924656698058 0.0
53 18 600.0 401.0 23.788136793999996 0.0 8.48 0.24132615765031792 0.2190472408808698 False True 0.0005053686553941092 2.990205272873639 -0.13544752692328924 -1.3409924656698058 0.0
53 19 612.0 413.0 25.047716036999986 0.0 8.48 0.24132615765031792 0.2118383097516102 False True 0.0005053686553941092 2.990205272873639 -0.13544752692328924 -1.3409924656698058 0.0
53 20 624.0 425.0 26.302594546999984 0.0 8.44 0.2118383097516102 0.20473930035107105 False True 0.0005053686553941092 2.990205272873639 -0.13544752692328924 -1.3409924656698058 0.0
53 21 636.0 437.0 28.141373397999985 0.0 8.44 0.2118383097516102 0.197750936932261 False True 0.0005053686553941092 2.990205272873639 -0.13544752692328924 -1.3409924656698058 0.0
53 22 648.0 449.0 30.77569145999999 0.0 8.42 0.197750936932261 0.19087393268225605 False True 0.0005053686553941092 2.990205272873639 -0.13544752692328924 -1.3409924656698058 0.0
53 23 660.0 461.0 33.39489291999999 0.0 8.42 0.197750936932261 0.18410898965086558 False True 0.0005053686553941092 2.990205272873639 -0.13544752692328924 -1.3409924656698058 0.0
53 24 672.0 473.0 36.00619500899998 0.0 8.41 0.19087393268225605 0.17745679868043543 False True 0.0005053686553941092 2.990205272873639 -0.13544752692328924 -1.3409924656698058 0.0
53 25 684.0 485.0 38.32538135599998 0.0 8.41 0.19087393268225605 0.1709180393367663 False True 0.0005053686553941092 2.990205272873639 -0.13544752692328924 -1.3409924656698058 0.0
53 26 696.0 497.0 40.42364662099999 0.0 8.44 0.2118383097516102 0.19087393268225605 False True 0.0005053686553941092 2.990205272873639 -0.13544752692328924 -1.3409924656698058 0.0
53 27 700.0 501.0 42.362823819 0.0 8.41 0.19087393268225605 0.197750936932261 False True 0.0005053686553941092 2.990205272873639 -0.13544752692328924 -1.3409924656698058 0.0
53 28 704.0 505.0 44.15508915800001 0.0 8.41 0.19087393268225605 0.18410898965086558 False True 0.0005053686553941092 2.990205272873639 -0.13544752692328924 -1.3409924656698058 0.0
53 29 708.0 509.0 45.845785749000015 0.0 8.4 0.18410898965086558 0.19087393268225605 False True 0.0005053686553941092 2.990205272873639 -0.13544752692328924 -1.3409924656698058 0.0
53 30 712.0 513.0 47.46001510900001 0.0 8.4 0.18410898965086558 0.2118383097516102 False True 0.0005053686553941092 2.990205272873639 -0.13544752692328924 -1.3409924656698058 0.0
53 31 716.0 517.0 49.017839165 0.0 8.44 0.2118383097516102 0.16449337984115536 False True 0.0005053686553941092 2.990205272873639 -0.13544752692328924 -1.3409924656698058 0.0
53 32 728.0 529.0 50.521222395999985 0.0 8.44 0.2118383097516102 0.15818347700357438 False True 0.0005053686553941092 2.990205272873639 -0.13544752692328924 -1.3409924656698058 0.0
53 33 740.0 541.0 51.988004123999985 0.0 8.42 0.197750936932261 0.15198897615698947 False True 0.0005053686553941092 2.990205272873639 -0.13544752692328924 -1.3409924656698058 0.0
53 34 752.0 553.0 53.416273124999975 0.0 8.42 0.197750936932261 0.14591051109283176 False True 0.0005053686553941092 2.990205272873639 -0.13544752692328924 -1.3409924656698058 0.0
53 35 764.0 565.0 54.786887416999974 0.0 8.44 0.2118383097516102 0.13994870399761414 False True 0.0005053686553941092 2.990205272873639 -0.13544752692328924 -1.3409924656698058 0.0
53 36 776.0 577.0 56.13546505299996 0.0 8.44 0.2118383097516102 0.13410416539071304 False True 0.0005053686553941092 2.990205272873639 -0.13544752692328924 -1.3409924656698058 0.0
53 37 788.0 589.0 57.46787650099995 0.0 8.4 0.18410898965086558 0.13994870399761414 False True 0.0005053686553941092 2.990205272873639 -0.13544752692328924 -1.3409924656698058 0.0
53 38 792.0 593.0 58.783747640999934 0.0 8.4 0.18410898965086558 0.1283774940633246 False True 0.0005053686553941092 2.990205272873639 -0.13544752692328924 -1.3409924656698058 0.0
53 39 804.0 605.0 60.07829301599995 0.0 8.31 0.1283774940633246 0.12276927701857629 False True 0.0005053686553941092 2.990205272873639 -0.13544752692328924 -1.3409924656698058 0.0
53 40 816.0 617.0 61.356769115999924 0.0 8.31 0.1283774940633246 0.1172800894128364 False True 0.0005053686553941092 2.990205272873639 -0.13544752692328924 -1.3409924656698058 0.0
53 41 828.0 629.0 62.61766394599994 0.0 8.29 0.1172800894128364 0.11191049449819068 False True 0.0005053686553941092 2.990205272873639 -0.13544752692328924 -1.3409924656698058 0.0
53 42 840.0 641.0 63.87541267699996 0.0 8.31 0.1283774940633246 0.10666104356612517 False True 0.0005053686553941092 2.990205272873639 -0.13544752692328924 -1.3409924656698058 0.0
53 43 852.0 653.0 65.13283505999993 0.0 8.28 0.11191049449819068 0.10153227589239133 False True 0.0005053686553941092 2.990205272873639 -0.13544752692328924 -1.3409924656698058 0.0
53 44 864.0 665.0 66.38997114899993 0.0 8.31 0.1283774940633246 0.09652471868308318 False True 0.0005053686553941092 2.990205272873639 -0.13544752692328924 -1.3409924656698058 0.0
53 45 876.0 677.0 67.64761097299993 0.0 8.31 0.1283774940633246 0.10153227589239133 False True 0.0005053686553941092 2.990205272873639 -0.13544752692328924 -1.3409924656698058 0.0
53 46 880.0 681.0 68.89488228299993 0.0 8.31 0.1283774940633246 0.11191049449819068 False True 0.0005053686553941092 2.990205272873639 -0.13544752692328924 -1.3409924656698058 0.0
53 47 884.0 685.0 70.15257843199993 0.0 8.28 0.11191049449819068 0.09163888702191678 False True 0.0005053686553941092 2.990205272873639 -0.13544752692328924 -1.3409924656698058 0.0
53 48 896.0 697.0 71.40970011099995 0.0 8.28 0.11191049449819068 0.08687528381872044 False True 0.0005053686553941092 2.990205272873639 -0.13544752692328924 -1.3409924656698058 0.0
53 49 908.0 709.0 72.67125989399997 0.0 8.31 0.1283774940633246 0.11191049449819068 False True 0.0005053686553941092 2.990205272873639 -0.13544752692328924 -1.3409924656698058 0.0
53 50 912.0 713.0 73.94381126999997 0.0 8.31 0.1283774940633246 0.11191049449819068 False True 0.0005053686553941092 2.990205272873639 -0.13544752692328924 -1.3409924656698058 0.0
53 51 916.0 717.0 75.20607282299997 0.0 8.31 0.1283774940633246 0.11191049449819068 False True 0.0005053686553941092 2.990205272873639 -0.13544752692328924 -1.3409924656698058 0.0
53 52 920.0 721.0 76.47870712899999 0.0 8.31 0.1283774940633246 0.08223439975914608 False True 0.0005053686553941092 2.990205272873639 -0.13544752692328924 -1.3409924656698058 0.0
53 53 932.0 733.0 77.75437501299999 0.0 8.31 0.1283774940633246 0.07771671325559834 False True 0.0005053686553941092 2.990205272873639 -0.13544752692328924 -1.3409924656698058 0.0
53 54 944.0 745.0 79.02375730199998 0.0 8.31 0.1283774940633246 0.07332269039940358 False True 0.0005053686553941092 2.990205272873639 -0.13544752692328924 -1.3409924656698058 0.0
53 55 956.0 757.0 80.29527268299998 0.0 8.31 0.1283774940633246 0.06905278491418372 False True 0.0005053686553941092 2.990205272873639 -0.13544752692328924 -1.3409924656698058 0.0
53 56 968.0 769.0 81.55853355899998 0.0 8.31 0.1283774940633246 0.0649074381105017 False True 0.0005053686553941092 2.990205272873639 -0.13544752692328924 -1.3409924656698058 0.0
53 57 980.0 781.0 82.831083441 0.0 8.31 0.1283774940633246 0.060887078841722266 False True 0.0005053686553941092 2.990205272873639 -0.13544752692328924 -1.3409924656698058 0.0
53 58 992.0 793.0 84.09398610600002 0.0 8.31 0.1283774940633246 0.056992123461126684 False True 0.0005053686553941092 2.990205272873639 -0.13544752692328924 -1.3409924656698058 0.0
53 59 1004.0 805.0 85.37727926000002 0.0 8.31 0.1283774940633246 0.053222975780281685 False True 0.0005053686553941092 2.990205272873639 -0.13544752692328924 -1.3409924656698058 0.0
53 60 1016.0 817.0 86.65161795600002 0.0 8.15 0.053222975780281685 0.049580027028657554 False True 0.0005053686553941092 2.990205272873639 -0.13544752692328924 -1.3409924656698058 0.0
53 61 1028.0 829.0 87.92992428000002 0.0 8.14 0.049580027028657554 0.04606365581450267 False True 0.0005053686553941092 2.990205272873639 -0.13544752692328924 -1.3409924656698058 0.0
53 62 1040.0 841.0 89.20792843800004 0.0 8.14 0.049580027028657554 0.04267422808698961 False True 0.0005053686553941092 2.990205272873639 -0.13544752692328924 -1.3409924656698058 0.0
53 63 1052.0 853.0 90.50020099900004 0.0 8.12 0.04267422808698961 0.039412097099611826 False True 0.0005053686553941092 2.990205272873639 -0.13544752692328924 -1.3409924656698058 0.0
53 64 1064.0 865.0 91.79323554400005 0.0 8.12 0.04267422808698961 0.049580027028657554 False True 0.0005053686553941092 2.990205272873639 -0.13544752692328924 -1.3409924656698058 0.0
53 65 1068.0 869.0 93.08677625300007 0.0 8.12 0.04267422808698961 0.049580027028657554 False True 0.0005053686553941092 2.990205272873639 -0.13544752692328924 -1.3409924656698058 0.0
53 66 1072.0 873.0 94.38086085600008 0.0 8.12 0.04267422808698961 0.03627760337486707 False True 0.0005053686553941092 2.990205272873639 -0.13544752692328924 -1.3409924656698058 0.0
53 67 1084.0 885.0 95.67453458000008 0.0 8.12 0.04267422808698961 0.03327107467020077 False True 0.0005053686553941092 2.990205272873639 -0.13544752692328924 -1.3409924656698058 0.0
53 68 1096.0 897.0 96.9679994660001 0.0 8.1 0.03627760337486707 0.0303928259452315 False True 0.0005053686553941092 2.990205272873639 -0.13544752692328924 -1.3409924656698058 0.0
53 69 1108.0 909.0 98.26127875700007 0.0 8.1 0.03627760337486707 0.027643159330257492 False True 0.0005053686553941092 2.990205272873639 -0.13544752692328924 -1.3409924656698058 0.0
53 70 1120.0 921.0 99.55545150300006 0.0 8.1 0.03627760337486707 0.02502236409604055 False True 0.0005053686553941092 2.990205272873639 -0.13544752692328924 -1.3409924656698058 0.0
53 71 1132.0 933.0 100.84915688900006 0.0 8.06 0.02502236409604055 0.03627760337486707 False True 0.0005053686553941092 2.990205272873639 -0.13544752692328924 -1.3409924656698058 0.0
53 72 1136.0 937.0 102.14268375000006 0.0 8.1 0.03627760337486707 0.022530716624882683 False True 0.0005053686553941092 2.990205272873639 -0.13544752692328924 -1.3409924656698058 0.0
53 73 1148.0 949.0 103.43611843400006 0.0 8.06 0.02502236409604055 0.03627760337486707 False True 0.0005053686553941092 2.990205272873639 -0.13544752692328924 -1.3409924656698058 0.0
53 74 1152.0 953.0 104.73685524200008 0.0 8.06 0.02502236409604055 0.03627760337486707 False True 0.0005053686553941092 2.990205272873639 -0.13544752692328924 -1.3409924656698058 0.0
53 75 1156.0 957.0 106.03014703200006 0.0 8.1 0.03627760337486707 0.02502236409604055 False True 0.0005053686553941092 2.990205272873639 -0.13544752692328924 -1.3409924656698058 0.0
53 76 1160.0 961.0 107.32349852800004 0.0 8.12 0.04267422808698961 0.049580027028657554 False True 0.0005053686553941092 2.990205272873639 -0.13544752692328924 -1.3409924656698058 0.0
53 77 1164.0 965.0 108.61718953600001 0.0 8.14 0.049580027028657554 0.03627760337486707 False True 0.0005053686553941092 2.990205272873639 -0.13544752692328924 -1.3409924656698058 0.0
53 78 1168.0 969.0 109.910594489 0.0 8.1 0.03627760337486707 0.04267422808698961 False True 0.0005053686553941092 2.990205272873639 -0.13544752692328924 -1.3409924656698058 0.0
53 79 1172.0 973.0 111.204706504 0.0 8.1 0.03627760337486707 0.02502236409604055 False True 0.0005053686553941092 2.990205272873639 -0.13544752692328924 -1.3409924656698058 0.0
53 80 1176.0 977.0 112.50847668899996 0.0 8.06 0.02502236409604055 0.049580027028657554 False True 0.0005053686553941092 2.990205272873639 -0.13544752692328924 -1.3409924656698058 0.0
53 81 1180.0 981.0 113.80205695899997 0.0 8.1 0.03627760337486707 0.039412097099611826 False True 0.0005053686553941092 2.990205272873639 -0.13544752692328924 -1.3409924656698058 0.0
53 82 1184.0 985.0 115.09605391199995 0.0 8.1 0.03627760337486707 0.02502236409604055 False True 0.0005053686553941092 2.990205272873639 -0.13544752692328924 -1.3409924656698058 0.0
53 83 1188.0 989.0 116.39012724199995 0.0 8.1 0.03627760337486707 0.04267422808698961 False True 0.0005053686553941092 2.990205272873639 -0.13544752692328924 -1.3409924656698058 0.0
53 84 1192.0 993.0 117.68330906399996 0.0 8.1 0.03627760337486707 0.053222975780281685 False True 0.0005053686553941092 2.990205272873639 -0.13544752692328924 -1.3409924656698058 0.0
53 85 1196.0 997.0 118.97769395299997 0.0 8.1 0.03627760337486707 0.04267422808698961 False True 0.0005053686553941092 2.990205272873639 -0.13544752692328924 -1.3409924656698058 0.0
53 86 1200.0 1001.0 120.29238557499997 0.0 8.1 0.03627760337486707 0.02016848038298608 False True 0.0005053686553941092 2.990205272873639 -0.13544752692328924 -1.3409924656698058 0.0
53 87 1212.0 1013.0 121.58588518299996 0.0 8.1 0.03627760337486707 0.017935905894106915 False True 0.0005053686553941092 2.990205272873639 -0.13544752692328924 -1.3409924656698058 0.0
53 88 1224.0 1025.0 122.87995227399995 0.0 8.03 0.017935905894106915 0.01583323071450657 False True 0.0005053686553941092 2.990205272873639 -0.13544752692328924 -1.3409924656698058 0.0
53 89 1236.0 1037.0 124.18410569199995 0.0 8.03 0.017935905894106915 0.013860679409190838 False True 0.0005053686553941092 2.990205272873639 -0.13544752692328924 -1.3409924656698058 0.0
53 90 1248.0 1049.0 125.47815878799997 0.0 8.01 0.013860679409190838 0.01201846352945827 False True 0.0005053686553941092 2.990205272873639 -0.13544752692328924 -1.3409924656698058 0.0
53 91 1260.0 1061.0 126.77475014999999 0.0 8.01 0.013860679409190838 0.010306781591741181 False True 0.0005053686553941092 2.990205272873639 -0.13544752692328924 -1.3409924656698058 0.0
53 92 1272.0 1073.0 128.08337694099998 0.0 8.01 0.013860679409190838 0.008725819057761638 False True 0.0005053686553941092 2.990205272873639 -0.13544752692328924 -1.3409924656698058 0.0
53 93 1284.0 1085.0 129.39200861499995 0.0 8.01 0.013860679409190838 0.007275748315977797 False True 0.0005053686553941092 2.990205272873639 -0.13544752692328924 -1.3409924656698058 0.0
53 94 1296.0 1097.0 130.69094086999996 0.0 8.01 0.013860679409190838 0.008725819057761638 False True 0.0005053686553941092 2.990205272873639 -0.13544752692328924 -1.3409924656698058 0.0
53 95 1300.0 1101.0 132.001526012 0.0 8.01 0.013860679409190838 0.005956728664347558 False True 0.0005053686553941092 2.990205272873639 -0.13544752692328924 -1.3409924656698058 0.0
53 96 1312.0 1113.0 133.32659862100002 0.0 8.01 0.013860679409190838 0.004768906294401312 False True 0.0005053686553941092 2.990205272873639 -0.13544752692328924 -1.3409924656698058 0.0
53 97 1324.0 1125.0 134.641218798 0.0 7.97 0.007275748315977797 0.008725819057761638 False True 0.0005053686553941092 2.990205272873639 -0.13544752692328924 -1.3409924656698058 0.0
53 98 1328.0 1129.0 135.95549539 0.0 8.01 0.013860679409190838 0.005956728664347558 False True 0.0005053686553941092 2.990205272873639 -0.13544752692328924 -1.3409924656698058 0.0
53 99 1332.0 1133.0 137.280348388 0.0 7.9799999999999995 0.008725819057761638 0.007275748315977797 False True 0.0005053686553941092 2.990205272873639 -0.13544752692328924 -1.3409924656698058 0.0
53 100 1336.0 1137.0 138.59562495200004 0.0 7.97 0.007275748315977797 0.0037124142766226283 False True 0.0005053686553941092 2.990205272873639 -0.13544752692328924 -1.3409924656698058 0.0
53 101 1348.0 1149.0 139.92743201000002 0.0 7.94 0.0037124142766226283 0.0027873725471380443 False True 0.0005053686553941092 2.990205272873639 -0.13544752692328924 -1.3409924656698058 0.0
53 102 1360.0 1161.0 141.23269198600002 0.0 7.94 0.0037124142766226283 0.0019938878957276823 False True 0.0005053686553941092 2.990205272873639 -0.13544752692328924 -1.3409924656698058 0.0
53 103 1372.0 1173.0 142.52974190700002 0.0 7.94 0.0037124142766226283 0.0013320539551449667 False True 0.0005053686553941092 2.990205272873639 -0.13544752692328924 -1.3409924656698058 0.0
53 104 1384.0 1185.0 143.83844763899998 0.0 7.94 0.0037124142766226283 0.0008019511917513121 False True 0.0005053686553941092 2.990205272873639 -0.13544752692328924 -1.3409924656698058 0.0
53 105 1396.0 1197.0 145.132240255 0.0 7.94 0.0037124142766226283 0.00040364689747631805 False True 0.0005053686553941092 2.990205272873639 -0.13544752692328924 -1.3409924656698058 0.0
53 106 1408.0 1209.0 146.440875496 0.0 7.94 0.0037124142766226283 0.00040364689747631805 False True 0.0005053686553941092 2.990205272873639 -0.13544752692328924 -1.3409924656698058 0.0
53 107 1412.0 1213.0 147.75140524999995 0.0 7.94 0.0037124142766226283 0.00013719518308004096 False True 0.0005053686553941092 2.990205272873639 -0.13544752692328924 -1.3409924656698058 0.0
53 108 1424.0 1225.0 149.06280115299995 0.0 7.94 0.0037124142766226283 2.636972748980587e-06 False True 0.0005053686553941092 2.990205272873639 -0.13544752692328924 -1.3409924656698058 0.0
53 109 1436.0 1237.0 150.37450208299992 0.0 7.87 2.636972748980587e-06 0.0 False True 0.0005053686553941092 2.990205272873639 -0.13544752692328924 -1.3409924656698058 0.0
53 110 1448.0 1249.0 151.68621164899992 0.0 7.87 2.636972748980587e-06 0.000129298804907414 False True 0.0005053686553941092 2.990205272873639 -0.13544752692328924 -1.3409924656698058 0.0
53 111 1460.0 1261.0 152.9978800529999 0.0 7.87 2.636972748980587e-06 0.0003905347326544183 False True 0.0005053686553941092 2.990205272873639 -0.13544752692328924 -1.3409924656698058 0.0
53 112 1472.0 1273.0 154.30917157999988 0.0 7.84 0.0003905347326544183 0.0007836959333889356 False True 0.0005053686553941092 2.990205272873639 -0.13544752692328924 -1.3409924656698058 0.0
53 113 1484.0 1285.0 155.62032288799986 0.0 7.84 0.0003905347326544183 2.636972748980587e-06 False True 0.0005053686553941092 2.990205272873639 -0.13544752692328924 -1.3409924656698058 0.0
53 114 1488.0 1289.0 156.92157109599987 0.0 7.84 0.0003905347326544183 2.636972748980587e-06 False True 0.0005053686553941092 2.990205272873639 -0.13544752692328924 -1.3409924656698058 0.0
53 115 1492.0 1293.0 158.23164270699988 0.0 7.84 0.0003905347326544183 0.0013087573634202104 False True 0.0005053686553941092 2.990205272873639 -0.13544752692328924 -1.3409924656698058 0.0
53 116 1504.0 1305.0 159.5435562909999 0.0 7.84 0.0003905347326544183 2.636972748980587e-06 False True 0.0005053686553941092 2.990205272873639 -0.13544752692328924 -1.3409924656698058 0.0
53 117 1508.0 1309.0 160.85515602499993 0.0 7.84 0.0003905347326544183 0.0 False True 0.0005053686553941092 2.990205272873639 -0.13544752692328924 -1.3409924656698058 0.0
53 118 1512.0 1313.0 162.16693964299992 0.0 7.84 0.0003905347326544183 0.0 False True 0.0005053686553941092 2.990205272873639 -0.13544752692328924 -1.3409924656698058 0.0
53 119 1516.0 1317.0 163.4791026779999 0.0 7.84 0.0003905347326544183 0.0 False True 0.0005053686553941092 2.990205272873639 -0.13544752692328924 -1.3409924656698058 0.0
53 120 1520.0 1321.0 164.81053771799992 0.0 7.84 0.0003905347326544183 0.0 False True 0.0005053686553941092 2.990205272873639 -0.13544752692328924 -1.3409924656698058 0.0
53 121 1524.0 1325.0 166.12737548899992 0.0 7.87 2.636972748980587e-06 0.0003905347326544183 False True 0.0005053686553941092 2.990205272873639 -0.13544752692328924 -1.3409924656698058 0.0
53 122 1528.0 1329.0 167.4558185589999 0.0 7.87 2.636972748980587e-06 0.00013719518308004096 False True 0.0005053686553941092 2.990205272873639 -0.13544752692328924 -1.3409924656698058 0.0
53 123 1532.0 1333.0 168.7825557769999 0.0 7.87 2.636972748980587e-06 0.000129298804907414 False True 0.0005053686553941092 2.990205272873639 -0.13544752692328924 -1.3409924656698058 0.0
53 124 1536.0 1337.0 170.10074624599991 0.0 7.87 2.636972748980587e-06 0.000129298804907414 False True 0.0005053686553941092 2.990205272873639 -0.13544752692328924 -1.3409924656698058 0.0
53 125 1540.0 1341.0 171.4284719059999 0.0 7.87 2.636972748980587e-06 0.0037124142766226283 False True 0.0005053686553941092 2.990205272873639 -0.13544752692328924 -1.3409924656698058 0.0
53 126 1544.0 1345.0 172.75700039999992 0.0 7.87 2.636972748980587e-06 0.0003905347326544183 False True 0.0005053686553941092 2.990205272873639 -0.13544752692328924 -1.3409924656698058 0.0
53 127 1548.0 1349.0 174.08620263399996 0.0 7.87 2.636972748980587e-06 0.00040364689747631805 False True 0.0005053686553941092 2.990205272873639 -0.13544752692328924 -1.3409924656698058 0.0
53 128 1552.0 1353.0 175.42865042799997 0.0 7.87 2.636972748980587e-06 0.0037124142766226283 False True 0.0005053686553941092 2.990205272873639 -0.13544752692328924 -1.3409924656698058 0.0
53 129 1556.0 1357.0 176.75882936999994 0.0 7.87 2.636972748980587e-06 0.0003905347326544183 False True 0.0005053686553941092 2.990205272873639 -0.13544752692328924 -1.3409924656698058 0.0
53 130 1560.0 1361.0 178.09174122399992 0.0 7.87 2.636972748980587e-06 0.000129298804907414 False True 0.0005053686553941092 2.990205272873639 -0.13544752692328924 -1.3409924656698058 0.0
53 131 1564.0 1365.0 179.4347008989999 0.0 7.87 2.636972748980587e-06 0.0037124142766226283 False True 0.0005053686553941092 2.990205272873639 -0.13544752692328924 -1.3409924656698058 0.0
53 132 1568.0 1369.0 180.76780210599992 0.0 7.87 2.636972748980587e-06 0.007275748315977797 False True 0.0005053686553941092 2.990205272873639 -0.13544752692328924 -1.3409924656698058 0.0
53 133 1572.0 1373.0 182.84382862799993 0.0 7.87 2.636972748980587e-06 0.00040364689747631805 False True 0.0005053686553941092 2.990205272873639 -0.13544752692328924 -1.3409924656698058 0.0
53 134 1576.0 1377.0 185.7017034609999 0.0 7.87 2.636972748980587e-06 0.005956728664347558 False True 0.0005053686553941092 2.990205272873639 -0.13544752692328924 -1.3409924656698058 0.0
53 135 1580.0 1381.0 188.54515831299994 0.0 7.87 2.636972748980587e-06 0.005956728664347558 False True 0.0005053686553941092 2.990205272873639 -0.13544752692328924 -1.3409924656698058 0.0
53 136 1584.0 1385.0 191.15753561099996 0.0 7.96 0.005956728664347558 2.636972748980587e-06 False True 0.0005053686553941092 2.990205272873639 -0.13544752692328924 -1.3409924656698058 0.0
53 137 1588.0 1389.0 193.41837639299996 0.0 7.87 2.636972748980587e-06 0.005956728664347558 False True 0.0005053686553941092 2.990205272873639 -0.13544752692328924 -1.3409924656698058 0.0
53 138 1592.0 1393.0 195.51993510499994 0.0 7.96 0.005956728664347558 0.0003905347326544183 False True 0.0005053686553941092 2.990205272873639 -0.13544752692328924 -1.3409924656698058 0.0
53 139 1596.0 1397.0 197.47088842499994 0.0 7.96 0.005956728664347558 0.0003905347326544183 False True 0.0005053686553941092 2.990205272873639 -0.13544752692328924 -1.3409924656698058 0.0
53 140 1600.0 1401.0 199.29813899499993 0.0 7.96 0.005956728664347558 0.0003905347326544183 False True 0.0005053686553941092 2.990205272873639 -0.13544752692328924 -1.3409924656698058 0.0
53 141 1604.0 1405.0 201.01456887499995 0.0 7.96 0.005956728664347558 0.001965680787710444 False True 0.0005053686553941092 2.990205272873639 -0.13544752692328924 -1.3409924656698058 0.0
53 142 1616.0 1417.0 202.66148441599995 0.0 7.96 0.005956728664347558 0.0019938878957276823 False True 0.0005053686553941092 2.990205272873639 -0.13544752692328924 -1.3409924656698058 0.0
53 143 1620.0 1421.0 204.25125804899994 0.0 7.92 0.0019938878957276823 0.005956728664347558 False True 0.0005053686553941092 2.990205272873639 -0.13544752692328924 -1.3409924656698058 0.0
53 144 1624.0 1425.0 205.79195534299993 0.0 7.92 0.0019938878957276823 0.000129298804907414 False True 0.0005053686553941092 2.990205272873639 -0.13544752692328924 -1.3409924656698058 0.0
53 145 1628.0 1429.0 207.30528953499993 0.0 7.92 0.0019938878957276823 0.002754414783710695 False True 0.0005053686553941092 2.990205272873639 -0.13544752692328924 -1.3409924656698058 0.0
53 146 1640.0 1441.0 208.77606968299995 0.0 7.92 0.0019938878957276823 0.0036748947464953366 False True 0.0005053686553941092 2.990205272873639 -0.13544752692328924 -1.3409924656698058 0.0
53 147 1652.0 1453.0 210.22398351399994 0.0 7.92 0.0019938878957276823 0.0036748947464953366 False True 0.0005053686553941092 2.990205272873639 -0.13544752692328924 -1.3409924656698058 0.0
53 148 1656.0 1457.0 211.64563866399993 0.0 7.79 0.0036748947464953366 0.004727042895226712 False True 0.0005053686553941092 2.990205272873639 -0.13544752692328924 -1.3409924656698058 0.0
53 149 1668.0 1469.0 213.04730099099993 0.0 7.79 0.0036748947464953366 0.004727042895226712 False True 0.0005053686553941092 2.990205272873639 -0.13544752692328924 -1.3409924656698058 0.0
53 150 1672.0 1473.0 214.41611675399992 0.0 7.79 0.0036748947464953366 0.0019938878957276823 False True 0.0005053686553941092 2.990205272873639 -0.13544752692328924 -1.3409924656698058 0.0
53 151 1676.0 1477.0 215.7767594049999 0.0 7.79 0.0036748947464953366 0.005910768280931245 False True 0.0005053686553941092 2.990205272873639 -0.13544752692328924 -1.3409924656698058 0.0
53 152 1688.0 1489.0 217.1225127109999 0.0 7.79 0.0036748947464953366 0.004727042895226712 False True 0.0005053686553941092 2.990205272873639 -0.13544752692328924 -1.3409924656698058 0.0
53 153 1692.0 1493.0 218.4680779709999 0.0 7.79 0.0036748947464953366 0.0019938878957276823 False True 0.0005053686553941092 2.990205272873639 -0.13544752692328924 -1.3409924656698058 0.0
53 154 1696.0 1497.0 219.82513118499992 0.0 7.92 0.0019938878957276823 0.0036748947464953366 False True 0.0005053686553941092 2.990205272873639 -0.13544752692328924 -1.3409924656698058 0.0
53 155 1700.0 1501.0 221.17094021999992 0.0 7.79 0.0036748947464953366 0.004727042895226712 False True 0.0005053686553941092 2.990205272873639 -0.13544752692328924 -1.3409924656698058 0.0
53 156 1704.0 1505.0 222.5165430979999 0.0 7.79 0.0036748947464953366 0.004727042895226712 False True 0.0005053686553941092 2.990205272873639 -0.13544752692328924 -1.3409924656698058 0.0
53 157 1708.0 1509.0 223.86126482999987 0.0 7.79 0.0036748947464953366 0.002754414783710695 False True 0.0005053686553941092 2.990205272873639 -0.13544752692328924 -1.3409924656698058 0.0
53 158 1712.0 1513.0 225.20665012399985 0.0 7.8 0.002754414783710695 0.0036748947464953366 False True 0.0005053686553941092 2.990205272873639 -0.13544752692328924 -1.3409924656698058 0.0
53 159 1716.0 1517.0 226.55183053499985 0.0 7.79 0.0036748947464953366 0.0019938878957276823 False True 0.0005053686553941092 2.990205272873639 -0.13544752692328924 -1.3409924656698058 0.0
53 160 1720.0 1521.0 227.89692137299983 0.0 7.92 0.0019938878957276823 0.0036748947464953366 False True 0.0005053686553941092 2.990205272873639 -0.13544752692328924 -1.3409924656698058 0.0
53 161 1724.0 1525.0 229.23185153199984 0.0 7.79 0.0036748947464953366 0.002754414783710695 False True 0.0005053686553941092 2.990205272873639 -0.13544752692328924 -1.3409924656698058 0.0
53 162 1728.0 1529.0 230.57699309199984 0.0 7.79 0.0036748947464953366 0.007225966795592851 False True 0.0005053686553941092 2.990205272873639 -0.13544752692328924 -1.3409924656698058 0.0
53 163 1740.0 1541.0 231.92257366899986 0.0 7.79 0.0036748947464953366 0.008672521182569521 False True 0.0005053686553941092 2.990205272873639 -0.13544752692328924 -1.3409924656698058 0.0
53 164 1752.0 1553.0 233.26801789399985 0.0 7.79 0.0036748947464953366 0.0 False True 0.0005053686553941092 2.990205272873639 -0.13544752692328924 -1.3409924656698058 0.0
53 165 1756.0 1557.0 234.62285535499984 0.0 7.79 0.0036748947464953366 0.00040364689747631805 False True 0.0005053686553941092 2.990205272873639 -0.13544752692328924 -1.3409924656698058 0.0
53 166 1760.0 1561.0 235.95436728999988 0.0 7.79 0.0036748947464953366 2.636972748980587e-06 False True 0.0005053686553941092 2.990205272873639 -0.13544752692328924 -1.3409924656698058 0.0
53 167 1764.0 1565.0 237.2986030309999 0.0 7.79 0.0036748947464953366 0.0037124142766226283 False True 0.0005053686553941092 2.990205272873639 -0.13544752692328924 -1.3409924656698058 0.0
53 168 1768.0 1569.0 238.64163280699995 0.0 7.79 0.0036748947464953366 0.01583323071450657 False True 0.0005053686553941092 2.990205272873639 -0.13544752692328924 -1.3409924656698058 0.0
53 169 1772.0 1573.0 239.97412698799997 0.0 7.79 0.0036748947464953366 0.005956728664347558 False True 0.0005053686553941092 2.990205272873639 -0.13544752692328924 -1.3409924656698058 0.0
53 170 1776.0 1577.0 241.33552329399998 0.0 7.79 0.0036748947464953366 0.0007836959333889356 False True 0.0005053686553941092 2.990205272873639 -0.13544752692328924 -1.3409924656698058 0.0
53 171 1780.0 1581.0 242.67872250300002 0.0 7.79 0.0036748947464953366 0.0007836959333889356 False True 0.0005053686553941092 2.990205272873639 -0.13544752692328924 -1.3409924656698058 0.0
53 172 1784.0 1585.0 244.01234065700004 0.0 7.79 0.0036748947464953366 0.008725819057761638 False True 0.0005053686553941092 2.990205272873639 -0.13544752692328924 -1.3409924656698058 0.0
53 173 1788.0 1589.0 245.35622167200006 0.0 7.79 0.0036748947464953366 0.008725819057761638 False True 0.0005053686553941092 2.990205272873639 -0.13544752692328924 -1.3409924656698058 0.0
53 174 1792.0 1593.0 246.69907514200003 0.0 7.79 0.0036748947464953366 0.017935905894106915 False True 0.0005053686553941092 2.990205272873639 -0.13544752692328924 -1.3409924656698058 0.0
53 175 1796.0 1597.0 248.041409333 0.0 7.79 0.0036748947464953366 0.004727042895226712 False True 0.0005053686553941092 2.990205272873639 -0.13544752692328924 -1.3409924656698058 0.0
53 176 1800.0 1601.0 249.38467115699996 0.0 7.79 0.0036748947464953366 0.004727042895226712 False True 0.0005053686553941092 2.990205272873639 -0.13544752692328924 -1.3409924656698058 0.0
53 177 1804.0 1605.0 250.72826913399996 0.0 7.79 0.0036748947464953366 0.004727042895226712 False True 0.0005053686553941092 2.990205272873639 -0.13544752692328924 -1.3409924656698058 0.0
53 178 1808.0 1609.0 252.07096166099996 0.0 7.78 0.004727042895226712 0.0036748947464953366 False True 0.0005053686553941092 2.990205272873639 -0.13544752692328924 -1.3409924656698058 0.0
53 179 1812.0 1613.0 253.41397155199996 0.0 7.78 0.004727042895226712 0.0036748947464953366 False True 0.0005053686553941092 2.990205272873639 -0.13544752692328924 -1.3409924656698058 0.0
53 180 1816.0 1617.0 254.75615127599997 0.0 7.78 0.004727042895226712 0.0036748947464953366 False True 0.0005053686553941092 2.990205272873639 -0.13544752692328924 -1.3409924656698058 0.0
53 181 1820.0 1621.0 256.08898360999996 0.0 7.78 0.004727042895226712 0.0037124142766226283 False True 0.0005053686553941092 2.990205272873639 -0.13544752692328924 -1.3409924656698058 0.0
53 182 1824.0 1625.0 257.4317297199999 0.0 7.79 0.0036748947464953366 0.004727042895226712 False True 0.0005053686553941092 2.990205272873639 -0.13544752692328924 -1.3409924656698058 0.0
53 183 1828.0 1629.0 258.77423726199993 0.0 7.79 0.0036748947464953366 0.002754414783710695 False True 0.0005053686553941092 2.990205272873639 -0.13544752692328924 -1.3409924656698058 0.0
53 184 1832.0 1633.0 260.10617116199995 0.0 7.87 2.636972748980587e-06 0.005956728664347558 False True 0.0005053686553941092 2.990205272873639 -0.13544752692328924 -1.3409924656698058 0.0
53 185 1836.0 1637.0 261.4482818579999 0.0 7.87 2.636972748980587e-06 0.000129298804907414 False True 0.0005053686553941092 2.990205272873639 -0.13544752692328924 -1.3409924656698058 0.0
53 186 1840.0 1641.0 262.78812329399994 0.0 7.79 0.0036748947464953366 0.0003905347326544183 False True 0.0005053686553941092 2.990205272873639 -0.13544752692328924 -1.3409924656698058 0.0
53 187 1844.0 1645.0 264.1227900299999 0.0 7.79 0.0036748947464953366 0.00040364689747631805 False True 0.0005053686553941092 2.990205272873639 -0.13544752692328924 -1.3409924656698058 0.0
53 188 1848.0 1649.0 265.46730056199993 0.0 7.79 0.0036748947464953366 0.00040364689747631805 False True 0.0005053686553941092 2.990205272873639 -0.13544752692328924 -1.3409924656698058 0.0
53 189 1852.0 1653.0 266.81195838199994 0.0 7.89 0.00040364689747631805 0.0036748947464953366 False True 0.0005053686553941092 2.990205272873639 -0.13544752692328924 -1.3409924656698058 0.0
53 190 1856.0 1657.0 268.15678204599993 0.0 7.89 0.00040364689747631805 0.0003905347326544183 False True 0.0005053686553941092 2.990205272873639 -0.13544752692328924 -1.3409924656698058 0.0
53 191 1860.0 1661.0 269.50202939599995 0.0 7.84 0.0003905347326544183 0.00040364689747631805 False True 0.0005053686553941092 2.990205272873639 -0.13544752692328924 -1.3409924656698058 0.0
53 192 1864.0 1665.0 270.847700289 0.0 7.79 0.0036748947464953366 0.00040364689747631805 False True 0.0005053686553941092 2.990205272873639 -0.13544752692328924 -1.3409924656698058 0.0
53 193 1868.0 1669.0 272.19208818600003 0.0 7.79 0.0036748947464953366 0.00013719518308004096 False True 0.0005053686553941092 2.990205272873639 -0.13544752692328924 -1.3409924656698058 0.0
53 194 1872.0 1673.0 273.53684050900006 0.0 7.79 0.0036748947464953366 0.00013719518308004096 False True 0.0005053686553941092 2.990205272873639 -0.13544752692328924 -1.3409924656698058 0.0
53 195 1876.0 1677.0 274.8818310630001 0.0 7.87 2.636972748980587e-06 0.013860679409190838 False True 0.0005053686553941092 2.990205272873639 -0.13544752692328924 -1.3409924656698058 0.0
53 196 1880.0 1681.0 276.2259288810001 0.0 7.79 0.0036748947464953366 0.000129298804907414 False True 0.0005053686553941092 2.990205272873639 -0.13544752692328924 -1.3409924656698058 0.0
53 197 1884.0 1685.0 277.5715869730001 0.0 7.85 0.000129298804907414 0.0007836959333889356 False True 0.0005053686553941092 2.990205272873639 -0.13544752692328924 -1.3409924656698058 0.0
53 198 1888.0 1689.0 278.9148125540001 0.0 7.85 0.000129298804907414 0.0007836959333889356 False True 0.0005053686553941092 2.990205272873639 -0.13544752692328924 -1.3409924656698058 0.0
53 199 1892.0 1693.0 280.25916974400013 0.0 7.83 0.0007836959333889356 0.000129298804907414 False True 0.0005053686553941092 2.990205272873639 -0.13544752692328924 -1.3409924656698058 0.0
53 200 1896.0 1697.0 281.60434013400015 0.0 7.83 0.0007836959333889356 0.000129298804907414 False True 0.0005053686553941092 2.990205272873639 -0.13544752692328924 -1.3409924656698058 0.0
53 201 1900.0 1701.0 282.93789459700014 0.0 7.83 0.0007836959333889356 0.000129298804907414 False True 0.0005053686553941092 2.990205272873639 -0.13544752692328924 -1.3409924656698058 0.0
53 202 1904.0 1705.0 284.2666063940002 0.0 7.83 0.0007836959333889356 0.0013320539551449667 False True 0.0005053686553941092 2.990205272873639 -0.13544752692328924 -1.3409924656698058 0.0
53 203 1908.0 1709.0 285.60188676700017 0.0 7.83 0.0007836959333889356 0.0013320539551449667 False True 0.0005053686553941092 2.990205272873639 -0.13544752692328924 -1.3409924656698058 0.0
53 204 1912.0 1713.0 286.9294747860002 0.0 7.83 0.0007836959333889356 0.0013320539551449667 False True 0.0005053686553941092 2.990205272873639 -0.13544752692328924 -1.3409924656698058 0.0
53 205 1916.0 1717.0 288.2570583880002 0.0 7.83 0.0007836959333889356 0.3224170093630416 False True 0.0005053686553941092 2.990205272873639 -0.13544752692328924 -1.3409924656698058 0.0
53 206 1928.0 1729.0 289.5719194730002 0.0 7.83 0.0007836959333889356 0.31384990123355366 False True 0.0005053686553941092 2.990205272873639 -0.13544752692328924 -1.3409924656698058 0.0
53 207 1940.0 1741.0 290.8997705280002 0.0 7.83 0.0007836959333889356 0.33108278028076693 False True 0.0005053686553941092 2.990205272873639 -0.13544752692328924 -1.3409924656698058 0.0
53 208 1952.0 1753.0 292.2393556960002 0.0 7.83 0.0007836959333889356 0.339846333037318 False True 0.0005053686553941092 2.990205272873639 -0.13544752692328924 -1.3409924656698058 0.0
53 209 1964.0 1765.0 293.5682763730002 0.0 7.83 0.0007836959333889356 0.3487067769037421 False True 0.0005053686553941092 2.990205272873639 -0.13544752692328924 -1.3409924656698058 0.0
53 210 1976.0 1777.0 294.8971729980002 0.0 7.83 0.0007836959333889356 0.000129298804907414 False True 0.0005053686553941092 2.990205272873639 -0.13544752692328924 -1.3409924656698058 0.0
53 211 1980.0 1781.0 296.2237191620002 0.0 7.83 0.0007836959333889356 0.000129298804907414 False True 0.0005053686553941092 2.990205272873639 -0.13544752692328924 -1.3409924656698058 0.0
53 212 1984.0 1785.0 297.5707206790002 0.0 7.85 0.000129298804907414 0.0007836959333889356 False True 0.0005053686553941092 2.990205272873639 -0.13544752692328924 -1.3409924656698058 0.0
53 213 1988.0 1789.0 298.89997038600023 0.0 7.83 0.0007836959333889356 0.000129298804907414 False True 0.0005053686553941092 2.990205272873639 -0.13544752692328924 -1.3409924656698058 0.0
53 214 1992.0 1793.0 300.22791368100025 0.0 7.83 0.0007836959333889356 0.000129298804907414 False True 0.0005053686553941092 2.990205272873639 -0.13544752692328924 -1.3409924656698058 0.0
53 215 1996.0 1797.0 301.55890439000024 0.0 7.85 0.000129298804907414 0.0 False True 0.0005053686553941092 2.990205272873639 -0.13544752692328924 -1.3409924656698058 0.0
53 216 2000.0 1801.0 302.8901158350002 0.0 7.85 0.000129298804907414 0.007275748315977797 False True 0.0005053686553941092 2.990205272873639 -0.13544752692328924 -1.3409924656698058 0.0
53 217 2004.0 1805.0 304.2193422920002 0.0 7.85 0.000129298804907414 0.0037124142766226283 False True 0.0005053686553941092 2.990205272873639 -0.13544752692328924 -1.3409924656698058 0.0
53 218 2008.0 1809.0 305.5602765550002 0.0 7.85 0.000129298804907414 0.004727042895226712 False True 0.0005053686553941092 2.990205272873639 -0.13544752692328924 -1.3409924656698058 0.0
53 219 2012.0 1813.0 306.8896497660002 0.0 7.85 0.000129298804907414 0.0013320539551449667 False True 0.0005053686553941092 2.990205272873639 -0.13544752692328924 -1.3409924656698058 0.0
53 220 2016.0 1817.0 308.2201054940002 0.0 7.85 0.000129298804907414 0.0013320539551449667 False True 0.0005053686553941092 2.990205272873639 -0.13544752692328924 -1.3409924656698058 0.0
53 221 2020.0 1821.0 309.5513011640002 0.0 7.85 0.000129298804907414 0.0013320539551449667 False True 0.0005053686553941092 2.990205272873639 -0.13544752692328924 -1.3409924656698058 0.0
53 222 2024.0 1825.0 310.8820901350002 0.0 7.85 0.000129298804907414 0.00040364689747631805 False True 0.0005053686553941092 2.990205272873639 -0.13544752692328924 -1.3409924656698058 0.0
53 223 2028.0 1829.0 312.2239409130002 0.0 7.85 0.000129298804907414 0.4058761090290888 False True 0.0005053686553941092 2.990205272873639 -0.13544752692328924 -1.3409924656698058 0.0
53 224 2040.0 1841.0 313.5548535210002 0.0 7.85 0.000129298804907414 0.3963706347063845 False True 0.0005053686553941092 2.990205272873639 -0.13544752692328924 -1.3409924656698058 0.0
53 225 2052.0 1853.0 314.8850702430002 0.0 7.85 0.000129298804907414 0.3151346123208121 False True 0.0005053686553941092 2.990205272873639 -0.13544752692328924 -1.3409924656698058 0.0
53 226 2064.0 1865.0 316.2151886000002 0.0 7.85 0.000129298804907414 0.32376671612018026 False True 0.0005053686553941092 2.990205272873639 -0.13544752692328924 -1.3409924656698058 0.0
53 227 2076.0 1877.0 317.5449548720002 0.0 7.85 0.000129298804907414 0.30660392690776794 False True 0.0005053686553941092 2.990205272873639 -0.13544752692328924 -1.3409924656698058 0.0
53 228 2088.0 1889.0 318.86829518800016 0.0 7.85 0.000129298804907414 0.2981754987656877 False True 0.0005053686553941092 2.990205272873639 -0.13544752692328924 -1.3409924656698058 0.0
53 229 2100.0 1901.0 320.17909871100017 0.0 7.85 0.000129298804907414 0.28985015655214874 False True 0.0005053686553941092 2.990205272873639 -0.13544752692328924 -1.3409924656698058 0.0
53 230 2112.0 1913.0 321.4953205410001 0.0 7.85 0.000129298804907414 0.2816287186148045 False True 0.0005053686553941092 2.990205272873639 -0.13544752692328924 -1.3409924656698058 0.0
53 231 2124.0 1925.0 322.8071783770001 0.0 7.85 0.000129298804907414 0.26550077691972285 False True 0.0005053686553941092 2.990205272873639 -0.13544752692328924 -1.3409924656698058 0.0
53 232 2136.0 1937.0 324.1143604880001 0.0 7.85 0.000129298804907414 0.2735119929095495 False True 0.0005053686553941092 2.990205272873639 -0.13544752692328924 -1.3409924656698058 0.0
53 233 2148.0 1949.0 325.4618418700001 0.0 7.85 0.000129298804907414 0.25759585757636194 False True 0.0005053686553941092 2.990205272873639 -0.13544752692328924 -1.3409924656698058 0.0
53 234 2160.0 1961.0 326.7104248510001 0.0 7.85 0.000129298804907414 0.24979801117950842 False True 0.0005053686553941092 2.990205272873639 -0.13544752692328924 -1.3409924656698058 0.0
53 235 2172.0 1973.0 328.00657706600003 0.0 7.85 0.000129298804907414 0.2421080033205854 False True 0.0005053686553941092 2.990205272873639 -0.13544752692328924 -1.3409924656698058 0.0
53 236 2184.0 1985.0 329.312668034 0.0 7.85 0.000129298804907414 0.23452658880582714 False True 0.0005053686553941092 2.990205272873639 -0.13544752692328924 -1.3409924656698058 0.0
53 237 2196.0 1997.0 330.620724675 0.0 7.85 0.000129298804907414 0.22705451158080803 False True 0.0005053686553941092 2.990205272873639 -0.13544752692328924 -1.3409924656698058 0.0
