18 0 400.0 200.99999999999997 1.255640838000005 0.0 8.42 0.14339405892995555 0.1496090613339842 False True 0.049815201202742854 3.816378321171701 -0.021595427105509504 -1.8110375589927494 0.0
18 1 412.0 212.99999999999997 2.610786554000015 0.0 2.01 0.1496090613339842 0.13840737432565173 False True 0.049815201202742854 3.816378321171701 -0.021595427105509504 -1.8110375589927494 0.0
18 2 424.0 224.99999999999997 3.977560487000005 0.0 8.42 0.14339405892995555 0.14846149280130078 False True 0.049815201202742854 3.816378321171701 -0.021595427105509504 -1.8110375589927494 0.0
18 3 436.0 236.99999999999997 5.349179128999992 0.0 2.01 0.1496090613339842 0.14184081048272576 False True 0.049815201202742854 3.816378321171701 -0.021595427105509504 -1.8110375589927494 0.0
18 4 448.0 248.99999999999997 6.731916245999997 0.0 2.01 0.1496090613339842 0.15360915879023065 False True 0.049815201202742854 3.816378321171701 -0.021595427105509504 -1.8110375589927494 0.0
18 5 460.0 261.0 8.124948903999979 0.0 2.01 0.1496090613339842 0.15772366781242958 False True 0.049815201202742854 3.816378321171701 -0.021595427105509504 -1.8110375589927494 0.0
18 6 472.0 273.0 9.50636390699998 0.0 2.01 0.1496090613339842 0.16190982108568105 False True 0.049815201202742854 3.816378321171701 -0.021595427105509504 -1.8110375589927494 0.0
18 7 484.0 285.0 10.879343287999973 0.0 2.03 0.15772366781242958 0.1335019480619406 False True 0.049815201202742854 3.816378321171701 -0.021595427105509504 -1.8110375589927494 0.0
18 8 496.0 297.0 12.258273067999966 0.0 2.03 0.15772366781242958 0.1286782810855665 False True 0.049815201202742854 3.816378321171701 -0.021595427105509504 -1.8110375589927494 0.0
18 9 508.0 309.0 13.630445328999969 0.0 2.03 0.15772366781242958 0.08042666127756137 False True 0.049815201202742854 3.816378321171701 -0.021595427105509504 -1.8110375589927494 0.0
18 10 520.0 321.0 15.007650148999971 0.0 1.3900000000000001 0.08042666127756137 0.0786562242236662 False True 0.049815201202742854 3.816378321171701 -0.021595427105509504 -1.8110375589927494 0.0
18 11 532.0 333.0 16.39619070599997 0.0 1.3900000000000001 0.08042666127756137 0.07698006722309231 False True 0.049815201202742854 3.816378321171701 -0.021595427105509504 -1.8110375589927494 0.0
18 12 544.0 345.0 17.767827014999995 0.0 1.3900000000000001 0.08042666127756137 0.0753983481855934 False True 0.049815201202742854 3.816378321171701 -0.021595427105509504 -1.8110375589927494 0.0
18 13 556.0 357.0 19.13833139800002 0.0 1.3900000000000001 0.08042666127756137 0.07391121557623843 False True 0.049815201202742854 3.816378321171701 -0.021595427105509504 -1.8110375589927494 0.0
18 14 568.0 369.0 20.50829742000002 0.0 1.3900000000000001 0.08042666127756137 0.0725188084005574 False True 0.049815201202742854 3.816378321171701 -0.021595427105509504 -1.8110375589927494 0.0
18 15 580.0 381.0 21.88946530100003 0.0 1.3900000000000001 0.08042666127756137 0.07122125619065081 False True 0.049815201202742854 3.816378321171701 -0.021595427105509504 -1.8110375589927494 0.0
18 16 592.0 393.0 23.277057882000037 0.0 1.3900000000000001 0.08042666127756137 0.07001867899222552 False True 0.049815201202742854 3.816378321171701 -0.021595427105509504 -1.8110375589927494 0.0
18 17 604.0 405.0 37.77431799000004 0.0 1.3900000000000001 0.08042666127756137 0.06891118735259927 False True 0.049815201202742854 3.816378321171701 -0.021595427105509504 -1.8110375589927494 0.0
18 18 616.0 417.0 41.53400031700002 0.0 1.3900000000000001 0.08042666127756137 0.0678988823096418 False True 0.049815201202742854 3.816378321171701 -0.021595427105509504 -1.8110375589927494 0.0
18 19 628.0 429.0 44.61099715500001 0.0 1.3900000000000001 0.08042666127756137 0.06698185538166786 False True 0.049815201202742854 3.816378321171701 -0.021595427105509504 -1.8110375589927494 0.0
18 20 640.0 441.0 47.362282736 0.0 1.3900000000000001 0.08042666127756137 0.06616018855829374 False True 0.049815201202742854 3.816378321171701 -0.021595427105509504 -1.8110375589927494 0.0
18 21 652.0 453.0 49.91861989399999 0.0 1.3900000000000001 0.08042666127756137 0.08424969677853644 False True 0.049815201202742854 3.816378321171701 -0.021595427105509504 -1.8110375589927494 0.0
18 22 664.0 465.0 52.29997944600001 0.0 1.3900000000000001 0.08042666127756137 0.08630193232949587 False True 0.049815201202742854 3.816378321171701 -0.021595427105509504 -1.8110375589927494 0.0
18 23 676.0 477.0 54.59886481800001 0.0 1.37 0.08424969677853644 0.08042666127756137 False True 0.049815201202742854 3.816378321171701 -0.021595427105509504 -1.8110375589927494 0.0
18 24 680.0 481.0 56.79593610600003 0.0 1.47 0.06891118735259927 0.1380875692692825 False True 0.049815201202742854 3.816378321171701 -0.021595427105509504 -1.8110375589927494 0.0
18 25 692.0 493.0 58.925410554000024 0.0 1.98 0.1380875692692825 0.13442210055316395 False True 0.049815201202742854 3.816378321171701 -0.021595427105509504 -1.8110375589927494 0.0
18 26 704.0 505.0 60.98866442000002 0.0 1.98 0.1380875692692825 0.06543395429223052 False True 0.049815201202742854 3.816378321171701 -0.021595427105509504 -1.8110375589927494 0.0
18 27 716.0 517.0 62.92498287700002 0.0 1.3900000000000001 0.08042666127756137 0.15883653172310905 False True 0.049815201202742854 3.816378321171701 -0.021595427105509504 -1.8110375589927494 0.0
18 28 728.0 529.0 64.79452194100003 0.0 1.3900000000000001 0.08042666127756137 0.1641430784546265 False True 0.049815201202742854 3.816378321171701 -0.021595427105509504 -1.8110375589927494 0.0
18 29 740.0 541.0 66.60623422100002 0.0 1.3900000000000001 0.08042666127756137 0.1695282579211222 False True 0.049815201202742854 3.816378321171701 -0.021595427105509504 -1.8110375589927494 0.0
18 30 752.0 553.0 68.368976169 0.0 1.3900000000000001 0.08042666127756137 0.17499152119467926 False True 0.049815201202742854 3.816378321171701 -0.021595427105509504 -1.8110375589927494 0.0
18 31 764.0 565.0 70.10727207100001 0.0 1.3900000000000001 0.08042666127756137 0.18053231153802918 False True 0.049815201202742854 3.816378321171701 -0.021595427105509504 -1.8110375589927494 0.0
18 32 776.0 577.0 71.80556170300002 0.0 1.3900000000000001 0.08042666127756137 0.18615006446021917 False True 0.049815201202742854 3.816378321171701 -0.021595427105509504 -1.8110375589927494 0.0
18 33 788.0 589.0 73.46907881000001 0.0 1.3900000000000001 0.08042666127756137 0.19184420777305997 False True 0.049815201202742854 3.816378321171701 -0.021595427105509504 -1.8110375589927494 0.0
18 34 800.0 601.0 75.11655978600001 0.0 1.3900000000000001 0.08042666127756137 0.19761416164834325 False True 0.049815201202742854 3.816378321171701 -0.021595427105509504 -1.8110375589927494 0.0
18 35 812.0 613.0 76.724635382 0.0 1.3900000000000001 0.08042666127756137 0.20345933867583105 False True 0.049815201202742854 3.816378321171701 -0.021595427105509504 -1.8110375589927494 0.0
18 36 824.0 625.0 78.31178149599998 0.0 1.3900000000000001 0.08042666127756137 0.20937914392198254 False True 0.049815201202742854 3.816378321171701 -0.021595427105509504 -1.8110375589927494 0.0
18 37 836.0 637.0 79.86966121699999 0.0 1.3900000000000001 0.08042666127756137 0.21537297498946456 False True 0.049815201202742854 3.816378321171701 -0.021595427105509504 -1.8110375589927494 0.0
18 38 848.0 649.0 81.416067022 0.0 8.55 0.21537297498946456 0.22144022207737238 False True 0.049815201202742854 3.816378321171701 -0.021595427105509504 -1.8110375589927494 0.0
18 39 860.0 661.0 82.934744045 0.0 8.55 0.21537297498946456 0.22758026804222417 False True 0.049815201202742854 3.816378321171701 -0.021595427105509504 -1.8110375589927494 0.0
18 40 872.0 673.0 84.44451002600002 0.0 8.55 0.21537297498946456 0.06480321549204172 False True 0.049815201202742854 3.816378321171701 -0.021595427105509504 -1.8110375589927494 0.0
18 41 884.0 685.0 85.93964610700004 0.0 1.3900000000000001 0.08042666127756137 0.0642680255158529 False True 0.049815201202742854 3.816378321171701 -0.021595427105509504 -1.8110375589927494 0.0
18 42 896.0 697.0 87.41628219700004 0.0 1.53 0.0642680255158529 0.06382842816601716 False True 0.049815201202742854 3.816378321171701 -0.021595427105509504 -1.8110375589927494 0.0
18 43 908.0 709.0 88.87648410900005 0.0 1.54 0.06382842816601716 0.06348445768473013 False True 0.049815201202742854 3.816378321171701 -0.021595427105509504 -1.8110375589927494 0.0
18 44 920.0 721.0 90.34438558900007 0.0 1.54 0.06382842816601716 0.06323613875060925 False True 0.049815201202742854 3.816378321171701 -0.021595427105509504 -1.8110375589927494 0.0
18 45 932.0 733.0 91.78725735700004 0.0 1.53 0.0642680255158529 0.06308348647622596 False True 0.049815201202742854 3.816378321171701 -0.021595427105509504 -1.8110375589927494 0.0
18 46 944.0 745.0 93.22460812400004 0.0 1.53 0.0642680255158529 0.06302650640659208 False True 0.049815201202742854 3.816378321171701 -0.021595427105509504 -1.8110375589927494 0.0
18 47 956.0 757.0 94.64634737600005 0.0 1.53 0.0642680255158529 0.06306519451860915 False True 0.049815201202742854 3.816378321171701 -0.021595427105509504 -1.8110375589927494 0.0
18 48 968.0 769.0 96.07750514700007 0.0 1.59 0.06306519451860915 0.06319953722146447 False True 0.049815201202742854 3.816378321171701 -0.021595427105509504 -1.8110375589927494 0.0
18 49 980.0 781.0 97.51170766700011 0.0 1.59 0.06306519451860915 0.06342951135799757 False True 0.049815201202742854 3.816378321171701 -0.021595427105509504 -1.8110375589927494 0.0
18 50 992.0 793.0 98.94968574100011 0.0 1.59 0.06306519451860915 0.06375508420700927 False True 0.049815201202742854 3.816378321171701 -0.021595427105509504 -1.8110375589927494 0.0
18 51 1004.0 805.0 100.4014789040001 0.0 1.61 0.06342951135799757 0.06417621348653693 False True 0.049815201202742854 3.816378321171701 -0.021595427105509504 -1.8110375589927494 0.0
18 52 1016.0 817.0 101.86169071000006 0.0 1.59 0.06306519451860915 0.0646928473580823 False True 0.049815201202742854 3.816378321171701 -0.021595427105509504 -1.8110375589927494 0.0
18 53 1028.0 829.0 103.31173482800006 0.0 1.59 0.06306519451860915 0.06530492443179477 False True 0.049815201202742854 3.816378321171701 -0.021595427105509504 -1.8110375589927494 0.0
18 54 1040.0 841.0 104.7638225130001 0.0 1.59 0.06306519451860915 0.06601237377261047 False True 0.049815201202742854 3.816378321171701 -0.021595427105509504 -1.8110375589927494 0.0
18 55 1052.0 853.0 106.2052957790001 0.0 1.6600000000000001 0.06601237377261047 0.06681511490734592 False True 0.049815201202742854 3.816378321171701 -0.021595427105509504 -1.8110375589927494 0.0
18 56 1064.0 865.0 107.65805508400007 0.0 1.6700000000000002 0.06681511490734592 0.06771305783274327 False True 0.049815201202742854 3.816378321171701 -0.021595427105509504 -1.8110375589927494 0.0
18 57 1076.0 877.0 109.10787598900009 0.0 1.68 0.06771305783274327 0.06870610302447276 False True 0.049815201202742854 3.816378321171701 -0.021595427105509504 -1.8110375589927494 0.0
18 58 1088.0 889.0 110.56018528700014 0.0 1.68 0.06771305783274327 0.06979414144708497 False True 0.049815201202742854 3.816378321171701 -0.021595427105509504 -1.8110375589927494 0.0
18 59 1100.0 901.0 112.00257844800012 0.0 1.68 0.06771305783274327 0.07097705456491173 False True 0.049815201202742854 3.816378321171701 -0.021595427105509504 -1.8110375589927494 0.0
18 60 1112.0 913.0 113.4514072770001 0.0 1.6700000000000002 0.06681511490734592 0.0722547143539221 False True 0.049815201202742854 3.816378321171701 -0.021595427105509504 -1.8110375589927494 0.0
18 61 1124.0 925.0 114.9013519670001 0.0 1.68 0.06771305783274327 0.06870610302447276 False True 0.049815201202742854 3.816378321171701 -0.021595427105509504 -1.8110375589927494 0.0
18 62 1128.0 929.0 116.34136641200007 0.0 1.68 0.06771305783274327 0.06870610302447276 False True 0.049815201202742854 3.816378321171701 -0.021595427105509504 -1.8110375589927494 0.0
18 63 1132.0 933.0 117.79091676300004 0.0 1.68 0.06771305783274327 0.07362698331452257 False True 0.049815201202742854 3.816378321171701 -0.021595427105509504 -1.8110375589927494 0.0
18 64 1144.0 945.0 119.24161523600003 0.0 1.59 0.06306519451860915 0.0750937144853091 False True 0.049815201202742854 3.816378321171701 -0.021595427105509504 -1.8110375589927494 0.0
18 65 1156.0 957.0 120.68035621400003 0.0 1.74 0.0750937144853091 0.07665475145776154 False True 0.049815201202742854 3.816378321171701 -0.021595427105509504 -1.8110375589927494 0.0
18 66 1168.0 969.0 122.13130543200003 0.0 1.74 0.0750937144853091 0.07830992839188317 False True 0.049815201202742854 3.816378321171701 -0.021595427105509504 -1.8110375589927494 0.0
18 67 1180.0 981.0 123.56937108600005 0.0 1.74 0.0750937144853091 0.08005907003278769 False True 0.049815201202742854 3.816378321171701 -0.021595427105509504 -1.8110375589927494 0.0
18 68 1192.0 993.0 125.01853686000004 0.0 1.74 0.0750937144853091 0.08190199172822114 False True 0.049815201202742854 3.816378321171701 -0.021595427105509504 -1.8110375589927494 0.0
18 69 1204.0 1005.0 126.46590462800003 0.0 1.74 0.0750937144853091 0.08383849944702794 False True 0.049815201202742854 3.816378321171701 -0.021595427105509504 -1.8110375589927494 0.0
18 70 1216.0 1017.0 127.91748855600002 0.0 1.74 0.0750937144853091 0.08586838979855507 False True 0.049815201202742854 3.816378321171701 -0.021595427105509504 -1.8110375589927494 0.0
18 71 1228.0 1029.0 129.37036551000006 0.0 1.79 0.08383849944702794 0.0750937144853091 False True 0.049815201202742854 3.816378321171701 -0.021595427105509504 -1.8110375589927494 0.0
18 72 1232.0 1033.0 130.83282610100008 0.0 1.79 0.08383849944702794 0.0750937144853091 False True 0.049815201202742854 3.816378321171701 -0.021595427105509504 -1.8110375589927494 0.0
18 73 1236.0 1037.0 132.28546806200006 0.0 1.79 0.08383849944702794 0.09020745816263209 False True 0.049815201202742854 3.816378321171701 -0.021595427105509504 -1.8110375589927494 0.0
18 74 1248.0 1049.0 133.73911225200004 0.0 1.79 0.08383849944702794 0.08799145005299036 False True 0.049815201202742854 3.816378321171701 -0.021595427105509504 -1.8110375589927494 0.0
18 75 1260.0 1061.0 135.19211488300004 0.0 1.79 0.08383849944702794 0.09251618278409855 False True 0.049815201202742854 3.816378321171701 -0.021595427105509504 -1.8110375589927494 0.0
18 76 1272.0 1073.0 136.66424859800003 0.0 1.79 0.08383849944702794 0.0949173833014605 False True 0.049815201202742854 3.816378321171701 -0.021595427105509504 -1.8110375589927494 0.0
18 77 1284.0 1085.0 138.115678023 0.0 1.74 0.0750937144853091 0.09741080985029657 False True 0.049815201202742854 3.816378321171701 -0.021595427105509504 -1.8110375589927494 0.0
18 78 1296.0 1097.0 139.567798999 0.0 1.85 0.09741080985029657 0.09999620334269196 False True 0.049815201202742854 3.816378321171701 -0.021595427105509504 -1.8110375589927494 0.0
18 79 1308.0 1109.0 141.01931870199996 0.0 1.74 0.0750937144853091 0.1273559770124834 False True 0.049815201202742854 3.816378321171701 -0.021595427105509504 -1.8110375589927494 0.0
18 80 1320.0 1121.0 142.47182952699995 0.0 1.74 0.0750937144853091 0.13084478063821262 False True 0.049815201202742854 3.816378321171701 -0.021595427105509504 -1.8110375589927494 0.0
18 81 1332.0 1133.0 143.93780564899998 0.0 1.96 0.13084478063821262 0.06771305783274327 False True 0.049815201202742854 3.816378321171701 -0.021595427105509504 -1.8110375589927494 0.0
18 82 1336.0 1137.0 145.38997768299998 0.0 1.68 0.06771305783274327 0.12064534428239573 False True 0.049815201202742854 3.816378321171701 -0.021595427105509504 -1.8110375589927494 0.0
18 83 1348.0 1149.0 146.84258630799997 0.0 1.68 0.06771305783274327 0.11742420574892978 False True 0.049815201202742854 3.816378321171701 -0.021595427105509504 -1.8110375589927494 0.0
18 84 1360.0 1161.0 148.298205963 0.0 1.68 0.06771305783274327 0.12395604831150048 False True 0.049815201202742854 3.816378321171701 -0.021595427105509504 -1.8110375589927494 0.0
18 85 1372.0 1173.0 149.765577903 0.0 1.68 0.06771305783274327 0.11125194364353282 False True 0.049815201202742854 3.816378321171701 -0.021595427105509504 -1.8110375589927494 0.0
18 86 1384.0 1185.0 151.21829785 0.0 1.68 0.06771305783274327 0.11429296457741704 False True 0.049815201202742854 3.816378321171701 -0.021595427105509504 -1.8110375589927494 0.0
18 87 1396.0 1197.0 152.675072958 0.0 1.68 0.06771305783274327 0.10830145680002656 False True 0.049815201202742854 3.816378321171701 -0.021595427105509504 -1.8110375589927494 0.0
18 88 1408.0 1209.0 154.12750211999997 0.0 1.79 0.08383849944702794 0.10544180884534082 False True 0.049815201202742854 3.816378321171701 -0.021595427105509504 -1.8110375589927494 0.0
18 89 1420.0 1221.0 155.58071946299998 0.0 1.68 0.06771305783274327 0.10267329549313117 False True 0.049815201202742854 3.816378321171701 -0.021595427105509504 -1.8110375589927494 0.0
18 90 1432.0 1233.0 157.03500088399994 0.0 1.68 0.06771305783274327 0.23379248845966724 False True 0.049815201202742854 3.816378321171701 -0.021595427105509504 -1.8110375589927494 0.0
18 91 1444.0 1245.0 158.48691160899995 0.0 1.68 0.06771305783274327 0.24007625168692046 False True 0.049815201202742854 3.816378321171701 -0.021595427105509504 -1.8110375589927494 0.0
18 92 1456.0 1257.0 159.9391729709999 0.0 1.68 0.06771305783274327 0.11927818784803017 False True 0.049815201202742854 3.816378321171701 -0.021595427105509504 -1.8110375589927494 0.0
18 93 1468.0 1269.0 161.39256417199988 0.0 1.68 0.06771305783274327 0.12393686616637416 False True 0.049815201202742854 3.816378321171701 -0.021595427105509504 -1.8110375589927494 0.0
18 94 1480.0 1281.0 162.84640819899988 0.0 1.68 0.06771305783274327 0.11470272239956902 False True 0.049815201202742854 3.816378321171701 -0.021595427105509504 -1.8110375589927494 0.0
18 95 1492.0 1293.0 178.23482635199986 0.0 8.36 0.11470272239956902 0.11021093776776664 False True 0.049815201202742854 3.816378321171701 -0.021595427105509504 -1.8110375589927494 0.0
18 96 1504.0 1305.0 183.17184847199985 0.0 8.36 0.11470272239956902 0.10580329353034855 False True 0.049815201202742854 3.816378321171701 -0.021595427105509504 -1.8110375589927494 0.0
18 97 1516.0 1317.0 186.56911829999984 0.0 8.36 0.11470272239956902 0.10148024085002924 False True 0.049815201202742854 3.816378321171701 -0.021595427105509504 -1.8110375589927494 0.0
18 98 1528.0 1329.0 189.52127374099985 0.0 8.36 0.11470272239956902 0.12393686616637416 False True 0.049815201202742854 3.816378321171701 -0.021595427105509504 -1.8110375589927494 0.0
18 99 1532.0 1333.0 192.22079117299984 0.0 1.68 0.06771305783274327 0.09724222242939613 False True 0.049815201202742854 3.816378321171701 -0.021595427105509504 -1.8110375589927494 0.0
18 100 1544.0 1345.0 194.75262822099984 0.0 1.68 0.06771305783274327 0.09308967246664519 False True 0.049815201202742854 3.816378321171701 -0.021595427105509504 -1.8110375589927494 0.0
18 101 1556.0 1357.0 197.14003595299982 0.0 8.36 0.11470272239956902 0.08902301661215441 False True 0.049815201202742854 3.816378321171701 -0.021595427105509504 -1.8110375589927494 0.0
18 102 1568.0 1369.0 199.44271371099984 0.0 8.36 0.11470272239956902 0.08504267192592582 False True 0.049815201202742854 3.816378321171701 -0.021595427105509504 -1.8110375589927494 0.0
18 103 1580.0 1381.0 201.6539580219998 0.0 8.29 0.08504267192592582 0.08114904683587405 False True 0.049815201202742854 3.816378321171701 -0.021595427105509504 -1.8110375589927494 0.0
18 104 1592.0 1393.0 203.78436936799983 0.0 8.29 0.08504267192592582 0.07734254109698917 False True 0.049815201202742854 3.816378321171701 -0.021595427105509504 -1.8110375589927494 0.0
18 105 1604.0 1405.0 205.77320058699985 0.0 8.29 0.08504267192592582 0.0736235457513572 False True 0.049815201202742854 3.816378321171701 -0.021595427105509504 -1.8110375589927494 0.0
18 106 1616.0 1417.0 207.67497261799986 0.0 8.29 0.08504267192592582 0.06999244308905919 False True 0.049815201202742854 3.816378321171701 -0.021595427105509504 -1.8110375589927494 0.0
18 107 1628.0 1429.0 209.52435096099987 0.0 8.29 0.08504267192592582 0.06644960660994241 False True 0.049815201202742854 3.816378321171701 -0.021595427105509504 -1.8110375589927494 0.0
18 108 1640.0 1441.0 211.33574589799986 0.0 8.29 0.08504267192592582 0.0629954009862692 False True 0.049815201202742854 3.816378321171701 -0.021595427105509504 -1.8110375589927494 0.0
18 109 1652.0 1453.0 213.10341677999986 0.0 8.23 0.0629954009862692 0.05963018202625156 False True 0.049815201202742854 3.816378321171701 -0.021595427105509504 -1.8110375589927494 0.0
18 110 1664.0 1465.0 214.83375105799985 0.0 8.23 0.0629954009862692 0.05635429663846857 False True 0.049815201202742854 3.816378321171701 -0.021595427105509504 -1.8110375589927494 0.0
18 111 1676.0 1477.0 216.53433490799983 0.0 8.23 0.0629954009862692 0.05316808279718298 False True 0.049815201202742854 3.816378321171701 -0.021595427105509504 -1.8110375589927494 0.0
18 112 1688.0 1489.0 218.19418582099985 0.0 8.29 0.08504267192592582 0.05007186950853146 False True 0.049815201202742854 3.816378321171701 -0.021595427105509504 -1.8110375589927494 0.0
18 113 1700.0 1501.0 219.82082027699983 0.0 8.19 0.05007186950853146 0.047065976777636846 False True 0.049815201202742854 3.816378321171701 -0.021595427105509504 -1.8110375589927494 0.0
18 114 1712.0 1513.0 221.4377031679998 0.0 8.19 0.05007186950853146 0.04415071557660178 False True 0.049815201202742854 3.816378321171701 -0.021595427105509504 -1.8110375589927494 0.0
18 115 1724.0 1525.0 223.04925126599983 0.0 8.29 0.08504267192592582 0.05007186950853146 False True 0.049815201202742854 3.816378321171701 -0.021595427105509504 -1.8110375589927494 0.0
18 116 1728.0 1529.0 224.63026819699985 0.0 8.29 0.08504267192592582 0.0736235457513572 False True 0.049815201202742854 3.816378321171701 -0.021595427105509504 -1.8110375589927494 0.0
18 117 1732.0 1533.0 226.19256622599988 0.0 8.29 0.08504267192592582 0.041326387813411525 False True 0.049815201202742854 3.816378321171701 -0.021595427105509504 -1.8110375589927494 0.0
18 118 1744.0 1545.0 227.7336171699999 0.0 8.29 0.08504267192592582 0.03859328630174622 False True 0.049815201202742854 3.816378321171701 -0.021595427105509504 -1.8110375589927494 0.0
18 119 1756.0 1557.0 229.25868799599994 0.0 8.23 0.0629954009862692 0.03595169473169901 False True 0.049815201202742854 3.816378321171701 -0.021595427105509504 -1.8110375589927494 0.0
18 120 1768.0 1569.0 230.76554569799993 0.0 8.23 0.0629954009862692 0.033401887641405184 False True 0.049815201202742854 3.816378321171701 -0.021595427105509504 -1.8110375589927494 0.0
18 121 1780.0 1581.0 232.25936725799994 0.0 8.29 0.08504267192592582 0.047065976777636846 False True 0.049815201202742854 3.816378321171701 -0.021595427105509504 -1.8110375589927494 0.0
18 122 1784.0 1585.0 233.75776664499995 0.0 8.23 0.0629954009862692 0.05007186950853146 False True 0.049815201202742854 3.816378321171701 -0.021595427105509504 -1.8110375589927494 0.0
18 123 1788.0 1589.0 235.22504179999993 0.0 8.23 0.0629954009862692 0.05007186950853146 False True 0.049815201202742854 3.816378321171701 -0.021595427105509504 -1.8110375589927494 0.0
18 124 1792.0 1593.0 236.6952607649999 0.0 8.23 0.0629954009862692 0.028578679129043823 False True 0.049815201202742854 3.816378321171701 -0.021595427105509504 -1.8110375589927494 0.0
18 125 1804.0 1605.0 238.14866622699986 0.0 8.26 0.0736235457513572 0.030944130389593438 False True 0.049815201202742854 3.816378321171701 -0.021595427105509504 -1.8110375589927494 0.0
18 126 1816.0 1617.0 239.59934887399987 0.0 8.26 0.0736235457513572 0.026305780780978907 False True 0.049815201202742854 3.816378321171701 -0.021595427105509504 -1.8110375589927494 0.0
18 127 1828.0 1629.0 241.05263806499988 0.0 8.26 0.0736235457513572 0.02412567301036844 False True 0.049815201202742854 3.816378321171701 -0.021595427105509504 -1.8110375589927494 0.0
18 128 1840.0 1641.0 242.50439807499987 0.0 8.26 0.0736235457513572 0.022038584202163754 False True 0.049815201202742854 3.816378321171701 -0.021595427105509504 -1.8110375589927494 0.0
18 129 1852.0 1653.0 243.94341544499986 0.0 8.26 0.0736235457513572 0.020044733438461047 False True 0.049815201202742854 3.816378321171701 -0.021595427105509504 -1.8110375589927494 0.0
18 130 1864.0 1665.0 245.3949867639999 0.0 8.26 0.0736235457513572 0.01814433047659097 False True 0.049815201202742854 3.816378321171701 -0.021595427105509504 -1.8110375589927494 0.0
18 131 1876.0 1677.0 246.84527260099992 0.0 8.26 0.0736235457513572 0.016337575728145592 False True 0.049815201202742854 3.816378321171701 -0.021595427105509504 -1.8110375589927494 0.0
18 132 1888.0 1689.0 248.29544325199993 0.0 8.26 0.0736235457513572 0.014624660238935903 False True 0.049815201202742854 3.816378321171701 -0.021595427105509504 -1.8110375589927494 0.0
18 133 1900.0 1701.0 249.74592860599995 0.0 8.26 0.0736235457513572 0.013005765669887582 False True 0.049815201202742854 3.816378321171701 -0.021595427105509504 -1.8110375589927494 0.0
18 134 1912.0 1713.0 251.19493755899992 0.0 8.26 0.0736235457513572 0.01148106427887749 False True 0.049815201202742854 3.816378321171701 -0.021595427105509504 -1.8110375589927494 0.0
18 135 1924.0 1725.0 252.64385892399991 0.0 8.29 0.08504267192592582 0.01005071890350415 False True 0.049815201202742854 3.816378321171701 -0.021595427105509504 -1.8110375589927494 0.0
18 136 1936.0 1737.0 254.1124169169999 0.0 8.29 0.08504267192592582 0.00871488294480748 False True 0.049815201202742854 3.816378321171701 -0.021595427105509504 -1.8110375589927494 0.0
18 137 1948.0 1749.0 255.56185888699991 0.0 8.26 0.0736235457513572 0.007473700351925904 False True 0.049815201202742854 3.816378321171701 -0.021595427105509504 -1.8110375589927494 0.0
18 138 1960.0 1761.0 257.0000553989999 0.0 8.18 0.047065976777636846 0.006327305607706966 False True 0.049815201202742854 3.816378321171701 -0.021595427105509504 -1.8110375589927494 0.0
18 139 1972.0 1773.0 258.44802553399995 0.0 8.23 0.0629954009862692 0.005275823715253618 False True 0.049815201202742854 3.816378321171701 -0.021595427105509504 -1.8110375589927494 0.0
18 140 1984.0 1785.0 259.89330987599993 0.0 8.23 0.0629954009862692 0.004319370185425716 False True 0.049815201202742854 3.816378321171701 -0.021595427105509504 -1.8110375589927494 0.0
18 141 1996.0 1797.0 261.3402085359999 0.0 8.05 0.016337575728145592 0.030944130389593438 False True 0.049815201202742854 3.816378321171701 -0.021595427105509504 -1.8110375589927494 0.0
18 142 2000.0 1801.0 262.7781780369999 0.0 8.05 0.016337575728145592 0.030944130389593438 False True 0.049815201202742854 3.816378321171701 -0.021595427105509504 -1.8110375589927494 0.0
18 143 2004.0 1805.0 264.2260029579999 0.0 8.12 0.030944130389593438 0.003458051025290781 False True 0.049815201202742854 3.816378321171701 -0.021595427105509504 -1.8110375589927494 0.0
18 144 2016.0 1817.0 265.6750460409999 0.0 8.12 0.030944130389593438 0.02412567301036844 False True 0.049815201202742854 3.816378321171701 -0.021595427105509504 -1.8110375589927494 0.0
18 145 2020.0 1821.0 267.1156051979999 0.0 8.12 0.030944130389593438 0.002691962727523179 False True 0.049815201202742854 3.816378321171701 -0.021595427105509504 -1.8110375589927494 0.0
18 146 2032.0 1833.0 268.5403877259999 0.0 8.12 0.030944130389593438 0.0020211922607525578 False True 0.049815201202742854 3.816378321171701 -0.021595427105509504 -1.8110375589927494 0.0
18 147 2044.0 1845.0 269.9542385969999 0.0 8.12 0.030944130389593438 0.0014458170608700506 False True 0.049815201202742854 3.816378321171701 -0.021595427105509504 -1.8110375589927494 0.0
18 148 2056.0 1857.0 271.37617105399994 0.0 8.19 0.05007186950853146 0.0009659050232837439 False True 0.049815201202742854 3.816378321171701 -0.021595427105509504 -1.8110375589927494 0.0
18 149 2068.0 1869.0 272.78002772499997 0.0 8.36 0.11470272239956902 0.0005815144961276565 False True 0.049815201202742854 3.816378321171701 -0.021595427105509504 -1.8110375589927494 0.0
18 150 2080.0 1881.0 274.19303052799995 0.0 8.29 0.08504267192592582 0.00029269427443188144 False True 0.049815201202742854 3.816378321171701 -0.021595427105509504 -1.8110375589927494 0.0
18 151 2092.0 1893.0 275.6069040549999 0.0 8.29 0.08504267192592582 9.948359523689312e-05 False True 0.049815201202742854 3.816378321171701 -0.021595427105509504 -1.8110375589927494 0.0
18 152 2104.0 1905.0 277.0232791419999 0.0 8.29 0.08504267192592582 1.9121336749647623e-06 False True 0.049815201202742854 3.816378321171701 -0.021595427105509504 -1.8110375589927494 0.0
18 153 2116.0 1917.0 278.4536621949999 0.0 8.23 0.0629954009862692 0.0 False True 0.049815201202742854 3.816378321171701 -0.021595427105509504 -1.8110375589927494 0.0
18 154 2128.0 1929.0 279.8844481519999 0.0 8.23 0.0629954009862692 9.375773757682678e-05 False True 0.049815201202742854 3.816378321171701 -0.021595427105509504 -1.8110375589927494 0.0
18 155 2140.0 1941.0 281.3166597609999 0.0 8.26 0.0736235457513572 0.00028318632183080305 False True 0.049815201202742854 3.816378321171701 -0.021595427105509504 -1.8110375589927494 0.0
18 156 2152.0 1953.0 282.74660627299994 0.0 8.09 0.02412567301036844 9.948359523689312e-05 False True 0.049815201202742854 3.816378321171701 -0.021595427105509504 -1.8110375589927494 0.0
18 157 2156.0 1957.0 284.17832823 0.0 8.09 0.02412567301036844 0.0005682771601432871 False True 0.049815201202742854 3.816378321171701 -0.021595427105509504 -1.8110375589927494 0.0
18 158 2168.0 1969.0 285.60001862599995 0.0 8.09 0.02412567301036844 0.0009490120927193182 False True 0.049815201202742854 3.816378321171701 -0.021595427105509504 -1.8110375589927494 0.0
18 159 2180.0 1981.0 287.0301212559999 0.0 8.09 0.02412567301036844 0.0014253633943943618 False True 0.049815201202742854 3.816378321171701 -0.021595427105509504 -1.8110375589927494 0.0
18 160 2192.0 1993.0 288.4594876189999 0.0 8.09 0.02412567301036844 0.001997293777415815 False True 0.049815201202742854 3.816378321171701 -0.021595427105509504 -1.8110375589927494 0.0
