198 0 400.0 200.99999999999997 1.3144565700000044 0.0 7.57 0.03343011279428264 0.08937305285778416 False True 0.004983548533778269 2.8030733307667446 -0.09216634916095041 -1.2813437760601563 0.0
198 1 412.0 212.99999999999997 2.722220797999995 0.0 7.38 0.08937305285778416 0.08578940387008839 False True 0.004983548533778269 2.8030733307667446 -0.09216634916095041 -1.2813437760601563 0.0
198 2 424.0 224.99999999999997 4.132930155999986 0.0 7.38 0.08937305285778416 0.03572059363637227 False True 0.004983548533778269 2.8030733307667446 -0.09216634916095041 -1.2813437760601563 0.0
198 3 436.0 236.99999999999997 5.540286772000002 0.0 7.38 0.08937305285778416 0.031213964832087417 False True 0.004983548533778269 2.8030733307667446 -0.09216634916095041 -1.2813437760601563 0.0
198 4 448.0 248.99999999999997 6.958402609000018 0.0 7.38 0.08937305285778416 0.09674668555094092 False True 0.004983548533778269 2.8030733307667446 -0.09216634916095041 -1.2813437760601563 0.0
198 5 460.0 261.0 8.410720226000024 0.0 7.38 0.08937305285778416 0.10053594857417832 False True 0.004983548533778269 2.8030733307667446 -0.09216634916095041 -1.2813437760601563 0.0
198 6 472.0 273.0 9.828543410000037 0.0 7.35 0.10053594857417832 0.1043930175387386 False True 0.004983548533778269 2.8030733307667446 -0.09216634916095041 -1.2813437760601563 0.0
198 7 484.0 285.0 11.241458909000045 0.0 7.35 0.10053594857417832 0.10831751507630122 False True 0.004983548533778269 2.8030733307667446 -0.09216634916095041 -1.2813437760601563 0.0
198 8 496.0 297.0 12.664796990000042 0.0 7.35 0.10053594857417832 0.1123090570749192 False True 0.004983548533778269 2.8030733307667446 -0.09216634916095041 -1.2813437760601563 0.0
198 9 508.0 309.0 14.098533562000057 0.0 7.35 0.10053594857417832 0.11636725271741424 False True 0.004983548533778269 2.8030733307667446 -0.09216634916095041 -1.2813437760601563 0.0
198 10 520.0 321.0 15.521595631000054 0.0 7.35 0.10053594857417832 0.038085186665904484 False True 0.004983548533778269 2.8030733307667446 -0.09216634916095041 -1.2813437760601563 0.0
198 11 532.0 333.0 16.96510702000006 0.0 7.55 0.038085186665904484 0.040523663778434416 False True 0.004983548533778269 2.8030733307667446 -0.09216634916095041 -1.2813437760601563 0.0
198 12 544.0 345.0 18.387725318000065 0.0 7.54 0.040523663778434416 0.043035789480335596 False True 0.004983548533778269 2.8030733307667446 -0.09216634916095041 -1.2813437760601563 0.0
198 13 556.0 357.0 19.81036735300006 0.0 7.54 0.040523663778434416 0.045621320912349474 False True 0.004983548533778269 2.8030733307667446 -0.09216634916095041 -1.2813437760601563 0.0
198 14 568.0 369.0 21.233876583000068 0.0 7.55 0.038085186665904484 0.04828000787387089 False True 0.004983548533778269 2.8030733307667446 -0.09216634916095041 -1.2813437760601563 0.0
198 15 580.0 381.0 22.666237941000077 0.0 7.55 0.038085186665904484 0.08227500211609792 False True 0.004983548533778269 2.8030733307667446 -0.09216634916095041 -1.2813437760601563 0.0
198 16 592.0 393.0 24.082548495000054 0.0 7.54 0.040523663778434416 0.07883019069352423 False True 0.004983548533778269 2.8030733307667446 -0.09216634916095041 -1.2813437760601563 0.0
198 17 604.0 405.0 25.483551130000052 0.0 7.54 0.040523663778434416 0.07545530574027173 False True 0.004983548533778269 2.8030733307667446 -0.09216634916095041 -1.2813437760601563 0.0
198 18 616.0 417.0 26.888338572000038 0.0 7.54 0.040523663778434416 0.0721506764008191 False True 0.004983548533778269 2.8030733307667446 -0.09216634916095041 -1.2813437760601563 0.0
198 19 628.0 429.0 28.29485136300005 0.0 7.55 0.038085186665904484 0.06891662479331302 False True 0.004983548533778269 2.8030733307667446 -0.09216634916095041 -1.2813437760601563 0.0
198 20 640.0 441.0 29.70876038700004 0.0 7.35 0.10053594857417832 0.06266150792245857 False True 0.004983548533778269 2.8030733307667446 -0.09216634916095041 -1.2813437760601563 0.0
198 21 652.0 453.0 31.114194138000045 0.0 7.35 0.10053594857417832 0.06575346597734581 False True 0.004983548533778269 2.8030733307667446 -0.09216634916095041 -1.2813437760601563 0.0
198 22 664.0 465.0 32.531263479000046 0.0 7.35 0.10053594857417832 0.05669239033974772 False True 0.004983548533778269 2.8030733307667446 -0.09216634916095041 -1.2813437760601563 0.0
198 23 676.0 477.0 33.939681533000055 0.0 7.54 0.040523663778434416 0.05101159284796478 False True 0.004983548533778269 2.8030733307667446 -0.09216634916095041 -1.2813437760601563 0.0
198 24 688.0 489.0 35.35900665100007 0.0 7.35 0.10053594857417832 0.059641051477341875 False True 0.004983548533778269 2.8030733307667446 -0.09216634916095041 -1.2813437760601563 0.0
198 25 700.0 501.0 36.766877416000085 0.0 7.47 0.059641051477341875 0.05381581102712497 False True 0.004983548533778269 2.8030733307667446 -0.09216634916095041 -1.2813437760601563 0.0
198 26 712.0 513.0 38.204953155000084 0.0 7.47 0.059641051477341875 0.02907236300817676 False True 0.004983548533778269 2.8030733307667446 -0.09216634916095041 -1.2813437760601563 0.0
198 27 724.0 525.0 39.61285778600006 0.0 7.47 0.059641051477341875 0.027005513125554163 False True 0.004983548533778269 2.8030733307667446 -0.09216634916095041 -1.2813437760601563 0.0
198 28 736.0 537.0 41.032044015000054 0.0 7.47 0.059641051477341875 0.02501361351125631 False True 0.004983548533778269 2.8030733307667446 -0.09216634916095041 -1.2813437760601563 0.0
198 29 748.0 549.0 42.44109386900007 0.0 7.61 0.02501361351125631 0.023096854996517903 False True 0.004983548533778269 2.8030733307667446 -0.09216634916095041 -1.2813437760601563 0.0
198 30 760.0 561.0 43.86123409000007 0.0 7.62 0.023096854996517903 0.021255420897691737 False True 0.004983548533778269 2.8030733307667446 -0.09216634916095041 -1.2813437760601563 0.0
198 31 772.0 573.0 45.282050927000085 0.0 7.61 0.02501361351125631 0.01948948699791712 False True 0.004983548533778269 2.8030733307667446 -0.09216634916095041 -1.2813437760601563 0.0
198 32 784.0 585.0 46.689605017000105 0.0 7.61 0.02501361351125631 0.017799221529538046 False True 0.004983548533778269 2.8030733307667446 -0.09216634916095041 -1.2813437760601563 0.0
198 33 796.0 597.0 48.10469483500012 0.0 7.65 0.017799221529538046 0.016184785157284873 False True 0.004983548533778269 2.8030733307667446 -0.09216634916095041 -1.2813437760601563 0.0
198 34 808.0 609.0 49.524889533000106 0.0 7.65 0.017799221529538046 0.014646330962202993 False True 0.004983548533778269 2.8030733307667446 -0.09216634916095041 -1.2813437760601563 0.0
198 35 820.0 621.0 50.93402510400011 0.0 7.59 0.02907236300817676 0.013184004426349118 False True 0.004983548533778269 2.8030733307667446 -0.09216634916095041 -1.2813437760601563 0.0
198 36 832.0 633.0 52.35321542800011 0.0 7.65 0.017799221529538046 0.011797943418240763 False True 0.004983548533778269 2.8030733307667446 -0.09216634916095041 -1.2813437760601563 0.0
198 37 844.0 645.0 53.76218738300011 0.0 7.6899999999999995 0.011797943418240763 0.010488278179069218 False True 0.004983548533778269 2.8030733307667446 -0.09216634916095041 -1.2813437760601563 0.0
198 38 856.0 657.0 55.18050052600012 0.0 7.65 0.017799221529538046 0.009255131309677405 False True 0.004983548533778269 2.8030733307667446 -0.09216634916095041 -1.2813437760601563 0.0
198 39 868.0 669.0 56.59615432700011 0.0 7.62 0.023096854996517903 0.0080986177582971 False True 0.004983548533778269 2.8030733307667446 -0.09216634916095041 -1.2813437760601563 0.0
198 40 880.0 681.0 58.015712753000116 0.0 7.54 0.040523663778434416 0.007018844809055842 False True 0.004983548533778269 2.8030733307667446 -0.09216634916095041 -1.2813437760601563 0.0
198 41 892.0 693.0 59.4252718780001 0.0 7.54 0.040523663778434416 0.006015912071249429 False True 0.004983548533778269 2.8030733307667446 -0.09216634916095041 -1.2813437760601563 0.0
198 42 904.0 705.0 60.84484904600012 0.0 7.54 0.040523663778434416 0.0050899114693785715 False True 0.004983548533778269 2.8030733307667446 -0.09216634916095041 -1.2813437760601563 0.0
198 43 916.0 717.0 62.266262217000104 0.0 7.75 0.0050899114693785715 0.004240927233958006 False True 0.004983548533778269 2.8030733307667446 -0.09216634916095041 -1.2813437760601563 0.0
198 44 928.0 729.0 63.686839380000094 0.0 7.76 0.004240927233958006 0.003469035893093921 False True 0.004983548533778269 2.8030733307667446 -0.09216634916095041 -1.2813437760601563 0.0
198 45 940.0 741.0 65.1052939680001 0.0 7.75 0.0050899114693785715 0.00277430626482832 False True 0.004983548533778269 2.8030733307667446 -0.09216634916095041 -1.2813437760601563 0.0
198 46 952.0 753.0 66.5246918770001 0.0 7.76 0.004240927233958006 0.12049170452047067 False True 0.004983548533778269 2.8030733307667446 -0.09216634916095041 -1.2813437760601563 0.0
198 47 964.0 765.0 67.9635817760001 0.0 7.76 0.004240927233958006 0.08818632232878992 False True 0.004983548533778269 2.8030733307667446 -0.09216634916095041 -1.2813437760601563 0.0
198 48 976.0 777.0 69.38314989000008 0.0 7.76 0.004240927233958006 0.08585039839389698 False True 0.004983548533778269 2.8030733307667446 -0.09216634916095041 -1.2813437760601563 0.0
198 49 988.0 789.0 70.80208954800008 0.0 7.76 0.004240927233958006 0.08358865825797045 False True 0.004983548533778269 2.8030733307667446 -0.09216634916095041 -1.2813437760601563 0.0
198 50 1000.0 801.0 72.21226332900008 0.0 7.76 0.004240927233958006 0.09307981121499179 False True 0.004983548533778269 2.8030733307667446 -0.09216634916095041 -1.2813437760601563 0.0
198 51 1012.0 813.0 73.63140430400006 0.0 7.76 0.004240927233958006 0.09563690250805475 False True 0.004983548533778269 2.8030733307667446 -0.09216634916095041 -1.2813437760601563 0.0
198 52 1024.0 825.0 75.05257532300007 0.0 7.76 0.004240927233958006 0.09826723033095536 False True 0.004983548533778269 2.8030733307667446 -0.09216634916095041 -1.2813437760601563 0.0
198 53 1036.0 837.0 76.47228579200006 0.0 7.76 0.004240927233958006 0.1009705394944248 False True 0.004983548533778269 2.8030733307667446 -0.09216634916095041 -1.2813437760601563 0.0
198 54 1048.0 849.0 77.89297067600006 0.0 7.76 0.004240927233958006 0.10374656751033685 False True 0.004983548533778269 2.8030733307667446 -0.09216634916095041 -1.2813437760601563 0.0
198 55 1060.0 861.0 79.31308312000004 0.0 1.21 0.10374656751033685 0.1065950446179584 False True 0.004983548533778269 2.8030733307667446 -0.09216634916095041 -1.2813437760601563 0.0
198 56 1072.0 873.0 80.73208791300004 0.0 7.76 0.004240927233958006 0.12468200837437739 False True 0.004983548533778269 2.8030733307667446 -0.09216634916095041 -1.2813437760601563 0.0
198 57 1084.0 885.0 82.15219143300004 0.0 7.76 0.004240927233958006 0.07928859524962475 False True 0.004983548533778269 2.8030733307667446 -0.09216634916095041 -1.2813437760601563 0.0
198 58 1096.0 897.0 83.57638372900004 0.0 7.76 0.004240927233958006 0.08140132024789667 False True 0.004983548533778269 2.8030733307667446 -0.09216634916095041 -1.2813437760601563 0.0
198 59 1108.0 909.0 85.01085688400005 0.0 7.76 0.004240927233958006 0.07725068668708149 False True 0.004983548533778269 2.8030733307667446 -0.09216634916095041 -1.2813437760601563 0.0
198 60 1120.0 921.0 86.44641678000005 0.0 7.76 0.004240927233958006 0.07528779050182934 False True 0.004983548533778269 2.8030733307667446 -0.09216634916095041 -1.2813437760601563 0.0
198 61 1132.0 933.0 87.88205793900005 0.0 7.76 0.004240927233958006 0.07340009513346846 False True 0.004983548533778269 2.8030733307667446 -0.09216634916095041 -1.2813437760601563 0.0
198 62 1144.0 945.0 89.31852985500004 0.0 7.76 0.004240927233958006 0.07158778150079555 False True 0.004983548533778269 2.8030733307667446 -0.09216634916095041 -1.2813437760601563 0.0
198 63 1156.0 957.0 90.76252257200005 0.0 7.76 0.004240927233958006 0.0698510229837136 False True 0.004983548533778269 2.8030733307667446 -0.09216634916095041 -1.2813437760601563 0.0
198 64 1168.0 969.0 92.19768120100005 0.0 7.76 0.004240927233958006 0.06818998540589023 False True 0.004983548533778269 2.8030733307667446 -0.09216634916095041 -1.2813437760601563 0.0
198 65 1180.0 981.0 93.63311344600004 0.0 7.76 0.004240927233958006 0.06660482701817523 False True 0.004983548533778269 2.8030733307667446 -0.09216634916095041 -1.2813437760601563 0.0
198 66 1192.0 993.0 95.05790797000003 0.0 7.76 0.004240927233958006 0.06509569848278164 False True 0.004983548533778269 2.8030733307667446 -0.09216634916095041 -1.2813437760601563 0.0
198 67 1204.0 1005.0 96.49263230100004 0.0 7.76 0.004240927233958006 0.0016165688274376929 False True 0.004983548533778269 2.8030733307667446 -0.09216634916095041 -1.2813437760601563 0.0
198 68 1216.0 1017.0 97.92838161100005 0.0 1.21 0.10374656751033685 0.0021567994502613287 False True 0.004983548533778269 2.8030733307667446 -0.09216634916095041 -1.2813437760601563 0.0
198 69 1228.0 1029.0 99.35274851800006 0.0 7.76 0.004240927233958006 0.0011536600460098432 False True 0.004983548533778269 2.8030733307667446 -0.09216634916095041 -1.2813437760601563 0.0
198 70 1240.0 1041.0 100.78948848900006 0.0 7.76 0.004240927233958006 0.0007681110226740906 False True 0.004983548533778269 2.8030733307667446 -0.09216634916095041 -1.2813437760601563 0.0
198 71 1252.0 1053.0 102.21870176600004 0.0 7.76 0.004240927233958006 0.0004599519373765118 False True 0.004983548533778269 2.8030733307667446 -0.09216634916095041 -1.2813437760601563 0.0
198 72 1264.0 1065.0 103.62927678000003 0.0 1.21 0.10374656751033685 0.00022920523029953212 False True 0.004983548533778269 2.8030733307667446 -0.09216634916095041 -1.2813437760601563 0.0
198 73 1276.0 1077.0 105.04751541700003 0.0 7.84 0.00022920523029953212 7.588559961063123e-05 False True 0.004983548533778269 2.8030733307667446 -0.09216634916095041 -1.2813437760601563 0.0
198 74 1288.0 1089.0 106.46967044200002 0.0 7.76 0.004240927233958006 0.0 False True 0.004983548533778269 2.8030733307667446 -0.09216634916095041 -1.2813437760601563 0.0
198 75 1300.0 1101.0 107.88414903500001 0.0 7.86 0.0 1.5476419782578532e-06 False True 0.004983548533778269 2.8030733307667446 -0.09216634916095041 -1.2813437760601563 0.0
198 76 1312.0 1113.0 109.306950981 0.0 7.86 0.0 8.051999196105688e-05 False True 0.004983548533778269 2.8030733307667446 -0.09216634916095041 -1.2813437760601563 0.0
198 77 1324.0 1125.0 110.74133807200002 0.0 7.86 0.0 0.0002369007731192495 False True 0.004983548533778269 2.8030733307667446 -0.09216634916095041 -1.2813437760601563 0.0
198 78 1336.0 1137.0 112.16458643800001 0.0 7.89 0.0002369007731192495 0.00047066596700631307 False True 0.004983548533778269 2.8030733307667446 -0.09216634916095041 -1.2813437760601563 0.0
198 79 1348.0 1149.0 113.599952653 0.0 7.89 0.0002369007731192495 0.0007817838159623435 False True 0.004983548533778269 2.8030733307667446 -0.09216634916095041 -1.2813437760601563 0.0
198 80 1360.0 1161.0 115.029860482 0.0 7.9 0.00047066596700631307 0.0011702148262856757 False True 0.004983548533778269 2.8030733307667446 -0.09216634916095041 -1.2813437760601563 0.0
198 81 1372.0 1173.0 116.45504466700004 0.0 7.86 0.0 0.0016359117721872643 False True 0.004983548533778269 2.8030733307667446 -0.09216634916095041 -1.2813437760601563 0.0
198 82 1384.0 1185.0 117.89006885900005 0.0 7.86 0.0 0.002178819700509252 False True 0.004983548533778269 2.8030733307667446 -0.09216634916095041 -1.2813437760601563 0.0
198 83 1396.0 1197.0 119.32512099200005 0.0 7.94 0.002178819700509252 0.0027988759362214816 False True 0.004983548533778269 2.8030733307667446 -0.09216634916095041 -1.2813437760601563 0.0
198 84 1408.0 1209.0 120.76580557800008 0.0 7.94 0.002178819700509252 0.0034960100886897646 False True 0.004983548533778269 2.8030733307667446 -0.09216634916095041 -1.2813437760601563 0.0
198 85 1420.0 1221.0 122.20015019400006 0.0 7.94 0.002178819700509252 0.004270144058712462 False True 0.004983548533778269 2.8030733307667446 -0.09216634916095041 -1.2813437760601563 0.0
198 86 1432.0 1233.0 123.63541730100002 0.0 7.94 0.002178819700509252 0.00512119204633226 False True 0.004983548533778269 2.8030733307667446 -0.09216634916095041 -1.2813437760601563 0.0
198 87 1444.0 1245.0 125.067642235 0.0 7.94 0.002178819700509252 0.006049060559416263 False True 0.004983548533778269 2.8030733307667446 -0.09216634916095041 -1.2813437760601563 0.0
198 88 1456.0 1257.0 126.48619092799998 0.0 7.94 0.002178819700509252 0.007053648423003704 False True 0.004983548533778269 2.8030733307667446 -0.09216634916095041 -1.2813437760601563 0.0
198 89 1468.0 1269.0 127.88708116999999 0.0 8.0 0.007053648423003704 0.008134846789421987 False True 0.004983548533778269 2.8030733307667446 -0.09216634916095041 -1.2813437760601563 0.0
198 90 1480.0 1281.0 129.27075929399996 0.0 7.94 0.002178819700509252 0.009292539149175843 False True 0.004983548533778269 2.8030733307667446 -0.09216634916095041 -1.2813437760601563 0.0
198 91 1492.0 1293.0 130.66798407199997 0.0 7.94 0.002178819700509252 0.010526601342593802 False True 0.004983548533778269 2.8030733307667446 -0.09216634916095041 -1.2813437760601563 0.0
198 92 1504.0 1305.0 132.05337274199997 0.0 7.94 0.002178819700509252 0.011836901572246424 False True 0.004983548533778269 2.8030733307667446 -0.09216634916095041 -1.2813437760601563 0.0
198 93 1516.0 1317.0 133.45137984099995 0.0 7.94 0.002178819700509252 0.013223300416123202 False True 0.004983548533778269 2.8030733307667446 -0.09216634916095041 -1.2813437760601563 0.0
198 94 1528.0 1329.0 134.83848244599994 0.0 7.94 0.002178819700509252 0.014685650841577797 False True 0.004983548533778269 2.8030733307667446 -0.09216634916095041 -1.2813437760601563 0.0
198 95 1540.0 1341.0 136.23844101799995 0.0 7.94 0.002178819700509252 0.016223798220029194 False True 0.004983548533778269 2.8030733307667446 -0.09216634916095041 -1.2813437760601563 0.0
198 96 1552.0 1353.0 137.63884638399998 0.0 7.94 0.002178819700509252 0.0178375803424243 False True 0.004983548533778269 2.8030733307667446 -0.09216634916095041 -1.2813437760601563 0.0
198 97 1564.0 1365.0 139.05545599200002 0.0 7.94 0.002178819700509252 0.01952682743545991 False True 0.004983548533778269 2.8030733307667446 -0.09216634916095041 -1.2813437760601563 0.0
198 98 1576.0 1377.0 140.474062096 0.0 7.94 0.002178819700509252 0.02129136217855787 False True 0.004983548533778269 2.8030733307667446 -0.09216634916095041 -1.2813437760601563 0.0
198 99 1588.0 1389.0 141.89279396100005 0.0 8.08 0.0178375803424243 0.0231309997215989 False True 0.004983548533778269 2.8030733307667446 -0.09216634916095041 -1.2813437760601563 0.0
198 100 1600.0 1401.0 143.31065139900005 0.0 8.0 0.007053648423003704 0.02504554770340619 False True 0.004983548533778269 2.8030733307667446 -0.09216634916095041 -1.2813437760601563 0.0
198 101 1612.0 1413.0 144.73914208700006 0.0 8.08 0.0178375803424243 0.02703480627098077 False True 0.004983548533778269 2.8030733307667446 -0.09216634916095041 -1.2813437760601563 0.0
198 102 1624.0 1425.0 146.15862011700005 0.0 8.08 0.0178375803424243 0.029098568099489415 False True 0.004983548533778269 2.8030733307667446 -0.09216634916095041 -1.2813437760601563 0.0
198 103 1636.0 1437.0 147.57702483300005 0.0 8.04 0.011836901572246424 0.031236618412991933 False True 0.004983548533778269 2.8030733307667446 -0.09216634916095041 -1.2813437760601563 0.0
198 104 1648.0 1449.0 148.99472112300003 0.0 8.08 0.0178375803424243 0.03344873500592374 False True 0.004983548533778269 2.8030733307667446 -0.09216634916095041 -1.2813437760601563 0.0
198 105 1660.0 1461.0 150.41137270800004 0.0 7.86 0.0 0.03573468826531231 False True 0.004983548533778269 2.8030733307667446 -0.09216634916095041 -1.2813437760601563 0.0
198 106 1672.0 1473.0 151.828790368 0.0 7.94 0.002178819700509252 0.03809424119373998 False True 0.004983548533778269 2.8030733307667446 -0.09216634916095041 -1.2813437760601563 0.0
198 107 1684.0 1485.0 153.24617941600002 0.0 8.18 0.03809424119373998 0.0405271494330441 False True 0.004983548533778269 2.8030733307667446 -0.09216634916095041 -1.2813437760601563 0.0
198 108 1696.0 1497.0 154.66521186700004 0.0 8.18 0.03809424119373998 0.04303316128875037 False True 0.004983548533778269 2.8030733307667446 -0.09216634916095041 -1.2813437760601563 0.0
198 109 1708.0 1509.0 156.09203741400006 0.0 8.18 0.03809424119373998 0.04561201775524226 False True 0.004983548533778269 2.8030733307667446 -0.09216634916095041 -1.2813437760601563 0.0
198 110 1720.0 1521.0 157.51273927300008 0.0 7.94 0.002178819700509252 0.048263452541666335 False True 0.004983548533778269 2.8030733307667446 -0.09216634916095041 -1.2813437760601563 0.0
198 111 1732.0 1533.0 158.93043170000004 0.0 8.18 0.03809424119373998 0.050987192098550876 False True 0.004983548533778269 2.8030733307667446 -0.09216634916095041 -1.2813437760601563 0.0
198 112 1744.0 1545.0 160.35646367100003 0.0 7.94 0.002178819700509252 0.05378295564517087 False True 0.004983548533778269 2.8030733307667446 -0.09216634916095041 -1.2813437760601563 0.0
198 113 1756.0 1557.0 161.78457044200002 0.0 7.94 0.002178819700509252 0.056650455197620006 False True 0.004983548533778269 2.8030733307667446 -0.09216634916095041 -1.2813437760601563 0.0
198 114 1768.0 1569.0 163.20220240500004 0.0 7.94 0.002178819700509252 0.059589395597610506 False True 0.004983548533778269 2.8030733307667446 -0.09216634916095041 -1.2813437760601563 0.0
198 115 1780.0 1581.0 164.62047721500005 0.0 7.94 0.002178819700509252 0.0625994745419875 False True 0.004983548533778269 2.8030733307667446 -0.09216634916095041 -1.2813437760601563 0.0
198 116 1792.0 1593.0 166.03471920000004 0.0 7.86 0.0 0.0656803826129602 False True 0.004983548533778269 2.8030733307667446 -0.09216634916095041 -1.2813437760601563 0.0
198 117 1804.0 1605.0 167.45293574400006 0.0 7.94 0.002178819700509252 0.0688318033090437 False True 0.004983548533778269 2.8030733307667446 -0.09216634916095041 -1.2813437760601563 0.0
198 118 1816.0 1617.0 168.85741030500003 0.0 7.94 0.002178819700509252 0.07205341307670624 False True 0.004983548533778269 2.8030733307667446 -0.09216634916095041 -1.2813437760601563 0.0
198 119 1828.0 1629.0 170.27481201900002 0.0 7.94 0.002178819700509252 0.07534488134272796 False True 0.004983548533778269 2.8030733307667446 -0.09216634916095041 -1.2813437760601563 0.0
198 120 1840.0 1641.0 171.69336110300003 0.0 8.31 0.07534488134272796 0.07870587054725357 False True 0.004983548533778269 2.8030733307667446 -0.09216634916095041 -1.2813437760601563 0.0
198 121 1852.0 1653.0 173.11163607300006 0.0 8.31 0.07534488134272796 0.08213603617755277 False True 0.004983548533778269 2.8030733307667446 -0.09216634916095041 -1.2813437760601563 0.0
198 122 1864.0 1665.0 174.52773433400006 0.0 8.31 0.07534488134272796 0.08563502680246585 False True 0.004983548533778269 2.8030733307667446 -0.09216634916095041 -1.2813437760601563 0.0
198 123 1876.0 1677.0 175.94486353700006 0.0 8.31 0.07534488134272796 0.08920248410755215 False True 0.004983548533778269 2.8030733307667446 -0.09216634916095041 -1.2813437760601563 0.0
198 124 1888.0 1689.0 177.36368699000008 0.0 8.31 0.07534488134272796 0.09283804293091683 False True 0.004983548533778269 2.8030733307667446 -0.09216634916095041 -1.2813437760601563 0.0
198 125 1900.0 1701.0 178.7803194130001 0.0 8.31 0.07534488134272796 0.09654133129972679 False True 0.004983548533778269 2.8030733307667446 -0.09216634916095041 -1.2813437760601563 0.0
198 126 1912.0 1713.0 180.1979950280001 0.0 8.31 0.07534488134272796 0.10031197046741036 False True 0.004983548533778269 2.8030733307667446 -0.09216634916095041 -1.2813437760601563 0.0
198 127 1924.0 1725.0 181.6159827510001 0.0 8.31 0.07534488134272796 0.1041495749515296 False True 0.004983548533778269 2.8030733307667446 -0.09216634916095041 -1.2813437760601563 0.0
198 128 1936.0 1737.0 183.0318926070001 0.0 8.31 0.07534488134272796 0.10805375257232812 False True 0.004983548533778269 2.8030733307667446 -0.09216634916095041 -1.2813437760601563 0.0
198 129 1948.0 1749.0 184.44787925800006 0.0 8.31 0.07534488134272796 0.11202410449194891 False True 0.004983548533778269 2.8030733307667446 -0.09216634916095041 -1.2813437760601563 0.0
198 130 1960.0 1761.0 185.86444209700005 0.0 8.31 0.07534488134272796 0.11606022525431925 False True 0.004983548533778269 2.8030733307667446 -0.09216634916095041 -1.2813437760601563 0.0
198 131 1972.0 1773.0 187.2821647290001 0.0 8.31 0.07534488134272796 0.12016170282569465 False True 0.004983548533778269 2.8030733307667446 -0.09216634916095041 -1.2813437760601563 0.0
198 132 1984.0 1785.0 188.68863135700008 0.0 7.94 0.002178819700509252 0.12432811863585756 False True 0.004983548533778269 2.8030733307667446 -0.09216634916095041 -1.2813437760601563 0.0
198 133 1996.0 1797.0 190.10555981700008 0.0 7.94 0.002178819700509252 0.1285590476199834 False True 0.004983548533778269 2.8030733307667446 -0.09216634916095041 -1.2813437760601563 0.0
198 134 2008.0 1809.0 191.5208318130001 0.0 7.89 0.0002369007731192495 0.13285405826113783 False True 0.004983548533778269 2.8030733307667446 -0.09216634916095041 -1.2813437760601563 0.0
198 135 2020.0 1821.0 192.93774387000008 0.0 7.94 0.002178819700509252 0.13721271263343457 False True 0.004983548533778269 2.8030733307667446 -0.09216634916095041 -1.2813437760601563 0.0
198 136 2032.0 1833.0 194.34470160500007 0.0 8.18 0.03809424119373998 0.14163456644581887 False True 0.004983548533778269 2.8030733307667446 -0.09216634916095041 -1.2813437760601563 0.0
198 137 2044.0 1845.0 195.7625288060001 0.0 8.08 0.0178375803424243 0.14611916908650616 False True 0.004983548533778269 2.8030733307667446 -0.09216634916095041 -1.2813437760601563 0.0
198 138 2056.0 1857.0 197.17985686800006 0.0 8.41 0.11202410449194891 0.15066606366803806 False True 0.004983548533778269 2.8030733307667446 -0.09216634916095041 -1.2813437760601563 0.0
198 139 2068.0 1869.0 198.59602132700007 0.0 8.24 0.05378295564517087 0.11250823086492028 False True 0.004983548533778269 2.8030733307667446 -0.09216634916095041 -1.2813437760601563 0.0
198 140 2080.0 1881.0 200.01786722900005 0.0 7.94 0.002178819700509252 0.10951569381091829 False True 0.004983548533778269 2.8030733307667446 -0.09216634916095041 -1.2813437760601563 0.0
198 141 2092.0 1893.0 201.42804776000003 0.0 7.94 0.002178819700509252 0.11557236436615073 False True 0.004983548533778269 2.8030733307667446 -0.09216634916095041 -1.2813437760601563 0.0
198 142 2104.0 1905.0 202.843655518 0.0 7.94 0.002178819700509252 0.11870779574043476 False True 0.004983548533778269 2.8030733307667446 -0.09216634916095041 -1.2813437760601563 0.0
198 143 2116.0 1917.0 204.261459049 0.0 8.18 0.03809424119373998 0.12191421928308002 False True 0.004983548533778269 2.8030733307667446 -0.09216634916095041 -1.2813437760601563 0.0
198 144 2128.0 1929.0 205.67853799300002 0.0 1.1500000000000001 0.12191421928308002 0.125191322189454 False True 0.004983548533778269 2.8030733307667446 -0.09216634916095041 -1.2813437760601563 0.0
198 145 2140.0 1941.0 207.09499727399998 0.0 1.1500000000000001 0.12191421928308002 0.12853878458626677 False True 0.004983548533778269 2.8030733307667446 -0.09216634916095041 -1.2813437760601563 0.0
198 146 2152.0 1953.0 208.51187217799998 0.0 1.1500000000000001 0.12191421928308002 0.13195627956355135 False True 0.004983548533778269 2.8030733307667446 -0.09216634916095041 -1.2813437760601563 0.0
198 147 2164.0 1965.0 209.928546078 0.0 1.1500000000000001 0.12191421928308002 0.13900002463314778 False True 0.004983548533778269 2.8030733307667446 -0.09216634916095041 -1.2813437760601563 0.0
198 148 2176.0 1977.0 211.363922683 0.0 1.1500000000000001 0.12191421928308002 0.1354434732073595 False True 0.004983548533778269 2.8030733307667446 -0.09216634916095041 -1.2813437760601563 0.0
198 149 2188.0 1989.0 212.790288105 0.0 8.18 0.03809424119373998 0.14262558601987257 False True 0.004983548533778269 2.8030733307667446 -0.09216634916095041 -1.2813437760601563 0.0
