783 0 400.0 200.99999999999997 1.2438526219999915 0.0 1.18 0.14240672204891483 0.013275484859518035 False True 0.007827246110466377 3.353051052882979 -0.0122422708266336 -1.5814714574451383 0.0
783 1 412.0 212.99999999999997 2.5541599969999993 0.0 7.71 0.011714635469878193 0.14628513347247005 False True 0.007827246110466377 3.353051052882979 -0.0122422708266336 -1.5814714574451383 0.0
783 2 424.0 224.99999999999997 3.8614669359999994 0.0 1.18 0.14240672204891483 0.13861893346496676 False True 0.007827246110466377 3.353051052882979 -0.0122422708266336 -1.5814714574451383 0.0
783 3 436.0 236.99999999999997 5.157096491999994 0.0 7.7 0.013275484859518035 0.010250784313468531 False True 0.007827246110466377 3.353051052882979 -0.0122422708266336 -1.5814714574451383 0.0
783 4 448.0 248.99999999999997 6.454889126999973 0.0 7.72 0.010250784313468531 0.008884067184628842 False True 0.007827246110466377 3.353051052882979 -0.0122422708266336 -1.5814714574451383 0.0
783 5 460.0 261.0 7.763900622999984 0.0 7.72 0.010250784313468531 0.007614610163319593 False True 0.007827246110466377 3.353051052882979 -0.0122422708266336 -1.5814714574451383 0.0
783 6 472.0 273.0 9.085998311999987 0.0 7.72 0.010250784313468531 0.006442529602510887 False True 0.007827246110466377 3.353051052882979 -0.0122422708266336 -1.5814714574451383 0.0
783 7 484.0 285.0 10.394714905 0.0 7.7299999999999995 0.008884067184628842 0.014933186987247247 False True 0.007827246110466377 3.353051052882979 -0.0122422708266336 -1.5814714574451383 0.0
783 8 496.0 297.0 11.688402389000004 0.0 7.6899999999999995 0.014933186987247247 0.016687586671671306 False True 0.007827246110466377 3.353051052882979 -0.0122422708266336 -1.5814714574451383 0.0
783 9 508.0 309.0 12.986487218999997 0.0 7.6899999999999995 0.014933186987247247 0.018538519060663526 False True 0.007827246110466377 3.353051052882979 -0.0122422708266336 -1.5814714574451383 0.0
783 10 520.0 321.0 14.281323150999981 0.0 7.6899999999999995 0.014933186987247247 0.020485809647847783 False True 0.007827246110466377 3.353051052882979 -0.0122422708266336 -1.5814714574451383 0.0
783 11 532.0 333.0 15.561851148999978 0.0 7.6899999999999995 0.014933186987247247 0.022529274290049355 False True 0.007827246110466377 3.353051052882979 -0.0122422708266336 -1.5814714574451383 0.0
783 12 544.0 345.0 16.85190848099998 0.0 7.65 0.022529274290049355 0.02466871922571218 False True 0.007827246110466377 3.353051052882979 -0.0122422708266336 -1.5814714574451383 0.0
783 13 556.0 357.0 18.150961737999978 0.0 7.65 0.022529274290049355 0.13492213657618102 False True 0.007827246110466377 3.353051052882979 -0.0122422708266336 -1.5814714574451383 0.0
783 14 568.0 369.0 19.442842552000002 0.0 7.65 0.022529274290049355 0.15025378981688628 False True 0.007827246110466377 3.353051052882979 -0.0122422708266336 -1.5814714574451383 0.0
783 15 580.0 381.0 20.735993981000007 0.0 7.6899999999999995 0.014933186987247247 0.1543123041380012 False True 0.007827246110466377 3.353051052882979 -0.0122422708266336 -1.5814714574451383 0.0
783 16 592.0 393.0 22.029027133 0.0 7.65 0.022529274290049355 0.005367932116549142 False True 0.007827246110466377 3.353051052882979 -0.0122422708266336 -1.5814714574451383 0.0
783 17 604.0 405.0 23.323375887999987 0.0 7.76 0.005367932116549142 0.004390914570496256 False True 0.007827246110466377 3.353051052882979 -0.0122422708266336 -1.5814714574451383 0.0
783 18 616.0 417.0 24.617608229999973 0.0 7.76 0.005367932116549142 0.0035115640704395288 False True 0.007827246110466377 3.353051052882979 -0.0122422708266336 -1.5814714574451383 0.0
783 19 628.0 429.0 25.91071962899997 0.0 7.78 0.0035115640704395288 0.0027299579547862534 False True 0.007827246110466377 3.353051052882979 -0.0122422708266336 -1.5814714574451383 0.0
783 20 640.0 441.0 27.193919721999976 0.0 7.78 0.0035115640704395288 0.0020461637865255827 False True 0.007827246110466377 3.353051052882979 -0.0122422708266336 -1.5814714574451383 0.0
783 21 652.0 453.0 28.50579251999997 0.0 7.76 0.005367932116549142 0.001460239346473333 False True 0.007827246110466377 3.353051052882979 -0.0122422708266336 -1.5814714574451383 0.0
783 22 664.0 465.0 29.79834258599996 0.0 7.6899999999999995 0.014933186987247247 0.0009722326274953684 False True 0.007827246110466377 3.353051052882979 -0.0122422708266336 -1.5814714574451383 0.0
783 23 676.0 477.0 31.09353765299994 0.0 7.6899999999999995 0.014933186987247247 0.0005821818297052219 False True 0.007827246110466377 3.353051052882979 -0.0122422708266336 -1.5814714574451383 0.0
783 24 688.0 489.0 32.384481939999944 0.0 7.78 0.0035115640704395288 0.005367932116549142 False True 0.007827246110466377 3.353051052882979 -0.0122422708266336 -1.5814714574451383 0.0
783 25 692.0 493.0 33.690152903999945 0.0 7.76 0.005367932116549142 0.0002901153566498765 False True 0.007827246110466377 3.353051052882979 -0.0122422708266336 -1.5814714574451383 0.0
783 26 704.0 505.0 34.98452247899996 0.0 7.76 0.005367932116549142 9.605181246020173e-05 False True 0.007827246110466377 3.353051052882979 -0.0122422708266336 -1.5814714574451383 0.0
783 27 716.0 517.0 36.27903993899997 0.0 7.76 0.005367932116549142 0.0 False True 0.007827246110466377 3.353051052882979 -0.0122422708266336 -1.5814714574451383 0.0
783 28 728.0 529.0 37.57300385699995 0.0 7.76 0.005367932116549142 1.958919977095802e-06 False True 0.007827246110466377 3.353051052882979 -0.0122422708266336 -1.5814714574451383 0.0
783 29 740.0 541.0 38.85588052299997 0.0 7.76 0.005367932116549142 0.00010191777105042305 False True 0.007827246110466377 3.353051052882979 -0.0122422708266336 -1.5814714574451383 0.0
783 30 752.0 553.0 40.14974580399996 0.0 7.88 0.00010191777105042305 0.00029985595090612047 False True 0.007827246110466377 3.353051052882979 -0.0122422708266336 -1.5814714574451383 0.0
783 31 764.0 565.0 41.44276683599995 0.0 7.89 0.00029985595090612047 0.000595743058317436 False True 0.007827246110466377 3.353051052882979 -0.0122422708266336 -1.5814714574451383 0.0
783 32 776.0 577.0 42.73803901399995 0.0 7.88 0.00010191777105042305 0.0014811934755641352 False True 0.007827246110466377 3.353051052882979 -0.0122422708266336 -1.5814714574451383 0.0
783 33 788.0 589.0 44.03077937799998 0.0 7.88 0.00010191777105042305 0.0009895388961875693 False True 0.007827246110466377 3.353051052882979 -0.0122422708266336 -1.5814714574451383 0.0
783 34 800.0 601.0 45.325748989000004 0.0 7.88 0.00010191777105042305 0.0020706470206443995 False True 0.007827246110466377 3.353051052882979 -0.0122422708266336 -1.5814714574451383 0.0
783 35 812.0 613.0 46.619094262000004 0.0 7.88 0.00010191777105042305 0.002757829974747784 False True 0.007827246110466377 3.353051052882979 -0.0122422708266336 -1.5814714574451383 0.0
783 36 824.0 625.0 47.93584616000001 0.0 7.88 0.00010191777105042305 0.003542663007273048 False True 0.007827246110466377 3.353051052882979 -0.0122422708266336 -1.5814714574451383 0.0
783 37 836.0 637.0 49.25963754600002 0.0 7.88 0.00010191777105042305 0.004425057021632319 False True 0.007827246110466377 3.353051052882979 -0.0122422708266336 -1.5814714574451383 0.0
783 38 848.0 649.0 50.58619980500001 0.0 7.88 0.00010191777105042305 0.005404913164157606 False True 0.007827246110466377 3.353051052882979 -0.0122422708266336 -1.5814714574451383 0.0
783 39 860.0 661.0 52.29824498099998 0.0 7.88 0.00010191777105042305 0.00648212283398852 False True 0.007827246110466377 3.353051052882979 -0.0122422708266336 -1.5814714574451383 0.0
783 40 872.0 673.0 54.11014962099998 0.0 7.88 0.00010191777105042305 0.0076565676939324735 False True 0.007827246110466377 3.353051052882979 -0.0122422708266336 -1.5814714574451383 0.0
783 41 884.0 685.0 55.97721204499999 0.0 7.93 0.0020706470206443995 0.008928119682296514 False True 0.007827246110466377 3.353051052882979 -0.0122422708266336 -1.5814714574451383 0.0
783 42 896.0 697.0 57.867591643 0.0 7.88 0.00010191777105042305 0.010296641025691637 False True 0.007827246110466377 3.353051052882979 -0.0122422708266336 -1.5814714574451383 0.0
783 43 908.0 709.0 59.59964542 0.0 8.01 0.010296641025691637 0.011761984252815685 False True 0.007827246110466377 3.353051052882979 -0.0122422708266336 -1.5814714574451383 0.0
783 44 920.0 721.0 61.22572950599999 0.0 7.88 0.00010191777105042305 0.013323992209194816 False True 0.007827246110466377 3.353051052882979 -0.0122422708266336 -1.5814714574451383 0.0
783 45 932.0 733.0 62.940049845000004 0.0 7.93 0.0020706470206443995 0.014982498072901806 False True 0.007827246110466377 3.353051052882979 -0.0122422708266336 -1.5814714574451383 0.0
783 46 944.0 745.0 64.743483849 0.0 8.01 0.010296641025691637 0.016737325371234662 False True 0.007827246110466377 3.353051052882979 -0.0122422708266336 -1.5814714574451383 0.0
783 47 956.0 757.0 66.61351743100002 0.0 7.88 0.00010191777105042305 0.018588287998367713 False True 0.007827246110466377 3.353051052882979 -0.0122422708266336 -1.5814714574451383 0.0
783 48 968.0 769.0 68.53597865900002 0.0 8.06 0.018588287998367713 0.020535190233959544 False True 0.007827246110466377 3.353051052882979 -0.0122422708266336 -1.5814714574451383 0.0
783 49 980.0 781.0 70.28306611400001 0.0 8.06 0.018588287998367713 0.024715982694966488 False True 0.007827246110466377 3.353051052882979 -0.0122422708266336 -1.5814714574451383 0.0
783 50 992.0 793.0 71.89812488200002 0.0 7.87 1.958919977095802e-06 0.022577826762724684 False True 0.007827246110466377 3.353051052882979 -0.0122422708266336 -1.5814714574451383 0.0
783 51 1004.0 805.0 73.46791011500002 0.0 7.76 0.005367932116549142 0.026949433588063353 False True 0.007827246110466377 3.353051052882979 -0.0122422708266336 -1.5814714574451383 0.0
783 52 1016.0 817.0 74.97099218400001 0.0 7.86 0.0 0.0020706470206443995 False True 0.007827246110466377 3.353051052882979 -0.0122422708266336 -1.5814714574451383 0.0
783 53 1020.0 821.0 76.471970733 0.0 7.88 0.00010191777105042305 0.031701274857339125 False True 0.007827246110466377 3.353051052882979 -0.0122422708266336 -1.5814714574451383 0.0
783 54 1032.0 833.0 77.86350284400001 0.0 7.89 0.00029985595090612047 0.02927794546891523 False True 0.007827246110466377 3.353051052882979 -0.0122422708266336 -1.5814714574451383 0.0
783 55 1044.0 845.0 79.25667340200002 0.0 7.76 0.005367932116549142 0.03421916879041618 False True 0.007827246110466377 3.353051052882979 -0.0122422708266336 -1.5814714574451383 0.0
783 56 1056.0 857.0 80.62680129400002 0.0 7.88 0.00010191777105042305 0.036831364847791266 False True 0.007827246110466377 3.353051052882979 -0.0122422708266336 -1.5814714574451383 0.0
783 57 1068.0 869.0 81.97116564800001 0.0 7.87 1.958919977095802e-06 0.03953759117790844 False True 0.007827246110466377 3.353051052882979 -0.0122422708266336 -1.5814714574451383 0.0
783 58 1080.0 881.0 83.280529049 0.0 7.87 1.958919977095802e-06 0.04233756652520238 False True 0.007827246110466377 3.353051052882979 -0.0122422708266336 -1.5814714574451383 0.0
783 59 1092.0 893.0 84.57974245399998 0.0 8.15 0.03953759117790844 0.045231000258218794 False True 0.007827246110466377 3.353051052882979 -0.0122422708266336 -1.5814714574451383 0.0
783 60 1104.0 905.0 85.88887068299996 0.0 8.15 0.03953759117790844 0.04821759239867944 False True 0.007827246110466377 3.353051052882979 -0.0122422708266336 -1.5814714574451383 0.0
783 61 1116.0 917.0 87.18664467699998 0.0 7.87 1.958919977095802e-06 0.05129703365148046 False True 0.007827246110466377 3.353051052882979 -0.0122422708266336 -1.5814714574451383 0.0
783 62 1128.0 929.0 88.49630653999995 0.0 7.87 1.958919977095802e-06 0.05773317991605019 False True 0.007827246110466377 3.353051052882979 -0.0122422708266336 -1.5814714574451383 0.0
783 63 1140.0 941.0 89.80636403399993 0.0 7.87 1.958919977095802e-06 0.05446900543561879 False True 0.007827246110466377 3.353051052882979 -0.0122422708266336 -1.5814714574451383 0.0
783 64 1152.0 953.0 91.12192776999993 0.0 7.6899999999999995 0.014933186987247247 0.06453677955304951 False True 0.007827246110466377 3.353051052882979 -0.0122422708266336 -1.5814714574451383 0.0
783 65 1164.0 965.0 92.43946175899993 0.0 7.93 0.0020706470206443995 0.0610892200364788 False True 0.007827246110466377 3.353051052882979 -0.0122422708266336 -1.5814714574451383 0.0
783 66 1176.0 977.0 93.76683969699991 0.0 7.9799999999999995 0.00648212283398852 0.06807550306898509 False True 0.007827246110466377 3.353051052882979 -0.0122422708266336 -1.5814714574451383 0.0
783 67 1188.0 989.0 95.09331798499991 0.0 7.9799999999999995 0.00648212283398852 0.07170502607011811 False True 0.007827246110466377 3.353051052882979 -0.0122422708266336 -1.5814714574451383 0.0
783 68 1200.0 1001.0 96.40499972599991 0.0 7.9799999999999995 0.00648212283398852 0.07542497496134425 False True 0.007827246110466377 3.353051052882979 -0.0122422708266336 -1.5814714574451383 0.0
783 69 1212.0 1013.0 97.70665045799993 0.0 7.9799999999999995 0.00648212283398852 0.08313461085402725 False True 0.007827246110466377 3.353051052882979 -0.0122422708266336 -1.5814714574451383 0.0
783 70 1224.0 1025.0 99.01364703199994 0.0 7.9799999999999995 0.00648212283398852 0.0792349671039799 False True 0.007827246110466377 3.353051052882979 -0.0122422708266336 -1.5814714574451383 0.0
783 71 1236.0 1037.0 100.31167590199993 0.0 7.9799999999999995 0.00648212283398852 0.08712350560133847 False True 0.007827246110466377 3.353051052882979 -0.0122422708266336 -1.5814714574451383 0.0
783 72 1248.0 1049.0 101.62054725599992 0.0 7.9799999999999995 0.00648212283398852 0.09120124180967337 False True 0.007827246110466377 3.353051052882979 -0.0122422708266336 -1.5814714574451383 0.0
783 73 1260.0 1061.0 102.92922884399991 0.0 8.28 0.08313461085402725 0.09536740105765712 False True 0.007827246110466377 3.353051052882979 -0.0122422708266336 -1.5814714574451383 0.0
783 74 1272.0 1073.0 104.2384893849999 0.0 7.77 0.004390914570496256 0.0 False True 0.007827246110466377 3.353051052882979 -0.0122422708266336 -1.5814714574451383 0.0
783 75 1276.0 1077.0 105.53738323799993 0.0 7.77 0.004390914570496256 0.23410309711703595 False True 0.007827246110466377 3.353051052882979 -0.0122422708266336 -1.5814714574451383 0.0
783 76 1288.0 1089.0 106.84670685899991 0.0 7.77 0.004390914570496256 0.24051560198022948 False True 0.007827246110466377 3.353051052882979 -0.0122422708266336 -1.5814714574451383 0.0
783 77 1300.0 1101.0 108.1450633289999 0.0 7.77 0.004390914570496256 0.22776593262400427 False True 0.007827246110466377 3.353051052882979 -0.0122422708266336 -1.5814714574451383 0.0
783 78 1312.0 1113.0 109.45020340699992 0.0 7.77 0.004390914570496256 0.26019881434760456 False True 0.007827246110466377 3.353051052882979 -0.0122422708266336 -1.5814714574451383 0.0
783 79 1324.0 1125.0 110.7586999129999 0.0 7.93 0.0020706470206443995 0.10839210043353807 False True 0.007827246110466377 3.353051052882979 -0.0122422708266336 -1.5814714574451383 0.0
783 80 1336.0 1137.0 112.05729996999995 0.0 7.87 1.958919977095802e-06 0.10396327081331233 False True 0.007827246110466377 3.353051052882979 -0.0122422708266336 -1.5814714574451383 0.0
783 81 1348.0 1149.0 113.36526792199996 0.0 7.88 0.00010191777105042305 0.1129075914066096 False True 0.007827246110466377 3.353051052882979 -0.0122422708266336 -1.5814714574451383 0.0
783 82 1360.0 1161.0 114.662456843 0.0 7.65 0.022529274290049355 0.11750928153071233 False True 0.007827246110466377 3.353051052882979 -0.0122422708266336 -1.5814714574451383 0.0
783 83 1372.0 1173.0 115.97053210300001 0.0 7.65 0.022529274290049355 0.12219669998312117 False True 0.007827246110466377 3.353051052882979 -0.0122422708266336 -1.5814714574451383 0.0
783 84 1384.0 1185.0 117.28760523900004 0.0 7.65 0.022529274290049355 0.12696936736728576 False True 0.007827246110466377 3.353051052882979 -0.0122422708266336 -1.5814714574451383 0.0
783 85 1396.0 1197.0 118.60976585200004 0.0 7.65 0.022529274290049355 0.13182679576076728 False True 0.007827246110466377 3.353051052882979 -0.0122422708266336 -1.5814714574451383 0.0
783 86 1408.0 1209.0 119.90002960300004 0.0 7.65 0.022529274290049355 0.02923472695648582 False True 0.007827246110466377 3.353051052882979 -0.0122422708266336 -1.5814714574451383 0.0
783 87 1420.0 1221.0 121.20692452700004 0.0 7.65 0.022529274290049355 0.02690394109426945 False True 0.007827246110466377 3.353051052882979 -0.0122422708266336 -1.5814714574451383 0.0
783 88 1432.0 1233.0 122.53590400300007 0.0 7.65 0.022529274290049355 0.031660854315745106 False True 0.007827246110466377 3.353051052882979 -0.0122422708266336 -1.5814714574451383 0.0
783 89 1444.0 1245.0 123.84390775400007 0.0 7.61 0.031660854315745106 0.0341820911403044 False True 0.007827246110466377 3.353051052882979 -0.0122422708266336 -1.5814714574451383 0.0
783 90 1456.0 1257.0 125.15287974200012 0.0 7.61 0.031660854315745106 0.03679819588649716 False True 0.007827246110466377 3.353051052882979 -0.0122422708266336 -1.5814714574451383 0.0
783 91 1468.0 1269.0 126.46196880800014 0.0 7.65 0.022529274290049355 0.03950891752288354 False True 0.007827246110466377 3.353051052882979 -0.0122422708266336 -1.5814714574451383 0.0
783 92 1480.0 1281.0 127.7707496350001 0.0 7.65 0.022529274290049355 0.04521316005319187 False True 0.007827246110466377 3.353051052882979 -0.0122422708266336 -1.5814714574451383 0.0
783 93 1492.0 1293.0 129.15771039900008 0.0 7.56 0.04521316005319187 0.04231399555535668 False True 0.007827246110466377 3.353051052882979 -0.0122422708266336 -1.5814714574451383 0.0
783 94 1504.0 1305.0 130.94877620700007 0.0 7.57 0.04231399555535668 0.048206131676038606 False True 0.007827246110466377 3.353051052882979 -0.0122422708266336 -1.5814714574451383 0.0
783 95 1516.0 1317.0 132.8238780510001 0.0 7.56 0.04521316005319187 0.05129262170185381 False True 0.007827246110466377 3.353051052882979 -0.0122422708266336 -1.5814714574451383 0.0
783 96 1528.0 1329.0 134.76325899200006 0.0 7.56 0.04521316005319187 0.0544723320557753 False True 0.007827246110466377 3.353051052882979 -0.0122422708266336 -1.5814714574451383 0.0
783 97 1540.0 1341.0 136.73032469300003 0.0 7.56 0.04521316005319187 0.05774495533992948 False True 0.007827246110466377 3.353051052882979 -0.0122422708266336 -1.5814714574451383 0.0
783 98 1552.0 1353.0 138.68538947800002 0.0 7.65 0.022529274290049355 0.061110174864170586 False True 0.007827246110466377 3.353051052882979 -0.0122422708266336 -1.5814714574451383 0.0
783 99 1564.0 1365.0 140.65029858199998 0.0 7.51 0.061110174864170586 0.06456766467774536 False True 0.007827246110466377 3.353051052882979 -0.0122422708266336 -1.5814714574451383 0.0
783 100 1576.0 1377.0 142.601552973 0.0 7.51 0.061110174864170586 0.06811708960189722 False True 0.007827246110466377 3.353051052882979 -0.0122422708266336 -1.5814714574451383 0.0
783 101 1588.0 1389.0 144.51331262899996 0.0 7.65 0.022529274290049355 0.07175810526337494 False True 0.007827246110466377 3.353051052882979 -0.0122422708266336 -1.5814714574451383 0.0
783 102 1600.0 1401.0 146.48100291999995 0.0 7.65 0.022529274290049355 0.07549035812887382 False True 0.007827246110466377 3.353051052882979 -0.0122422708266336 -1.5814714574451383 0.0
783 103 1612.0 1413.0 148.44900587399994 0.0 7.56 0.04521316005319187 0.0793134855403875 False True 0.007827246110466377 3.353051052882979 -0.0122422708266336 -1.5814714574451383 0.0
783 104 1624.0 1425.0 150.41734858299995 0.0 7.65 0.022529274290049355 0.08322711575147741 False True 0.007827246110466377 3.353051052882979 -0.0122422708266336 -1.5814714574451383 0.0
783 105 1636.0 1437.0 152.42635110699993 0.0 7.54 0.05129262170185381 0.05774495533992948 False True 0.007827246110466377 3.353051052882979 -0.0122422708266336 -1.5814714574451383 0.0
783 106 1640.0 1441.0 154.45295854999992 0.0 7.9799999999999995 0.00648212283398852 0.12780294776988466 False True 0.007827246110466377 3.353051052882979 -0.0122422708266336 -1.5814714574451383 0.0
783 107 1652.0 1453.0 156.4759604939999 0.0 7.54 0.05129262170185381 0.13131669113801764 False True 0.007827246110466377 3.353051052882979 -0.0122422708266336 -1.5814714574451383 0.0
783 108 1664.0 1465.0 158.4492458309999 0.0 7.76 0.005367932116549142 0.12438124792006051 False True 0.007827246110466377 3.353051052882979 -0.0122422708266336 -1.5814714574451383 0.0
783 109 1676.0 1477.0 160.42297852999988 0.0 7.76 0.005367932116549142 0.11781529850889985 False True 0.007827246110466377 3.353051052882979 -0.0122422708266336 -1.5814714574451383 0.0
783 110 1688.0 1489.0 162.4194634169999 0.0 8.15 0.03953759117790844 0.12105192383155841 False True 0.007827246110466377 3.353051052882979 -0.0122422708266336 -1.5814714574451383 0.0
783 111 1700.0 1501.0 164.40424277899987 0.0 7.65 0.022529274290049355 0.11467168568581597 False True 0.007827246110466377 3.353051052882979 -0.0122422708266336 -1.5814714574451383 0.0
783 112 1712.0 1513.0 166.38196991099986 0.0 7.6899999999999995 0.014933186987247247 0.0035115640704395288 False True 0.007827246110466377 3.353051052882979 -0.0122422708266336 -1.5814714574451383 0.0
783 113 1716.0 1517.0 168.36440077399985 0.0 7.6899999999999995 0.014933186987247247 0.14179394155008132 False True 0.007827246110466377 3.353051052882979 -0.0122422708266336 -1.5814714574451383 0.0
783 114 1728.0 1529.0 170.3551182149998 0.0 7.6899999999999995 0.014933186987247247 0.13676848876403006 False True 0.007827246110466377 3.353051052882979 -0.0122422708266336 -1.5814714574451383 0.0
783 115 1740.0 1541.0 172.36718009499978 0.0 7.78 0.0035115640704395288 0.14690264091495542 False True 0.007827246110466377 3.353051052882979 -0.0122422708266336 -1.5814714574451383 0.0
783 116 1752.0 1553.0 174.37785026799983 0.0 7.78 0.0035115640704395288 0.15736768498918324 False True 0.007827246110466377 3.353051052882979 -0.0122422708266336 -1.5814714574451383 0.0
783 117 1764.0 1565.0 176.37685741999982 0.0 7.78 0.0035115640704395288 0.15209406532903202 False True 0.007827246110466377 3.353051052882979 -0.0122422708266336 -1.5814714574451383 0.0
783 118 1776.0 1577.0 178.32221504099985 0.0 7.78 0.0035115640704395288 0.16272296187176524 False True 0.007827246110466377 3.353051052882979 -0.0122422708266336 -1.5814714574451383 0.0
783 119 1788.0 1589.0 180.05095937999985 0.0 7.78 0.0035115640704395288 0.17367629443064736 False True 0.007827246110466377 3.353051052882979 -0.0122422708266336 -1.5814714574451383 0.0
783 120 1800.0 1601.0 181.68073911999986 0.0 7.78 0.0035115640704395288 0.1681593497864091 False True 0.007827246110466377 3.353051052882979 -0.0122422708266336 -1.5814714574451383 0.0
783 121 1812.0 1613.0 183.25041566699988 0.0 7.78 0.0035115640704395288 0.16269731403970736 False True 0.007827246110466377 3.353051052882979 -0.0122422708266336 -1.5814714574451383 0.0
783 122 1824.0 1625.0 184.7650024729999 0.0 7.78 0.0035115640704395288 0.15846028050493915 False True 0.007827246110466377 3.353051052882979 -0.0122422708266336 -1.5814714574451383 0.0
783 123 1836.0 1637.0 186.24197660699988 0.0 7.78 0.0035115640704395288 0.1714368886089564 False True 0.007827246110466377 3.353051052882979 -0.0122422708266336 -1.5814714574451383 0.0
783 124 1848.0 1649.0 187.68002112799988 0.0 8.06 0.018588287998367713 0.16702299095767473 False True 0.007827246110466377 3.353051052882979 -0.0122422708266336 -1.5814714574451383 0.0
783 125 1860.0 1661.0 189.0807657209999 0.0 8.06 0.018588287998367713 0.17593857552067216 False True 0.007827246110466377 3.353051052882979 -0.0122422708266336 -1.5814714574451383 0.0
783 126 1872.0 1673.0 190.4465716959999 0.0 8.06 0.018588287998367713 0.18052761144010174 False True 0.007827246110466377 3.353051052882979 -0.0122422708266336 -1.5814714574451383 0.0
783 127 1884.0 1685.0 191.79015991799994 0.0 8.06 0.018588287998367713 0.18996592565702433 False True 0.007827246110466377 3.353051052882979 -0.0122422708266336 -1.5814714574451383 0.0
783 128 1896.0 1697.0 193.11315939799996 0.0 8.06 0.018588287998367713 0.18520354737870723 False True 0.007827246110466377 3.353051052882979 -0.0122422708266336 -1.5814714574451383 0.0
783 129 1908.0 1709.0 194.43610071099997 0.0 8.06 0.018588287998367713 0.1948142799504417 False True 0.007827246110466377 3.353051052882979 -0.0122422708266336 -1.5814714574451383 0.0
783 130 1920.0 1721.0 195.74967142799997 0.0 8.06 0.018588287998367713 0.20476700833900693 False True 0.007827246110466377 3.353051052882979 -0.0122422708266336 -1.5814714574451383 0.0
783 131 1932.0 1733.0 197.07165138399998 0.0 8.06 0.018588287998367713 0.19974813533582308 False True 0.007827246110466377 3.353051052882979 -0.0122422708266336 -1.5814714574451383 0.0
783 132 1944.0 1745.0 198.38507846899998 0.0 7.9799999999999995 0.00648212283398852 0.2098704069831454 False True 0.007827246110466377 3.353051052882979 -0.0122422708266336 -1.5814714574451383 0.0
783 133 1956.0 1757.0 199.70670742299998 0.0 7.88 0.00010191777105042305 0.2203287710695327 False True 0.007827246110466377 3.353051052882979 -0.0122422708266336 -1.5814714574451383 0.0
783 134 1968.0 1769.0 201.018552039 0.0 7.88 0.00010191777105042305 0.21505783083791058 False True 0.007827246110466377 3.353051052882979 -0.0122422708266336 -1.5814714574451383 0.0
783 135 1980.0 1781.0 202.34181612900002 0.0 7.88 0.00010191777105042305 0.22568271049168157 False True 0.007827246110466377 3.353051052882979 -0.0122422708266336 -1.5814714574451383 0.0
783 136 1992.0 1793.0 203.655291001 0.0 7.77 0.004390914570496256 0.10866470593201924 False True 0.007827246110466377 3.353051052882979 -0.0122422708266336 -1.5814714574451383 0.0
783 137 2004.0 1805.0 204.97779870599996 0.0 7.65 0.022529274290049355 0.11162138979387017 False True 0.007827246110466377 3.353051052882979 -0.0122422708266336 -1.5814714574451383 0.0
783 138 2016.0 1817.0 206.29996606999995 0.0 7.89 0.00029985595090612047 0.0027299579547862534 False True 0.007827246110466377 3.353051052882979 -0.0122422708266336 -1.5814714574451383 0.0
783 139 2020.0 1821.0 207.61145439499992 0.0 7.78 0.0035115640704395288 0.09132435236839438 False True 0.007827246110466377 3.353051052882979 -0.0122422708266336 -1.5814714574451383 0.0
783 140 2032.0 1833.0 208.92888805099992 0.0 7.77 0.004390914570496256 0.08723086796444078 False True 0.007827246110466377 3.353051052882979 -0.0122422708266336 -1.5814714574451383 0.0
783 141 2044.0 1845.0 210.2421948389999 0.0 7.77 0.004390914570496256 0.09550717017825876 False True 0.007827246110466377 3.353051052882979 -0.0122422708266336 -1.5814714574451383 0.0
783 142 2056.0 1857.0 211.56612692399986 0.0 7.42 0.09550717017825876 0.09977891367462498 False True 0.007827246110466377 3.353051052882979 -0.0122422708266336 -1.5814714574451383 0.0
783 143 2068.0 1869.0 212.89569832699985 0.0 7.42 0.09550717017825876 0.10413916624454017 False True 0.007827246110466377 3.353051052882979 -0.0122422708266336 -1.5814714574451383 0.0
783 144 2080.0 1881.0 214.21817161699985 0.0 7.77 0.004390914570496256 0.10858750242315823 False True 0.007827246110466377 3.353051052882979 -0.0122422708266336 -1.5814714574451383 0.0
783 145 2092.0 1893.0 215.54127440299985 0.0 7.77 0.004390914570496256 0.1131234879362927 False True 0.007827246110466377 3.353051052882979 -0.0122422708266336 -1.5814714574451383 0.0
783 146 2104.0 1905.0 216.85382366799982 0.0 7.77 0.004390914570496256 0.11774667974383662 False True 0.007827246110466377 3.353051052882979 -0.0122422708266336 -1.5814714574451383 0.0
783 147 2116.0 1917.0 218.17741493799983 0.0 7.77 0.004390914570496256 0.12725286651886197 False True 0.007827246110466377 3.353051052882979 -0.0122422708266336 -1.5814714574451383 0.0
783 148 2128.0 1929.0 219.5001464909998 0.0 7.42 0.09550717017825876 0.1224566260840775 False True 0.007827246110466377 3.353051052882979 -0.0122422708266336 -1.5814714574451383 0.0
783 149 2140.0 1941.0 220.81326924899983 0.0 7.65 0.022529274290049355 0.1321349319796468 False True 0.007827246110466377 3.353051052882979 -0.0122422708266336 -1.5814714574451383 0.0
783 150 2152.0 1953.0 222.13616737499981 0.0 7.65 0.022529274290049355 0.137102344814396 False True 0.007827246110466377 3.353051052882979 -0.0122422708266336 -1.5814714574451383 0.0
783 151 2164.0 1965.0 223.4603115959998 0.0 7.65 0.022529274290049355 0.1421546188353627 False True 0.007827246110466377 3.353051052882979 -0.0122422708266336 -1.5814714574451383 0.0
783 152 2176.0 1977.0 224.77417691799982 0.0 7.65 0.022529274290049355 0.14729125936768753 False True 0.007827246110466377 3.353051052882979 -0.0122422708266336 -1.5814714574451383 0.0
783 153 2188.0 1989.0 226.09636607199982 0.0 7.65 0.022529274290049355 0.15781561912912953 False True 0.007827246110466377 3.353051052882979 -0.0122422708266336 -1.5814714574451383 0.0
