540 0 400.0 200.99999999999994 1.2285380040000007 0.0 1.1500000000000001 0.15386691784513346 0.15800292205063365 False True 0.0033038057150773003 4.996621503169869 -0.047521369020160825 -2.430823860986474 0.0
540 1 412.0 212.99999999999994 2.5054555909999863 0.0 1.1400000000000001 0.15800292205063365 0.1498201174742322 False True 0.0033038057150773003 4.996621503169869 -0.047521369020160825 -2.430823860986474 0.0
540 2 424.0 224.99999999999994 3.7818486899999755 0.0 1.1500000000000001 0.15386691784513346 0.16222772638132543 False True 0.0033038057150773003 4.996621503169869 -0.047521369020160825 -2.430823860986474 0.0
540 3 436.0 236.99999999999994 5.061282588999973 0.0 1.1500000000000001 0.15386691784513346 0.14586291572604393 False True 0.0033038057150773003 4.996621503169869 -0.047521369020160825 -2.430823860986474 0.0
540 4 448.0 248.99999999999994 6.3506445299999825 0.0 1.17 0.14586291572604393 0.14199569842790732 False True 0.0033038057150773003 4.996621503169869 -0.047521369020160825 -2.430823860986474 0.0
540 5 460.0 260.99999999999994 7.6306382939999935 0.0 1.18 0.14199569842790732 0.1382188424077946 False True 0.0033038057150773003 4.996621503169869 -0.047521369020160825 -2.430823860986474 0.0
540 6 472.0 272.99999999999994 8.988250894999993 0.0 1.18 0.14199569842790732 0.06520145588254385 False True 0.0033038057150773003 4.996621503169869 -0.047521369020160825 -2.430823860986474 0.0
540 7 484.0 284.99999999999994 10.404359857999992 0.0 1.18 0.14199569842790732 0.0648500861746419 False True 0.0033038057150773003 4.996621503169869 -0.047521369020160825 -2.430823860986474 0.0
540 8 496.0 296.99999999999994 11.794780817000003 0.0 1.18 0.14199569842790732 0.06619721207862846 False True 0.0033038057150773003 4.996621503169869 -0.047521369020160825 -2.430823860986474 0.0
540 9 508.0 308.99999999999994 13.169137274000008 0.0 1.18 0.14199569842790732 0.0656505095101351 False True 0.0033038057150773003 4.996621503169869 -0.047521369020160825 -2.430823860986474 0.0
540 10 520.0 320.99999999999994 14.534530738 0.0 1.18 0.14199569842790732 0.06438228380325639 False True 0.0033038057150773003 4.996621503169869 -0.047521369020160825 -2.430823860986474 0.0
540 11 532.0 332.99999999999994 15.874269673000015 0.0 1.18 0.14199569842790732 0.06444048958402157 False True 0.0033038057150773003 4.996621503169869 -0.047521369020160825 -2.430823860986474 0.0
540 12 544.0 344.99999999999994 17.217138008000006 0.0 1.17 0.14586291572604393 0.06455903672301933 False True 0.0033038057150773003 4.996621503169869 -0.047521369020160825 -2.430823860986474 0.0
540 13 556.0 356.99999999999994 18.51132188400001 0.0 1.53 0.0656505095101351 0.06442180414397822 False True 0.0033038057150773003 4.996621503169869 -0.047521369020160825 -2.430823860986474 0.0
540 14 568.0 368.99999999999994 19.79011225900001 0.0 1.17 0.14586291572604393 0.06512653420508902 False True 0.0033038057150773003 4.996621503169869 -0.047521369020160825 -2.430823860986474 0.0
540 15 580.0 380.99999999999994 21.08871856600001 0.0 1.62 0.06512653420508902 0.06479395788508036 False True 0.0033038057150773003 4.996621503169869 -0.047521369020160825 -2.430823860986474 0.0
540 16 592.0 392.99999999999994 22.362120161000007 0.0 1.61 0.06479395788508036 0.0655567224915458 False True 0.0033038057150773003 4.996621503169869 -0.047521369020160825 -2.430823860986474 0.0
540 17 604.0 404.99999999999994 23.624557191000008 0.0 1.61 0.06479395788508036 0.06670971339255871 False True 0.0033038057150773003 4.996621503169869 -0.047521369020160825 -2.430823860986474 0.0
540 18 616.0 416.99999999999994 24.895567909999983 0.0 1.18 0.14199569842790732 0.06608446979084288 False True 0.0033038057150773003 4.996621503169869 -0.047521369020160825 -2.430823860986474 0.0
540 19 628.0 428.99999999999994 26.16813831899998 0.0 1.61 0.06479395788508036 0.0682523899160942 False True 0.0033038057150773003 4.996621503169869 -0.047521369020160825 -2.430823860986474 0.0
540 20 640.0 440.99999999999994 27.430530350999987 0.0 1.18 0.14199569842790732 0.06743238083572925 False True 0.0033038057150773003 4.996621503169869 -0.047521369020160825 -2.430823860986474 0.0
540 21 652.0 452.99999999999994 28.723932117999993 0.0 1.6600000000000001 0.06743238083572925 0.06916964869431536 False True 0.0033038057150773003 4.996621503169869 -0.047521369020160825 -2.430823860986474 0.0
540 22 664.0 464.99999999999994 30.075747584 0.0 1.68 0.06916964869431536 0.07018405550517264 False True 0.0033038057150773003 4.996621503169869 -0.047521369020160825 -2.430823860986474 0.0
540 23 676.0 476.99999999999994 31.410249389 0.0 1.6600000000000001 0.06743238083572925 0.06758337529861101 False True 0.0033038057150773003 4.996621503169869 -0.047521369020160825 -2.430823860986474 0.0
540 24 688.0 488.99999999999994 32.72704968900001 0.0 1.6600000000000001 0.06743238083572925 0.06842271718237215 False True 0.0033038057150773003 4.996621503169869 -0.047521369020160825 -2.430823860986474 0.0
540 25 700.0 500.99999999999994 34.051191707000015 0.0 1.6600000000000001 0.06743238083572925 0.07039355144854385 False True 0.0033038057150773003 4.996621503169869 -0.047521369020160825 -2.430823860986474 0.0
540 26 712.0 513.0 35.361019260000006 0.0 1.6600000000000001 0.06743238083572925 0.0668415188434285 False True 0.0033038057150773003 4.996621503169869 -0.047521369020160825 -2.430823860986474 0.0
540 27 724.0 525.0 36.63498385800003 0.0 1.6600000000000001 0.06743238083572925 0.06935947048345424 False True 0.0033038057150773003 4.996621503169869 -0.047521369020160825 -2.430823860986474 0.0
540 28 736.0 537.0 37.93039392800003 0.0 1.6600000000000001 0.06743238083572925 0.13093767629157146 False True 0.0033038057150773003 4.996621503169869 -0.047521369020160825 -2.430823860986474 0.0
540 29 748.0 549.0 39.26517949500004 0.0 1.6600000000000001 0.06743238083572925 0.12743407451999855 False True 0.0033038057150773003 4.996621503169869 -0.047521369020160825 -2.430823860986474 0.0
540 30 760.0 561.0 40.63178400000004 0.0 1.68 0.06916964869431536 0.1345327154566459 False True 0.0033038057150773003 4.996621503169869 -0.047521369020160825 -2.430823860986474 0.0
540 31 772.0 573.0 41.97022806100003 0.0 1.2 0.1345327154566459 0.12070253582973303 False True 0.0033038057150773003 4.996621503169869 -0.047521369020160825 -2.430823860986474 0.0
540 32 784.0 585.0 43.31866634000002 0.0 1.2 0.1345327154566459 0.12402225060469518 False True 0.0033038057150773003 4.996621503169869 -0.047521369020160825 -2.430823860986474 0.0
540 33 796.0 597.0 44.66767265100003 0.0 1.2 0.1345327154566459 0.11747525226735674 False True 0.0033038057150773003 4.996621503169869 -0.047521369020160825 -2.430823860986474 0.0
540 34 808.0 609.0 46.00603826500003 0.0 1.24 0.12070253582973303 0.11434071274577856 False True 0.0033038057150773003 4.996621503169869 -0.047521369020160825 -2.430823860986474 0.0
540 35 820.0 621.0 47.35577878700002 0.0 1.24 0.12070253582973303 0.11129922081789156 False True 0.0033038057150773003 4.996621503169869 -0.047521369020160825 -2.430823860986474 0.0
540 36 832.0 633.0 48.703917733 0.0 1.26 0.11434071274577856 0.10549654739698663 False True 0.0033038057150773003 4.996621503169869 -0.047521369020160825 -2.430823860986474 0.0
540 37 844.0 645.0 50.04108071900001 0.0 1.26 0.11434071274577856 0.10835107073091858 False True 0.0033038057150773003 4.996621503169869 -0.047521369020160825 -2.430823860986474 0.0
540 38 856.0 657.0 51.348490501000015 0.0 1.2 0.1345327154566459 0.10006947379125958 False True 0.0033038057150773003 4.996621503169869 -0.047521369020160825 -2.430823860986474 0.0
540 39 868.0 669.0 52.68365450100001 0.0 1.31 0.10006947379125958 0.10273592636463534 False True 0.0033038057150773003 4.996621503169869 -0.047521369020160825 -2.430823860986474 0.0
540 40 880.0 681.0 54.03391869699999 0.0 1.31 0.10006947379125958 0.09749744641649824 False True 0.0033038057150773003 4.996621503169869 -0.047521369020160825 -2.430823860986474 0.0
540 41 892.0 693.0 55.383922098 0.0 1.31 0.10006947379125958 0.09502009153656066 False True 0.0033038057150773003 4.996621503169869 -0.047521369020160825 -2.430823860986474 0.0
540 42 904.0 705.0 56.73489984700001 0.0 1.31 0.10006947379125958 0.09035034108139506 False True 0.0033038057150773003 4.996621503169869 -0.047521369020160825 -2.430823860986474 0.0
540 43 916.0 717.0 58.073406898 0.0 1.31 0.10006947379125958 0.08406139584996881 False True 0.0033038057150773003 4.996621503169869 -0.047521369020160825 -2.430823860986474 0.0
540 44 928.0 729.0 59.40632369400001 0.0 1.31 0.10006947379125958 0.07550113640719483 False True 0.0033038057150773003 4.996621503169869 -0.047521369020160825 -2.430823860986474 0.0
540 45 940.0 741.0 60.699897881 0.0 1.43 0.07550113640719483 0.07863600281408759 False True 0.0033038057150773003 4.996621503169869 -0.047521369020160825 -2.430823860986474 0.0
540 46 952.0 753.0 61.97526392500001 0.0 1.43 0.07550113640719483 0.07702025906157306 False True 0.0033038057150773003 4.996621503169869 -0.047521369020160825 -2.430823860986474 0.0
540 47 964.0 765.0 63.24707975200002 0.0 1.4100000000000001 0.07863600281408759 0.0740787768466622 False True 0.0033038057150773003 4.996621503169869 -0.047521369020160825 -2.430823860986474 0.0
540 48 976.0 777.0 64.52429527900003 0.0 1.44 0.0740787768466622 0.07275331269846992 False True 0.0033038057150773003 4.996621503169869 -0.047521369020160825 -2.430823860986474 0.0
540 49 988.0 789.0 65.80075348600002 0.0 1.44 0.0740787768466622 0.08034821600600385 False True 0.0033038057150773003 4.996621503169869 -0.047521369020160825 -2.430823860986474 0.0
540 50 1000.0 801.0 67.08733340400002 0.0 1.4000000000000001 0.08034821600600385 0.08215673733073588 False True 0.0033038057150773003 4.996621503169869 -0.047521369020160825 -2.430823860986474 0.0
540 51 1012.0 813.0 68.36325040300002 0.0 1.4000000000000001 0.08034821600600385 0.0740787768466622 False True 0.0033038057150773003 4.996621503169869 -0.047521369020160825 -2.430823860986474 0.0
540 52 1016.0 817.0 69.63789610000003 0.0 1.44 0.0740787768466622 0.0881583926635966 False True 0.0033038057150773003 4.996621503169869 -0.047521369020160825 -2.430823860986474 0.0
540 53 1028.0 829.0 70.92549468000004 0.0 1.36 0.0881583926635966 0.08606201101076262 False True 0.0033038057150773003 4.996621503169869 -0.047521369020160825 -2.430823860986474 0.0
540 54 1040.0 841.0 72.17676751100004 0.0 1.44 0.0740787768466622 0.09263764697949221 False True 0.0033038057150773003 4.996621503169869 -0.047521369020160825 -2.430823860986474 0.0
540 55 1052.0 853.0 73.43471340100004 0.0 1.44 0.0740787768466622 0.24524058609272173 False True 0.0033038057150773003 4.996621503169869 -0.047521369020160825 -2.430823860986474 0.0
540 56 1064.0 865.0 74.69349479700006 0.0 1.44 0.0740787768466622 0.22000591163772723 False True 0.0033038057150773003 4.996621503169869 -0.047521369020160825 -2.430823860986474 0.0
540 57 1076.0 877.0 75.96394273600004 0.0 1.44 0.0740787768466622 0.22620367264637656 False True 0.0033038057150773003 4.996621503169869 -0.047521369020160825 -2.430823860986474 0.0
540 58 1088.0 889.0 77.22078530100003 0.0 1.43 0.07550113640719483 0.2078359984059047 False True 0.0033038057150773003 4.996621503169869 -0.047521369020160825 -2.430823860986474 0.0
540 59 1100.0 901.0 78.48954008300004 0.0 1.43 0.07550113640719483 0.2138831459180801 False True 0.0033038057150773003 4.996621503169869 -0.047521369020160825 -2.430823860986474 0.0
540 60 1112.0 913.0 79.74862791400005 0.0 1.43 0.07550113640719483 0.1959710118021737 False True 0.0033038057150773003 4.996621503169869 -0.047521369020160825 -2.430823860986474 0.0
540 61 1124.0 925.0 81.00874730800007 0.0 1.43 0.07550113640719483 0.20186508445683907 False True 0.0033038057150773003 4.996621503169869 -0.047521369020160825 -2.430823860986474 0.0
540 62 1136.0 937.0 82.28120667000007 0.0 1.43 0.07550113640719483 0.19015438048806063 False True 0.0033038057150773003 4.996621503169869 -0.047521369020160825 -2.430823860986474 0.0
540 63 1148.0 949.0 83.55566063300009 0.0 1.43 0.07550113640719483 0.1787558032812211 False True 0.0033038057150773003 4.996621503169869 -0.047521369020160825 -2.430823860986474 0.0
540 64 1160.0 961.0 84.82687643900007 0.0 1.4100000000000001 0.07863600281408759 0.07152486659065514 False True 0.0033038057150773003 4.996621503169869 -0.047521369020160825 -2.430823860986474 0.0
540 65 1172.0 973.0 86.07744236700009 0.0 1.4100000000000001 0.07863600281408759 0.25829508339230733 False True 0.0033038057150773003 4.996621503169869 -0.047521369020160825 -2.430823860986474 0.0
540 66 1184.0 985.0 87.3464343200001 0.0 1.36 0.0881583926635966 0.26492931927182456 False True 0.0033038057150773003 4.996621503169869 -0.047521369020160825 -2.430823860986474 0.0
540 67 1196.0 997.0 88.60627285900009 0.0 1.31 0.10006947379125958 0.25173195001218773 False True 0.0033038057150773003 4.996621503169869 -0.047521369020160825 -2.430823860986474 0.0
540 68 1208.0 1009.0 89.86500678900009 0.0 1.44 0.0740787768466622 0.2784083951951696 False True 0.0033038057150773003 4.996621503169869 -0.047521369020160825 -2.430823860986474 0.0
540 69 1220.0 1021.0 91.13536972200006 0.0 1.44 0.0740787768466622 0.23882165141721243 False True 0.0033038057150773003 4.996621503169869 -0.047521369020160825 -2.430823860986474 0.0
540 70 1232.0 1033.0 92.40785279600007 0.0 1.31 0.10006947379125958 0.07250385799647321 False True 0.0033038057150773003 4.996621503169869 -0.047521369020160825 -2.430823860986474 0.0
540 71 1244.0 1045.0 93.67135874200005 0.0 1.71 0.07250385799647321 0.07380900181341608 False True 0.0033038057150773003 4.996621503169869 -0.047521369020160825 -2.430823860986474 0.0
540 72 1256.0 1057.0 94.94575687100004 0.0 1.72 0.07380900181341608 0.07521078996118083 False True 0.0033038057150773003 4.996621503169869 -0.047521369020160825 -2.430823860986474 0.0
540 73 1268.0 1069.0 96.21897860400003 0.0 1.34 0.09263764697949221 0.07670907231704348 False True 0.0033038057150773003 4.996621503169869 -0.047521369020160825 -2.430823860986474 0.0
540 74 1280.0 1081.0 97.49320698900004 0.0 1.74 0.07670907231704348 0.07830368910794493 False True 0.0033038057150773003 4.996621503169869 -0.047521369020160825 -2.430823860986474 0.0
540 75 1292.0 1093.0 98.76712861700003 0.0 1.75 0.07830368910794493 0.07999447092646686 False True 0.0033038057150773003 4.996621503169869 -0.047521369020160825 -2.430823860986474 0.0
540 76 1304.0 1105.0 100.04368905500002 0.0 1.75 0.07830368910794493 0.08178123874777561 False True 0.0033038057150773003 4.996621503169869 -0.047521369020160825 -2.430823860986474 0.0
540 77 1316.0 1117.0 101.333482648 0.0 1.75 0.07830368910794493 0.08366380394752092 False True 0.0033038057150773003 4.996621503169869 -0.047521369020160825 -2.430823860986474 0.0
540 78 1328.0 1129.0 102.62204706899999 0.0 1.76 0.07999447092646686 0.07129549896773048 False True 0.0033038057150773003 4.996621503169869 -0.047521369020160825 -2.430823860986474 0.0
540 79 1340.0 1141.0 103.90113502499997 0.0 1.75 0.07830368910794493 0.08771552410147535 False True 0.0033038057150773003 4.996621503169869 -0.047521369020160825 -2.430823860986474 0.0
540 80 1352.0 1153.0 105.18954229999997 0.0 1.75 0.07830368910794493 0.08564196832069924 False True 0.0033038057150773003 4.996621503169869 -0.047521369020160825 -2.430823860986474 0.0
540 81 1364.0 1165.0 106.46821675999999 0.0 1.74 0.07670907231704348 0.09214793114392755 False True 0.0033038057150773003 4.996621503169869 -0.047521369020160825 -2.430823860986474 0.0
540 82 1376.0 1177.0 107.75781210699998 0.0 1.82 0.09214793114392755 0.08988425398395809 False True 0.0033038057150773003 4.996621503169869 -0.047521369020160825 -2.430823860986474 0.0
540 83 1388.0 1189.0 109.03625177499998 0.0 1.74 0.07670907231704348 0.09450631926152235 False True 0.0033038057150773003 4.996621503169869 -0.047521369020160825 -2.430823860986474 0.0
540 84 1400.0 1201.0 110.32547735099999 0.0 1.82 0.09214793114392755 0.09950623575465836 False True 0.0033038057150773003 4.996621503169869 -0.047521369020160825 -2.430823860986474 0.0
540 85 1412.0 1213.0 111.60039379699998 0.0 1.85 0.09950623575465836 0.10214724422967487 False True 0.0033038057150773003 4.996621503169869 -0.047521369020160825 -2.430823860986474 0.0
540 86 1424.0 1225.0 112.88924381999999 0.0 1.85 0.09950623575465836 0.09695917254486973 False True 0.0033038057150773003 4.996621503169869 -0.047521369020160825 -2.430823860986474 0.0
540 87 1436.0 1237.0 114.16734276899996 0.0 1.85 0.09950623575465836 0.10770999138069645 False True 0.0033038057150773003 4.996621503169869 -0.047521369020160825 -2.430823860986474 0.0
540 88 1448.0 1249.0 115.45605761999997 0.0 1.8800000000000001 0.10770999138069645 0.10488192391325352 False True 0.0033038057150773003 4.996621503169869 -0.047521369020160825 -2.430823860986474 0.0
540 89 1460.0 1261.0 116.74523671599997 0.0 1.85 0.09950623575465836 0.11063115386760723 False True 0.0033038057150773003 4.996621503169869 -0.047521369020160825 -2.430823860986474 0.0
540 90 1472.0 1273.0 118.02515252899997 0.0 1.82 0.09214793114392755 0.11675154632034558 False True 0.0033038057150773003 4.996621503169869 -0.047521369020160825 -2.430823860986474 0.0
540 91 1484.0 1285.0 119.31431296099998 0.0 1.75 0.07830368910794493 0.11364510929916714 False True 0.0033038057150773003 4.996621503169869 -0.047521369020160825 -2.430823860986474 0.0
540 92 1496.0 1297.0 120.60435383599997 0.0 1.75 0.07830368910794493 0.12324057349811103 False True 0.0033038057150773003 4.996621503169869 -0.047521369020160825 -2.430823860986474 0.0
540 93 1508.0 1309.0 121.89496036299994 0.0 1.75 0.07830368910794493 0.13009556016262236 False True 0.0033038057150773003 4.996621503169869 -0.047521369020160825 -2.430823860986474 0.0
540 94 1520.0 1321.0 123.17872584699995 0.0 1.75 0.07830368910794493 0.12662249482840568 False True 0.0033038057150773003 4.996621503169869 -0.047521369020160825 -2.430823860986474 0.0
540 95 1532.0 1333.0 124.4686563969999 0.0 1.75 0.07830368910794493 0.11995014432703582 False True 0.0033038057150773003 4.996621503169869 -0.047521369020160825 -2.430823860986474 0.0
540 96 1544.0 1345.0 125.74913156699989 0.0 1.75 0.07830368910794493 0.1373136846807439 False True 0.0033038057150773003 4.996621503169869 -0.047521369020160825 -2.430823860986474 0.0
540 97 1556.0 1357.0 127.0397992099999 0.0 1.75 0.07830368910794493 0.1448919801530934 False True 0.0033038057150773003 4.996621503169869 -0.047521369020160825 -2.430823860986474 0.0
540 98 1568.0 1369.0 128.3656799559999 0.0 1.76 0.07999447092646686 0.1336594122301397 False True 0.0033038057150773003 4.996621503169869 -0.047521369020160825 -2.430823860986474 0.0
540 99 1580.0 1381.0 129.7191459099999 0.0 1.76 0.07999447092646686 0.15692789954272088 False True 0.0033038057150773003 4.996621503169869 -0.047521369020160825 -2.430823860986474 0.0
540 100 1592.0 1393.0 131.0852669209999 0.0 1.76 0.07999447092646686 0.15282733560075465 False True 0.0033038057150773003 4.996621503169869 -0.047521369020160825 -2.430823860986474 0.0
540 101 1604.0 1405.0 132.45282016599992 0.0 2.01 0.15282733560075465 0.1611164972096293 False True 0.0033038057150773003 4.996621503169869 -0.047521369020160825 -2.430823860986474 0.0
540 102 1616.0 1417.0 133.84065405199993 0.0 2.01 0.15282733560075465 0.16539269977024304 False True 0.0033038057150773003 4.996621503169869 -0.047521369020160825 -2.430823860986474 0.0
540 103 1628.0 1429.0 135.2069405169999 0.0 2.01 0.15282733560075465 0.14881522541066475 False True 0.0033038057150773003 4.996621503169869 -0.047521369020160825 -2.430823860986474 0.0
540 104 1640.0 1441.0 136.5734961689999 0.0 1.75 0.07830368910794493 0.17420616048434345 False True 0.0033038057150773003 4.996621503169869 -0.047521369020160825 -2.430823860986474 0.0
540 105 1652.0 1453.0 137.9341345119999 0.0 1.82 0.09214793114392755 0.16975606963191583 False True 0.0033038057150773003 4.996621503169869 -0.047521369020160825 -2.430823860986474 0.0
540 106 1664.0 1465.0 139.28601398699993 0.0 1.82 0.09214793114392755 0.18336467660062836 False True 0.0033038057150773003 4.996621503169869 -0.047521369020160825 -2.430823860986474 0.0
540 107 1676.0 1477.0 140.65310502899996 0.0 2.01 0.15282733560075465 0.1787425173441985 False True 0.0033038057150773003 4.996621503169869 -0.047521369020160825 -2.430823860986474 0.0
540 108 1688.0 1489.0 142.02139497699994 0.0 1.85 0.09950623575465836 0.19286450500117427 False True 0.0033038057150773003 4.996621503169869 -0.047521369020160825 -2.430823860986474 0.0
540 109 1700.0 1501.0 143.38899687199995 0.0 1.44 0.0740787768466622 0.18807216606160906 False True 0.0033038057150773003 4.996621503169869 -0.047521369020160825 -2.430823860986474 0.0
540 110 1712.0 1513.0 144.75311784799993 0.0 1.44 0.0740787768466622 0.20270176603173057 False True 0.0033038057150773003 4.996621503169869 -0.047521369020160825 -2.430823860986474 0.0
540 111 1724.0 1525.0 146.0663904299999 0.0 1.44 0.0740787768466622 0.1977412042074808 False True 0.0033038057150773003 4.996621503169869 -0.047521369020160825 -2.430823860986474 0.0
540 112 1736.0 1537.0 147.41423657699994 0.0 1.44 0.0740787768466622 0.21287244505352265 False True 0.0033038057150773003 4.996621503169869 -0.047521369020160825 -2.430823860986474 0.0
540 113 1748.0 1549.0 148.79882901299993 0.0 1.44 0.0740787768466622 0.20774568443793603 False True 0.0033038057150773003 4.996621503169869 -0.047521369020160825 -2.430823860986474 0.0
540 114 1760.0 1561.0 150.18513806499993 0.0 1.44 0.0740787768466622 0.22337239404904685 False True 0.0033038057150773003 4.996621503169869 -0.047521369020160825 -2.430823860986474 0.0
540 115 1772.0 1573.0 151.58181856099992 0.0 2.13 0.20774568443793603 0.2180815252207628 False True 0.0033038057150773003 4.996621503169869 -0.047521369020160825 -2.430823860986474 0.0
540 116 1784.0 1585.0 152.9677975959999 0.0 1.44 0.0740787768466622 0.234197333281223 False True 0.0033038057150773003 4.996621503169869 -0.047521369020160825 -2.430823860986474 0.0
540 117 1796.0 1597.0 154.35421067599992 0.0 1.6600000000000001 0.06743238083572925 0.14105800212126157 False True 0.0033038057150773003 4.996621503169869 -0.047521369020160825 -2.430823860986474 0.0
540 118 1808.0 1609.0 155.74041690999996 0.0 1.6600000000000001 0.06743238083572925 0.27163398357823304 False True 0.0033038057150773003 4.996621503169869 -0.047521369020160825 -2.430823860986474 0.0
540 119 1820.0 1621.0 157.12734829499993 0.0 8.63 0.27163398357823304 0.29216370108530126 False True 0.0033038057150773003 4.996621503169869 -0.047521369020160825 -2.430823860986474 0.0
540 120 1832.0 1633.0 158.52474315799992 0.0 1.68 0.06916964869431536 0.3061896497399539 False True 0.0033038057150773003 4.996621503169869 -0.047521369020160825 -2.430823860986474 0.0
540 121 1844.0 1645.0 159.9122556409999 0.0 1.74 0.07670907231704348 0.2852518660305351 False True 0.0033038057150773003 4.996621503169869 -0.047521369020160825 -2.430823860986474 0.0
540 122 1856.0 1657.0 161.3103212879999 0.0 1.74 0.07670907231704348 0.1844157828155236 False True 0.0033038057150773003 4.996621503169869 -0.047521369020160825 -2.430823860986474 0.0
540 123 1868.0 1669.0 162.70169363899993 0.0 1.74 0.07670907231704348 0.22874451246796648 False True 0.0033038057150773003 4.996621503169869 -0.047521369020160825 -2.430823860986474 0.0
540 124 1880.0 1681.0 164.09655434599995 0.0 1.82 0.09214793114392755 0.08034821600600385 False True 0.0033038057150773003 4.996621503169869 -0.047521369020160825 -2.430823860986474 0.0
540 125 1884.0 1685.0 165.48348617099992 0.0 1.6600000000000001 0.06743238083572925 0.28906115168227725 False True 0.0033038057150773003 4.996621503169869 -0.047521369020160825 -2.430823860986474 0.0
540 126 1896.0 1697.0 166.87247677099992 0.0 1.2 0.1345327154566459 0.2953495710013972 False True 0.0033038057150773003 4.996621503169869 -0.047521369020160825 -2.430823860986474 0.0
540 127 1908.0 1709.0 168.2292647469999 0.0 1.28 0.10835107073091858 0.2828486736426116 False True 0.0033038057150773003 4.996621503169869 -0.047521369020160825 -2.430823860986474 0.0
540 128 1920.0 1721.0 169.53806222399987 0.0 1.28 0.10835107073091858 0.27065397926446383 False True 0.0033038057150773003 4.996621503169869 -0.047521369020160825 -2.430823860986474 0.0
540 129 1932.0 1733.0 170.8442589589999 0.0 1.34 0.09263764697949221 0.27671274826215386 False True 0.0033038057150773003 4.996621503169869 -0.047521369020160825 -2.430823860986474 0.0
540 130 1944.0 1745.0 172.1500575679999 0.0 1.34 0.09263764697949221 0.2587702866692433 False True 0.0033038057150773003 4.996621503169869 -0.047521369020160825 -2.430823860986474 0.0
540 131 1956.0 1757.0 173.4566661199999 0.0 1.34 0.09263764697949221 0.2646729626565478 False True 0.0033038057150773003 4.996621503169869 -0.047521369020160825 -2.430823860986474 0.0
540 132 1968.0 1769.0 174.76370043299988 0.0 1.34 0.09263764697949221 0.24720227024689187 False True 0.0033038057150773003 4.996621503169869 -0.047521369020160825 -2.430823860986474 0.0
540 133 1980.0 1781.0 176.06953447399985 0.0 1.34 0.09263764697949221 0.2304520524445189 False True 0.0033038057150773003 4.996621503169869 -0.047521369020160825 -2.430823860986474 0.0
540 134 1992.0 1793.0 177.37610257199987 0.0 1.34 0.09263764697949221 0.2144371168218499 False True 0.0033038057150773003 4.996621503169869 -0.047521369020160825 -2.430823860986474 0.0
540 135 2004.0 1805.0 178.6833527629999 0.0 1.34 0.09263764697949221 0.21969284372007775 False True 0.0033038057150773003 4.996621503169869 -0.047521369020160825 -2.430823860986474 0.0
540 136 2016.0 1817.0 179.99133825699988 0.0 1.34 0.09263764697949221 0.20417599636977232 False True 0.0033038057150773003 4.996621503169869 -0.047521369020160825 -2.430823860986474 0.0
540 137 2028.0 1829.0 181.2992705879999 0.0 1.34 0.09263764697949221 0.1894176335433643 False True 0.0033038057150773003 4.996621503169869 -0.047521369020160825 -2.430823860986474 0.0
540 138 2040.0 1841.0 182.60653444899987 0.0 1.34 0.09263764697949221 0.18000656080795208 False True 0.0033038057150773003 4.996621503169869 -0.047521369020160825 -2.430823860986474 0.0
540 139 2052.0 1853.0 183.91462230699983 0.0 1.34 0.09263764697949221 0.1942519941986378 False True 0.0033038057150773003 4.996621503169869 -0.047521369020160825 -2.430823860986474 0.0
540 140 2064.0 1865.0 185.2204738659998 0.0 1.34 0.09263764697949221 0.1846690007535775 False True 0.0033038057150773003 4.996621503169869 -0.047521369020160825 -2.430823860986474 0.0
540 141 2076.0 1877.0 186.52853058999978 0.0 1.34 0.09263764697949221 0.22503133025112507 False True 0.0033038057150773003 4.996621503169869 -0.047521369020160825 -2.430823860986474 0.0
540 142 2088.0 1889.0 187.83574790599982 0.0 1.34 0.09263764697949221 0.20926466525003465 False True 0.0033038057150773003 4.996621503169869 -0.047521369020160825 -2.430823860986474 0.0
540 143 2100.0 1901.0 189.14186923099982 0.0 1.34 0.09263764697949221 0.17094207621726248 False True 0.0033038057150773003 4.996621503169869 -0.047521369020160825 -2.430823860986474 0.0
540 144 2112.0 1913.0 190.45040503199982 0.0 1.34 0.09263764697949221 0.23595447810529882 False True 0.0033038057150773003 4.996621503169869 -0.047521369020160825 -2.430823860986474 0.0
540 145 2124.0 1925.0 191.75570740899985 0.0 1.34 0.09263764697949221 0.19917160916701604 False True 0.0033038057150773003 4.996621503169869 -0.047521369020160825 -2.430823860986474 0.0
540 146 2136.0 1937.0 193.06096087999987 0.0 1.34 0.09263764697949221 0.17543077006496782 False True 0.0033038057150773003 4.996621503169869 -0.047521369020160825 -2.430823860986474 0.0
540 147 2148.0 1949.0 194.3682788889999 0.0 1.34 0.09263764697949221 0.3279088603312309 False True 0.0033038057150773003 4.996621503169869 -0.047521369020160825 -2.430823860986474 0.0
540 148 2160.0 1961.0 195.67447950399992 0.0 1.34 0.09263764697949221 0.3212501689557182 False True 0.0033038057150773003 4.996621503169869 -0.047521369020160825 -2.430823860986474 0.0
540 149 2172.0 1973.0 196.9811933489999 0.0 1.34 0.09263764697949221 0.34144192695565423 False True 0.0033038057150773003 4.996621503169869 -0.047521369020160825 -2.430823860986474 0.0
540 150 2184.0 1985.0 198.2874521349999 0.0 1.34 0.09263764697949221 0.25294653169841463 False True 0.0033038057150773003 4.996621503169869 -0.047521369020160825 -2.430823860986474 0.0
540 151 2196.0 1997.0 199.5940491629999 0.0 1.34 0.09263764697949221 0.3017133126251692 False True 0.0033038057150773003 4.996621503169869 -0.047521369020160825 -2.430823860986474 0.0
