562 0 400.0 200.99999999999997 1.3122186859999942 0.0 7.53 0.06685963761982411 0.06295684377979695 False True 0.00971909606197891 4.027816003369369 -0.1063743494711943 -1.9054681141263918 0.0
562 1 412.0 212.99999999999997 2.7209161109999798 0.0 7.53 0.06685963761982411 0.07087647329744311 False True 0.00971909606197891 4.027816003369369 -0.1063743494711943 -1.9054681141263918 0.0
562 2 424.0 224.99999999999997 4.144697232999988 0.0 7.52 0.07087647329744311 0.07500696210544086 False True 0.00971909606197891 4.027816003369369 -0.1063743494711943 -1.9054681141263918 0.0
562 3 436.0 236.99999999999997 5.567011373999975 0.0 7.52 0.07087647329744311 0.059168469079189163 False True 0.00971909606197891 4.027816003369369 -0.1063743494711943 -1.9054681141263918 0.0
562 4 448.0 248.99999999999997 6.983042094999973 0.0 7.52 0.07087647329744311 0.07925070397008412 False True 0.00971909606197891 4.027816003369369 -0.1063743494711943 -1.9054681141263918 0.0
562 5 460.0 261.0 8.365728670999971 0.0 7.52 0.07087647329744311 0.08360728749113798 False True 0.00971909606197891 4.027816003369369 -0.1063743494711943 -1.9054681141263918 0.0
562 6 472.0 273.0 9.782599282999968 0.0 7.52 0.07087647329744311 0.07946948400816875 False True 0.00971909606197891 4.027816003369369 -0.1063743494711943 -1.9054681141263918 0.0
562 7 484.0 285.0 11.183092810999966 0.0 7.53 0.06685963761982411 0.0793005564218992 False True 0.00971909606197891 4.027816003369369 -0.1063743494711943 -1.9054681141263918 0.0
562 8 496.0 297.0 12.58938425499997 0.0 7.53 0.06685963761982411 0.08016804976077596 False True 0.00971909606197891 4.027816003369369 -0.1063743494711943 -1.9054681141263918 0.0
562 9 508.0 309.0 13.996306885999985 0.0 7.53 0.06685963761982411 0.0806975936153064 False True 0.00971909606197891 4.027816003369369 -0.1063743494711943 -1.9054681141263918 0.0
562 10 520.0 321.0 15.405888423999983 0.0 7.53 0.06685963761982411 0.0813472285493247 False True 0.00971909606197891 4.027816003369369 -0.1063743494711943 -1.9054681141263918 0.0
562 11 532.0 333.0 16.815266568999988 0.0 7.53 0.06685963761982411 0.0821168773689151 False True 0.00971909606197891 4.027816003369369 -0.1063743494711943 -1.9054681141263918 0.0
562 12 544.0 345.0 18.235598644999982 0.0 7.53 0.06685963761982411 0.08807628998299466 False True 0.00971909606197891 4.027816003369369 -0.1063743494711943 -1.9054681141263918 0.0
562 13 556.0 357.0 19.645778630999985 0.0 7.53 0.06685963761982411 0.09679764267412357 False True 0.00971909606197891 4.027816003369369 -0.1063743494711943 -1.9054681141263918 0.0
562 14 568.0 369.0 21.066876801999996 0.0 7.53 0.06685963761982411 0.09480872944339118 False True 0.00971909606197891 4.027816003369369 -0.1063743494711943 -1.9054681141263918 0.0
562 15 580.0 381.0 22.48834896599999 0.0 7.53 0.06685963761982411 0.09293875275822926 False True 0.00971909606197891 4.027816003369369 -0.1063743494711943 -1.9054681141263918 0.0
562 16 592.0 393.0 23.898567533999994 0.0 7.53 0.06685963761982411 0.09118788740943898 False True 0.00971909606197891 4.027816003369369 -0.1063743494711943 -1.9054681141263918 0.0
562 17 604.0 405.0 25.30824027899999 0.0 7.53 0.06685963761982411 0.09293875275822926 False True 0.00971909606197891 4.027816003369369 -0.1063743494711943 -1.9054681141263918 0.0
562 18 608.0 409.0 26.729044515 0.0 1.43 0.09293875275822926 0.06685963761982411 False True 0.00971909606197891 4.027816003369369 -0.1063743494711943 -1.9054681141263918 0.0
562 19 612.0 413.0 28.140601562 0.0 7.53 0.06685963761982411 0.10113152015386648 False True 0.00971909606197891 4.027816003369369 -0.1063743494711943 -1.9054681141263918 0.0
562 20 624.0 425.0 29.56046619099999 0.0 7.53 0.06685963761982411 0.10347607542324885 False True 0.00971909606197891 4.027816003369369 -0.1063743494711943 -1.9054681141263918 0.0
562 21 636.0 437.0 30.97085619799998 0.0 7.53 0.06685963761982411 0.10593874931984548 False True 0.00971909606197891 4.027816003369369 -0.1063743494711943 -1.9054681141263918 0.0
562 22 648.0 449.0 32.379900341999985 0.0 1.37 0.10593874931984548 0.10851930777752 False True 0.00971909606197891 4.027816003369369 -0.1063743494711943 -1.9054681141263918 0.0
562 23 660.0 461.0 33.78911256699999 0.0 1.37 0.10593874931984548 0.11121750494056497 False True 0.00971909606197891 4.027816003369369 -0.1063743494711943 -1.9054681141263918 0.0
562 24 672.0 473.0 35.19843299600001 0.0 1.37 0.10593874931984548 0.11403308318827772 False True 0.00971909606197891 4.027816003369369 -0.1063743494711943 -1.9054681141263918 0.0
562 25 684.0 485.0 36.61733352600001 0.0 1.37 0.10593874931984548 0.08955629627557363 False True 0.00971909606197891 4.027816003369369 -0.1063743494711943 -1.9054681141263918 0.0
562 26 696.0 497.0 38.028416901000014 0.0 1.37 0.10593874931984548 0.08804413030663692 False True 0.00971909606197891 4.027816003369369 -0.1063743494711943 -1.9054681141263918 0.0
562 27 708.0 509.0 39.43929915000001 0.0 1.37 0.10593874931984548 0.08955629627557363 False True 0.00971909606197891 4.027816003369369 -0.1063743494711943 -1.9054681141263918 0.0
562 28 712.0 513.0 40.859901931000024 0.0 1.37 0.10593874931984548 0.08665152850899957 False True 0.00971909606197891 4.027816003369369 -0.1063743494711943 -1.9054681141263918 0.0
562 29 724.0 525.0 42.27028535300005 0.0 1.37 0.10593874931984548 0.08537861793149341 False True 0.00971909606197891 4.027816003369369 -0.1063743494711943 -1.9054681141263918 0.0
562 30 736.0 537.0 43.69364455100006 0.0 1.37 0.10593874931984548 0.08422551365270235 False True 0.00971909606197891 4.027816003369369 -0.1063743494711943 -1.9054681141263918 0.0
562 31 748.0 549.0 45.10452358900008 0.0 1.49 0.08422551365270235 0.08319231876946521 False True 0.00971909606197891 4.027816003369369 -0.1063743494711943 -1.9054681141263918 0.0
562 32 760.0 561.0 46.52653843500008 0.0 1.37 0.10593874931984548 0.08422551365270235 False True 0.00971909606197891 4.027816003369369 -0.1063743494711943 -1.9054681141263918 0.0
562 33 764.0 565.0 47.93727439400007 0.0 1.37 0.10593874931984548 0.08148600960757778 False True 0.00971909606197891 4.027816003369369 -0.1063743494711943 -1.9054681141263918 0.0
562 34 776.0 577.0 49.35875804500006 0.0 1.37 0.10593874931984548 0.08081304152705163 False True 0.00971909606197891 4.027816003369369 -0.1063743494711943 -1.9054681141263918 0.0
562 35 788.0 589.0 50.768460109000074 0.0 1.37 0.10593874931984548 0.0802602752237101 False True 0.00971909606197891 4.027816003369369 -0.1063743494711943 -1.9054681141263918 0.0
562 36 800.0 601.0 52.18746146100008 0.0 1.37 0.10593874931984548 0.08227912438655612 False True 0.00971909606197891 4.027816003369369 -0.1063743494711943 -1.9054681141263918 0.0
562 37 812.0 613.0 53.59764850500011 0.0 1.37 0.10593874931984548 0.07951550815269458 False True 0.00971909606197891 4.027816003369369 -0.1063743494711943 -1.9054681141263918 0.0
562 38 824.0 625.0 55.00701901800011 0.0 1.56 0.07951550815269458 0.07982775375498266 False True 0.00971909606197891 4.027816003369369 -0.1063743494711943 -1.9054681141263918 0.0
562 39 836.0 637.0 56.42706636500009 0.0 1.37 0.10593874931984548 0.07932355741996368 False True 0.00971909606197891 4.027816003369369 -0.1063743494711943 -1.9054681141263918 0.0
562 40 848.0 649.0 57.836339534000075 0.0 1.56 0.07951550815269458 0.08148600960757778 False True 0.00971909606197891 4.027816003369369 -0.1063743494711943 -1.9054681141263918 0.0
562 41 852.0 653.0 59.255571331000056 0.0 1.56 0.07951550815269458 0.07925190852929719 False True 0.00971909606197891 4.027816003369369 -0.1063743494711943 -1.9054681141263918 0.0
562 42 864.0 665.0 60.66171341200004 0.0 1.58 0.07925190852929719 0.10593874931984548 False True 0.00971909606197891 4.027816003369369 -0.1063743494711943 -1.9054681141263918 0.0
562 43 868.0 669.0 62.070005054000035 0.0 1.56 0.07951550815269458 0.08537861793149341 False True 0.00971909606197891 4.027816003369369 -0.1063743494711943 -1.9054681141263918 0.0
562 44 872.0 673.0 63.48917030800004 0.0 1.58 0.07925190852929719 0.08422551365270235 False True 0.00971909606197891 4.027816003369369 -0.1063743494711943 -1.9054681141263918 0.0
562 45 876.0 677.0 64.89917743400002 0.0 1.49 0.08422551365270235 0.08081304152705163 False True 0.00971909606197891 4.027816003369369 -0.1063743494711943 -1.9054681141263918 0.0
562 46 880.0 681.0 66.31692316800002 0.0 1.37 0.10593874931984548 0.08422551365270235 False True 0.00971909606197891 4.027816003369369 -0.1063743494711943 -1.9054681141263918 0.0
562 47 884.0 685.0 67.70492979100001 0.0 1.37 0.10593874931984548 0.05549487937671316 False True 0.00971909606197891 4.027816003369369 -0.1063743494711943 -1.9054681141263918 0.0
562 48 896.0 697.0 69.12187968200001 0.0 1.37 0.10593874931984548 0.05193642905138018 False True 0.00971909606197891 4.027816003369369 -0.1063743494711943 -1.9054681141263918 0.0
562 49 908.0 709.0 70.53152525400003 0.0 7.57 0.05193642905138018 0.04849346096706077 False True 0.00971909606197891 4.027816003369369 -0.1063743494711943 -1.9054681141263918 0.0
562 50 920.0 721.0 71.95173694400003 0.0 1.58 0.07925190852929719 0.08081304152705163 False True 0.00971909606197891 4.027816003369369 -0.1063743494711943 -1.9054681141263918 0.0
562 51 924.0 725.0 73.36005344300003 0.0 1.58 0.07925190852929719 0.04516630643819945 False True 0.00971909606197891 4.027816003369369 -0.1063743494711943 -1.9054681141263918 0.0
562 52 936.0 737.0 74.76899038800002 0.0 1.37 0.10593874931984548 0.05193642905138018 False True 0.00971909606197891 4.027816003369369 -0.1063743494711943 -1.9054681141263918 0.0
562 53 940.0 741.0 76.18737894700001 0.0 1.37 0.10593874931984548 0.041955285196684504 False True 0.00971909606197891 4.027816003369369 -0.1063743494711943 -1.9054681141263918 0.0
562 54 952.0 753.0 77.59746140600001 0.0 1.37 0.10593874931984548 0.038860705359875077 False True 0.00971909606197891 4.027816003369369 -0.1063743494711943 -1.9054681141263918 0.0
562 55 964.0 765.0 79.01859373100001 0.0 1.58 0.07925190852929719 0.08955629627557363 False True 0.00971909606197891 4.027816003369369 -0.1063743494711943 -1.9054681141263918 0.0
562 56 968.0 769.0 80.42853417700002 0.0 1.37 0.10593874931984548 0.03588286339978557 False True 0.00971909606197891 4.027816003369369 -0.1063743494711943 -1.9054681141263918 0.0
562 57 980.0 781.0 81.84741522200002 0.0 1.37 0.10593874931984548 0.033022044113443415 False True 0.00971909606197891 4.027816003369369 -0.1063743494711943 -1.9054681141263918 0.0
562 58 992.0 793.0 83.25710540400001 0.0 1.48 0.08537861793149341 0.030278520594409483 False True 0.00971909606197891 4.027816003369369 -0.1063743494711943 -1.9054681141263918 0.0
562 59 1004.0 805.0 84.67820669900001 0.0 1.48 0.08537861793149341 0.02765255420546325 False True 0.00971909606197891 4.027816003369369 -0.1063743494711943 -1.9054681141263918 0.0
562 60 1016.0 817.0 86.09919455900001 0.0 1.48 0.08537861793149341 0.025144394552474147 False True 0.00971909606197891 4.027816003369369 -0.1063743494711943 -1.9054681141263918 0.0
562 61 1028.0 829.0 87.52082939200002 0.0 1.48 0.08537861793149341 0.022754279459433438 False True 0.00971909606197891 4.027816003369369 -0.1063743494711943 -1.9054681141263918 0.0
562 62 1040.0 841.0 88.93037222200002 0.0 1.48 0.08537861793149341 0.11696577316072258 False True 0.00971909606197891 4.027816003369369 -0.1063743494711943 -1.9054681141263918 0.0
562 63 1052.0 853.0 90.35048210200003 0.0 1.48 0.08537861793149341 0.1200152937856727 False True 0.00971909606197891 4.027816003369369 -0.1063743494711943 -1.9054681141263918 0.0
562 64 1064.0 865.0 91.76010178600004 0.0 1.48 0.08537861793149341 0.12318135230671454 False True 0.00971909606197891 4.027816003369369 -0.1063743494711943 -1.9054681141263918 0.0
562 65 1076.0 877.0 93.18021156200004 0.0 1.48 0.08537861793149341 0.01832907519828808 False True 0.00971909606197891 4.027816003369369 -0.1063743494711943 -1.9054681141263918 0.0
562 66 1088.0 889.0 94.58926672000004 0.0 1.48 0.08537861793149341 0.020482434944678635 False True 0.00971909606197891 4.027816003369369 -0.1063743494711943 -1.9054681141263918 0.0
562 67 1100.0 901.0 96.00727889000004 0.0 7.6899999999999995 0.01832907519828808 0.016294402560661662 False True 0.00971909606197891 4.027816003369369 -0.1063743494711943 -1.9054681141263918 0.0
562 68 1112.0 913.0 97.41730490800003 0.0 7.6899999999999995 0.01832907519828808 0.08537861793149341 False True 0.00971909606197891 4.027816003369369 -0.1063743494711943 -1.9054681141263918 0.0
562 69 1116.0 917.0 98.82720846100003 0.0 7.6899999999999995 0.01832907519828808 0.08537861793149341 False True 0.00971909606197891 4.027816003369369 -0.1063743494711943 -1.9054681141263918 0.0
562 70 1120.0 921.0 100.24570421600004 0.0 7.6899999999999995 0.01832907519828808 0.025144394552474147 False True 0.00971909606197891 4.027816003369369 -0.1063743494711943 -1.9054681141263918 0.0
562 71 1124.0 925.0 101.65513356800002 0.0 7.6899999999999995 0.01832907519828808 0.014378607502289836 False True 0.00971909606197891 4.027816003369369 -0.1063743494711943 -1.9054681141263918 0.0
562 72 1136.0 937.0 103.07459788000003 0.0 7.71 0.014378607502289836 0.0125818686047024 False True 0.00971909606197891 4.027816003369369 -0.1063743494711943 -1.9054681141263918 0.0
562 73 1148.0 949.0 104.48529943900002 0.0 7.71 0.014378607502289836 0.010904352542613044 False True 0.00971909606197891 4.027816003369369 -0.1063743494711943 -1.9054681141263918 0.0
562 74 1160.0 961.0 105.906331308 0.0 7.71 0.014378607502289836 0.009346214067253257 False True 0.00971909606197891 4.027816003369369 -0.1063743494711943 -1.9054681141263918 0.0
562 75 1172.0 973.0 107.31588617 0.0 7.71 0.014378607502289836 0.007907595990893483 False True 0.00971909606197891 4.027816003369369 -0.1063743494711943 -1.9054681141263918 0.0
562 76 1184.0 985.0 108.735899545 0.0 7.71 0.014378607502289836 0.006588629172564309 False True 0.00971909606197891 4.027816003369369 -0.1063743494711943 -1.9054681141263918 0.0
562 77 1196.0 997.0 110.14204789600001 0.0 7.6899999999999995 0.01832907519828808 0.005389432504971297 False True 0.00971909606197891 4.027816003369369 -0.1063743494711943 -1.9054681141263918 0.0
562 78 1208.0 1009.0 111.53390776600003 0.0 7.71 0.014378607502289836 0.0043101129026013344 False True 0.00971909606197891 4.027816003369369 -0.1063743494711943 -1.9054681141263918 0.0
562 79 1220.0 1021.0 112.92938435700006 0.0 7.75 0.007907595990893483 0.00335076529103757 False True 0.00971909606197891 4.027816003369369 -0.1063743494711943 -1.9054681141263918 0.0
562 80 1232.0 1033.0 114.32093246800008 0.0 7.75 0.007907595990893483 0.0025114725974615787 False True 0.00971909606197891 4.027816003369369 -0.1063743494711943 -1.9054681141263918 0.0
562 81 1244.0 1045.0 115.72432962500011 0.0 7.75 0.007907595990893483 0.001792305742362002 False True 0.00971909606197891 4.027816003369369 -0.1063743494711943 -1.9054681141263918 0.0
562 82 1256.0 1057.0 117.12669634800011 0.0 7.75 0.007907595990893483 0.0011933236324442984 False True 0.00971909606197891 4.027816003369369 -0.1063743494711943 -1.9054681141263918 0.0
562 83 1268.0 1069.0 118.53033692800011 0.0 7.82 0.0011933236324442984 0.0007145731547362753 False True 0.00971909606197891 4.027816003369369 -0.1063743494711943 -1.9054681141263918 0.0
562 84 1280.0 1081.0 119.92288113600011 0.0 7.82 0.0011933236324442984 0.0003560891719064972 False True 0.00971909606197891 4.027816003369369 -0.1063743494711943 -1.9054681141263918 0.0
562 85 1292.0 1093.0 121.32755423700013 0.0 7.82 0.0011933236324442984 0.00011789451876671614 False True 0.00971909606197891 4.027816003369369 -0.1063743494711943 -1.9054681141263918 0.0
562 86 1304.0 1105.0 122.74311530200015 0.0 7.82 0.0011933236324442984 0.0 False True 0.00971909606197891 4.027816003369369 -0.1063743494711943 -1.9054681141263918 0.0
562 87 1316.0 1117.0 124.14950855900014 0.0 7.82 0.0011933236324442984 2.4043890696795198e-06 False True 0.00971909606197891 4.027816003369369 -0.1063743494711943 -1.9054681141263918 0.0
562 88 1328.0 1129.0 125.55494939000016 0.0 7.82 0.0011933236324442984 0.00012509442835078745 False True 0.00971909606197891 4.027816003369369 -0.1063743494711943 -1.9054681141263918 0.0
562 89 1340.0 1141.0 126.94032925600015 0.0 7.82 0.0011933236324442984 0.000368044830450864 False True 0.00971909606197891 4.027816003369369 -0.1063743494711943 -1.9054681141263918 0.0
562 90 1352.0 1153.0 128.35148967600014 0.0 7.82 0.0011933236324442984 0.0007312182807382946 False True 0.00971909606197891 4.027816003369369 -0.1063743494711943 -1.9054681141263918 0.0
562 91 1364.0 1165.0 129.7626925990001 0.0 7.9 0.0007312182807382946 0.001214565441077112 False True 0.00971909606197891 4.027816003369369 -0.1063743494711943 -1.9054681141263918 0.0
562 92 1376.0 1177.0 131.16896115600014 0.0 7.91 0.001214565441077112 0.0018180249547543696 False True 0.00971909606197891 4.027816003369369 -0.1063743494711943 -1.9054681141263918 0.0
562 93 1388.0 1189.0 132.57510272200017 0.0 7.82 0.0011933236324442984 0.0007312182807382946 False True 0.00971909606197891 4.027816003369369 -0.1063743494711943 -1.9054681141263918 0.0
562 94 1392.0 1193.0 133.98084523200015 0.0 7.82 0.0011933236324442984 0.0007312182807382946 False True 0.00971909606197891 4.027816003369369 -0.1063743494711943 -1.9054681141263918 0.0
562 95 1396.0 1197.0 135.39690156500018 0.0 7.82 0.0011933236324442984 0.007907595990893483 False True 0.00971909606197891 4.027816003369369 -0.1063743494711943 -1.9054681141263918 0.0
562 96 1400.0 1201.0 136.80263216300023 0.0 7.82 0.0011933236324442984 0.0007312182807382946 False True 0.00971909606197891 4.027816003369369 -0.1063743494711943 -1.9054681141263918 0.0
562 97 1404.0 1205.0 138.2083643600002 0.0 7.82 0.0011933236324442984 0.001214565441077112 False True 0.00971909606197891 4.027816003369369 -0.1063743494711943 -1.9054681141263918 0.0
562 98 1408.0 1209.0 139.6148435040002 0.0 7.82 0.0011933236324442984 0.007907595990893483 False True 0.00971909606197891 4.027816003369369 -0.1063743494711943 -1.9054681141263918 0.0
562 99 1412.0 1213.0 141.03218151500016 0.0 7.82 0.0011933236324442984 0.0007312182807382946 False True 0.00971909606197891 4.027816003369369 -0.1063743494711943 -1.9054681141263918 0.0
562 100 1416.0 1217.0 142.43766587200014 0.0 7.82 0.0011933236324442984 0.0025415234526235957 False True 0.00971909606197891 4.027816003369369 -0.1063743494711943 -1.9054681141263918 0.0
562 101 1428.0 1229.0 143.85315285200016 0.0 7.82 0.0011933236324442984 0.003384975560435479 False True 0.00971909606197891 4.027816003369369 -0.1063743494711943 -1.9054681141263918 0.0
562 102 1440.0 1241.0 145.25849548500014 0.0 7.75 0.007907595990893483 0.004348283907377152 False True 0.00971909606197891 4.027816003369369 -0.1063743494711943 -1.9054681141263918 0.0
562 103 1452.0 1253.0 146.66463135300017 0.0 7.95 0.004348283907377152 0.0054313391358104595 False True 0.00971909606197891 4.027816003369369 -0.1063743494711943 -1.9054681141263918 0.0
562 104 1464.0 1265.0 148.0697033850002 0.0 7.82 0.0011933236324442984 0.006634019912203869 False True 0.00971909606197891 4.027816003369369 -0.1063743494711943 -1.9054681141263918 0.0
562 105 1476.0 1277.0 149.48551118300014 0.0 7.82 0.0011933236324442984 0.007956192939268704 False True 0.00971909606197891 4.027816003369369 -0.1063743494711943 -1.9054681141263918 0.0
562 106 1488.0 1289.0 150.89221532400012 0.0 7.95 0.004348283907377152 0.00939771296928902 False True 0.00971909606197891 4.027816003369369 -0.1063743494711943 -1.9054681141263918 0.0
562 107 1500.0 1301.0 152.30806927100008 0.0 7.99 0.00939771296928902 0.010958422818644056 False True 0.00971909606197891 4.027816003369369 -0.1063743494711943 -1.9054681141263918 0.0
562 108 1512.0 1313.0 153.71435559300005 0.0 7.99 0.00939771296928902 0.012638153383524321 False True 0.00971909606197891 4.027816003369369 -0.1063743494711943 -1.9054681141263918 0.0
562 109 1524.0 1325.0 155.13637480800003 0.0 7.99 0.00939771296928902 0.014436723656848798 False True 0.00971909606197891 4.027816003369369 -0.1063743494711943 -1.9054681141263918 0.0
562 110 1536.0 1337.0 156.54144090900007 0.0 7.99 0.00939771296928902 0.016353940746358705 False True 0.00971909606197891 4.027816003369369 -0.1063743494711943 -1.9054681141263918 0.0
562 111 1548.0 1349.0 157.95829724700008 0.0 7.99 0.00939771296928902 0.018389599893910223 False True 0.00971909606197891 4.027816003369369 -0.1063743494711943 -1.9054681141263918 0.0
562 112 1560.0 1361.0 159.36381391200007 0.0 7.99 0.00939771296928902 0.020543484495945914 False True 0.00971909606197891 4.027816003369369 -0.1063743494711943 -1.9054681141263918 0.0
562 113 1572.0 1373.0 160.77071087600007 0.0 7.99 0.00939771296928902 0.022815366125159782 False True 0.00971909606197891 4.027816003369369 -0.1063743494711943 -1.9054681141263918 0.0
562 114 1584.0 1385.0 162.17573274100005 0.0 8.06 0.022815366125159782 0.025205004553336723 False True 0.00971909606197891 4.027816003369369 -0.1063743494711943 -1.9054681141263918 0.0
562 115 1596.0 1397.0 163.5803072710001 0.0 8.06 0.022815366125159782 0.00939771296928902 False True 0.00971909606197891 4.027816003369369 -0.1063743494711943 -1.9054681141263918 0.0
562 116 1600.0 1401.0 164.9854454450001 0.0 7.99 0.00939771296928902 0.007956192939268704 False True 0.00971909606197891 4.027816003369369 -0.1063743494711943 -1.9054681141263918 0.0
562 117 1604.0 1405.0 166.4085028620001 0.0 7.99 0.00939771296928902 0.022815366125159782 False True 0.00971909606197891 4.027816003369369 -0.1063743494711943 -1.9054681141263918 0.0
562 118 1608.0 1409.0 167.80748081500013 0.0 7.99 0.00939771296928902 0.03033653203448815 False True 0.00971909606197891 4.027816003369369 -0.1063743494711943 -1.9054681141263918 0.0
562 119 1620.0 1421.0 169.1901982160001 0.0 7.99 0.00939771296928902 0.027712147775374948 False True 0.00971909606197891 4.027816003369369 -0.1063743494711943 -1.9054681141263918 0.0
562 120 1632.0 1433.0 170.57720061200013 0.0 8.08 0.027712147775374948 0.00939771296928902 False True 0.00971909606197891 4.027816003369369 -0.1063743494711943 -1.9054681141263918 0.0
562 121 1636.0 1437.0 171.9637898910001 0.0 8.08 0.027712147775374948 0.00939771296928902 False True 0.00971909606197891 4.027816003369369 -0.1063743494711943 -1.9054681141263918 0.0
562 122 1640.0 1441.0 173.3494371440001 0.0 8.08 0.027712147775374948 0.00939771296928902 False True 0.00971909606197891 4.027816003369369 -0.1063743494711943 -1.9054681141263918 0.0
562 123 1644.0 1445.0 174.74708478200006 0.0 7.99 0.00939771296928902 0.022815366125159782 False True 0.00971909606197891 4.027816003369369 -0.1063743494711943 -1.9054681141263918 0.0
562 124 1648.0 1449.0 176.13504049800008 0.0 7.99 0.00939771296928902 0.022815366125159782 False True 0.00971909606197891 4.027816003369369 -0.1063743494711943 -1.9054681141263918 0.0
562 125 1652.0 1453.0 177.52374459300012 0.0 7.99 0.00939771296928902 0.003384975560435479 False True 0.00971909606197891 4.027816003369369 -0.1063743494711943 -1.9054681141263918 0.0
562 126 1656.0 1457.0 178.92514032700012 0.0 7.99 0.00939771296928902 0.010958422818644056 False True 0.00971909606197891 4.027816003369369 -0.1063743494711943 -1.9054681141263918 0.0
562 127 1660.0 1461.0 180.32723062700012 0.0 7.99 0.00939771296928902 0.033077881848577795 False True 0.00971909606197891 4.027816003369369 -0.1063743494711943 -1.9054681141263918 0.0
562 128 1672.0 1473.0 181.74858628200008 0.0 7.99 0.00939771296928902 0.004348283907377152 False True 0.00971909606197891 4.027816003369369 -0.1063743494711943 -1.9054681141263918 0.0
562 129 1676.0 1477.0 183.1515479350001 0.0 7.99 0.00939771296928902 0.004348283907377152 False True 0.00971909606197891 4.027816003369369 -0.1063743494711943 -1.9054681141263918 0.0
562 130 1680.0 1481.0 184.55498825900008 0.0 7.99 0.00939771296928902 0.022815366125159782 False True 0.00971909606197891 4.027816003369369 -0.1063743494711943 -1.9054681141263918 0.0
562 131 1684.0 1485.0 185.9518362670001 0.0 7.99 0.00939771296928902 0.4422698460594718 False True 0.00971909606197891 4.027816003369369 -0.1063743494711943 -1.9054681141263918 0.0
562 132 1696.0 1497.0 187.3553978870001 0.0 7.99 0.00939771296928902 0.001214565441077112 False True 0.00971909606197891 4.027816003369369 -0.1063743494711943 -1.9054681141263918 0.0
562 133 1700.0 1501.0 188.7583766410001 0.0 7.99 0.00939771296928902 0.4086053702618961 False True 0.00971909606197891 4.027816003369369 -0.1063743494711943 -1.9054681141263918 0.0
562 134 1712.0 1513.0 190.1520346810001 0.0 7.99 0.00939771296928902 0.41689395912005905 False True 0.00971909606197891 4.027816003369369 -0.1063743494711943 -1.9054681141263918 0.0
562 135 1724.0 1525.0 191.55599751300008 0.0 7.99 0.00939771296928902 0.0125818686047024 False True 0.00971909606197891 4.027816003369369 -0.1063743494711943 -1.9054681141263918 0.0
562 136 1728.0 1529.0 192.97575221900007 0.0 7.72 0.0125818686047024 0.00939771296928902 False True 0.00971909606197891 4.027816003369369 -0.1063743494711943 -1.9054681141263918 0.0
562 137 1732.0 1533.0 194.3957675420001 0.0 7.72 0.0125818686047024 0.00939771296928902 False True 0.00971909606197891 4.027816003369369 -0.1063743494711943 -1.9054681141263918 0.0
562 138 1736.0 1537.0 195.8062416410001 0.0 7.72 0.0125818686047024 0.00939771296928902 False True 0.00971909606197891 4.027816003369369 -0.1063743494711943 -1.9054681141263918 0.0
562 139 1740.0 1541.0 197.22719154600009 0.0 7.72 0.0125818686047024 0.00939771296928902 False True 0.00971909606197891 4.027816003369369 -0.1063743494711943 -1.9054681141263918 0.0
562 140 1744.0 1545.0 198.6480507870001 0.0 7.99 0.00939771296928902 0.0125818686047024 False True 0.00971909606197891 4.027816003369369 -0.1063743494711943 -1.9054681141263918 0.0
562 141 1748.0 1549.0 200.0775597230001 0.0 7.72 0.0125818686047024 0.00939771296928902 False True 0.00971909606197891 4.027816003369369 -0.1063743494711943 -1.9054681141263918 0.0
562 142 1752.0 1553.0 201.49771184500008 0.0 7.72 0.0125818686047024 0.00939771296928902 False True 0.00971909606197891 4.027816003369369 -0.1063743494711943 -1.9054681141263918 0.0
562 143 1756.0 1557.0 202.91840868100007 0.0 7.99 0.00939771296928902 0.0125818686047024 False True 0.00971909606197891 4.027816003369369 -0.1063743494711943 -1.9054681141263918 0.0
562 144 1760.0 1561.0 204.33990230400008 0.0 7.99 0.00939771296928902 0.0125818686047024 False True 0.00971909606197891 4.027816003369369 -0.1063743494711943 -1.9054681141263918 0.0
562 145 1764.0 1565.0 205.76045044900007 0.0 7.99 0.00939771296928902 0.0125818686047024 False True 0.00971909606197891 4.027816003369369 -0.1063743494711943 -1.9054681141263918 0.0
562 146 1768.0 1569.0 207.1701887750001 0.0 7.99 0.00939771296928902 0.0125818686047024 False True 0.00971909606197891 4.027816003369369 -0.1063743494711943 -1.9054681141263918 0.0
562 147 1772.0 1573.0 208.6043128940001 0.0 7.99 0.00939771296928902 0.0125818686047024 False True 0.00971909606197891 4.027816003369369 -0.1063743494711943 -1.9054681141263918 0.0
562 148 1776.0 1577.0 210.0311311650001 0.0 7.99 0.00939771296928902 0.0125818686047024 False True 0.00971909606197891 4.027816003369369 -0.1063743494711943 -1.9054681141263918 0.0
562 149 1780.0 1581.0 211.4522873570001 0.0 7.99 0.00939771296928902 0.0125818686047024 False True 0.00971909606197891 4.027816003369369 -0.1063743494711943 -1.9054681141263918 0.0
562 150 1784.0 1585.0 212.86142134300007 0.0 7.99 0.00939771296928902 0.0125818686047024 False True 0.00971909606197891 4.027816003369369 -0.1063743494711943 -1.9054681141263918 0.0
562 151 1788.0 1589.0 214.27749758300007 0.0 7.99 0.00939771296928902 0.0125818686047024 False True 0.00971909606197891 4.027816003369369 -0.1063743494711943 -1.9054681141263918 0.0
562 152 1792.0 1593.0 215.6850691030001 0.0 7.99 0.00939771296928902 0.3922883124619083 False True 0.00971909606197891 4.027816003369369 -0.1063743494711943 -1.9054681141263918 0.0
562 153 1804.0 1605.0 217.10243275900012 0.0 7.99 0.00939771296928902 0.4004032105338393 False True 0.00971909606197891 4.027816003369369 -0.1063743494711943 -1.9054681141263918 0.0
562 154 1816.0 1617.0 218.5114092280001 0.0 7.99 0.00939771296928902 0.09734980496457822 False True 0.00971909606197891 4.027816003369369 -0.1063743494711943 -1.9054681141263918 0.0
562 155 1828.0 1629.0 219.93020532400016 0.0 7.99 0.00939771296928902 0.10215341604228176 False True 0.00971909606197891 4.027816003369369 -0.1063743494711943 -1.9054681141263918 0.0
562 156 1840.0 1641.0 221.3391472800002 0.0 7.99 0.00939771296928902 0.09265727751694676 False True 0.00971909606197891 4.027816003369369 -0.1063743494711943 -1.9054681141263918 0.0
562 157 1852.0 1653.0 222.77577078700023 0.0 7.99 0.00939771296928902 0.10706764335687895 False True 0.00971909606197891 4.027816003369369 -0.1063743494711943 -1.9054681141263918 0.0
562 158 1864.0 1665.0 224.1945002660002 0.0 7.4399999999999995 0.10706764335687895 0.11209200845236457 False True 0.00971909606197891 4.027816003369369 -0.1063743494711943 -1.9054681141263918 0.0
562 159 1876.0 1677.0 225.60416826900024 0.0 7.4399999999999995 0.10706764335687895 0.00939771296928902 False True 0.00971909606197891 4.027816003369369 -0.1063743494711943 -1.9054681141263918 0.0
562 160 1880.0 1681.0 227.02386587400025 0.0 7.99 0.00939771296928902 0.1172260218577559 False True 0.00971909606197891 4.027816003369369 -0.1063743494711943 -1.9054681141263918 0.0
562 161 1892.0 1693.0 228.44328204500027 0.0 7.99 0.00939771296928902 0.10706764335687895 False True 0.00971909606197891 4.027816003369369 -0.1063743494711943 -1.9054681141263918 0.0
562 162 1896.0 1697.0 229.8635699270003 0.0 7.99 0.00939771296928902 0.12246918313602552 False True 0.00971909606197891 4.027816003369369 -0.1063743494711943 -1.9054681141263918 0.0
562 163 1908.0 1709.0 231.27485478700027 0.0 7.99 0.00939771296928902 0.1278209809341616 False True 0.00971909606197891 4.027816003369369 -0.1063743494711943 -1.9054681141263918 0.0
562 164 1920.0 1721.0 232.71131376900024 0.0 7.99 0.00939771296928902 0.0125818686047024 False True 0.00971909606197891 4.027816003369369 -0.1063743494711943 -1.9054681141263918 0.0
562 165 1924.0 1725.0 234.13467362300025 0.0 7.99 0.00939771296928902 0.0125818686047024 False True 0.00971909606197891 4.027816003369369 -0.1063743494711943 -1.9054681141263918 0.0
562 166 1928.0 1729.0 235.5536589090002 0.0 7.99 0.00939771296928902 0.13884838640590538 False True 0.00971909606197891 4.027816003369369 -0.1063743494711943 -1.9054681141263918 0.0
562 167 1940.0 1741.0 236.9752624580002 0.0 7.99 0.00939771296928902 0.13328089303429033 False True 0.00971909606197891 4.027816003369369 -0.1063743494711943 -1.9054681141263918 0.0
562 168 1952.0 1753.0 238.3959844490002 0.0 7.39 0.13328089303429033 0.00939771296928902 False True 0.00971909606197891 4.027816003369369 -0.1063743494711943 -1.9054681141263918 0.0
562 169 1956.0 1757.0 239.81736338200022 0.0 7.39 0.13328089303429033 0.00939771296928902 False True 0.00971909606197891 4.027816003369369 -0.1063743494711943 -1.9054681141263918 0.0
562 170 1960.0 1761.0 241.23754098600023 0.0 7.39 0.13328089303429033 0.1445229172591618 False True 0.00971909606197891 4.027816003369369 -0.1063743494711943 -1.9054681141263918 0.0
562 171 1972.0 1773.0 242.65605815300017 0.0 7.99 0.00939771296928902 0.15030393109926846 False True 0.00971909606197891 4.027816003369369 -0.1063743494711943 -1.9054681141263918 0.0
562 172 1984.0 1785.0 244.06486037100018 0.0 7.99 0.00939771296928902 0.1621831365698366 False True 0.00971909606197891 4.027816003369369 -0.1063743494711943 -1.9054681141263918 0.0
562 173 1996.0 1797.0 245.46205492700017 0.0 7.99 0.00939771296928902 0.1561908627819233 False True 0.00971909606197891 4.027816003369369 -0.1063743494711943 -1.9054681141263918 0.0
562 174 2008.0 1809.0 246.88068109400018 0.0 7.99 0.00939771296928902 0.16828016619029293 False True 0.00971909606197891 4.027816003369369 -0.1063743494711943 -1.9054681141263918 0.0
562 175 2020.0 1821.0 248.28973188500015 0.0 7.99 0.00939771296928902 0.0125818686047024 False True 0.00971909606197891 4.027816003369369 -0.1063743494711943 -1.9054681141263918 0.0
562 176 2024.0 1825.0 249.70788008100016 0.0 7.99 0.00939771296928902 0.18078609551373187 False True 0.00971909606197891 4.027816003369369 -0.1063743494711943 -1.9054681141263918 0.0
562 177 2036.0 1837.0 251.12621413800014 0.0 7.99 0.00939771296928902 0.17448135489379862 False True 0.00971909606197891 4.027816003369369 -0.1063743494711943 -1.9054681141263918 0.0
562 178 2048.0 1849.0 252.5342878230001 0.0 7.99 0.00939771296928902 0.1871937705270783 False True 0.00971909606197891 4.027816003369369 -0.1063743494711943 -1.9054681141263918 0.0
562 179 2060.0 1861.0 253.95345781000015 0.0 7.99 0.00939771296928902 0.19370375211617336 False True 0.00971909606197891 4.027816003369369 -0.1063743494711943 -1.9054681141263918 0.0
562 180 2072.0 1873.0 255.37244048400015 0.0 7.99 0.00939771296928902 0.20702807265542045 False True 0.00971909606197891 4.027816003369369 -0.1063743494711943 -1.9054681141263918 0.0
562 181 2084.0 1885.0 256.8078587130002 0.0 7.99 0.00939771296928902 0.2003154022314854 False True 0.00971909606197891 4.027816003369369 -0.1063743494711943 -1.9054681141263918 0.0
562 182 2096.0 1897.0 258.2366611880002 0.0 7.99 0.00939771296928902 0.2138411050671443 False True 0.00971909606197891 4.027816003369369 -0.1063743494711943 -1.9054681141263918 0.0
562 183 2108.0 1909.0 259.67622481600023 0.0 7.72 0.0125818686047024 0.10706764335687895 False True 0.00971909606197891 4.027816003369369 -0.1063743494711943 -1.9054681141263918 0.0
562 184 2112.0 1913.0 261.11460866400023 0.0 7.99 0.00939771296928902 0.022815366125159782 False True 0.00971909606197891 4.027816003369369 -0.1063743494711943 -1.9054681141263918 0.0
562 185 2116.0 1917.0 262.56411524700025 0.0 7.99 0.00939771296928902 0.006588629172564309 False True 0.00971909606197891 4.027816003369369 -0.1063743494711943 -1.9054681141263918 0.0
562 186 2120.0 1921.0 264.00290266100023 0.0 7.99 0.00939771296928902 0.007907595990893483 False True 0.00971909606197891 4.027816003369369 -0.1063743494711943 -1.9054681141263918 0.0
562 187 2124.0 1925.0 265.44249052100025 0.0 7.75 0.007907595990893483 0.0043101129026013344 False True 0.00971909606197891 4.027816003369369 -0.1063743494711943 -1.9054681141263918 0.0
562 188 2128.0 1929.0 266.88290736300024 0.0 7.75 0.007907595990893483 0.3763235876714964 False True 0.00971909606197891 4.027816003369369 -0.1063743494711943 -1.9054681141263918 0.0
562 189 2140.0 1941.0 268.32416820000026 0.0 7.75 0.007907595990893483 0.12986185376729006 False True 0.00971909606197891 4.027816003369369 -0.1063743494711943 -1.9054681141263918 0.0
562 190 2152.0 1953.0 269.77705601400027 0.0 7.75 0.007907595990893483 0.0125818686047024 False True 0.00971909606197891 4.027816003369369 -0.1063743494711943 -1.9054681141263918 0.0
562 191 2156.0 1957.0 271.2211562680003 0.0 7.99 0.00939771296928902 0.001792305742362002 False True 0.00971909606197891 4.027816003369369 -0.1063743494711943 -1.9054681141263918 0.0
562 192 2160.0 1961.0 272.6763247300003 0.0 7.99 0.00939771296928902 0.016353940746358705 False True 0.00971909606197891 4.027816003369369 -0.1063743494711943 -1.9054681141263918 0.0
562 193 2164.0 1965.0 274.13029815300035 0.0 7.72 0.0125818686047024 0.009346214067253257 False True 0.00971909606197891 4.027816003369369 -0.1063743494711943 -1.9054681141263918 0.0
562 194 2168.0 1969.0 275.57479105800036 0.0 7.72 0.0125818686047024 0.0011933236324442984 False True 0.00971909606197891 4.027816003369369 -0.1063743494711943 -1.9054681141263918 0.0
562 195 2172.0 1973.0 277.02967990100035 0.0 7.82 0.0011933236324442984 0.0054313391358104595 False True 0.00971909606197891 4.027816003369369 -0.1063743494711943 -1.9054681141263918 0.0
562 196 2176.0 1977.0 278.49548047600035 0.0 7.82 0.0011933236324442984 0.007956192939268704 False True 0.00971909606197891 4.027816003369369 -0.1063743494711943 -1.9054681141263918 0.0
562 197 2180.0 1981.0 279.95185163300033 0.0 7.82 0.0011933236324442984 0.007956192939268704 False True 0.00971909606197891 4.027816003369369 -0.1063743494711943 -1.9054681141263918 0.0
562 198 2184.0 1985.0 281.40701969800034 0.0 7.99 0.00939771296928902 0.007956192939268704 False True 0.00971909606197891 4.027816003369369 -0.1063743494711943 -1.9054681141263918 0.0
562 199 2188.0 1989.0 282.8728640240003 0.0 7.82 0.0011933236324442984 0.007956192939268704 False True 0.00971909606197891 4.027816003369369 -0.1063743494711943 -1.9054681141263918 0.0
562 200 2192.0 1993.0 284.3291528160003 0.0 7.99 0.00939771296928902 0.007956192939268704 False True 0.00971909606197891 4.027816003369369 -0.1063743494711943 -1.9054681141263918 0.0
562 201 2196.0 1997.0 285.7949685780003 0.0 7.9799999999999995 0.007956192939268704 0.007907595990893483 False True 0.00971909606197891 4.027816003369369 -0.1063743494711943 -1.9054681141263918 0.0
