895 0 400.0 200.99999999999994 1.2554099120000046 0.0 7.89 0.0002770935795520076 0.0005505195945706652 False True 0.004157374867961564 3.3467458058191926 -0.11160450130571078 -1.5589866740889677 0.0
895 1 412.0 212.99999999999994 2.622618971999998 0.0 7.89 0.0002770935795520076 9.418108900285047e-05 False True 0.004157374867961564 3.3467458058191926 -0.11160450130571078 -1.5589866740889677 0.0
895 2 424.0 224.99999999999994 3.9787046689999954 0.0 7.88 9.418108900285047e-05 1.8102163617868458e-06 False True 0.004157374867961564 3.3467458058191926 -0.11160450130571078 -1.5589866740889677 0.0
895 3 436.0 236.99999999999994 5.344390224999984 0.0 7.88 9.418108900285047e-05 0.0 False True 0.004157374867961564 3.3467458058191926 -0.11160450130571078 -1.5589866740889677 0.0
895 4 448.0 248.99999999999994 6.700839006999985 0.0 7.86 0.0 8.87604213177287e-05 False True 0.004157374867961564 3.3467458058191926 -0.11160450130571078 -1.5589866740889677 0.0
895 5 460.0 260.99999999999994 8.07519340799999 0.0 7.86 0.0 0.00026809240374985917 False True 0.004157374867961564 3.3467458058191926 -0.11160450130571078 -1.5589866740889677 0.0
895 6 472.0 272.99999999999994 9.431152276999995 0.0 7.86 0.0 0.0005379878126669671 False True 0.004157374867961564 3.3467458058191926 -0.11160450130571078 -1.5589866740889677 0.0
895 7 484.0 284.99999999999994 10.798248421000011 0.0 7.86 0.0 0.0009144219883646783 False True 0.004157374867961564 3.3467458058191926 -0.11160450130571078 -1.5589866740889677 0.0
895 8 496.0 296.99999999999994 12.157881019000001 0.0 7.86 0.0 0.0013687545666940702 False True 0.004157374867961564 3.3467458058191926 -0.11160450130571078 -1.5589866740889677 0.0
895 9 508.0 308.99999999999994 13.536242523999988 0.0 7.86 0.0 0.0019134620913983174 False True 0.004157374867961564 3.3467458058191926 -0.11160450130571078 -1.5589866740889677 0.0
895 10 520.0 320.99999999999994 14.90109010399999 0.0 7.86 0.0 0.0025484802859154737 False True 0.004157374867961564 3.3467458058191926 -0.11160450130571078 -1.5589866740889677 0.0
895 11 532.0 332.99999999999994 16.28965363200001 0.0 7.86 0.0 0.0032737358417112275 False True 0.004157374867961564 3.3467458058191926 -0.11160450130571078 -1.5589866740889677 0.0
895 12 544.0 344.99999999999994 17.648681189 0.0 7.86 0.0 0.004089146425610648 False True 0.004157374867961564 3.3467458058191926 -0.11160450130571078 -1.5589866740889677 0.0
895 13 556.0 356.99999999999994 19.01899037300001 0.0 7.86 0.0 0.004994620688028604 False True 0.004157374867961564 3.3467458058191926 -0.11160450130571078 -1.5589866740889677 0.0
895 14 568.0 368.99999999999994 20.390514052000015 0.0 7.86 0.0 0.005990058272106884 False True 0.004157374867961564 3.3467458058191926 -0.11160450130571078 -1.5589866740889677 0.0
895 15 580.0 380.99999999999994 21.762977311000014 0.0 7.86 0.0 0.007075349823750004 False True 0.004157374867961564 3.3467458058191926 -0.11160450130571078 -1.5589866740889677 0.0
895 16 592.0 392.99999999999994 23.134207513000007 0.0 7.99 0.007075349823750004 0.008250377002558857 False True 0.004157374867961564 3.3467458058191926 -0.11160450130571078 -1.5589866740889677 0.0
895 17 604.0 404.99999999999994 24.503383241000023 0.0 7.86 0.0 0.009515012493663051 False True 0.004157374867961564 3.3467458058191926 -0.11160450130571078 -1.5589866740889677 0.0
895 18 616.0 416.99999999999994 25.875174609000027 0.0 8.01 0.009515012493663051 0.010869120020457528 False True 0.004157374867961564 3.3467458058191926 -0.11160450130571078 -1.5589866740889677 0.0
895 19 628.0 428.99999999999994 27.265892576000027 0.0 7.99 0.007075349823750004 0.012312554358224993 False True 0.004157374867961564 3.3467458058191926 -0.11160450130571078 -1.5589866740889677 0.0
895 20 640.0 440.99999999999994 28.63829397600003 0.0 8.01 0.009515012493663051 0.013845161348661025 False True 0.004157374867961564 3.3467458058191926 -0.11160450130571078 -1.5589866740889677 0.0
895 21 652.0 452.99999999999994 30.012345059000012 0.0 8.04 0.013845161348661025 0.0154667779152866 False True 0.004157374867961564 3.3467458058191926 -0.11160450130571078 -1.5589866740889677 0.0
895 22 664.0 464.99999999999994 31.395157149 0.0 8.04 0.013845161348661025 0.017177232079759266 False True 0.004157374867961564 3.3467458058191926 -0.11160450130571078 -1.5589866740889677 0.0
895 23 676.0 476.99999999999994 32.76379881400001 0.0 8.04 0.013845161348661025 0.07753659037048706 False True 0.004157374867961564 3.3467458058191926 -0.11160450130571078 -1.5589866740889677 0.0
895 24 688.0 488.99999999999994 34.126644712 0.0 8.04 0.013845161348661025 0.07936988163208003 False True 0.004157374867961564 3.3467458058191926 -0.11160450130571078 -1.5589866740889677 0.0
895 25 700.0 500.99999999999994 35.470908788 0.0 8.04 0.013845161348661025 0.07413598511513875 False True 0.004157374867961564 3.3467458058191926 -0.11160450130571078 -1.5589866740889677 0.0
895 26 712.0 513.0 36.83521553699998 0.0 8.04 0.013845161348661025 0.08129157820333852 False True 0.004157374867961564 3.3467458058191926 -0.11160450130571078 -1.5589866740889677 0.0
895 27 724.0 525.0 38.28348169399999 0.0 8.04 0.013845161348661025 0.2186740842719562 False True 0.004157374867961564 3.3467458058191926 -0.11160450130571078 -1.5589866740889677 0.0
895 28 736.0 537.0 39.76703183699999 0.0 8.04 0.013845161348661025 0.22384875257778095 False True 0.004157374867961564 3.3467458058191926 -0.11160450130571078 -1.5589866740889677 0.0
895 29 748.0 549.0 41.25151112399999 0.0 8.04 0.013845161348661025 0.23981895121708907 False True 0.004157374867961564 3.3467458058191926 -0.11160450130571078 -1.5589866740889677 0.0
895 30 760.0 561.0 42.75402851599998 0.0 8.04 0.013845161348661025 0.23442170554709216 False True 0.004157374867961564 3.3467458058191926 -0.11160450130571078 -1.5589866740889677 0.0
895 31 772.0 573.0 44.24161629799997 0.0 8.04 0.013845161348661025 0.24528933803340477 False True 0.004157374867961564 3.3467458058191926 -0.11160450130571078 -1.5589866740889677 0.0
895 32 784.0 585.0 45.74016863099996 0.0 7.86 0.0 0.20855090554036768 False True 0.004157374867961564 3.3467458058191926 -0.11160450130571078 -1.5589866740889677 0.0
895 33 796.0 597.0 47.22172711199994 0.0 7.86 0.0 0.21357463499552162 False True 0.004157374867961564 3.3467458058191926 -0.11160450130571078 -1.5589866740889677 0.0
895 34 808.0 609.0 48.66521630899993 0.0 7.86 0.0 0.1987325713479793 False True 0.004157374867961564 3.3467458058191926 -0.11160450130571078 -1.5589866740889677 0.0
895 35 820.0 621.0 50.05465406299993 0.0 7.86 0.0 0.08539937288861786 False True 0.004157374867961564 3.3467458058191926 -0.11160450130571078 -1.5589866740889677 0.0
895 36 832.0 633.0 51.42647896299994 0.0 7.86 0.0 0.08330147869301475 False True 0.004157374867961564 3.3467458058191926 -0.11160450130571078 -1.5589866740889677 0.0
895 37 844.0 645.0 52.812086043999955 0.0 7.86 0.0 0.08758504177743952 False True 0.004157374867961564 3.3467458058191926 -0.11160450130571078 -1.5589866740889677 0.0
895 38 856.0 657.0 54.193937493999954 0.0 8.04 0.013845161348661025 0.0710911963993111 False True 0.004157374867961564 3.3467458058191926 -0.11160450130571078 -1.5589866740889677 0.0
895 39 868.0 669.0 55.56510521299995 0.0 7.99 0.007075349823750004 0.07256902962085074 False True 0.004157374867961564 3.3467458058191926 -0.11160450130571078 -1.5589866740889677 0.0
895 40 880.0 681.0 56.93822986799995 0.0 7.86 0.0 0.06970264245119369 False True 0.004157374867961564 3.3467458058191926 -0.11160450130571078 -1.5589866740889677 0.0
895 41 892.0 693.0 58.32031602799995 0.0 7.86 0.0 0.06840351584839643 False True 0.004157374867961564 3.3467458058191926 -0.11160450130571078 -1.5589866740889677 0.0
895 42 904.0 705.0 59.70363661799996 0.0 7.99 0.007075349823750004 0.0019134620913983174 False True 0.004157374867961564 3.3467458058191926 -0.11160450130571078 -1.5589866740889677 0.0
895 43 908.0 709.0 61.10991569699996 0.0 1.74 0.0710911963993111 0.018976342979068535 False True 0.004157374867961564 3.3467458058191926 -0.11160450130571078 -1.5589866740889677 0.0
895 44 920.0 721.0 62.45950909099997 0.0 1.74 0.0710911963993111 0.02086392088362186 False True 0.004157374867961564 3.3467458058191926 -0.11160450130571078 -1.5589866740889677 0.0
895 45 932.0 733.0 63.82129349199997 0.0 7.86 0.0 0.022839767216218852 False True 0.004157374867961564 3.3467458058191926 -0.11160450130571078 -1.5589866740889677 0.0
895 46 944.0 745.0 65.17536463699997 0.0 8.09 0.022839767216218852 0.02490367457190644 False True 0.004157374867961564 3.3467458058191926 -0.11160450130571078 -1.5589866740889677 0.0
895 47 956.0 757.0 66.54066140599997 0.0 8.09 0.022839767216218852 0.027055426738721463 False True 0.004157374867961564 3.3467458058191926 -0.11160450130571078 -1.5589866740889677 0.0
895 48 968.0 769.0 67.89595166899997 0.0 8.1 0.02490367457190644 0.029294798719310185 False True 0.004157374867961564 3.3467458058191926 -0.11160450130571078 -1.5589866740889677 0.0
895 49 980.0 781.0 69.26319064199998 0.0 8.1 0.02490367457190644 0.03162155675342718 False True 0.004157374867961564 3.3467458058191926 -0.11160450130571078 -1.5589866740889677 0.0
895 50 992.0 793.0 70.63008166699998 0.0 8.11 0.027055426738721463 0.022839767216218852 False True 0.004157374867961564 3.3467458058191926 -0.11160450130571078 -1.5589866740889677 0.0
895 51 996.0 797.0 71.99823530500001 0.0 8.09 0.022839767216218852 0.0013493910869344736 False True 0.004157374867961564 3.3467458058191926 -0.11160450130571078 -1.5589866740889677 0.0
895 52 1008.0 809.0 73.36605061899999 0.0 8.09 0.022839767216218852 0.0008984294561967501 False True 0.004157374867961564 3.3467458058191926 -0.11160450130571078 -1.5589866740889677 0.0
895 53 1020.0 821.0 74.72262900300001 0.0 7.81 0.0013493910869344736 0.0018908374045762213 False True 0.004157374867961564 3.3467458058191926 -0.11160450130571078 -1.5589866740889677 0.0
895 54 1032.0 833.0 76.09044988000002 0.0 7.86 0.0 0.0025227240594435717 False True 0.004157374867961564 3.3467458058191926 -0.11160450130571078 -1.5589866740889677 0.0
895 55 1044.0 845.0 77.45761436600003 0.0 7.86 0.0 0.0032449976569214264 False True 0.004157374867961564 3.3467458058191926 -0.11160450130571078 -1.5589866740889677 0.0
895 56 1056.0 857.0 78.82772093600002 0.0 8.09 0.022839767216218852 0.0040575957627961125 False True 0.004157374867961564 3.3467458058191926 -0.11160450130571078 -1.5589866740889677 0.0
895 57 1068.0 869.0 80.19852024800002 0.0 8.09 0.022839767216218852 0.004960446909497789 False True 0.004157374867961564 3.3467458058191926 -0.11160450130571078 -1.5589866740889677 0.0
895 58 1080.0 881.0 81.569248466 0.0 7.76 0.004960446909497789 0.00595347060325117 False True 0.004157374867961564 3.3467458058191926 -0.11160450130571078 -1.5589866740889677 0.0
895 59 1092.0 893.0 82.94904995700003 0.0 7.76 0.004960446909497789 0.007036577332120094 False True 0.004157374867961564 3.3467458058191926 -0.11160450130571078 -1.5589866740889677 0.0
895 60 1104.0 905.0 84.33889186000002 0.0 7.74 0.007036577332120094 0.008209668574962022 False True 0.004157374867961564 3.3467458058191926 -0.11160450130571078 -1.5589866740889677 0.0
895 61 1116.0 917.0 85.708550419 0.0 7.76 0.004960446909497789 0.009472636811279595 False True 0.004157374867961564 3.3467458058191926 -0.11160450130571078 -1.5589866740889677 0.0
895 62 1128.0 929.0 87.07786718300002 0.0 7.76 0.004960446909497789 0.01082536553197086 False True 0.004157374867961564 3.3467458058191926 -0.11160450130571078 -1.5589866740889677 0.0
895 63 1140.0 941.0 88.43293815200002 0.0 7.71 0.01082536553197086 0.012267729250982988 False True 0.004157374867961564 3.3467458058191926 -0.11160450130571078 -1.5589866740889677 0.0
895 64 1152.0 953.0 89.77940991700001 0.0 7.71 0.01082536553197086 0.015420814931184985 False True 0.004157374867961564 3.3467458058191926 -0.11160450130571078 -1.5589866740889677 0.0
895 65 1164.0 965.0 91.124590103 0.0 7.68 0.015420814931184985 0.013799593517859842 False True 0.004157374867961564 3.3467458058191926 -0.11160450130571078 -1.5589866740889677 0.0
895 66 1176.0 977.0 92.476060744 0.0 7.68 0.015420814931184985 0.017131241152924963 False True 0.004157374867961564 3.3467458058191926 -0.11160450130571078 -1.5589866740889677 0.0
895 67 1188.0 989.0 93.82574359899999 0.0 7.76 0.004960446909497789 0.02081905407871419 False True 0.004157374867961564 3.3467458058191926 -0.11160450130571078 -1.5589866740889677 0.0
895 68 1200.0 1001.0 95.17649674699999 0.0 7.76 0.004960446909497789 0.01893071092366081 False True 0.004157374867961564 3.3467458058191926 -0.11160450130571078 -1.5589866740889677 0.0
895 69 1212.0 1013.0 96.528359384 0.0 7.76 0.004960446909497789 0.022796091565166578 False True 0.004157374867961564 3.3467458058191926 -0.11160450130571078 -1.5589866740889677 0.0
895 70 1224.0 1025.0 97.881715332 0.0 7.68 0.015420814931184985 0.0248616354597594 False True 0.004157374867961564 3.3467458058191926 -0.11160450130571078 -1.5589866740889677 0.0
895 71 1236.0 1037.0 99.23545452299999 0.0 7.71 0.01082536553197086 0.027015488987692047 False True 0.004157374867961564 3.3467458058191926 -0.11160450130571078 -1.5589866740889677 0.0
895 72 1248.0 1049.0 100.58703937199999 0.0 7.76 0.004960446909497789 0.02925744654229362 False True 0.004157374867961564 3.3467458058191926 -0.11160450130571078 -1.5589866740889677 0.0
895 73 1260.0 1061.0 101.93965927099998 0.0 7.66 0.01893071092366081 0.03158729370558769 False True 0.004157374867961564 3.3467458058191926 -0.11160450130571078 -1.5589866740889677 0.0
895 74 1272.0 1073.0 103.29272935099999 0.0 7.66 0.01893071092366081 0.03400480726973404 False True 0.004157374867961564 3.3467458058191926 -0.11160450130571078 -1.5589866740889677 0.0
895 75 1284.0 1085.0 104.65709955399998 0.0 7.66 0.01893071092366081 0.03910189695468939 False True 0.004157374867961564 3.3467458058191926 -0.11160450130571078 -1.5589866740889677 0.0
895 76 1296.0 1097.0 106.009056466 0.0 7.66 0.01893071092366081 0.036509755259345696 False True 0.004157374867961564 3.3467458058191926 -0.11160450130571078 -1.5589866740889677 0.0
895 77 1308.0 1109.0 107.375584833 0.0 7.66 0.01893071092366081 0.04178098291575728 False True 0.004157374867961564 3.3467458058191926 -0.11160450130571078 -1.5589866740889677 0.0
895 78 1320.0 1121.0 108.720085961 0.0 7.66 0.01893071092366081 0.04454675500721006 False True 0.004157374867961564 3.3467458058191926 -0.11160450130571078 -1.5589866740889677 0.0
895 79 1332.0 1133.0 110.082515255 0.0 7.76 0.004960446909497789 0.04739894642418969 False True 0.004157374867961564 3.3467458058191926 -0.11160450130571078 -1.5589866740889677 0.0
895 80 1344.0 1145.0 111.43647189999999 0.0 7.66 0.01893071092366081 0.050337281719001085 False True 0.004157374867961564 3.3467458058191926 -0.11160450130571078 -1.5589866740889677 0.0
895 81 1356.0 1157.0 112.78915275099999 0.0 7.68 0.015420814931184985 0.05336147682865706 False True 0.004157374867961564 3.3467458058191926 -0.11160450130571078 -1.5589866740889677 0.0
895 82 1368.0 1169.0 114.16032811900001 0.0 7.68 0.015420814931184985 0.06719395571923531 False True 0.004157374867961564 3.3467458058191926 -0.11160450130571078 -1.5589866740889677 0.0
895 83 1380.0 1181.0 115.52352252700004 0.0 7.74 0.007036577332120094 0.06607409223453321 False True 0.004157374867961564 3.3467458058191926 -0.11160450130571078 -1.5589866740889677 0.0
895 84 1392.0 1193.0 116.860094369 0.0 7.66 0.01893071092366081 0.06504404659460081 False True 0.004157374867961564 3.3467458058191926 -0.11160450130571078 -1.5589866740889677 0.0
895 85 1404.0 1205.0 118.191541581 0.0 8.09 0.022839767216218852 0.2508323281061243 False True 0.004157374867961564 3.3467458058191926 -0.11160450130571078 -1.5589866740889677 0.0
895 86 1416.0 1217.0 119.52534143899996 0.0 8.09 0.022839767216218852 0.25644737628416286 False True 0.004157374867961564 3.3467458058191926 -0.11160450130571078 -1.5589866740889677 0.0
895 87 1428.0 1229.0 120.86991275799991 0.0 7.62 0.027015488987692047 0.0922187837150892 False True 0.004157374867961564 3.3467458058191926 -0.11160450130571078 -1.5589866740889677 0.0
895 88 1440.0 1241.0 122.20428083899989 0.0 7.71 0.01082536553197086 0.08985825756845359 False True 0.004157374867961564 3.3467458058191926 -0.11160450130571078 -1.5589866740889677 0.0
895 89 1452.0 1253.0 123.53519781799989 0.0 7.68 0.015420814931184985 0.09466637493889714 False True 0.004157374867961564 3.3467458058191926 -0.11160450130571078 -1.5589866740889677 0.0
895 90 1464.0 1265.0 124.87017135999989 0.0 8.04 0.013845161348661025 0.09720077725406241 False True 0.004157374867961564 3.3467458058191926 -0.11160450130571078 -1.5589866740889677 0.0
895 91 1476.0 1277.0 126.32173241399991 0.0 1.87 0.09720077725406241 0.0998217279928164 False True 0.004157374867961564 3.3467458058191926 -0.11160450130571078 -1.5589866740889677 0.0
895 92 1488.0 1289.0 127.77260523999988 0.0 8.04 0.013845161348661025 0.10532218081867235 False True 0.004157374867961564 3.3467458058191926 -0.11160450130571078 -1.5589866740889677 0.0
895 93 1500.0 1301.0 129.25655158599986 0.0 7.68 0.015420814931184985 0.10252895583169529 False True 0.004157374867961564 3.3467458058191926 -0.11160450130571078 -1.5589866740889677 0.0
895 94 1512.0 1313.0 130.7529199809999 0.0 1.8900000000000001 0.10252895583169529 0.10820111440115579 False True 0.004157374867961564 3.3467458058191926 -0.11160450130571078 -1.5589866740889677 0.0
895 95 1524.0 1325.0 132.24743971299986 0.0 7.86 0.0 0.11116545945484428 False True 0.004157374867961564 3.3467458058191926 -0.11160450130571078 -1.5589866740889677 0.0
895 96 1536.0 1337.0 133.73489796899983 0.0 7.86 0.0 0.11421491031343532 False True 0.004157374867961564 3.3467458058191926 -0.11160450130571078 -1.5589866740889677 0.0
895 97 1548.0 1349.0 135.22909787499984 0.0 7.86 0.0 0.11734915279919118 False True 0.004157374867961564 3.3467458058191926 -0.11160450130571078 -1.5589866740889677 0.0
895 98 1560.0 1361.0 136.67102147899985 0.0 8.09 0.022839767216218852 0.12387071357344723 False True 0.004157374867961564 3.3467458058191926 -0.11160450130571078 -1.5589866740889677 0.0
895 99 1572.0 1373.0 138.06053623899984 0.0 7.88 9.418108900285047e-05 0.12056786425436256 False True 0.004157374867961564 3.3467458058191926 -0.11160450130571078 -1.5589866740889677 0.0
895 100 1584.0 1385.0 139.42543233799987 0.0 1.73 0.06970264245119369 0.1272573612363049 False True 0.004157374867961564 3.3467458058191926 -0.11160450130571078 -1.5589866740889677 0.0
895 101 1596.0 1397.0 140.79092500599987 0.0 1.73 0.06970264245119369 0.13428065164412162 False True 0.004157374867961564 3.3467458058191926 -0.11160450130571078 -1.5589866740889677 0.0
895 102 1608.0 1409.0 142.14520339399988 0.0 1.73 0.06970264245119369 0.130727459342107 False True 0.004157374867961564 3.3467458058191926 -0.11160450130571078 -1.5589866740889677 0.0
895 103 1620.0 1421.0 143.5094913739999 0.0 7.81 0.0013493910869344736 0.13791657358534812 False True 0.004157374867961564 3.3467458058191926 -0.11160450130571078 -1.5589866740889677 0.0
895 104 1632.0 1433.0 144.87537821399994 0.0 8.09 0.022839767216218852 0.14163485233496595 False True 0.004157374867961564 3.3467458058191926 -0.11160450130571078 -1.5589866740889677 0.0
895 105 1644.0 1445.0 146.24019087899993 0.0 7.86 0.0 0.1454351068256135 False True 0.004157374867961564 3.3467458058191926 -0.11160450130571078 -1.5589866740889677 0.0
895 106 1656.0 1457.0 147.6058472299999 0.0 8.04 0.013845161348661025 0.14931694779150567 False True 0.004157374867961564 3.3467458058191926 -0.11160450130571078 -1.5589866740889677 0.0
895 107 1668.0 1469.0 148.9711637139999 0.0 2.03 0.14931694779150567 0.15327997780734753 False True 0.004157374867961564 3.3467458058191926 -0.11160450130571078 -1.5589866740889677 0.0
895 108 1680.0 1481.0 150.3216754239999 0.0 8.04 0.013845161348661025 0.03653625226794492 False True 0.004157374867961564 3.3467458058191926 -0.11160450130571078 -1.5589866740889677 0.0
895 109 1692.0 1493.0 151.6841371109999 0.0 8.04 0.013845161348661025 0.034035458341314356 False True 0.004157374867961564 3.3467458058191926 -0.11160450130571078 -1.5589866740889677 0.0
895 110 1704.0 1505.0 153.05213966199992 0.0 8.04 0.013845161348661025 0.03912367862815066 False True 0.004157374867961564 3.3467458058191926 -0.11160450130571078 -1.5589866740889677 0.0
895 111 1716.0 1517.0 154.40825415399993 0.0 8.04 0.013845161348661025 0.04179746885260767 False True 0.004157374867961564 3.3467458058191926 -0.11160450130571078 -1.5589866740889677 0.0
895 112 1728.0 1529.0 155.77065723499996 0.0 8.04 0.013845161348661025 0.04740302345821606 False True 0.004157374867961564 3.3467458058191926 -0.11160450130571078 -1.5589866740889677 0.0
895 113 1740.0 1541.0 157.12402579199997 0.0 8.04 0.013845161348661025 0.04455734573469506 False True 0.004157374867961564 3.3467458058191926 -0.11160450130571078 -1.5589866740889677 0.0
895 114 1752.0 1553.0 158.49055599899995 0.0 8.04 0.013845161348661025 0.05033420762597678 False True 0.004157374867961564 3.3467458058191926 -0.11160450130571078 -1.5589866740889677 0.0
895 115 1764.0 1565.0 159.85832466599996 0.0 8.04 0.013845161348661025 0.053350595289225894 False True 0.004157374867961564 3.3467458058191926 -0.11160450130571078 -1.5589866740889677 0.0
895 116 1776.0 1577.0 161.23857874099994 0.0 8.04 0.013845161348661025 0.05963772673203362 False True 0.004157374867961564 3.3467458058191926 -0.11160450130571078 -1.5589866740889677 0.0
895 117 1788.0 1589.0 162.60725672099997 0.0 8.04 0.013845161348661025 0.05645187497795503 False True 0.004157374867961564 3.3467458058191926 -0.11160450130571078 -1.5589866740889677 0.0
895 118 1800.0 1601.0 163.97752915299995 0.0 7.71 0.01082536553197086 0.06290782213321659 False True 0.004157374867961564 3.3467458058191926 -0.11160450130571078 -1.5589866740889677 0.0
895 119 1812.0 1613.0 165.35760802799993 0.0 7.71 0.01082536553197086 0.06626182433797914 False True 0.004157374867961564 3.3467458058191926 -0.11160450130571078 -1.5589866740889677 0.0
895 120 1824.0 1625.0 166.72705801599992 0.0 7.86 0.0 0.16144797472946018 False True 0.004157374867961564 3.3467458058191926 -0.11160450130571078 -1.5589866740889677 0.0
895 121 1836.0 1637.0 168.0968755249999 0.0 7.86 0.0 0.1573237913280867 False True 0.004157374867961564 3.3467458058191926 -0.11160450130571078 -1.5589866740889677 0.0
895 122 1848.0 1649.0 169.4770638699999 0.0 7.86 0.0 0.16565210634936067 False True 0.004157374867961564 3.3467458058191926 -0.11160450130571078 -1.5589866740889677 0.0
895 123 1860.0 1661.0 170.8465294559999 0.0 7.86 0.0 0.16049234961551062 False True 0.004157374867961564 3.3467458058191926 -0.11160450130571078 -1.5589866740889677 0.0
895 124 1872.0 1673.0 172.22323408899987 0.0 7.86 0.0 0.16566441927571596 False True 0.004157374867961564 3.3467458058191926 -0.11160450130571078 -1.5589866740889677 0.0
895 125 1884.0 1685.0 173.5981934949999 0.0 7.86 0.0 0.18161885247443704 False True 0.004157374867961564 3.3467458058191926 -0.11160450130571078 -1.5589866740889677 0.0
895 126 1896.0 1697.0 174.9700365869999 0.0 7.76 0.004960446909497789 0.1762282087520762 False True 0.004157374867961564 3.3467458058191926 -0.11160450130571078 -1.5589866740889677 0.0
895 127 1908.0 1709.0 176.35138080599992 0.0 7.74 0.007036577332120094 0.19261489332648662 False True 0.004157374867961564 3.3467458058191926 -0.11160450130571078 -1.5589866740889677 0.0
895 128 1920.0 1721.0 177.72143907499995 0.0 1.78 0.07753659037048706 0.1870812660329377 False True 0.004157374867961564 3.3467458058191926 -0.11160450130571078 -1.5589866740889677 0.0
895 129 1932.0 1733.0 179.10103586499994 0.0 2.03 0.14931694779150567 0.07322015986069669 False True 0.004157374867961564 3.3467458058191926 -0.11160450130571078 -1.5589866740889677 0.0
895 130 1944.0 1745.0 180.50178252499992 0.0 7.68 0.015420814931184985 0.06969938811120266 False True 0.004157374867961564 3.3467458058191926 -0.11160450130571078 -1.5589866740889677 0.0
895 131 1956.0 1757.0 181.88751405299993 0.0 7.68 0.015420814931184985 0.07682377767255909 False True 0.004157374867961564 3.3467458058191926 -0.11160450130571078 -1.5589866740889677 0.0
895 132 1968.0 1769.0 183.26759476599992 0.0 7.68 0.015420814931184985 0.08050987134736735 False True 0.004157374867961564 3.3467458058191926 -0.11160450130571078 -1.5589866740889677 0.0
895 133 1980.0 1781.0 184.66000502099993 0.0 8.01 0.009515012493663051 0.08427806243719536 False True 0.004157374867961564 3.3467458058191926 -0.11160450130571078 -1.5589866740889677 0.0
895 134 1992.0 1793.0 186.0643389429999 0.0 1.73 0.06970264245119369 0.08812796428346202 False True 0.004157374867961564 3.3467458058191926 -0.11160450130571078 -1.5589866740889677 0.0
895 135 2004.0 1805.0 187.47847855499995 0.0 8.04 0.013845161348661025 0.0920591820555917 False True 0.004157374867961564 3.3467458058191926 -0.11160450130571078 -1.5589866740889677 0.0
895 136 2016.0 1817.0 188.87033092999994 0.0 7.86 0.0 0.09607131279050252 False True 0.004157374867961564 3.3467458058191926 -0.11160450130571078 -1.5589866740889677 0.0
895 137 2028.0 1829.0 190.2913504919999 0.0 1.74 0.0710911963993111 0.10433666087636867 False True 0.004157374867961564 3.3467458058191926 -0.11160450130571078 -1.5589866740889677 0.0
895 138 2040.0 1841.0 191.69177969599988 0.0 7.71 0.01082536553197086 0.10016394543289595 False True 0.004157374867961564 3.3467458058191926 -0.11160450130571078 -1.5589866740889677 0.0
895 139 2052.0 1853.0 193.09356963799988 0.0 7.71 0.01082536553197086 0.10858903200531772 False True 0.004157374867961564 3.3467458058191926 -0.11160450130571078 -1.5589866740889677 0.0
895 140 2064.0 1865.0 194.49874421899992 0.0 7.71 0.01082536553197086 0.1129206237376517 False True 0.004157374867961564 3.3467458058191926 -0.11160450130571078 -1.5589866740889677 0.0
895 141 2076.0 1877.0 195.89995771199992 0.0 7.71 0.01082536553197086 0.12181968911351972 False True 0.004157374867961564 3.3467458058191926 -0.11160450130571078 -1.5589866740889677 0.0
895 142 2088.0 1889.0 197.3013073719999 0.0 7.86 0.0 0.11733099306830183 False True 0.004157374867961564 3.3467458058191926 -0.11160450130571078 -1.5589866740889677 0.0
895 143 2100.0 1901.0 198.7029226399999 0.0 7.86 0.0 0.13103021869057796 False True 0.004157374867961564 3.3467458058191926 -0.11160450130571078 -1.5589866740889677 0.0
895 144 2112.0 1913.0 200.1047485149999 0.0 7.76 0.004960446909497789 0.12638625315596522 False True 0.004157374867961564 3.3467458058191926 -0.11160450130571078 -1.5589866740889677 0.0
895 145 2124.0 1925.0 201.5080467579999 0.0 8.04 0.013845161348661025 0.13575111147122926 False True 0.004157374867961564 3.3467458058191926 -0.11160450130571078 -1.5589866740889677 0.0
895 146 2136.0 1937.0 202.9108747949999 0.0 8.04 0.013845161348661025 0.14542174336609262 False True 0.004157374867961564 3.3467458058191926 -0.11160450130571078 -1.5589866740889677 0.0
895 147 2148.0 1949.0 204.31355186699992 0.0 8.04 0.013845161348661025 0.15037049571335334 False True 0.004157374867961564 3.3467458058191926 -0.11160450130571078 -1.5589866740889677 0.0
895 148 2160.0 1961.0 205.71561215599993 0.0 8.04 0.013845161348661025 0.14054844955814466 False True 0.004157374867961564 3.3467458058191926 -0.11160450130571078 -1.5589866740889677 0.0
895 149 2172.0 1973.0 207.11783668599995 0.0 8.04 0.013845161348661025 0.1553942018714264 False True 0.004157374867961564 3.3467458058191926 -0.11160450130571078 -1.5589866740889677 0.0
895 150 2184.0 1985.0 208.50735145199994 0.0 8.04 0.013845161348661025 0.267891430373745 False True 0.004157374867961564 3.3467458058191926 -0.11160450130571078 -1.5589866740889677 0.0
895 151 2196.0 1997.0 209.90366730699995 0.0 7.74 0.007036577332120094 0.26213393020976317 False True 0.004157374867961564 3.3467458058191926 -0.11160450130571078 -1.5589866740889677 0.0
