693 0 400.0 200.99999999999997 1.2171177339999986 0.0 8.28 0.0688906878951038 0.056863589575688434 False True -2.3481442075998547e-05 3.590837364029504 -0.05597932267550784 -1.7060356886514823 0.0
693 1 412.0 212.99999999999997 2.474016851000016 0.0 1.48 0.057642090597570195 0.05850147704125905 False True -2.3481442075998547e-05 3.590837364029504 -0.05597932267550784 -1.7060356886514823 0.0
693 2 424.0 224.99999999999997 3.733961769000018 0.0 1.48 0.057642090597570195 0.059441671213178775 False True -2.3481442075998547e-05 3.590837364029504 -0.05597932267550784 -1.7060356886514823 0.0
693 3 436.0 236.99999999999994 5.003995470000035 0.0 1.48 0.057642090597570195 0.07219614275031379 False True -2.3481442075998547e-05 3.590837364029504 -0.05597932267550784 -1.7060356886514823 0.0
693 4 448.0 248.99999999999994 6.263614003000015 0.0 1.48 0.057642090597570195 0.06565919215913033 False True -2.3481442075998547e-05 3.590837364029504 -0.05597932267550784 -1.7060356886514823 0.0
693 5 460.0 261.0 7.533588671000018 0.0 8.27 0.06565919215913033 0.06250198751373928 False True -2.3481442075998547e-05 3.590837364029504 -0.05597932267550784 -1.7060356886514823 0.0
693 6 472.0 273.0 8.810810405000012 0.0 8.27 0.06565919215913033 0.060462587338220186 False True -2.3481442075998547e-05 3.590837364029504 -0.05597932267550784 -1.7060356886514823 0.0
693 7 484.0 285.0 10.070943537000005 0.0 8.27 0.06565919215913033 0.06156413156832148 False True -2.3481442075998547e-05 3.590837364029504 -0.05597932267550784 -1.7060356886514823 0.0
693 8 496.0 297.0 11.34020470500002 0.0 1.44 0.06156413156832148 0.0627462019918565 False True -2.3481442075998547e-05 3.590837364029504 -0.05597932267550784 -1.7060356886514823 0.0
693 9 508.0 309.0 12.599652943000024 0.0 1.44 0.06156413156832148 0.06400868864381819 False True -2.3481442075998547e-05 3.590837364029504 -0.05597932267550784 -1.7060356886514823 0.0
693 10 520.0 321.0 13.877607727000026 0.0 1.44 0.06156413156832148 0.06535147351682437 False True -2.3481442075998547e-05 3.590837364029504 -0.05597932267550784 -1.7060356886514823 0.0
693 11 532.0 333.0 15.147694577000038 0.0 1.44 0.06156413156832148 0.05554951411820841 False True -2.3481442075998547e-05 3.590837364029504 -0.05597932267550784 -1.7060356886514823 0.0
693 12 544.0 345.0 16.417764282000036 0.0 1.44 0.06156413156832148 0.056166043579894874 False True -2.3481442075998547e-05 3.590837364029504 -0.05597932267550784 -1.7060356886514823 0.0
693 13 556.0 357.0 17.677750334000024 0.0 1.44 0.06156413156832148 0.05501405459623742 False True -2.3481442075998547e-05 3.590837364029504 -0.05597932267550784 -1.7060356886514823 0.0
693 14 568.0 369.0 18.93673478100004 0.0 1.44 0.06156413156832148 0.05418651845059321 False True -2.3481442075998547e-05 3.590837364029504 -0.05597932267550784 -1.7060356886514823 0.0
693 15 580.0 381.0 20.22283734000004 0.0 1.44 0.06156413156832148 0.05455971031183957 False True -2.3481442075998547e-05 3.590837364029504 -0.05597932267550784 -1.7060356886514823 0.0
693 16 592.0 393.0 21.483719370000046 0.0 1.44 0.06156413156832148 0.053894508082074646 False True -2.3481442075998547e-05 3.590837364029504 -0.05597932267550784 -1.7060356886514823 0.0
693 17 604.0 405.0 22.75309921400003 0.0 8.27 0.06565919215913033 0.05368370015695428 False True -2.3481442075998547e-05 3.590837364029504 -0.05597932267550784 -1.7060356886514823 0.0
693 18 616.0 417.0 24.01207272900004 0.0 8.27 0.06565919215913033 0.053554107504901485 False True -2.3481442075998547e-05 3.590837364029504 -0.05597932267550784 -1.7060356886514823 0.0
693 19 628.0 429.0 25.281392758000038 0.0 1.57 0.053554107504901485 0.053505734833299706 False True -2.3481442075998547e-05 3.590837364029504 -0.05597932267550784 -1.7060356886514823 0.0
693 20 640.0 441.0 26.540316856000032 0.0 1.57 0.053554107504901485 0.053538578726778946 False True -2.3481442075998547e-05 3.590837364029504 -0.05597932267550784 -1.7060356886514823 0.0
693 21 652.0 453.0 27.799671267000008 0.0 8.27 0.06565919215913033 0.056411742197990326 False True -2.3481442075998547e-05 3.590837364029504 -0.05597932267550784 -1.7060356886514823 0.0
693 22 664.0 465.0 29.087380998000015 0.0 8.27 0.06565919215913033 0.05941939850034785 False True -2.3481442075998547e-05 3.590837364029504 -0.05597932267550784 -1.7060356886514823 0.0
693 23 676.0 477.0 30.343031017000015 0.0 8.27 0.06565919215913033 0.050622458541098876 False True -2.3481442075998547e-05 3.590837364029504 -0.05597932267550784 -1.7060356886514823 0.0
693 24 688.0 489.0 31.61203026900003 0.0 8.27 0.06565919215913033 0.05347932819160934 False True -2.3481442075998547e-05 3.590837364029504 -0.05597932267550784 -1.7060356886514823 0.0
693 25 700.0 501.0 32.87114958300003 0.0 8.27 0.06565919215913033 0.04784142775109677 False True -2.3481442075998547e-05 3.590837364029504 -0.05597932267550784 -1.7060356886514823 0.0
693 26 712.0 513.0 34.126917271000025 0.0 8.27 0.06565919215913033 0.04513652274154058 False True -2.3481442075998547e-05 3.590837364029504 -0.05597932267550784 -1.7060356886514823 0.0
693 27 724.0 525.0 35.396055820000015 0.0 8.27 0.06565919215913033 0.03995619964858285 False True -2.3481442075998547e-05 3.590837364029504 -0.05597932267550784 -1.7060356886514823 0.0
693 28 736.0 537.0 36.665756490999996 0.0 8.27 0.06565919215913033 0.042508022818965145 False True -2.3481442075998547e-05 3.590837364029504 -0.05597932267550784 -1.7060356886514823 0.0
693 29 748.0 549.0 37.92537935200002 0.0 8.27 0.06565919215913033 0.03508363185637768 False True -2.3481442075998547e-05 3.590837364029504 -0.05597932267550784 -1.7060356886514823 0.0
693 30 760.0 561.0 39.19537049800002 0.0 8.27 0.06565919215913033 0.037481317227112086 False True -2.3481442075998547e-05 3.590837364029504 -0.05597932267550784 -1.7060356886514823 0.0
693 31 772.0 573.0 40.455132950999996 0.0 8.27 0.06565919215913033 0.03276339211768324 False True -2.3481442075998547e-05 3.590837364029504 -0.05597932267550784 -1.7060356886514823 0.0
693 32 784.0 585.0 41.72403454199997 0.0 8.27 0.06565919215913033 0.030520838846952645 False True -2.3481442075998547e-05 3.590837364029504 -0.05597932267550784 -1.7060356886514823 0.0
693 33 796.0 597.0 42.99385196999998 0.0 8.27 0.06565919215913033 0.028356205110644846 False True -2.3481442075998547e-05 3.590837364029504 -0.05597932267550784 -1.7060356886514823 0.0
693 34 808.0 609.0 44.254218734999995 0.0 8.27 0.06565919215913033 0.02426158952076457 False True -2.3481442075998547e-05 3.590837364029504 -0.05597932267550784 -1.7060356886514823 0.0
693 35 820.0 621.0 45.52375791700001 0.0 8.27 0.06565919215913033 0.026269716182451542 False True -2.3481442075998547e-05 3.590837364029504 -0.05597932267550784 -1.7060356886514823 0.0
693 36 832.0 633.0 46.794215597000004 0.0 8.12 0.026269716182451542 0.02233203474693553 False True -2.3481442075998547e-05 3.590837364029504 -0.05597932267550784 -1.7060356886514823 0.0
693 37 844.0 645.0 48.06510088500002 0.0 8.27 0.06565919215913033 0.020481253624310917 False True -2.3481442075998547e-05 3.590837364029504 -0.05597932267550784 -1.7060356886514823 0.0
693 38 856.0 657.0 49.32585350300002 0.0 8.27 0.06565919215913033 0.018709440038056555 False True -2.3481442075998547e-05 3.590837364029504 -0.05597932267550784 -1.7060356886514823 0.0
693 39 868.0 669.0 50.595530309000026 0.0 8.08 0.018709440038056555 0.017016779975770585 False True -2.3481442075998547e-05 3.590837364029504 -0.05597932267550784 -1.7060356886514823 0.0
693 40 880.0 681.0 51.86554847300002 0.0 8.08 0.018709440038056555 0.015403451508882846 False True -2.3481442075998547e-05 3.590837364029504 -0.05597932267550784 -1.7060356886514823 0.0
693 41 892.0 693.0 53.12541127 0.0 8.08 0.018709440038056555 0.013869624774849995 False True -2.3481442075998547e-05 3.590837364029504 -0.05597932267550784 -1.7060356886514823 0.0
693 42 904.0 705.0 54.395496588000015 0.0 8.08 0.018709440038056555 0.012415461960140666 False True -2.3481442075998547e-05 3.590837364029504 -0.05597932267550784 -1.7060356886514823 0.0
693 43 916.0 717.0 55.67112700400003 0.0 8.04 0.012415461960140666 0.011041117284017087 False True -2.3481442075998547e-05 3.590837364029504 -0.05597932267550784 -1.7060356886514823 0.0
693 44 928.0 729.0 56.93976839900003 0.0 8.03 0.011041117284017087 0.009746736983115362 False True -2.3481442075998547e-05 3.590837364029504 -0.05597932267550784 -1.7060356886514823 0.0
693 45 940.0 741.0 58.209121727000024 0.0 8.08 0.018709440038056555 0.008532459296818635 False True -2.3481442075998547e-05 3.590837364029504 -0.05597932267550784 -1.7060356886514823 0.0
693 46 952.0 753.0 59.47881909200004 0.0 8.01 0.008532459296818635 0.007398414453436121 False True -2.3481442075998547e-05 3.590837364029504 -0.05597932267550784 -1.7060356886514823 0.0
693 47 964.0 765.0 60.738660365000044 0.0 8.01 0.008532459296818635 0.006344724657177907 False True -2.3481442075998547e-05 3.590837364029504 -0.05597932267550784 -1.7060356886514823 0.0
693 48 976.0 777.0 62.008284993000046 0.0 8.01 0.008532459296818635 0.005371504075939228 False True -2.3481442075998547e-05 3.590837364029504 -0.05597932267550784 -1.7060356886514823 0.0
693 49 988.0 789.0 63.27805574000004 0.0 8.01 0.008532459296818635 0.004478858829879062 False True -2.3481442075998547e-05 3.590837364029504 -0.05597932267550784 -1.7060356886514823 0.0
693 50 1000.0 801.0 64.54913554000004 0.0 7.97 0.004478858829879062 0.003666886980809657 False True -2.3481442075998547e-05 3.590837364029504 -0.05597932267550784 -1.7060356886514823 0.0
693 51 1012.0 813.0 65.81907948800003 0.0 7.97 0.004478858829879062 0.0029356785223919137 False True -2.3481442075998547e-05 3.590837364029504 -0.05597932267550784 -1.7060356886514823 0.0
693 52 1024.0 825.0 67.08873832800003 0.0 7.95 0.0029356785223919137 0.0022853153711359206 False True -2.3481442075998547e-05 3.590837364029504 -0.05597932267550784 -1.7060356886514823 0.0
693 53 1036.0 837.0 68.35828974500004 0.0 7.95 0.0029356785223919137 0.0017158713582073582 False True -2.3481442075998547e-05 3.590837364029504 -0.05597932267550784 -1.7060356886514823 0.0
693 54 1048.0 849.0 69.62817306800005 0.0 8.04 0.012415461960140666 0.0012274122220469843 False True -2.3481442075998547e-05 3.590837364029504 -0.05597932267550784 -1.7060356886514823 0.0
693 55 1060.0 861.0 70.88868584600007 0.0 8.06 0.015403451508882846 0.0008199956017959883 False True -2.3481442075998547e-05 3.590837364029504 -0.05597932267550784 -1.7060356886514823 0.0
693 56 1072.0 873.0 72.15903749500009 0.0 8.23 0.05347932819160934 0.0004936710315308221 False True -2.3481442075998547e-05 3.590837364029504 -0.05597932267550784 -1.7060356886514823 0.0
693 57 1084.0 885.0 73.4304663240001 0.0 8.23 0.05347932819160934 0.06827742575613746 False True -2.3481442075998547e-05 3.590837364029504 -0.05597932267550784 -1.7060356886514823 0.0
693 58 1096.0 897.0 74.69911288800009 0.0 8.23 0.05347932819160934 0.06677443057290997 False True -2.3481442075998547e-05 3.590837364029504 -0.05597932267550784 -1.7060356886514823 0.0
693 59 1108.0 909.0 75.98755437600008 0.0 1.4000000000000001 0.06677443057290997 0.07152295427161405 False True -2.3481442075998547e-05 3.590837364029504 -0.05597932267550784 -1.7060356886514823 0.0
693 60 1120.0 921.0 77.25655000500007 0.0 8.01 0.008532459296818635 0.06986031700599568 False True -2.3481442075998547e-05 3.590837364029504 -0.05597932267550784 -1.7060356886514823 0.0
693 61 1132.0 933.0 78.52553949000009 0.0 8.27 0.06565919215913033 0.07326517952675879 False True -2.3481442075998547e-05 3.590837364029504 -0.05597932267550784 -1.7060356886514823 0.0
693 62 1144.0 945.0 79.7955398230001 0.0 8.09 0.020481253624310917 0.07698772211952563 False True -2.3481442075998547e-05 3.590837364029504 -0.05597932267550784 -1.7060356886514823 0.0
693 63 1156.0 957.0 81.0663435970001 0.0 8.12 0.026269716182451542 0.07508682678564436 False True -2.3481442075998547e-05 3.590837364029504 -0.05597932267550784 -1.7060356886514823 0.0
693 64 1168.0 969.0 82.3361254030001 0.0 8.12 0.026269716182451542 0.08102652168765018 False True -2.3481442075998547e-05 3.590837364029504 -0.05597932267550784 -1.7060356886514823 0.0
693 65 1180.0 981.0 83.6051713010001 0.0 1.35 0.07508682678564436 0.07896768367409066 False True -2.3481442075998547e-05 3.590837364029504 -0.05597932267550784 -1.7060356886514823 0.0
693 66 1192.0 993.0 84.87609826700009 0.0 7.97 0.004478858829879062 0.08316403851011193 False True -2.3481442075998547e-05 3.590837364029504 -0.05597932267550784 -1.7060356886514823 0.0
693 67 1204.0 1005.0 86.14784497500008 0.0 1.58 0.053505734833299706 0.08538002862274284 False True -2.3481442075998547e-05 3.590837364029504 -0.05597932267550784 -1.7060356886514823 0.0
693 68 1216.0 1017.0 87.4192251390001 0.0 8.04 0.012415461960140666 0.08767427865872475 False True -2.3481442075998547e-05 3.590837364029504 -0.05597932267550784 -1.7060356886514823 0.0
693 69 1228.0 1029.0 88.68913477500013 0.0 8.04 0.012415461960140666 0.09249666592184125 False True -2.3481442075998547e-05 3.590837364029504 -0.05597932267550784 -1.7060356886514823 0.0
693 70 1240.0 1041.0 89.95543795500012 0.0 1.57 0.053554107504901485 0.09004656742449084 False True -2.3481442075998547e-05 3.590837364029504 -0.05597932267550784 -1.7060356886514823 0.0
693 71 1252.0 1053.0 91.22541529000011 0.0 1.57 0.053554107504901485 0.09502433737084492 False True -2.3481442075998547e-05 3.590837364029504 -0.05597932267550784 -1.7060356886514823 0.0
693 72 1264.0 1065.0 92.49543401100013 0.0 1.57 0.053554107504901485 0.10031141323827814 False True -2.3481442075998547e-05 3.590837364029504 -0.05597932267550784 -1.7060356886514823 0.0
693 73 1276.0 1077.0 93.76028305100013 0.0 1.57 0.053554107504901485 0.09762933723351797 False True -2.3481442075998547e-05 3.590837364029504 -0.05597932267550784 -1.7060356886514823 0.0
693 74 1288.0 1089.0 95.03080524000012 0.0 1.57 0.053554107504901485 0.18874150749425697 False True -2.3481442075998547e-05 3.590837364029504 -0.05597932267550784 -1.7060356886514823 0.0
693 75 1300.0 1101.0 96.30419982600012 0.0 1.57 0.053554107504901485 0.1939928897614566 False True -2.3481442075998547e-05 3.590837364029504 -0.05597932267550784 -1.7060356886514823 0.0
693 76 1312.0 1113.0 97.5891998910001 0.0 1.57 0.053554107504901485 0.2101195310393056 False True -2.3481442075998547e-05 3.590837364029504 -0.05597932267550784 -1.7060356886514823 0.0
693 77 1324.0 1125.0 98.8637198810001 0.0 1.57 0.053554107504901485 0.20468242728065578 False True -2.3481442075998547e-05 3.590837364029504 -0.05597932267550784 -1.7060356886514823 0.0
693 78 1336.0 1137.0 100.1491048210001 0.0 8.27 0.06565919215913033 0.22117573370116833 False True -2.3481442075998547e-05 3.590837364029504 -0.05597932267550784 -1.7060356886514823 0.0
693 79 1348.0 1149.0 101.43509969500008 0.0 8.27 0.06565919215913033 0.21561748020173166 False True -2.3481442075998547e-05 3.590837364029504 -0.05597932267550784 -1.7060356886514823 0.0
693 80 1360.0 1161.0 102.71062700400009 0.0 8.27 0.06565919215913033 0.2324709593424256 False True -2.3481442075998547e-05 3.590837364029504 -0.05597932267550784 -1.7060356886514823 0.0
693 81 1372.0 1173.0 103.99425432300009 0.0 1.58 0.053505734833299706 0.22679374443959072 False True -2.3481442075998547e-05 3.590837364029504 -0.05597932267550784 -1.7060356886514823 0.0
693 82 1384.0 1185.0 105.2842694330001 0.0 1.58 0.053505734833299706 0.2440007597927575 False True -2.3481442075998547e-05 3.590837364029504 -0.05597932267550784 -1.7060356886514823 0.0
693 83 1396.0 1197.0 106.57371259300012 0.0 1.58 0.053505734833299706 0.2382068194138641 False True -2.3481442075998547e-05 3.590837364029504 -0.05597932267550784 -1.7060356886514823 0.0
693 84 1408.0 1209.0 107.86411492000013 0.0 1.58 0.053505734833299706 0.24985220980910008 False True -2.3481442075998547e-05 3.590837364029504 -0.05597932267550784 -1.7060356886514823 0.0
693 85 1420.0 1221.0 109.16341206100014 0.0 1.58 0.053505734833299706 0.2557605930410994 False True -2.3481442075998547e-05 3.590837364029504 -0.05597932267550784 -1.7060356886514823 0.0
693 86 1432.0 1233.0 110.45346943400014 0.0 1.58 0.053505734833299706 0.1784280979269901 False True -2.3481442075998547e-05 3.590837364029504 -0.05597932267550784 -1.7060356886514823 0.0
693 87 1444.0 1245.0 111.74425139200014 0.0 8.03 0.011041117284017087 0.07902756498332712 False True -2.3481442075998547e-05 3.590837364029504 -0.05597932267550784 -1.7060356886514823 0.0
693 88 1456.0 1257.0 113.03459331000013 0.0 8.03 0.011041117284017087 0.08615065576874718 False True -2.3481442075998547e-05 3.590837364029504 -0.05597932267550784 -1.7060356886514823 0.0
693 89 1468.0 1269.0 114.31852120500014 0.0 8.03 0.011041117284017087 0.08982066896750125 False True -2.3481442075998547e-05 3.590837364029504 -0.05597932267550784 -1.7060356886514823 0.0
693 90 1480.0 1281.0 115.60512532100012 0.0 8.03 0.011041117284017087 0.08255283157125498 False True -2.3481442075998547e-05 3.590837364029504 -0.05597932267550784 -1.7060356886514823 0.0
693 91 1492.0 1293.0 116.8688595640001 0.0 8.03 0.011041117284017087 0.09356249533949491 False True -2.3481442075998547e-05 3.590837364029504 -0.05597932267550784 -1.7060356886514823 0.0
693 92 1504.0 1305.0 118.15078581500009 0.0 1.48 0.057642090597570195 0.10126004841870308 False True -2.3481442075998547e-05 3.590837364029504 -0.05597932267550784 -1.7060356886514823 0.0
693 93 1516.0 1317.0 119.4231050250001 0.0 1.57 0.053554107504901485 0.09737575187456397 False True -2.3481442075998547e-05 3.590837364029504 -0.05597932267550784 -1.7060356886514823 0.0
693 94 1528.0 1329.0 120.69575854600009 0.0 1.27 0.09249666592184125 0.10521498771308359 False True -2.3481442075998547e-05 3.590837364029504 -0.05597932267550784 -1.7060356886514823 0.0
693 95 1540.0 1341.0 121.9801848060001 0.0 1.27 0.09249666592184125 0.11333517023218709 False True -2.3481442075998547e-05 3.590837364029504 -0.05597932267550784 -1.7060356886514823 0.0
693 96 1552.0 1353.0 123.2539637890001 0.0 1.27 0.09249666592184125 0.10924016543377704 False True -2.3481442075998547e-05 3.590837364029504 -0.05597932267550784 -1.7060356886514823 0.0
693 97 1564.0 1365.0 124.53850540800008 0.0 1.27 0.09249666592184125 0.12173298079193996 False True -2.3481442075998547e-05 3.590837364029504 -0.05597932267550784 -1.7060356886514823 0.0
693 98 1576.0 1377.0 125.81281975600004 0.0 1.27 0.09249666592184125 0.11749958377618418 False True -2.3481442075998547e-05 3.590837364029504 -0.05597932267550784 -1.7060356886514823 0.0
693 99 1588.0 1389.0 127.09800389300008 0.0 1.27 0.09249666592184125 0.12603492910645292 False True -2.3481442075998547e-05 3.590837364029504 -0.05597932267550784 -1.7060356886514823 0.0
693 100 1600.0 1401.0 128.3724665280001 0.0 1.27 0.09249666592184125 0.0755752173566798 False True -2.3481442075998547e-05 3.590837364029504 -0.05597932267550784 -1.7060356886514823 0.0
693 101 1612.0 1413.0 129.65723559500012 0.0 1.27 0.09249666592184125 0.13484271670385298 False True -2.3481442075998547e-05 3.590837364029504 -0.05597932267550784 -1.7060356886514823 0.0
693 102 1624.0 1425.0 130.94131213500012 0.0 1.27 0.09249666592184125 0.1304049896907608 False True -2.3481442075998547e-05 3.590837364029504 -0.05597932267550784 -1.7060356886514823 0.0
693 103 1636.0 1437.0 132.2275806740001 0.0 1.27 0.09249666592184125 0.13934765753724476 False True -2.3481442075998547e-05 3.590837364029504 -0.05597932267550784 -1.7060356886514823 0.0
693 104 1648.0 1449.0 133.51926437300014 0.0 8.44 0.1304049896907608 0.14855733666587861 False True -2.3481442075998547e-05 3.590837364029504 -0.05597932267550784 -1.7060356886514823 0.0
693 105 1660.0 1461.0 134.80345547400017 0.0 1.27 0.09249666592184125 0.1439193528602448 False True -2.3481442075998547e-05 3.590837364029504 -0.05597932267550784 -1.7060356886514823 0.0
693 106 1672.0 1473.0 136.07892657700015 0.0 1.27 0.09249666592184125 0.15803027259604518 False True -2.3481442075998547e-05 3.590837364029504 -0.05597932267550784 -1.7060356886514823 0.0
693 107 1684.0 1485.0 137.36307189500016 0.0 1.27 0.09249666592184125 0.15326113631749916 False True -2.3481442075998547e-05 3.590837364029504 -0.05597932267550784 -1.7060356886514823 0.0
693 108 1696.0 1497.0 138.64682380800016 0.0 1.27 0.09249666592184125 0.16286425974796195 False True -2.3481442075998547e-05 3.590837364029504 -0.05597932267550784 -1.7060356886514823 0.0
693 109 1708.0 1509.0 139.9315311660002 0.0 1.27 0.09249666592184125 0.1727248112773219 False True -2.3481442075998547e-05 3.590837364029504 -0.05597932267550784 -1.7060356886514823 0.0
693 110 1720.0 1521.0 141.2053683180002 0.0 1.27 0.09249666592184125 0.16776260553377545 False True -2.3481442075998547e-05 3.590837364029504 -0.05597932267550784 -1.7060356886514823 0.0
693 111 1732.0 1533.0 142.49056854400018 0.0 1.27 0.09249666592184125 0.18283877604930823 False True -2.3481442075998547e-05 3.590837364029504 -0.05597932267550784 -1.7060356886514823 0.0
693 112 1744.0 1545.0 143.77486061400018 0.0 1.27 0.09249666592184125 0.17775037191560328 False True -2.3481442075998547e-05 3.590837364029504 -0.05597932267550784 -1.7060356886514823 0.0
693 113 1756.0 1557.0 145.04982528300022 0.0 1.27 0.09249666592184125 0.19320203783157677 False True -2.3481442075998547e-05 3.590837364029504 -0.05597932267550784 -1.7060356886514823 0.0
693 114 1768.0 1569.0 146.33436299600024 0.0 1.27 0.09249666592184125 0.187989505993936 False True -2.3481442075998547e-05 3.590837364029504 -0.05597932267550784 -1.7060356886514823 0.0
693 115 1780.0 1581.0 147.62014771100027 0.0 1.27 0.09249666592184125 0.19847584146329691 False True -2.3481442075998547e-05 3.590837364029504 -0.05597932267550784 -1.7060356886514823 0.0
693 116 1792.0 1593.0 148.90434289700025 0.0 1.27 0.09249666592184125 0.20920511312679346 False True -2.3481442075998547e-05 3.590837364029504 -0.05597932267550784 -1.7060356886514823 0.0
693 117 1804.0 1605.0 150.18862607600025 0.0 1.27 0.09249666592184125 0.18355307351238634 False True -2.3481442075998547e-05 3.590837364029504 -0.05597932267550784 -1.7060356886514823 0.0
693 118 1816.0 1617.0 151.47397484200022 0.0 7.97 0.004478858829879062 0.20381038066214874 False True -2.3481442075998547e-05 3.590837364029504 -0.05597932267550784 -1.7060356886514823 0.0
693 119 1828.0 1629.0 152.75993959200017 0.0 1.48 0.057642090597570195 0.05384786193657437 False True -2.3481442075998547e-05 3.590837364029504 -0.05597932267550784 -1.7060356886514823 0.0
693 120 1840.0 1641.0 154.04242606600016 0.0 1.48 0.057642090597570195 0.054124253815504855 False True -2.3481442075998547e-05 3.590837364029504 -0.05597932267550784 -1.7060356886514823 0.0
693 121 1852.0 1653.0 155.32824048400013 0.0 1.48 0.057642090597570195 0.05365262764755196 False True -2.3481442075998547e-05 3.590837364029504 -0.05597932267550784 -1.7060356886514823 0.0
693 122 1864.0 1665.0 156.61415114100012 0.0 8.27 0.06565919215913033 0.05448176738948566 False True -2.3481442075998547e-05 3.590837364029504 -0.05597932267550784 -1.7060356886514823 0.0
693 123 1876.0 1677.0 157.89949086700008 0.0 1.44 0.06156413156832148 0.054920358650731846 False True -2.3481442075998547e-05 3.590837364029504 -0.05597932267550784 -1.7060356886514823 0.0
693 124 1888.0 1689.0 159.18477686900005 0.0 1.6400000000000001 0.054920358650731846 0.05543997548293145 False True -2.3481442075998547e-05 3.590837364029504 -0.05597932267550784 -1.7060356886514823 0.0
693 125 1900.0 1701.0 160.45949415200008 0.0 1.6400000000000001 0.054920358650731846 0.05604055766645731 False True -2.3481442075998547e-05 3.590837364029504 -0.05597932267550784 -1.7060356886514823 0.0
693 126 1912.0 1713.0 161.74381107200006 0.0 1.6400000000000001 0.054920358650731846 0.056722036884389086 False True -2.3481442075998547e-05 3.590837364029504 -0.05597932267550784 -1.7060356886514823 0.0
693 127 1924.0 1725.0 163.02803503900006 0.0 1.6400000000000001 0.054920358650731846 0.05748433672934326 False True -2.3481442075998547e-05 3.590837364029504 -0.05597932267550784 -1.7060356886514823 0.0
693 128 1936.0 1737.0 164.31300467800006 0.0 1.6400000000000001 0.054920358650731846 0.05925105226513005 False True -2.3481442075998547e-05 3.590837364029504 -0.05597932267550784 -1.7060356886514823 0.0
693 129 1948.0 1749.0 165.59890288800008 0.0 1.6400000000000001 0.054920358650731846 0.058327372711115585 False True -2.3481442075998547e-05 3.590837364029504 -0.05597932267550784 -1.7060356886514823 0.0
693 130 1960.0 1761.0 166.8846642660001 0.0 1.69 0.058327372711115585 0.060255274761693026 False True -2.3481442075998547e-05 3.590837364029504 -0.05597932267550784 -1.7060356886514823 0.0
693 131 1972.0 1773.0 168.16762138800013 0.0 1.6400000000000001 0.054920358650731846 0.06250490579929383 False True -2.3481442075998547e-05 3.590837364029504 -0.05597932267550784 -1.7060356886514823 0.0
693 132 1984.0 1785.0 169.45273170400017 0.0 1.6400000000000001 0.054920358650731846 0.061339931516058335 False True -2.3481442075998547e-05 3.590837364029504 -0.05597932267550784 -1.7060356886514823 0.0
693 133 1996.0 1797.0 170.73839714000022 0.0 1.6400000000000001 0.054920358650731846 0.06375007284995604 False True -2.3481442075998547e-05 3.590837364029504 -0.05597932267550784 -1.7060356886514823 0.0
693 134 2008.0 1809.0 172.0233013110002 0.0 1.6400000000000001 0.054920358650731846 0.06648044612088073 False True -2.3481442075998547e-05 3.590837364029504 -0.05597932267550784 -1.7060356886514823 0.0
693 135 2020.0 1821.0 173.3089306690002 0.0 1.6400000000000001 0.054920358650731846 0.06507529988656491 False True -2.3481442075998547e-05 3.590837364029504 -0.05597932267550784 -1.7060356886514823 0.0
693 136 2032.0 1833.0 174.59490048700022 0.0 1.6400000000000001 0.054920358650731846 0.10590574607185847 False True -2.3481442075998547e-05 3.590837364029504 -0.05597932267550784 -1.7060356886514823 0.0
693 137 2044.0 1845.0 175.88103512900025 0.0 1.6400000000000001 0.054920358650731846 0.10307030540516843 False True -2.3481442075998547e-05 3.590837364029504 -0.05597932267550784 -1.7060356886514823 0.0
693 138 2056.0 1857.0 177.19643764900027 0.0 1.6400000000000001 0.054920358650731846 0.11180516400480618 False True -2.3481442075998547e-05 3.590837364029504 -0.05597932267550784 -1.7060356886514823 0.0
693 139 2068.0 1869.0 178.48109174400028 0.0 1.6400000000000001 0.054920358650731846 0.10881745992040912 False True -2.3481442075998547e-05 3.590837364029504 -0.05597932267550784 -1.7060356886514823 0.0
693 140 2080.0 1881.0 179.76657013000025 0.0 1.6400000000000001 0.054920358650731846 0.11486856777924742 False True -2.3481442075998547e-05 3.590837364029504 -0.05597932267550784 -1.7060356886514823 0.0
693 141 2092.0 1893.0 181.0519614460002 0.0 1.6400000000000001 0.054920358650731846 0.12122127439124653 False True -2.3481442075998547e-05 3.590837364029504 -0.05597932267550784 -1.7060356886514823 0.0
693 142 2104.0 1905.0 182.3387539360002 0.0 1.6400000000000001 0.054920358650731846 0.11800737312720994 False True -2.3481442075998547e-05 3.590837364029504 -0.05597932267550784 -1.7060356886514823 0.0
693 143 2116.0 1917.0 183.6335064590002 0.0 1.6400000000000001 0.054920358650731846 0.12450995840356674 False True -2.3481442075998547e-05 3.590837364029504 -0.05597932267550784 -1.7060356886514823 0.0
693 144 2128.0 1929.0 184.91925019300018 0.0 1.69 0.058327372711115585 0.12787310451733955 False True -2.3481442075998547e-05 3.590837364029504 -0.05597932267550784 -1.7060356886514823 0.0
693 145 2140.0 1941.0 186.20526830400016 0.0 1.44 0.06156413156832148 0.13131038463876502 False True -2.3481442075998547e-05 3.590837364029504 -0.05597932267550784 -1.7060356886514823 0.0
693 146 2152.0 1953.0 187.49229119200018 0.0 1.44 0.06156413156832148 0.13840599749213262 False True -2.3481442075998547e-05 3.590837364029504 -0.05597932267550784 -1.7060356886514823 0.0
693 147 2164.0 1965.0 188.78832627800014 0.0 1.12 0.13840599749213262 0.1348214632598862 False True -2.3481442075998547e-05 3.590837364029504 -0.05597932267550784 -1.7060356886514823 0.0
693 148 2176.0 1977.0 190.07371929800016 0.0 1.44 0.06156413156832148 0.142063637100614 False True -2.3481442075998547e-05 3.590837364029504 -0.05597932267550784 -1.7060356886514823 0.0
693 149 2188.0 1989.0 191.35916159300015 0.0 1.6400000000000001 0.054920358650731846 0.14579402453913848 False True -2.3481442075998547e-05 3.590837364029504 -0.05597932267550784 -1.7060356886514823 0.0
