171 0 400.0 200.99999999999997 1.4608298329999911 0.0 1.83 0.07740038863597674 0.07940926803030329 False True 0.0017189211642245688 1.4619708788695864 -0.011268328510255747 -0.5007147809675814 0.0
171 1 412.0 212.99999999999997 2.9626144169999975 0.0 1.83 0.07740038863597674 0.08149530506844561 False True 0.0017189211642245688 1.4619708788695864 -0.011268328510255747 -0.5007147809675814 0.0
171 2 424.0 224.99999999999997 4.464812328999983 0.0 1.85 0.08149530506844561 0.08365828299367323 False True 0.0017189211642245688 1.4619708788695864 -0.011268328510255747 -0.5007147809675814 0.0
171 3 436.0 236.99999999999997 5.969042485999978 0.0 1.85 0.08149530506844561 0.07546887592568725 False True 0.0017189211642245688 1.4619708788695864 -0.011268328510255747 -0.5007147809675814 0.0
171 4 448.0 248.99999999999997 7.472989281999958 0.0 1.85 0.08149530506844561 0.0736149312022326 False True 0.0017189211642245688 1.4619708788695864 -0.011268328510255747 -0.5007147809675814 0.0
171 5 460.0 261.0 9.01255967199998 0.0 1.81 0.0736149312022326 0.07183874801086199 False True 0.0017189211642245688 1.4619708788695864 -0.011268328510255747 -0.5007147809675814 0.0
171 6 472.0 273.0 10.518389358999968 0.0 1.85 0.08149530506844561 0.0701405121199231 False True 0.0017189211642245688 1.4619708788695864 -0.011268328510255747 -0.5007147809675814 0.0
171 7 484.0 285.0 12.037718560999963 0.0 1.81 0.0736149312022326 0.06852040150228123 False True 0.0017189211642245688 1.4619708788695864 -0.011268328510255747 -0.5007147809675814 0.0
171 8 496.0 297.0 13.579268751999962 0.0 1.78 0.06852040150228123 0.0669785863175248 False True 0.0017189211642245688 1.4619708788695864 -0.011268328510255747 -0.5007147809675814 0.0
171 9 508.0 309.0 15.097746322999967 0.0 1.78 0.06852040150228123 0.0655152288949502 False True 0.0017189211642245688 1.4619708788695864 -0.011268328510255747 -0.5007147809675814 0.0
171 10 520.0 321.0 16.605049639999947 0.0 1.78 0.06852040150228123 0.06413048371732774 False True 0.0017189211642245688 1.4619708788695864 -0.011268328510255747 -0.5007147809675814 0.0
171 11 532.0 333.0 18.12361613099995 0.0 1.78 0.06852040150228123 0.06282449740545286 False True 0.0017189211642245688 1.4619708788695864 -0.011268328510255747 -0.5007147809675814 0.0
171 12 544.0 345.0 19.63351328699997 0.0 1.78 0.06852040150228123 0.06159740870348696 False True 0.0017189211642245688 1.4619708788695864 -0.011268328510255747 -0.5007147809675814 0.0
171 13 556.0 357.0 21.177823338999957 0.0 1.78 0.06852040150228123 0.06044934846508054 False True 0.0017189211642245688 1.4619708788695864 -0.011268328510255747 -0.5007147809675814 0.0
171 14 568.0 369.0 22.70134156599994 0.0 1.78 0.06852040150228123 0.059380439640288864 False True 0.0017189211642245688 1.4619708788695864 -0.011268328510255747 -0.5007147809675814 0.0
171 15 580.0 381.0 24.23653042199996 0.0 1.78 0.06852040150228123 0.05839079726327844 False True 0.0017189211642245688 1.4619708788695864 -0.011268328510255747 -0.5007147809675814 0.0
171 16 592.0 393.0 25.760305905999957 0.0 1.78 0.06852040150228123 0.05748052844082185 False True 0.0017189211642245688 1.4619708788695864 -0.011268328510255747 -0.5007147809675814 0.0
171 17 604.0 405.0 27.286316894999942 0.0 1.78 0.06852040150228123 0.05664973234158891 False True 0.0017189211642245688 1.4619708788695864 -0.011268328510255747 -0.5007147809675814 0.0
171 18 616.0 417.0 28.811113045999946 0.0 1.73 0.06159740870348696 0.055898500186227794 False True 0.0017189211642245688 1.4619708788695864 -0.011268328510255747 -0.5007147809675814 0.0
171 19 628.0 429.0 30.36831609899994 0.0 1.6700000000000002 0.055898500186227794 0.055226915238245196 False True 0.0017189211642245688 1.4619708788695864 -0.011268328510255747 -0.5007147809675814 0.0
171 20 640.0 441.0 31.893974794999934 0.0 1.73 0.06159740870348696 0.05463505279568003 False True 0.0017189211642245688 1.4619708788695864 -0.011268328510255747 -0.5007147809675814 0.0
171 21 652.0 453.0 33.431972326999926 0.0 1.78 0.06852040150228123 0.05412298018357201 False True 0.0017189211642245688 1.4619708788695864 -0.011268328510255747 -0.5007147809675814 0.0
171 22 664.0 465.0 34.960030024999924 0.0 1.78 0.06852040150228123 0.0858979773544087 False True 0.0017189211642245688 1.4619708788695864 -0.011268328510255747 -0.5007147809675814 0.0
171 23 676.0 477.0 36.49878718799991 0.0 1.78 0.06852040150228123 0.0882141560266847 False True 0.0017189211642245688 1.4619708788695864 -0.011268328510255747 -0.5007147809675814 0.0
171 24 688.0 489.0 38.02741084799993 0.0 1.78 0.06852040150228123 0.09060657923734915 False True 0.0017189211642245688 1.4619708788695864 -0.011268328510255747 -0.5007147809675814 0.0
171 25 700.0 501.0 39.56339375899992 0.0 1.78 0.06852040150228123 0.09307499958804236 False True 0.0017189211642245688 1.4619708788695864 -0.011268328510255747 -0.5007147809675814 0.0
171 26 712.0 513.0 41.12608341299992 0.0 1.78 0.06852040150228123 0.09561916207993923 False True 0.0017189211642245688 1.4619708788695864 -0.011268328510255747 -0.5007147809675814 0.0
171 27 724.0 525.0 42.64682597499993 0.0 1.78 0.06852040150228123 0.09823880413924947 False True 0.0017189211642245688 1.4619708788695864 -0.011268328510255747 -0.5007147809675814 0.0
171 28 736.0 537.0 44.16649514799994 0.0 1.78 0.06852040150228123 0.28857283775047876 False True 0.0017189211642245688 1.4619708788695864 -0.011268328510255747 -0.5007147809675814 0.0
171 29 748.0 549.0 45.69092686199994 0.0 1.78 0.06852040150228123 0.27737322943245063 False True 0.0017189211642245688 1.4619708788695864 -0.011268328510255747 -0.5007147809675814 0.0
171 30 760.0 561.0 47.22032908399996 0.0 1.78 0.06852040150228123 0.10093365564347125 False True 0.0017189211642245688 1.4619708788695864 -0.011268328510255747 -0.5007147809675814 0.0
171 31 772.0 573.0 48.795654234999944 0.0 1.78 0.06852040150228123 0.10370343894840289 False True 0.0017189211642245688 1.4619708788695864 -0.011268328510255747 -0.5007147809675814 0.0
171 32 784.0 585.0 50.32654840999996 0.0 1.78 0.06852040150228123 0.10654786891591254 False True 0.0017189211642245688 1.4619708788695864 -0.011268328510255747 -0.5007147809675814 0.0
171 33 796.0 597.0 51.87160725599995 0.0 1.78 0.06852040150228123 0.27185855931374925 False True 0.0017189211642245688 1.4619708788695864 -0.011268328510255747 -0.5007147809675814 0.0
171 34 808.0 609.0 53.41534514199995 0.0 1.71 0.059380439640288864 0.05839079726327844 False True 0.0017189211642245688 1.4619708788695864 -0.011268328510255747 -0.5007147809675814 0.0
171 35 812.0 613.0 54.95686693699997 0.0 1.7 0.05839079726327844 0.05369075674723073 False True 0.0017189211642245688 1.4619708788695864 -0.011268328510255747 -0.5007147809675814 0.0
171 36 824.0 625.0 56.53657789699997 0.0 1.6300000000000001 0.05369075674723073 0.05333843384630111 False True 0.0017189211642245688 1.4619708788695864 -0.011268328510255747 -0.5007147809675814 0.0
171 37 836.0 637.0 58.080103494999975 0.0 1.7 0.05839079726327844 0.05306605484962725 False True 0.0017189211642245688 1.4619708788695864 -0.011268328510255747 -0.5007147809675814 0.0
171 38 848.0 649.0 59.63757448999996 0.0 1.6300000000000001 0.05369075674723073 0.052873655130916145 False True 0.0017189211642245688 1.4619708788695864 -0.011268328510255747 -0.5007147809675814 0.0
171 39 860.0 661.0 61.197617443999974 0.0 1.6300000000000001 0.05369075674723073 0.052761262065200557 False True 0.0017189211642245688 1.4619708788695864 -0.011268328510255747 -0.5007147809675814 0.0
171 40 872.0 673.0 62.75739612399997 0.0 1.6300000000000001 0.05369075674723073 0.05272889502609884 False True 0.0017189211642245688 1.4619708788695864 -0.011268328510255747 -0.5007147809675814 0.0
171 41 884.0 685.0 64.31840988299996 0.0 1.6300000000000001 0.05369075674723073 0.05277656538388327 False True 0.0017189211642245688 1.4619708788695864 -0.011268328510255747 -0.5007147809675814 0.0
171 42 896.0 697.0 65.87999901899997 0.0 1.71 0.059380439640288864 0.05290427650433671 False True 0.0017189211642245688 1.4619708788695864 -0.011268328510255747 -0.5007147809675814 0.0
171 43 908.0 709.0 67.44230077499995 0.0 1.8800000000000001 0.0882141560266847 0.053112023748421354 False True 0.0017189211642245688 1.4619708788695864 -0.011268328510255747 -0.5007147809675814 0.0
171 44 920.0 721.0 69.00341050599994 0.0 1.55 0.053112023748421354 0.0533997944727394 False True 0.0017189211642245688 1.4619708788695864 -0.011268328510255747 -0.5007147809675814 0.0
171 45 932.0 733.0 70.56611707999994 0.0 1.7 0.05839079726327844 0.05376756803079933 False True 0.0017189211642245688 1.4619708788695864 -0.011268328510255747 -0.5007147809675814 0.0
171 46 944.0 745.0 72.13402058199992 0.0 1.53 0.05376756803079933 0.054215315775080604 False True 0.0017189211642245688 1.4619708788695864 -0.011268328510255747 -0.5007147809675814 0.0
171 47 956.0 757.0 73.7149681459999 0.0 1.53 0.05376756803079933 0.05474300105989537 False True 0.0017189211642245688 1.4619708788695864 -0.011268328510255747 -0.5007147809675814 0.0
171 48 968.0 769.0 75.30810606499992 0.0 1.53 0.05376756803079933 0.055350579245057145 False True 0.0017189211642245688 1.4619708788695864 -0.011268328510255747 -0.5007147809675814 0.0
171 49 980.0 781.0 76.90457993099992 0.0 1.5 0.055350579245057145 0.05603799770034361 False True 0.0017189211642245688 1.4619708788695864 -0.011268328510255747 -0.5007147809675814 0.0
171 50 992.0 793.0 78.50519976799993 0.0 1.5 0.055350579245057145 0.056805195810759365 False True 0.0017189211642245688 1.4619708788695864 -0.011268328510255747 -0.5007147809675814 0.0
171 51 1004.0 805.0 80.11561898999992 0.0 1.5 0.055350579245057145 0.05765210498259491 False True 0.0017189211642245688 1.4619708788695864 -0.011268328510255747 -0.5007147809675814 0.0
171 52 1016.0 817.0 81.7155588729999 0.0 1.5 0.055350579245057145 0.05857864865029259 False True 0.0017189211642245688 1.4619708788695864 -0.011268328510255747 -0.5007147809675814 0.0
171 53 1028.0 829.0 83.31573872599992 0.0 1.5 0.055350579245057145 0.059584742284096076 False True 0.0017189211642245688 1.4619708788695864 -0.011268328510255747 -0.5007147809675814 0.0
171 54 1040.0 841.0 84.93053766499995 0.0 1.5 0.055350579245057145 0.0606702933985061 False True 0.0017189211642245688 1.4619708788695864 -0.011268328510255747 -0.5007147809675814 0.0
171 55 1052.0 853.0 86.54435782699994 0.0 1.49 0.05603799770034361 0.061835201561532466 False True 0.0017189211642245688 1.4619708788695864 -0.011268328510255747 -0.5007147809675814 0.0
171 56 1064.0 865.0 88.16317737399996 0.0 1.44 0.0606702933985061 0.06307935840472956 False True 0.0017189211642245688 1.4619708788695864 -0.011268328510255747 -0.5007147809675814 0.0
171 57 1076.0 877.0 89.80914775299996 0.0 1.49 0.05603799770034361 0.06440264763404242 False True 0.0017189211642245688 1.4619708788695864 -0.011268328510255747 -0.5007147809675814 0.0
171 58 1088.0 889.0 91.43034975999996 0.0 1.49 0.05603799770034361 0.06580494504142778 False True 0.0017189211642245688 1.4619708788695864 -0.011268328510255747 -0.5007147809675814 0.0
171 59 1100.0 901.0 93.06418525599994 0.0 1.4000000000000001 0.06580494504142778 0.06728611851728128 False True 0.0017189211642245688 1.4619708788695864 -0.011268328510255747 -0.5007147809675814 0.0
171 60 1112.0 913.0 94.70158327099995 0.0 1.49 0.05603799770034361 0.0688460280636419 False True 0.0017189211642245688 1.4619708788695864 -0.011268328510255747 -0.5007147809675814 0.0
171 61 1124.0 925.0 96.33802865299995 0.0 1.49 0.05603799770034361 0.07048452580819974 False True 0.0017189211642245688 1.4619708788695864 -0.011268328510255747 -0.5007147809675814 0.0
171 62 1136.0 937.0 97.98565673999994 0.0 1.49 0.05603799770034361 0.07220145601907448 False True 0.0017189211642245688 1.4619708788695864 -0.011268328510255747 -0.5007147809675814 0.0
171 63 1148.0 949.0 99.63951115399993 0.0 1.49 0.05603799770034361 0.07399665512039734 False True 0.0017189211642245688 1.4619708788695864 -0.011268328510255747 -0.5007147809675814 0.0
171 64 1160.0 961.0 101.32238094799993 0.0 1.35 0.07399665512039734 0.07586995170866222 False True 0.0017189211642245688 1.4619708788695864 -0.011268328510255747 -0.5007147809675814 0.0
171 65 1172.0 973.0 102.97814217099992 0.0 1.35 0.07399665512039734 0.07782116656986614 False True 0.0017189211642245688 1.4619708788695864 -0.011268328510255747 -0.5007147809675814 0.0
171 66 1184.0 985.0 104.64695103399993 0.0 1.35 0.07399665512039734 0.07985011269743447 False True 0.0017189211642245688 1.4619708788695864 -0.011268328510255747 -0.5007147809675814 0.0
171 67 1196.0 997.0 106.3026439889999 0.0 1.3900000000000001 0.06728611851728128 0.0819565953109199 False True 0.0017189211642245688 1.4619708788695864 -0.011268328510255747 -0.5007147809675814 0.0
171 68 1208.0 1009.0 107.95794525699992 0.0 1.35 0.07399665512039734 0.08414041187547752 False True 0.0017189211642245688 1.4619708788695864 -0.011268328510255747 -0.5007147809675814 0.0
171 69 1220.0 1021.0 109.59497163399993 0.0 1.49 0.05603799770034361 0.08640135212212234 False True 0.0017189211642245688 1.4619708788695864 -0.011268328510255747 -0.5007147809675814 0.0
171 70 1232.0 1033.0 111.24198456199991 0.0 1.49 0.05603799770034361 0.0887391980687558 False True 0.0017189211642245688 1.4619708788695864 -0.011268328510255747 -0.5007147809675814 0.0
171 71 1244.0 1045.0 112.87306552399991 0.0 1.49 0.05603799770034361 0.09115372404196025 False True 0.0017189211642245688 1.4619708788695864 -0.011268328510255747 -0.5007147809675814 0.0
171 72 1256.0 1057.0 114.51379458899987 0.0 1.49 0.05603799770034361 0.0936446966995684 False True 0.0017189211642245688 1.4619708788695864 -0.011268328510255747 -0.5007147809675814 0.0
171 73 1268.0 1069.0 116.14440952099989 0.0 1.35 0.07399665512039734 0.09621187505399786 False True 0.0017189211642245688 1.4619708788695864 -0.011268328510255747 -0.5007147809675814 0.0
171 74 1280.0 1081.0 117.76590466099992 0.0 1.4000000000000001 0.06580494504142778 0.09885501049635051 False True 0.0017189211642245688 1.4619708788695864 -0.011268328510255747 -0.5007147809675814 0.0
171 75 1292.0 1093.0 119.39991317599993 0.0 1.5 0.055350579245057145 0.10157384682126999 False True 0.0017189211642245688 1.4619708788695864 -0.011268328510255747 -0.5007147809675814 0.0
171 76 1304.0 1105.0 121.04844097499995 0.0 1.23 0.10157384682126999 0.10436812025256548 False True 0.0017189211642245688 1.4619708788695864 -0.011268328510255747 -0.5007147809675814 0.0
171 77 1316.0 1117.0 122.68513024699996 0.0 1.23 0.10157384682126999 0.10723755946958775 False True 0.0017189211642245688 1.4619708788695864 -0.011268328510255747 -0.5007147809675814 0.0
171 78 1328.0 1129.0 124.33472330499995 0.0 1.48 0.056805195810759365 0.11018188563436318 False True 0.0017189211642245688 1.4619708788695864 -0.011268328510255747 -0.5007147809675814 0.0
171 79 1340.0 1141.0 125.97378943099994 0.0 1.2 0.11018188563436318 0.1132008124194699 False True 0.0017189211642245688 1.4619708788695864 -0.011268328510255747 -0.5007147809675814 0.0
171 80 1352.0 1153.0 127.62488392099993 0.0 1.19 0.1132008124194699 0.11629404603668339 False True 0.0017189211642245688 1.4619708788695864 -0.011268328510255747 -0.5007147809675814 0.0
171 81 1364.0 1165.0 129.27823385699992 0.0 1.2 0.11018188563436318 0.11946128526634 False True 0.0017189211642245688 1.4619708788695864 -0.011268328510255747 -0.5007147809675814 0.0
171 82 1376.0 1177.0 130.92073066199987 0.0 1.2 0.11018188563436318 0.1227022214874742 False True 0.0017189211642245688 1.4619708788695864 -0.011268328510255747 -0.5007147809675814 0.0
171 83 1388.0 1189.0 132.57336629099984 0.0 1.2 0.11018188563436318 0.12601653870866658 False True 0.0017189211642245688 1.4619708788695864 -0.011268328510255747 -0.5007147809675814 0.0
171 84 1400.0 1201.0 134.24559444299985 0.0 1.2 0.11018188563436318 0.26984592945275954 False True 0.0017189211642245688 1.4619708788695864 -0.011268328510255747 -0.5007147809675814 0.0
171 85 1412.0 1213.0 135.89696658699984 0.0 1.2 0.11018188563436318 0.26385847324307676 False True 0.0017189211642245688 1.4619708788695864 -0.011268328510255747 -0.5007147809675814 0.0
171 86 1424.0 1225.0 137.54945157899982 0.0 1.17 0.11946128526634 0.2579253860489702 False True 0.0017189211642245688 1.4619708788695864 -0.011268328510255747 -0.5007147809675814 0.0
171 87 1436.0 1237.0 139.20227660499984 0.0 1.53 0.05376756803079933 0.25204725258504096 False True 0.0017189211642245688 1.4619708788695864 -0.011268328510255747 -0.5007147809675814 0.0
171 88 1448.0 1249.0 140.85384352099987 0.0 1.53 0.05376756803079933 0.24622465206970026 False True 0.0017189211642245688 1.4619708788695864 -0.011268328510255747 -0.5007147809675814 0.0
171 89 1460.0 1261.0 142.49496167299986 0.0 1.53 0.05376756803079933 0.2819815829309019 False True 0.0017189211642245688 1.4619708788695864 -0.011268328510255747 -0.5007147809675814 0.0
171 90 1472.0 1273.0 144.1476749399999 0.0 1.49 0.05603799770034361 0.1294039135996501 False True 0.0017189211642245688 1.4619708788695864 -0.011268328510255747 -0.5007147809675814 0.0
171 91 1484.0 1285.0 145.7991810239999 0.0 1.49 0.05603799770034361 0.1328640155236453 False True 0.0017189211642245688 1.4619708788695864 -0.011268328510255747 -0.5007147809675814 0.0
171 92 1496.0 1297.0 147.4399980729999 0.0 1.49 0.05603799770034361 0.13639650657041713 False True 0.0017189211642245688 1.4619708788695864 -0.011268328510255747 -0.5007147809675814 0.0
171 93 1508.0 1309.0 149.0904052049999 0.0 1.49 0.05603799770034361 0.1400010415900705 False True 0.0017189211642245688 1.4619708788695864 -0.011268328510255747 -0.5007147809675814 0.0
171 94 1520.0 1321.0 150.74341748199993 0.0 1.49 0.05603799770034361 0.1436772682275602 False True 0.0017189211642245688 1.4619708788695864 -0.011268328510255747 -0.5007147809675814 0.0
171 95 1532.0 1333.0 152.39595866899992 0.0 1.49 0.05603799770034361 0.14742482695793266 False True 0.0017189211642245688 1.4619708788695864 -0.011268328510255747 -0.5007147809675814 0.0
171 96 1544.0 1345.0 154.05102947199993 0.0 1.49 0.05603799770034361 0.15124335112227644 False True 0.0017189211642245688 1.4619708788695864 -0.011268328510255747 -0.5007147809675814 0.0
171 97 1556.0 1357.0 155.70609513299996 0.0 1.49 0.05603799770034361 0.2881285838181857 False True 0.0017189211642245688 1.4619708788695864 -0.011268328510255747 -0.5007147809675814 0.0
171 98 1568.0 1369.0 157.35486236899993 0.0 1.49 0.05603799770034361 0.15513246696438165 False True 0.0017189211642245688 1.4619708788695864 -0.011268328510255747 -0.5007147809675814 0.0
171 99 1580.0 1381.0 159.00738960599995 0.0 1.49 0.05603799770034361 0.15909179366812506 False True 0.0017189211642245688 1.4619708788695864 -0.011268328510255747 -0.5007147809675814 0.0
171 100 1592.0 1393.0 160.65937658899998 0.0 1.49 0.05603799770034361 0.1631209433955431 False True 0.0017189211642245688 1.4619708788695864 -0.011268328510255747 -0.5007147809675814 0.0
171 101 1604.0 1405.0 162.30974503299996 0.0 1.49 0.05603799770034361 0.2943275610783312 False True 0.0017189211642245688 1.4619708788695864 -0.011268328510255747 -0.5007147809675814 0.0
171 102 1616.0 1417.0 163.96403189999995 0.0 1.49 0.05603799770034361 0.30057790340366086 False True 0.0017189211642245688 1.4619708788695864 -0.011268328510255747 -0.5007147809675814 0.0
171 103 1628.0 1429.0 165.61751152399995 0.0 1.49 0.05603799770034361 0.3068789943491761 False True 0.0017189211642245688 1.4619708788695864 -0.011268328510255747 -0.5007147809675814 0.0
171 104 1640.0 1441.0 167.25586548699994 0.0 1.49 0.05603799770034361 0.26640139333107615 False True 0.0017189211642245688 1.4619708788695864 -0.011268328510255747 -0.5007147809675814 0.0
171 105 1652.0 1453.0 168.90664344899994 0.0 1.49 0.05603799770034361 0.2610022853913076 False True 0.0017189211642245688 1.4619708788695864 -0.011268328510255747 -0.5007147809675814 0.0
171 106 1664.0 1465.0 170.55683665699996 0.0 1.49 0.05603799770034361 0.2556617835947445 False True 0.0017189211642245688 1.4619708788695864 -0.011268328510255747 -0.5007147809675814 0.0
171 107 1676.0 1477.0 172.19945231299994 0.0 1.49 0.05603799770034361 0.25038043018030026 False True 0.0017189211642245688 1.4619708788695864 -0.011268328510255747 -0.5007147809675814 0.0
171 108 1688.0 1489.0 173.86464312399994 0.0 1.49 0.05603799770034361 0.24515876147128496 False True 0.0017189211642245688 1.4619708788695864 -0.011268328510255747 -0.5007147809675814 0.0
171 109 1700.0 1501.0 175.52061265499998 0.0 1.49 0.05603799770034361 0.23999730782176337 False True 0.0017189211642245688 1.4619708788695864 -0.011268328510255747 -0.5007147809675814 0.0
171 110 1712.0 1513.0 177.174124813 0.0 1.49 0.05603799770034361 0.23489659356352696 False True 0.0017189211642245688 1.4619708788695864 -0.011268328510255747 -0.5007147809675814 0.0
171 111 1724.0 1525.0 178.828582332 0.0 1.49 0.05603799770034361 0.22985713695366464 False True 0.0017189211642245688 1.4619708788695864 -0.011268328510255747 -0.5007147809675814 0.0
171 112 1736.0 1537.0 180.491617395 0.0 1.49 0.05603799770034361 0.2248794501227233 False True 0.0017189211642245688 1.4619708788695864 -0.011268328510255747 -0.5007147809675814 0.0
171 113 1748.0 1549.0 182.14593253699996 0.0 1.49 0.05603799770034361 0.21996403902351314 False True 0.0017189211642245688 1.4619708788695864 -0.011268328510255747 -0.5007147809675814 0.0
171 114 1760.0 1561.0 183.80425350999997 0.0 1.49 0.05603799770034361 0.21511140338050092 False True 0.0017189211642245688 1.4619708788695864 -0.011268328510255747 -0.5007147809675814 0.0
171 115 1772.0 1573.0 185.46930840799996 0.0 1.49 0.05603799770034361 0.2103220366398381 False True 0.0017189211642245688 1.4619708788695864 -0.011268328510255747 -0.5007147809675814 0.0
171 116 1784.0 1585.0 187.12607749499995 0.0 1.49 0.05603799770034361 0.20559642592002553 False True 0.0017189211642245688 1.4619708788695864 -0.011268328510255747 -0.5007147809675814 0.0
171 117 1796.0 1597.0 188.7815176759999 0.0 1.49 0.05603799770034361 0.2009350519631942 False True 0.0017189211642245688 1.4619708788695864 -0.011268328510255747 -0.5007147809675814 0.0
171 118 1808.0 1609.0 190.45194252999994 0.0 1.49 0.05603799770034361 0.19633838908703405 False True 0.0017189211642245688 1.4619708788695864 -0.011268328510255747 -0.5007147809675814 0.0
171 119 1820.0 1621.0 192.12017829799998 0.0 1.49 0.05603799770034361 0.19180690513736165 False True 0.0017189211642245688 1.4619708788695864 -0.011268328510255747 -0.5007147809675814 0.0
171 120 1832.0 1633.0 193.79493872399996 0.0 1.49 0.05603799770034361 0.18734106144133875 False True 0.0017189211642245688 1.4619708788695864 -0.011268328510255747 -0.5007147809675814 0.0
171 121 1844.0 1645.0 195.47095369399995 0.0 1.49 0.05603799770034361 0.18294131276133527 False True 0.0017189211642245688 1.4619708788695864 -0.011268328510255747 -0.5007147809675814 0.0
171 122 1856.0 1657.0 197.15662130999993 0.0 1.49 0.05603799770034361 0.17860810724945908 False True 0.0017189211642245688 1.4619708788695864 -0.011268328510255747 -0.5007147809675814 0.0
171 123 1868.0 1669.0 198.84397272899992 0.0 1.49 0.05603799770034361 0.24045815816725283 False True 0.0017189211642245688 1.4619708788695864 -0.011268328510255747 -0.5007147809675814 0.0
171 124 1880.0 1681.0 200.52049548999992 0.0 1.49 0.05603799770034361 0.23474833893053035 False True 0.0017189211642245688 1.4619708788695864 -0.011268328510255747 -0.5007147809675814 0.0
171 125 1892.0 1693.0 202.2003998959999 0.0 1.4000000000000001 0.06580494504142778 0.229095756744087 False True 0.0017189211642245688 1.4619708788695864 -0.011268328510255747 -0.5007147809675814 0.0
171 126 1904.0 1705.0 203.8458801289999 0.0 1.53 0.05376756803079933 0.22350096826795754 False True 0.0017189211642245688 1.4619708788695864 -0.011268328510255747 -0.5007147809675814 0.0
171 127 1916.0 1717.0 205.49919806399987 0.0 1.53 0.05376756803079933 0.2179645243819947 False True 0.0017189211642245688 1.4619708788695864 -0.011268328510255747 -0.5007147809675814 0.0
171 128 1928.0 1729.0 207.16500327699987 0.0 1.53 0.05376756803079933 0.21248697013078494 False True 0.0017189211642245688 1.4619708788695864 -0.011268328510255747 -0.5007147809675814 0.0
171 129 1940.0 1741.0 208.82128158799986 0.0 1.53 0.05376756803079933 0.20706884466913875 False True 0.0017189211642245688 1.4619708788695864 -0.011268328510255747 -0.5007147809675814 0.0
171 130 1952.0 1753.0 210.4913920009999 0.0 1.51 0.05474300105989537 0.201710681208174 False True 0.0017189211642245688 1.4619708788695864 -0.011268328510255747 -0.5007147809675814 0.0
171 131 1964.0 1765.0 212.1631187449999 0.0 1.51 0.05474300105989537 0.19641300696200223 False True 0.0017189211642245688 1.4619708788695864 -0.011268328510255747 -0.5007147809675814 0.0
171 132 1976.0 1777.0 213.83351865499992 0.0 1.51 0.05474300105989537 0.19117634309500772 False True 0.0017189211642245688 1.4619708788695864 -0.011268328510255747 -0.5007147809675814 0.0
171 133 1988.0 1789.0 215.5004191559999 0.0 1.49 0.05603799770034361 0.18600120466971962 False True 0.0017189211642245688 1.4619708788695864 -0.011268328510255747 -0.5007147809675814 0.0
171 134 2000.0 1801.0 217.17053035599992 0.0 1.49 0.05603799770034361 0.1808881005953198 False True 0.0017189211642245688 1.4619708788695864 -0.011268328510255747 -0.5007147809675814 0.0
171 135 2012.0 1813.0 218.8428447579999 0.0 1.49 0.05603799770034361 0.1758375335767449 False True 0.0017189211642245688 1.4619708788695864 -0.011268328510255747 -0.5007147809675814 0.0
171 136 2024.0 1825.0 220.51666519199995 0.0 1.49 0.05603799770034361 0.1708500000644185 False True 0.0017189211642245688 1.4619708788695864 -0.011268328510255747 -0.5007147809675814 0.0
171 137 2036.0 1837.0 222.17737587999994 0.0 1.2 0.11018188563436318 0.1743418864027384 False True 0.0017189211642245688 1.4619708788695864 -0.011268328510255747 -0.5007147809675814 0.0
171 138 2048.0 1849.0 223.84910722399997 0.0 1.53 0.05376756803079933 0.17014308501897124 False True 0.0017189211642245688 1.4619708788695864 -0.011268328510255747 -0.5007147809675814 0.0
171 139 2060.0 1861.0 225.52250627299998 0.0 1.5 0.055350579245057145 0.16601213115325011 False True 0.0017189211642245688 1.4619708788695864 -0.011268328510255747 -0.5007147809675814 0.0
171 140 2072.0 1873.0 227.195360359 0.0 1.4000000000000001 0.06580494504142778 0.16194944607515244 False True 0.0017189211642245688 1.4619708788695864 -0.011268328510255747 -0.5007147809675814 0.0
171 141 2084.0 1885.0 228.878663233 0.0 1.5 0.055350579245057145 0.15795544422661612 False True 0.0017189211642245688 1.4619708788695864 -0.011268328510255747 -0.5007147809675814 0.0
171 142 2096.0 1897.0 230.574455345 0.0 1.49 0.05603799770034361 0.15403053318049634 False True 0.0017189211642245688 1.4619708788695864 -0.011268328510255747 -0.5007147809675814 0.0
171 143 2108.0 1909.0 232.24654277000002 0.0 1.49 0.05603799770034361 0.1501751135998078 False True 0.0017189211642245688 1.4619708788695864 -0.011268328510255747 -0.5007147809675814 0.0
171 144 2120.0 1921.0 233.94048560599998 0.0 2.23 0.21511140338050092 0.146389579197658 False True 0.0017189211642245688 1.4619708788695864 -0.011268328510255747 -0.5007147809675814 0.0
171 145 2132.0 1933.0 235.62385201399997 0.0 1.49 0.05603799770034361 0.1426743166978813 False True 0.0017189211642245688 1.4619708788695864 -0.011268328510255747 -0.5007147809675814 0.0
171 146 2144.0 1945.0 237.299653627 0.0 1.49 0.05603799770034361 0.13902970579635887 False True 0.0017189211642245688 1.4619708788695864 -0.011268328510255747 -0.5007147809675814 0.0
171 147 2156.0 1957.0 238.98627748799998 0.0 1.49 0.05603799770034361 0.13545611912305494 False True 0.0017189211642245688 1.4619708788695864 -0.011268328510255747 -0.5007147809675814 0.0
171 148 2168.0 1969.0 240.663301133 0.0 1.49 0.05603799770034361 0.13195392220475405 False True 0.0017189211642245688 1.4619708788695864 -0.011268328510255747 -0.5007147809675814 0.0
171 149 2180.0 1981.0 242.351457224 0.0 1.49 0.05603799770034361 0.12852347342850537 False True 0.0017189211642245688 1.4619708788695864 -0.011268328510255747 -0.5007147809675814 0.0
171 150 2192.0 1993.0 244.04514129899997 0.0 1.49 0.05603799770034361 0.12516512400579033 False True 0.0017189211642245688 1.4619708788695864 -0.011268328510255747 -0.5007147809675814 0.0
