466 0 200.0 201 0.6062996219999945 1.44 0.09736855811852133 0.08883105372041718 True False -0.13043522459406626 58.35329731103329 -29.157062476966868 -1.835023343142654 99.9456134384099 -49.971231870912014
466 1 200.0 201 1.0065519329999972 1.44 0.09736855811852133 0.08883105372041718 False True -0.13043522459406626 58.35329731103329 -29.157062476966868 -1.835023343142654 99.9456134384099 -49.971231870912014
466 2 212.0 213 1.6451764020000041 1.44 0.09736855811852133 0.09252472701559587 True False -0.13043522459406626 58.35329731103329 -29.157062476966868 -1.835023343142654 99.9456134384099 -49.971231870912014
466 3 212.0 213 2.023027978000002 1.44 0.09736855811852133 0.11048963354624436 True False -0.13043522459406626 58.35329731103329 -29.157062476966868 -1.835023343142654 99.9456134384099 -49.971231870912014
466 4 212.0 213 2.4069136900000103 1.44 0.09736855811852133 0.11048963354624436 False True -0.13043522459406626 58.35329731103329 -29.157062476966868 -1.835023343142654 99.9456134384099 -49.971231870912014
466 5 224.0 225 3.0653901080000026 1.44 0.09736855811852133 0.08523844012377542 True False -0.13043522459406626 58.35329731103329 -29.157062476966868 -1.835023343142654 99.9456134384099 -49.971231870912014
466 6 224.0 225 3.4599377889999943 1.44 0.09736855811852133 0.08523844012377542 False True -0.13043522459406626 58.35329731103329 -29.157062476966868 -1.835023343142654 99.9456134384099 -49.971231870912014
466 7 236.0 237 4.082982786000002 1.44 0.09736855811852133 0.09401171868654419 True False -0.13043522459406626 58.35329731103329 -29.157062476966868 -1.835023343142654 99.9456134384099 -49.971231870912014
466 8 236.0 237 4.46205566399999 1.44 0.09736855811852133 0.09116553917753263 True False -0.13043522459406626 58.35329731103329 -29.157062476966868 -1.835023343142654 99.9456134384099 -49.971231870912014
466 9 236.0 237 4.838528499999981 1.44 0.09736855811852133 0.09252472701559587 False True -0.13043522459406626 58.35329731103329 -29.157062476966868 -1.835023343142654 99.9456134384099 -49.971231870912014
466 10 248.0 249 5.464244525999973 1.44 0.09736855811852133 0.08686090418150955 True False -0.13043522459406626 58.35329731103329 -29.157062476966868 -1.835023343142654 99.9456134384099 -49.971231870912014
466 11 248.0 249 5.864047777999971 1.44 0.09736855811852133 0.08686090418150955 False True -0.13043522459406626 58.35329731103329 -29.157062476966868 -1.835023343142654 99.9456134384099 -49.971231870912014
466 12 260.0 261 6.500618925999973 1.44 0.09736855811852133 0.08516466554410627 True False -0.13043522459406626 58.35329731103329 -29.157062476966868 -1.835023343142654 99.9456134384099 -49.971231870912014
466 13 260.0 262 6.862386028999978 1.44 0.09736855811852133 0.09371023969790652 True False -0.13043522459406626 58.35329731103329 -29.157062476966868 -1.835023343142654 99.9456134384099 -49.971231870912014
466 14 260.0 262 7.2405226519999815 1.44 0.09736855811852133 0.09371023969790652 False True -0.13043522459406626 58.35329731103329 -29.157062476966868 -1.835023343142654 99.9456134384099 -49.971231870912014
466 15 272.0 274 7.862467486999975 1.44 0.09736855811852133 0.10292174936396907 True False -0.13043522459406626 58.35329731103329 -29.157062476966868 -1.835023343142654 99.9456134384099 -49.971231870912014
466 16 272.0 274 8.259594650999972 1.44 0.09736855811852133 0.10292174936396907 False True -0.13043522459406626 58.35329731103329 -29.157062476966868 -1.835023343142654 99.9456134384099 -49.971231870912014
466 17 284.0 286 8.903827560999972 1.75 0.10292174936396907 0.11529259080572798 True False -0.13043522459406626 58.35329731103329 -29.157062476966868 -1.835023343142654 99.9456134384099 -49.971231870912014
466 18 284.0 286 9.282598988999965 1.75 0.10292174936396907 0.11529259080572798 False True -0.13043522459406626 58.35329731103329 -29.157062476966868 -1.835023343142654 99.9456134384099 -49.971231870912014
466 19 296.0 298 9.907133678999969 1.44 0.09736855811852133 0.08971040123987459 True False -0.13043522459406626 58.35329731103329 -29.157062476966868 -1.835023343142654 99.9456134384099 -49.971231870912014
466 20 296.0 298 10.297544578999975 1.44 0.09736855811852133 0.09091603891990568 True False -0.13043522459406626 58.35329731103329 -29.157062476966868 -1.835023343142654 99.9456134384099 -49.971231870912014
466 21 296.0 298 10.683013724999967 1.44 0.09736855811852133 0.09701396794949192 True False -0.13043522459406626 58.35329731103329 -29.157062476966868 -1.835023343142654 99.9456134384099 -49.971231870912014
466 22 296.0 298 11.076136664999964 1.44 0.09736855811852133 0.08863258779319066 True False -0.13043522459406626 58.35329731103329 -29.157062476966868 -1.835023343142654 99.9456134384099 -49.971231870912014
466 23 296.0 298 11.46549569399997 1.44 0.09736855811852133 0.1415731603858051 True False -0.13043522459406626 58.35329731103329 -29.157062476966868 -1.835023343142654 99.9456134384099 -49.971231870912014
466 24 296.0 298 11.857723375999967 1.44 0.09736855811852133 0.1415731603858051 False True -0.13043522459406626 58.35329731103329 -29.157062476966868 -1.835023343142654 99.9456134384099 -49.971231870912014
466 25 308.0 310 12.476532796999976 1.44 0.09736855811852133 0.09224936720532312 True False -0.13043522459406626 58.35329731103329 -29.157062476966868 -1.835023343142654 99.9456134384099 -49.971231870912014
466 26 308.0 310 12.843985953999976 1.44 0.09736855811852133 0.08971040123987459 False True -0.13043522459406626 58.35329731103329 -29.157062476966868 -1.835023343142654 99.9456134384099 -49.971231870912014
466 27 320.0 322 13.482609545999978 1.44 0.09736855811852133 0.10123481906651173 True False -0.13043522459406626 58.35329731103329 -29.157062476966868 -1.835023343142654 99.9456134384099 -49.971231870912014
466 28 320.0 323 13.877644753999988 1.44 0.09736855811852133 0.10749261309349288 True False -0.13043522459406626 58.35329731103329 -29.157062476966868 -1.835023343142654 99.9456134384099 -49.971231870912014
466 29 320.0 323 14.264942728999984 1.44 0.09736855811852133 0.09885646719887897 True False -0.13043522459406626 58.35329731103329 -29.157062476966868 -1.835023343142654 99.9456134384099 -49.971231870912014
466 30 320.0 323 14.681254226999982 1.44 0.09736855811852133 0.08700909175247049 True False -0.13043522459406626 58.35329731103329 -29.157062476966868 -1.835023343142654 99.9456134384099 -49.971231870912014
466 31 320.0 323 15.080470452999975 1.44 0.09736855811852133 0.08467550961157065 True False -0.13043522459406626 58.35329731103329 -29.157062476966868 -1.835023343142654 99.9456134384099 -49.971231870912014
466 32 320.0 323 15.48233025899998 1.44 0.09736855811852133 0.12421835823005613 True False -0.13043522459406626 58.35329731103329 -29.157062476966868 -1.835023343142654 99.9456134384099 -49.971231870912014
466 33 320.0 323 15.896762099999975 1.44 0.09736855811852133 0.14241579001102012 True False -0.13043522459406626 58.35329731103329 -29.157062476966868 -1.835023343142654 99.9456134384099 -49.971231870912014
466 34 320.0 323 16.29977556199998 1.44 0.09736855811852133 0.14241579001102012 False True -0.13043522459406626 58.35329731103329 -29.157062476966868 -1.835023343142654 99.9456134384099 -49.971231870912014
466 35 332.0 335 16.920411086999977 1.44 0.09736855811852133 0.09562637853023767 True False -0.13043522459406626 58.35329731103329 -29.157062476966868 -1.835023343142654 99.9456134384099 -49.971231870912014
466 36 332.0 335 17.29898150799997 1.44 0.09736855811852133 0.09923809627007352 True False -0.13043522459406626 58.35329731103329 -29.157062476966868 -1.835023343142654 99.9456134384099 -49.971231870912014
466 37 332.0 335 17.676176362999968 1.44 0.09736855811852133 0.1008257976718529 True False -0.13043522459406626 58.35329731103329 -29.157062476966868 -1.835023343142654 99.9456134384099 -49.971231870912014
466 38 332.0 335 18.043648351999963 1.44 0.09736855811852133 0.1099670418957223 True False -0.13043522459406626 58.35329731103329 -29.157062476966868 -1.835023343142654 99.9456134384099 -49.971231870912014
466 39 332.0 336 18.420517543999964 1.44 0.09736855811852133 0.19560155473830618 True False -0.13043522459406626 58.35329731103329 -29.157062476966868 -1.835023343142654 99.9456134384099 -49.971231870912014
466 40 332.0 336 18.80050417799997 1.44 0.09736855811852133 0.19560155473830618 False True -0.13043522459406626 58.35329731103329 -29.157062476966868 -1.835023343142654 99.9456134384099 -49.971231870912014
466 41 344.0 348 19.403853491999968 1.44 0.09736855811852133 0.10514409960745733 True False -0.13043522459406626 58.35329731103329 -29.157062476966868 -1.835023343142654 99.9456134384099 -49.971231870912014
466 42 344.0 348 19.779931760999972 1.44 0.09736855811852133 0.09885646719887897 False True -0.13043522459406626 58.35329731103329 -29.157062476966868 -1.835023343142654 99.9456134384099 -49.971231870912014
466 43 356.0 360 20.435462479999984 1.44 0.09736855811852133 0.19692237691517395 True False -0.13043522459406626 58.35329731103329 -29.157062476966868 -1.835023343142654 99.9456134384099 -49.971231870912014
466 44 356.0 360 20.83563245499998 1.44 0.09736855811852133 0.19692237691517395 False True -0.13043522459406626 58.35329731103329 -29.157062476966868 -1.835023343142654 99.9456134384099 -49.971231870912014
466 45 368.0 372 21.45983956799998 1.44 0.09736855811852133 0.08785596346586888 True False -0.13043522459406626 58.35329731103329 -29.157062476966868 -1.835023343142654 99.9456134384099 -49.971231870912014
466 46 368.0 372 21.83575503299997 1.44 0.09736855811852133 0.08993427805090891 True False -0.13043522459406626 58.35329731103329 -29.157062476966868 -1.835023343142654 99.9456134384099 -49.971231870912014
466 47 368.0 372 22.222155607999966 1.44 0.09736855811852133 0.08462356438844144 True False -0.13043522459406626 58.35329731103329 -29.157062476966868 -1.835023343142654 99.9456134384099 -49.971231870912014
466 48 368.0 372 22.599625594999964 1.44 0.09736855811852133 0.10749261309349288 False True -0.13043522459406626 58.35329731103329 -29.157062476966868 -1.835023343142654 99.9456134384099 -49.971231870912014
466 49 380.0 384 23.222954712999964 1.44 0.09736855811852133 0.10335853986979923 True False -0.13043522459406626 58.35329731103329 -29.157062476966868 -1.835023343142654 99.9456134384099 -49.971231870912014
466 50 380.0 384 23.619988527999965 1.44 0.09736855811852133 0.26836731402960434 True False -0.13043522459406626 58.35329731103329 -29.157062476966868 -1.835023343142654 99.9456134384099 -49.971231870912014
466 51 380.0 384 24.01484220199997 1.44 0.09736855811852133 0.26836731402960434 False True -0.13043522459406626 58.35329731103329 -29.157062476966868 -1.835023343142654 99.9456134384099 -49.971231870912014
466 52 392.0 396 24.661303156999963 1.44 0.09736855811852133 0.34012561720686557 True False -0.13043522459406626 58.35329731103329 -29.157062476966868 -1.835023343142654 99.9456134384099 -49.971231870912014
466 53 392.0 396 25.098777900999963 1.44 0.09736855811852133 0.3324709197552741 True False -0.13043522459406626 58.35329731103329 -29.157062476966868 -1.835023343142654 99.9456134384099 -49.971231870912014
466 54 392.0 397 25.523291807999968 1.44 0.09736855811852133 0.34012561720686557 False True -0.13043522459406626 58.35329731103329 -29.157062476966868 -1.835023343142654 99.9456134384099 -49.971231870912014
466 55 404.0 409 26.17422168299997 1.44 0.09736855811852133 0.23058481602909212 True False -0.13043522459406626 58.35329731103329 -29.157062476966868 -1.835023343142654 99.9456134384099 -49.971231870912014
466 56 404.0 409 26.559066509999965 1.44 0.09736855811852133 0.16749833919186172 True False -0.13043522459406626 58.35329731103329 -29.157062476966868 -1.835023343142654 99.9456134384099 -49.971231870912014
466 57 404.0 409 26.938046236999966 1.44 0.09736855811852133 0.08485588702757169 True False -0.13043522459406626 58.35329731103329 -29.157062476966868 -1.835023343142654 99.9456134384099 -49.971231870912014
466 58 404.0 409 27.320707707999972 1.44 0.09736855811852133 0.10123481906651173 False True -0.13043522459406626 58.35329731103329 -29.157062476966868 -1.835023343142654 99.9456134384099 -49.971231870912014
466 59 416.0 421 27.99722455399997 1.42 0.10123481906651173 0.09562637853023767 False True -0.13043522459406626 58.35329731103329 -29.157062476966868 -1.835023343142654 99.9456134384099 -49.971231870912014
466 60 428.0 433 28.63935430599996 1.42 0.10123481906651173 0.09736855811852133 False True -0.13043522459406626 58.35329731103329 -29.157062476966868 -1.835023343142654 99.9456134384099 -49.971231870912014
466 61 432.0 437 29.31833508299995 1.44 0.09736855811852133 0.12489365644300178 True False -0.13043522459406626 58.35329731103329 -29.157062476966868 -1.835023343142654 99.9456134384099 -49.971231870912014
466 62 432.0 437 29.74074285499995 1.44 0.09736855811852133 0.08629051022237752 True False -0.13043522459406626 58.35329731103329 -29.157062476966868 -1.835023343142654 99.9456134384099 -49.971231870912014
466 63 432.0 437 30.17479181799996 1.44 0.09736855811852133 0.09529849724381224 True False -0.13043522459406626 58.35329731103329 -29.157062476966868 -1.835023343142654 99.9456134384099 -49.971231870912014
466 64 432.0 437 30.59422741399996 1.44 0.09736855811852133 0.09923809627007352 False True -0.13043522459406626 58.35329731103329 -29.157062476966868 -1.835023343142654 99.9456134384099 -49.971231870912014
466 65 444.0 449 31.277541960999955 1.44 0.09736855811852133 0.12111851154968527 True False -0.13043522459406626 58.35329731103329 -29.157062476966868 -1.835023343142654 99.9456134384099 -49.971231870912014
466 66 444.0 449 31.713899296999955 1.44 0.09736855811852133 0.08470006960610994 True False -0.13043522459406626 58.35329731103329 -29.157062476966868 -1.835023343142654 99.9456134384099 -49.971231870912014
466 67 444.0 449 32.138271158999956 1.44 0.09736855811852133 0.08700909175247049 False True -0.13043522459406626 58.35329731103329 -29.157062476966868 -1.835023343142654 99.9456134384099 -49.971231870912014
466 68 456.0 461 32.77691476499996 1.44 0.09736855811852133 0.24272747334615513 True False -0.13043522459406626 58.35329731103329 -29.157062476966868 -1.835023343142654 99.9456134384099 -49.971231870912014
466 69 456.0 461 33.16154668899996 1.44 0.09736855811852133 0.1274423691768105 True False -0.13043522459406626 58.35329731103329 -29.157062476966868 -1.835023343142654 99.9456134384099 -49.971231870912014
466 70 456.0 462 33.540108622999966 1.44 0.09736855811852133 0.2189000651427862 True False -0.13043522459406626 58.35329731103329 -29.157062476966868 -1.835023343142654 99.9456134384099 -49.971231870912014
466 71 456.0 462 33.93316666099997 1.44 0.09736855811852133 0.17682873666903884 True False -0.13043522459406626 58.35329731103329 -29.157062476966868 -1.835023343142654 99.9456134384099 -49.971231870912014
466 72 456.0 462 34.31498858899998 1.44 0.09736855811852133 0.09701396794949192 False True -0.13043522459406626 58.35329731103329 -29.157062476966868 -1.835023343142654 99.9456134384099 -49.971231870912014
466 73 468.0 474 34.93495188599998 1.44 0.09736855811852133 0.15865045800253125 True False -0.13043522459406626 58.35329731103329 -29.157062476966868 -1.835023343142654 99.9456134384099 -49.971231870912014
466 74 468.0 474 35.31909148399997 1.44 0.09736855811852133 0.2365991991744657 True False -0.13043522459406626 58.35329731103329 -29.157062476966868 -1.835023343142654 99.9456134384099 -49.971231870912014
466 75 468.0 474 35.69867594799997 1.44 0.09736855811852133 0.11875577339541918 True False -0.13043522459406626 58.35329731103329 -29.157062476966868 -1.835023343142654 99.9456134384099 -49.971231870912014
466 76 468.0 474 36.092013515999966 1.44 0.09736855811852133 0.3078271217139155 True False -0.13043522459406626 58.35329731103329 -29.157062476966868 -1.835023343142654 99.9456134384099 -49.971231870912014
466 77 468.0 474 36.47438841199997 1.44 0.09736855811852133 0.3078271217139155 False True -0.13043522459406626 58.35329731103329 -29.157062476966868 -1.835023343142654 99.9456134384099 -49.971231870912014
466 78 480.0 486 37.08035035299997 1.44 0.09736855811852133 0.3934504644272792 True False -0.13043522459406626 58.35329731103329 -29.157062476966868 -1.835023343142654 99.9456134384099 -49.971231870912014
466 79 480.0 486 37.47332215399996 1.44 0.09736855811852133 0.4188774237049624 True False -0.13043522459406626 58.35329731103329 -29.157062476966868 -1.835023343142654 99.9456134384099 -49.971231870912014
466 80 480.0 486 37.863033794999964 1.44 0.09736855811852133 0.4103065576281301 True False -0.13043522459406626 58.35329731103329 -29.157062476966868 -1.835023343142654 99.9456134384099 -49.971231870912014
466 81 480.0 486 38.250745225999964 1.44 0.09736855811852133 0.401830617623999 True False -0.13043522459406626 58.35329731103329 -29.157062476966868 -1.835023343142654 99.9456134384099 -49.971231870912014
466 82 480.0 487 38.629733427999966 1.44 0.09736855811852133 0.37698091341018847 True False -0.13043522459406626 58.35329731103329 -29.157062476966868 -1.835023343142654 99.9456134384099 -49.971231870912014
466 83 480.0 487 39.01250554099997 1.44 0.09736855811852133 0.427542345625951 True False -0.13043522459406626 58.35329731103329 -29.157062476966868 -1.835023343142654 99.9456134384099 -49.971231870912014
466 84 480.0 487 39.38979430999997 1.44 0.09736855811852133 0.4188774237049624 False True -0.13043522459406626 58.35329731103329 -29.157062476966868 -1.835023343142654 99.9456134384099 -49.971231870912014
466 85 492.0 499 40.04523836699997 1.44 0.09736855811852133 0.253499579280011 True False -0.13043522459406626 58.35329731103329 -29.157062476966868 -1.835023343142654 99.9456134384099 -49.971231870912014
466 86 492.0 499 40.48167160499996 1.44 0.09736855811852133 0.24320341230144954 True False -0.13043522459406626 58.35329731103329 -29.157062476966868 -1.835023343142654 99.9456134384099 -49.971231870912014
466 87 492.0 499 40.90034099999997 1.44 0.09736855811852133 0.24320341230144954 False True -0.13043522459406626 58.35329731103329 -29.157062476966868 -1.835023343142654 99.9456134384099 -49.971231870912014
466 88 504.0 511 41.52190267699996 1.44 0.09736855811852133 0.2730592837802584 True False -0.13043522459406626 58.35329731103329 -29.157062476966868 -1.835023343142654 99.9456134384099 -49.971231870912014
466 89 504.0 511 41.902953876999945 1.44 0.09736855811852133 0.22468491235369498 True False -0.13043522459406626 58.35329731103329 -29.157062476966868 -1.835023343142654 99.9456134384099 -49.971231870912014
466 90 504.0 511 42.27977107799995 1.44 0.09736855811852133 0.08485588702757169 False True -0.13043522459406626 58.35329731103329 -29.157062476966868 -1.835023343142654 99.9456134384099 -49.971231870912014
466 91 516.0 523 42.922221297999954 1.6 0.08485588702757169 0.09736855811852133 False True -0.13043522459406626 58.35329731103329 -29.157062476966868 -1.835023343142654 99.9456134384099 -49.971231870912014
466 92 520.0 527 43.54303253399995 1.6 0.08485588702757169 0.09736855811852133 False True -0.13043522459406626 58.35329731103329 -29.157062476966868 -1.835023343142654 99.9456134384099 -49.971231870912014
466 93 524.0 531 44.202470776999945 1.6 0.08485588702757169 0.09736855811852133 False True -0.13043522459406626 58.35329731103329 -29.157062476966868 -1.835023343142654 99.9456134384099 -49.971231870912014
466 94 528.0 535 44.83638571999994 1.44 0.09736855811852133 0.0856018012275239 True False -0.13043522459406626 58.35329731103329 -29.157062476966868 -1.835023343142654 99.9456134384099 -49.971231870912014
466 95 528.0 535 45.21790972399994 1.44 0.09736855811852133 0.08467550961157065 False True -0.13043522459406626 58.35329731103329 -29.157062476966868 -1.835023343142654 99.9456134384099 -49.971231870912014
466 96 540.0 547 45.878979864999934 1.44 0.09736855811852133 0.08516466554410627 False True -0.13043522459406626 58.35329731103329 -29.157062476966868 -1.835023343142654 99.9456134384099 -49.971231870912014
466 97 552.0 559 46.50436715399994 1.44 0.09736855811852133 0.11256712549505728 True False -0.13043522459406626 58.35329731103329 -29.157062476966868 -1.835023343142654 99.9456134384099 -49.971231870912014
466 98 552.0 559 46.88170284299994 1.44 0.09736855811852133 0.34522805163369663 True False -0.13043522459406626 58.35329731103329 -29.157062476966868 -1.835023343142654 99.9456134384099 -49.971231870912014
466 99 552.0 559 47.26075027299994 1.44 0.09736855811852133 0.17210344563720287 True False -0.13043522459406626 58.35329731103329 -29.157062476966868 -1.835023343142654 99.9456134384099 -49.971231870912014
466 100 552.0 560 47.63874902899994 1.44 0.09736855811852133 0.10560905934089536 True False -0.13043522459406626 58.35329731103329 -29.157062476966868 -1.835023343142654 99.9456134384099 -49.971231870912014
466 101 552.0 560 48.01693400099994 1.44 0.09736855811852133 0.11432463620961433 True False -0.13043522459406626 58.35329731103329 -29.157062476966868 -1.835023343142654 99.9456134384099 -49.971231870912014
466 102 552.0 560 48.38441169699993 1.44 0.09736855811852133 0.11432463620961433 False True -0.13043522459406626 58.35329731103329 -29.157062476966868 -1.835023343142654 99.9456134384099 -49.971231870912014
466 103 564.0 572 48.99495751699993 1.6 0.08485588702757169 0.09736855811852133 False True -0.13043522459406626 58.35329731103329 -29.157062476966868 -1.835023343142654 99.9456134384099 -49.971231870912014
466 104 568.0 576 49.61967495499994 1.6 0.08485588702757169 0.14231460721563355 True False -0.13043522459406626 58.35329731103329 -29.157062476966868 -1.835023343142654 99.9456134384099 -49.971231870912014
466 105 568.0 576 50.00151906899994 1.6 0.08485588702757169 0.08462227818479011 True False -0.13043522459406626 58.35329731103329 -29.157062476966868 -1.835023343142654 99.9456134384099 -49.971231870912014
466 106 568.0 576 50.40209681999994 1.6 0.08485588702757169 0.08462227818479011 False True -0.13043522459406626 58.35329731103329 -29.157062476966868 -1.835023343142654 99.9456134384099 -49.971231870912014
466 107 580.0 588 51.02290316599995 7.5 0.08462227818479011 0.06317887916903993 True False -0.13043522459406626 58.35329731103329 -29.157062476966868 -1.835023343142654 99.9456134384099 -49.971231870912014
466 108 580.0 588 51.40295242899995 7.5 0.08462227818479011 0.06317887916903993 False True -0.13043522459406626 58.35329731103329 -29.157062476966868 -1.835023343142654 99.9456134384099 -49.971231870912014
466 109 592.0 600 52.09834586499994 1.6 0.08485588702757169 0.09404605813014214 True False -0.13043522459406626 58.35329731103329 -29.157062476966868 -1.835023343142654 99.9456134384099 -49.971231870912014
466 110 592.0 600 52.52169442099995 1.6 0.08485588702757169 0.08927414882045105 True False -0.13043522459406626 58.35329731103329 -29.157062476966868 -1.835023343142654 99.9456134384099 -49.971231870912014
466 111 592.0 600 52.959308008999955 1.6 0.08485588702757169 0.09893754277367896 True False -0.13043522459406626 58.35329731103329 -29.157062476966868 -1.835023343142654 99.9456134384099 -49.971231870912014
466 112 592.0 600 53.38198054999995 1.6 0.08485588702757169 0.09404605813014214 False True -0.13043522459406626 58.35329731103329 -29.157062476966868 -1.835023343142654 99.9456134384099 -49.971231870912014
466 113 604.0 612 54.02098689499995 1.6 0.08485588702757169 0.09736855811852133 False True -0.13043522459406626 58.35329731103329 -29.157062476966868 -1.835023343142654 99.9456134384099 -49.971231870912014
466 114 608.0 616 54.68059423599996 7.5 0.08462227818479011 0.09736855811852133 False True -0.13043522459406626 58.35329731103329 -29.157062476966868 -1.835023343142654 99.9456134384099 -49.971231870912014
466 115 612.0 620 55.32326177799996 7.5 0.08462227818479011 0.09736855811852133 False True -0.13043522459406626 58.35329731103329 -29.157062476966868 -1.835023343142654 99.9456134384099 -49.971231870912014
466 116 616.0 624 56.013708550999965 1.44 0.09736855811852133 0.16049145853077929 True False -0.13043522459406626 58.35329731103329 -29.157062476966868 -1.835023343142654 99.9456134384099 -49.971231870912014
466 117 616.0 624 56.43649606499996 1.44 0.09736855811852133 0.14825946258326067 True False -0.13043522459406626 58.35329731103329 -29.157062476966868 -1.835023343142654 99.9456134384099 -49.971231870912014
466 118 616.0 625 56.85820271799996 1.44 0.09736855811852133 0.1307700848728468 True False -0.13043522459406626 58.35329731103329 -29.157062476966868 -1.835023343142654 99.9456134384099 -49.971231870912014
466 119 616.0 625 57.27935869399997 1.44 0.09736855811852133 0.15431861038103548 True False -0.13043522459406626 58.35329731103329 -29.157062476966868 -1.835023343142654 99.9456134384099 -49.971231870912014
466 120 616.0 625 57.69891113899996 1.44 0.09736855811852133 0.13648462492581057 True False -0.13043522459406626 58.35329731103329 -29.157062476966868 -1.835023343142654 99.9456134384099 -49.971231870912014
466 121 616.0 625 58.13735631399996 1.44 0.09736855811852133 0.024296553467051656 True False -0.13043522459406626 58.35329731103329 -29.157062476966868 -1.835023343142654 99.9456134384099 -49.971231870912014
466 122 616.0 625 58.56030242899996 1.44 0.09736855811852133 0.024296553467051656 False True -0.13043522459406626 58.35329731103329 -29.157062476966868 -1.835023343142654 99.9456134384099 -49.971231870912014
466 123 628.0 637 59.21330074999996 7.67 0.024296553467051656 0.015353182533595975 True False -0.13043522459406626 58.35329731103329 -29.157062476966868 -1.835023343142654 99.9456134384099 -49.971231870912014
466 124 628.0 637 59.60084008599996 7.67 0.024296553467051656 0.015353182533595975 False True -0.13043522459406626 58.35329731103329 -29.157062476966868 -1.835023343142654 99.9456134384099 -49.971231870912014
466 125 640.0 649 60.23765456999996 7.67 0.024296553467051656 0.0323307840108426 True False -0.13043522459406626 58.35329731103329 -29.157062476966868 -1.835023343142654 99.9456134384099 -49.971231870912014
466 126 640.0 649 60.61621629599996 7.67 0.024296553467051656 0.01957141101087212 True False -0.13043522459406626 58.35329731103329 -29.157062476966868 -1.835023343142654 99.9456134384099 -49.971231870912014
466 127 640.0 649 61.001039350999974 7.67 0.024296553467051656 0.007035203257091883 True False -0.13043522459406626 58.35329731103329 -29.157062476966868 -1.835023343142654 99.9456134384099 -49.971231870912014
466 128 640.0 649 61.392385968999974 7.67 0.024296553467051656 0.007035203257091883 False True -0.13043522459406626 58.35329731103329 -29.157062476966868 -1.835023343142654 99.9456134384099 -49.971231870912014
466 129 652.0 661 62.00082012699998 7.67 0.024296553467051656 0.02952683089576113 True False -0.13043522459406626 58.35329731103329 -29.157062476966868 -1.835023343142654 99.9456134384099 -49.971231870912014
466 130 652.0 661 62.401236991999994 7.67 0.024296553467051656 0.03526026222117927 True False -0.13043522459406626 58.35329731103329 -29.157062476966868 -1.835023343142654 99.9456134384099 -49.971231870912014
466 131 652.0 662 62.77818628199999 7.67 0.024296553467051656 0.03831498644894945 True False -0.13043522459406626 58.35329731103329 -29.157062476966868 -1.835023343142654 99.9456134384099 -49.971231870912014
466 132 652.0 662 63.17571792299999 7.67 0.024296553467051656 0.026848669399968862 True False -0.13043522459406626 58.35329731103329 -29.157062476966868 -1.835023343142654 99.9456134384099 -49.971231870912014
466 133 652.0 662 63.55569492399998 7.67 0.024296553467051656 0.0323307840108426 False True -0.13043522459406626 58.35329731103329 -29.157062476966868 -1.835023343142654 99.9456134384099 -49.971231870912014
466 134 664.0 674 64.20146808299997 7.67 0.024296553467051656 0.021870724434760146 True False -0.13043522459406626 58.35329731103329 -29.157062476966868 -1.835023343142654 99.9456134384099 -49.971231870912014
466 135 664.0 674 64.62128449199996 7.67 0.024296553467051656 0.017398829250321473 True False -0.13043522459406626 58.35329731103329 -29.157062476966868 -1.835023343142654 99.9456134384099 -49.971231870912014
466 136 664.0 674 65.03537527699997 7.67 0.024296553467051656 0.011643444260562635 True False -0.13043522459406626 58.35329731103329 -29.157062476966868 -1.835023343142654 99.9456134384099 -49.971231870912014
466 137 664.0 674 65.45365199199996 7.67 0.024296553467051656 0.0003802247229884281 True False -0.13043522459406626 58.35329731103329 -29.157062476966868 -1.835023343142654 99.9456134384099 -49.971231870912014
466 138 664.0 674 65.85732564999994 7.67 0.024296553467051656 0.0003802247229884281 False True -0.13043522459406626 58.35329731103329 -29.157062476966868 -1.835023343142654 99.9456134384099 -49.971231870912014
466 139 676.0 686 66.49525737299992 7.67 0.024296553467051656 0.0012968880966313843 True False -0.13043522459406626 58.35329731103329 -29.157062476966868 -1.835023343142654 99.9456134384099 -49.971231870912014
466 140 676.0 686 66.8927018179999 7.67 0.024296553467051656 0.0012968880966313843 False True -0.13043522459406626 58.35329731103329 -29.157062476966868 -1.835023343142654 99.9456134384099 -49.971231870912014
466 141 688.0 698 67.51913782699991 7.67 0.024296553467051656 0.0026816989900316406 True False -0.13043522459406626 58.35329731103329 -29.157062476966868 -1.835023343142654 99.9456134384099 -49.971231870912014
466 142 688.0 698 67.93721807699991 7.67 0.024296553467051656 0.01170117939363542 True False -0.13043522459406626 58.35329731103329 -29.157062476966868 -1.835023343142654 99.9456134384099 -49.971231870912014
466 143 688.0 698 68.37141119199991 7.67 0.024296553467051656 0.01170117939363542 False True -0.13043522459406626 58.35329731103329 -29.157062476966868 -1.835023343142654 99.9456134384099 -49.971231870912014
466 144 700.0 710 69.0311144139999 7.67 0.024296553467051656 0.01957141101087212 False True -0.13043522459406626 58.35329731103329 -29.157062476966868 -1.835023343142654 99.9456134384099 -49.971231870912014
466 145 712.0 722 69.67868110199989 7.67 0.024296553467051656 2.5673573927582243e-06 True False -0.13043522459406626 58.35329731103329 -29.157062476966868 -1.835023343142654 99.9456134384099 -49.971231870912014
466 146 712.0 723 70.07327220799986 7.67 0.024296553467051656 0.0019137873548682512 True False -0.13043522459406626 58.35329731103329 -29.157062476966868 -1.835023343142654 99.9456134384099 -49.971231870912014
466 147 712.0 723 70.46047897499984 7.67 0.024296553467051656 0.003577878534645646 True False -0.13043522459406626 58.35329731103329 -29.157062476966868 -1.835023343142654 99.9456134384099 -49.971231870912014
466 148 712.0 723 70.84027934999985 7.67 0.024296553467051656 0.0012742065285288146 True False -0.13043522459406626 58.35329731103329 -29.157062476966868 -1.835023343142654 99.9456134384099 -49.971231870912014
466 149 712.0 723 71.23750266899985 7.67 0.024296553467051656 0.04149466509044339 True False -0.13043522459406626 58.35329731103329 -29.157062476966868 -1.835023343142654 99.9456134384099 -49.971231870912014
466 150 712.0 723 71.63196846499984 7.67 0.024296553467051656 0.026848669399968862 False True -0.13043522459406626 58.35329731103329 -29.157062476966868 -1.835023343142654 99.9456134384099 -49.971231870912014
466 151 724.0 735 72.25557818099985 7.67 0.024296553467051656 0.0 True False -0.13043522459406626 58.35329731103329 -29.157062476966868 -1.835023343142654 99.9456134384099 -49.971231870912014
466 152 724.0 735 72.65205173999983 7.67 0.024296553467051656 0.0019137873548682512 False True -0.13043522459406626 58.35329731103329 -29.157062476966868 -1.835023343142654 99.9456134384099 -49.971231870912014
466 153 736.0 747 73.33733198499984 7.67 0.024296553467051656 0.01343466154639476 True False -0.13043522459406626 58.35329731103329 -29.157062476966868 -1.835023343142654 99.9456134384099 -49.971231870912014
466 154 736.0 747 73.75459398299985 7.67 0.024296553467051656 0.0001335732679329081 True False -0.13043522459406626 58.35329731103329 -29.157062476966868 -1.835023343142654 99.9456134384099 -49.971231870912014
466 155 736.0 747 74.17824770999987 7.67 0.024296553467051656 0.04479899404522948 True False -0.13043522459406626 58.35329731103329 -29.157062476966868 -1.835023343142654 99.9456134384099 -49.971231870912014
466 156 736.0 747 74.61315794399987 7.67 0.024296553467051656 0.009979695916294386 True False -0.13043522459406626 58.35329731103329 -29.157062476966868 -1.835023343142654 99.9456134384099 -49.971231870912014
466 157 736.0 747 75.03913607199986 7.67 0.024296553467051656 0.03831498644894945 False True -0.13043522459406626 58.35329731103329 -29.157062476966868 -1.835023343142654 99.9456134384099 -49.971231870912014
466 158 748.0 759 75.69736807899987 7.67 0.024296553467051656 0.01343466154639476 False True -0.13043522459406626 58.35329731103329 -29.157062476966868 -1.835023343142654 99.9456134384099 -49.971231870912014
466 159 760.0 771 76.35777096699987 7.67 0.024296553467051656 0.01343466154639476 False True -0.13043522459406626 58.35329731103329 -29.157062476966868 -1.835023343142654 99.9456134384099 -49.971231870912014
466 160 764.0 775 77.01497385299986 7.72 0.01343466154639476 0.021870724434760146 False True -0.13043522459406626 58.35329731103329 -29.157062476966868 -1.835023343142654 99.9456134384099 -49.971231870912014
466 161 776.0 787 77.67674473799987 7.67 0.024296553467051656 0.01343466154639476 False True -0.13043522459406626 58.35329731103329 -29.157062476966868 -1.835023343142654 99.9456134384099 -49.971231870912014
466 162 780.0 791 78.33410615799987 7.72 0.01343466154639476 0.0003929907302608137 True False -0.13043522459406626 58.35329731103329 -29.157062476966868 -1.835023343142654 99.9456134384099 -49.971231870912014
466 163 780.0 792 78.71535186899986 7.72 0.01343466154639476 2.5673573927582243e-06 False True -0.13043522459406626 58.35329731103329 -29.157062476966868 -1.835023343142654 99.9456134384099 -49.971231870912014
466 164 792.0 804 79.37198864299985 7.72 0.01343466154639476 0.0036144075594838265 True False -0.13043522459406626 58.35329731103329 -29.157062476966868 -1.835023343142654 99.9456134384099 -49.971231870912014
466 165 792.0 804 79.79365431299983 7.72 0.01343466154639476 0.011643444260562635 False True -0.13043522459406626 58.35329731103329 -29.157062476966868 -1.835023343142654 99.9456134384099 -49.971231870912014
466 166 804.0 816 80.45099018099982 7.72 0.01343466154639476 0.00012588535197498034 True False -0.13043522459406626 58.35329731103329 -29.157062476966868 -1.835023343142654 99.9456134384099 -49.971231870912014
466 167 804.0 816 80.83557193899982 7.72 0.01343466154639476 0.059279676685388194 True False -0.13043522459406626 58.35329731103329 -29.157062476966868 -1.835023343142654 99.9456134384099 -49.971231870912014
466 168 804.0 816 81.2342971809998 7.72 0.01343466154639476 0.059279676685388194 False True -0.13043522459406626 58.35329731103329 -29.157062476966868 -1.835023343142654 99.9456134384099 -49.971231870912014
466 169 816.0 828 81.8970988369998 7.72 0.01343466154639476 0.14797650893633604 True False -0.13043522459406626 58.35329731103329 -29.157062476966868 -1.835023343142654 99.9456134384099 -49.971231870912014
466 170 816.0 828 82.31287115899981 7.72 0.01343466154639476 0.14797650893633604 False True -0.13043522459406626 58.35329731103329 -29.157062476966868 -1.835023343142654 99.9456134384099 -49.971231870912014
466 171 828.0 840 82.95250223999979 7.72 0.01343466154639476 0.032392727438147556 True False -0.13043522459406626 58.35329731103329 -29.157062476966868 -1.835023343142654 99.9456134384099 -49.971231870912014
466 172 828.0 840 83.3504204279998 7.72 0.01343466154639476 0.17317583077716542 True False -0.13043522459406626 58.35329731103329 -29.157062476966868 -1.835023343142654 99.9456134384099 -49.971231870912014
466 173 828.0 840 83.73414315799981 7.72 0.01343466154639476 0.16677740358298376 True False -0.13043522459406626 58.35329731103329 -29.157062476966868 -1.835023343142654 99.9456134384099 -49.971231870912014
466 174 828.0 840 84.1320948549998 7.72 0.01343466154639476 0.14825946258326067 False True -0.13043522459406626 58.35329731103329 -29.157062476966868 -1.835023343142654 99.9456134384099 -49.971231870912014
466 175 840.0 852 84.79233297999981 7.38 0.14825946258326067 0.01343466154639476 False True -0.13043522459406626 58.35329731103329 -29.157062476966868 -1.835023343142654 99.9456134384099 -49.971231870912014
466 176 844.0 856 85.43665786399983 7.72 0.01343466154639476 0.15431861038103548 False True -0.13043522459406626 58.35329731103329 -29.157062476966868 -1.835023343142654 99.9456134384099 -49.971231870912014
466 177 856.0 868 86.09634723799984 7.72 0.01343466154639476 0.13648462492581057 False True -0.13043522459406626 58.35329731103329 -29.157062476966868 -1.835023343142654 99.9456134384099 -49.971231870912014
466 178 868.0 880 86.74958952999985 7.38 0.14825946258326067 0.01343466154639476 False True -0.13043522459406626 58.35329731103329 -29.157062476966868 -1.835023343142654 99.9456134384099 -49.971231870912014
466 179 872.0 884 87.40976948999985 7.38 0.14825946258326067 0.01343466154639476 False True -0.13043522459406626 58.35329731103329 -29.157062476966868 -1.835023343142654 99.9456134384099 -49.971231870912014
466 180 876.0 888 88.05340182099984 7.72 0.01343466154639476 0.04822765674656421 True False -0.13043522459406626 58.35329731103329 -29.157062476966868 -1.835023343142654 99.9456134384099 -49.971231870912014
466 181 876.0 888 88.43494286899984 7.72 0.01343466154639476 0.0007807799005772573 True False -0.13043522459406626 58.35329731103329 -29.157062476966868 -1.835023343142654 99.9456134384099 -49.971231870912014
466 182 876.0 888 88.83084462599986 7.72 0.01343466154639476 0.002713786677557684 True False -0.13043522459406626 58.35329731103329 -29.157062476966868 -1.835023343142654 99.9456134384099 -49.971231870912014
466 183 876.0 889 89.21678618299985 7.72 0.01343466154639476 0.0003929907302608137 False True -0.13043522459406626 58.35329731103329 -29.157062476966868 -1.835023343142654 99.9456134384099 -49.971231870912014
466 184 888.0 901 89.87800196399986 7.72 0.01343466154639476 0.0001335732679329081 False True -0.13043522459406626 58.35329731103329 -29.157062476966868 -1.835023343142654 99.9456134384099 -49.971231870912014
466 185 900.0 913 90.52813705099986 7.72 0.01343466154639476 0.03526026222117927 False True -0.13043522459406626 58.35329731103329 -29.157062476966868 -1.835023343142654 99.9456134384099 -49.971231870912014
466 186 912.0 925 91.17391294699983 7.72 0.01343466154639476 0.03526026222117927 False True -0.13043522459406626 58.35329731103329 -29.157062476966868 -1.835023343142654 99.9456134384099 -49.971231870912014
466 187 916.0 929 91.81618050499985 7.72 0.01343466154639476 0.03526026222117927 False True -0.13043522459406626 58.35329731103329 -29.157062476966868 -1.835023343142654 99.9456134384099 -49.971231870912014
466 188 920.0 933 92.47263590399983 7.63 0.03526026222117927 0.01343466154639476 False True -0.13043522459406626 58.35329731103329 -29.157062476966868 -1.835023343142654 99.9456134384099 -49.971231870912014
466 189 924.0 937 93.11436485999984 7.72 0.01343466154639476 0.04479899404522948 False True -0.13043522459406626 58.35329731103329 -29.157062476966868 -1.835023343142654 99.9456134384099 -49.971231870912014
466 190 936.0 949 93.79210537099983 7.72 0.01343466154639476 0.024361780557304726 True False -0.13043522459406626 58.35329731103329 -29.157062476966868 -1.835023343142654 99.9456134384099 -49.971231870912014
466 191 936.0 949 94.21130086999985 7.72 0.01343466154639476 0.27317799174512225 True False -0.13043522459406626 58.35329731103329 -29.157062476966868 -1.835023343142654 99.9456134384099 -49.971231870912014
466 192 936.0 949 94.61361576599985 7.72 0.01343466154639476 0.3055643500524982 True False -0.13043522459406626 58.35329731103329 -29.157062476966868 -1.835023343142654 99.9456134384099 -49.971231870912014
466 193 936.0 949 95.03230640099987 7.72 0.01343466154639476 0.24239464569203378 True False -0.13043522459406626 58.35329731103329 -29.157062476966868 -1.835023343142654 99.9456134384099 -49.971231870912014
466 194 936.0 949 95.43683034899989 7.72 0.01343466154639476 0.28917402939923836 True False -0.13043522459406626 58.35329731103329 -29.157062476966868 -1.835023343142654 99.9456134384099 -49.971231870912014
466 195 936.0 949 95.85469098799989 7.72 0.01343466154639476 0.25758274723815366 True False -0.13043522459406626 58.35329731103329 -29.157062476966868 -1.835023343142654 99.9456134384099 -49.971231870912014
466 196 936.0 949 96.2580003339999 7.72 0.01343466154639476 0.2811263145854049 True False -0.13043522459406626 58.35329731103329 -29.157062476966868 -1.835023343142654 99.9456134384099 -49.971231870912014
466 197 936.0 949 96.6748912979999 7.72 0.01343466154639476 0.2653298696969721 True False -0.13043522459406626 58.35329731103329 -29.157062476966868 -1.835023343142654 99.9456134384099 -49.971231870912014
466 198 936.0 949 97.0910823709999 7.72 0.01343466154639476 0.0383716285623012 True False -0.13043522459406626 58.35329731103329 -29.157062476966868 -1.835023343142654 99.9456134384099 -49.971231870912014
466 199 936.0 949 97.5093933829999 7.72 0.01343466154639476 0.004643008478201218 True False -0.13043522459406626 58.35329731103329 -29.157062476966868 -1.835023343142654 99.9456134384099 -49.971231870912014
466 200 936.0 950 97.91131778599988 7.72 0.01343466154639476 0.015353182533595975 False True -0.13043522459406626 58.35329731103329 -29.157062476966868 -1.835023343142654 99.9456134384099 -49.971231870912014
466 201 940.0 954 98.53709600199987 7.71 0.015353182533595975 0.01343466154639476 False True -0.13043522459406626 58.35329731103329 -29.157062476966868 -1.835023343142654 99.9456134384099 -49.971231870912014
466 202 944.0 958 99.17564225299985 7.72 0.01343466154639476 0.015353182533595975 False True -0.13043522459406626 58.35329731103329 -29.157062476966868 -1.835023343142654 99.9456134384099 -49.971231870912014
466 203 948.0 962 99.82880739699984 7.72 0.01343466154639476 0.015353182533595975 False True -0.13043522459406626 58.35329731103329 -29.157062476966868 -1.835023343142654 99.9456134384099 -49.971231870912014
466 204 952.0 966 100.46962082599983 7.71 0.015353182533595975 0.01343466154639476 False True -0.13043522459406626 58.35329731103329 -29.157062476966868 -1.835023343142654 99.9456134384099 -49.971231870912014
466 205 956.0 970 101.10589395799984 7.71 0.015353182533595975 0.01343466154639476 False True -0.13043522459406626 58.35329731103329 -29.157062476966868 -1.835023343142654 99.9456134384099 -49.971231870912014
466 206 960.0 974 101.74867895999985 7.72 0.01343466154639476 0.015353182533595975 False True -0.13043522459406626 58.35329731103329 -29.157062476966868 -1.835023343142654 99.9456134384099 -49.971231870912014
466 207 964.0 978 102.38384674399983 7.89 0.0003929907302608137 0.01343466154639476 False True -0.13043522459406626 58.35329731103329 -29.157062476966868 -1.835023343142654 99.9456134384099 -49.971231870912014
466 208 968.0 982 103.02313565599984 7.72 0.01343466154639476 0.015353182533595975 False True -0.13043522459406626 58.35329731103329 -29.157062476966868 -1.835023343142654 99.9456134384099 -49.971231870912014
466 209 972.0 986 103.64774581199983 7.67 0.024296553467051656 0.01343466154639476 False True -0.13043522459406626 58.35329731103329 -29.157062476966868 -1.835023343142654 99.9456134384099 -49.971231870912014
466 210 976.0 990 104.28860715099982 7.67 0.024296553467051656 0.01343466154639476 False True -0.13043522459406626 58.35329731103329 -29.157062476966868 -1.835023343142654 99.9456134384099 -49.971231870912014
466 211 980.0 994 104.92398666999982 7.67 0.024296553467051656 0.01343466154639476 False True -0.13043522459406626 58.35329731103329 -29.157062476966868 -1.835023343142654 99.9456134384099 -49.971231870912014
466 212 984.0 998 105.56441800899982 7.67 0.024296553467051656 0.01343466154639476 False True -0.13043522459406626 58.35329731103329 -29.157062476966868 -1.835023343142654 99.9456134384099 -49.971231870912014
466 213 988.0 1002 106.19068280399982 7.67 0.024296553467051656 0.01343466154639476 False True -0.13043522459406626 58.35329731103329 -29.157062476966868 -1.835023343142654 99.9456134384099 -49.971231870912014
466 214 992.0 1006 106.83242810799983 7.67 0.024296553467051656 0.01343466154639476 False True -0.13043522459406626 58.35329731103329 -29.157062476966868 -1.835023343142654 99.9456134384099 -49.971231870912014
466 215 996.0 1010 107.46870223999981 7.67 0.024296553467051656 0.01343466154639476 False True -0.13043522459406626 58.35329731103329 -29.157062476966868 -1.835023343142654 99.9456134384099 -49.971231870912014
466 216 1000.0 1014 108.10793239799982 7.67 0.024296553467051656 0.01343466154639476 False True -0.13043522459406626 58.35329731103329 -29.157062476966868 -1.835023343142654 99.9456134384099 -49.971231870912014
466 217 1004.0 1018 108.74581917299982 7.67 0.024296553467051656 0.01343466154639476 False True -0.13043522459406626 58.35329731103329 -29.157062476966868 -1.835023343142654 99.9456134384099 -49.971231870912014
466 218 1008.0 1022 109.38725629399981 7.67 0.024296553467051656 0.01343466154639476 False True -0.13043522459406626 58.35329731103329 -29.157062476966868 -1.835023343142654 99.9456134384099 -49.971231870912014
466 219 1012.0 1026 110.02299936299981 7.67 0.024296553467051656 0.01343466154639476 False True -0.13043522459406626 58.35329731103329 -29.157062476966868 -1.835023343142654 99.9456134384099 -49.971231870912014
466 220 1016.0 1030 110.6653072089998 7.67 0.024296553467051656 0.0323307840108426 False True -0.13043522459406626 58.35329731103329 -29.157062476966868 -1.835023343142654 99.9456134384099 -49.971231870912014
466 221 1020.0 1034 111.30238922699981 7.64 0.0323307840108426 0.01343466154639476 False True -0.13043522459406626 58.35329731103329 -29.157062476966868 -1.835023343142654 99.9456134384099 -49.971231870912014
466 222 1024.0 1038 111.9300268559998 7.67 0.024296553467051656 0.01343466154639476 False True -0.13043522459406626 58.35329731103329 -29.157062476966868 -1.835023343142654 99.9456134384099 -49.971231870912014
466 223 1028.0 1042 112.55093193199981 7.67 0.024296553467051656 0.01343466154639476 False True -0.13043522459406626 58.35329731103329 -29.157062476966868 -1.835023343142654 99.9456134384099 -49.971231870912014
466 224 1032.0 1046 113.18635327099979 7.72 0.01343466154639476 0.008443569005606767 True False -0.13043522459406626 58.35329731103329 -29.157062476966868 -1.835023343142654 99.9456134384099 -49.971231870912014
466 225 1032.0 1046 113.6031236259998 7.72 0.01343466154639476 0.029590463688890588 True False -0.13043522459406626 58.35329731103329 -29.157062476966868 -1.835023343142654 99.9456134384099 -49.971231870912014
466 226 1032.0 1046 114.0062397829998 7.72 0.01343466154639476 0.2973203174275155 True False -0.13043522459406626 58.35329731103329 -29.157062476966868 -1.835023343142654 99.9456134384099 -49.971231870912014
466 227 1032.0 1046 114.42358569699981 7.72 0.01343466154639476 0.2499374130645813 True False -0.13043522459406626 58.35329731103329 -29.157062476966868 -1.835023343142654 99.9456134384099 -49.971231870912014
466 228 1032.0 1046 114.82275125399981 7.72 0.01343466154639476 0.27317799174512225 False True -0.13043522459406626 58.35329731103329 -29.157062476966868 -1.835023343142654 99.9456134384099 -49.971231870912014
466 229 1044.0 1058 115.44545960299983 7.72 0.01343466154639476 0.3395010137798378 True False -0.13043522459406626 58.35329731103329 -29.157062476966868 -1.835023343142654 99.9456134384099 -49.971231870912014
466 230 1044.0 1058 115.82787049999983 7.72 0.01343466154639476 0.21326445389175794 True False -0.13043522459406626 58.35329731103329 -29.157062476966868 -1.835023343142654 99.9456134384099 -49.971231870912014
466 231 1044.0 1058 116.20553489099983 7.72 0.01343466154639476 0.32234228582656904 True False -0.13043522459406626 58.35329731103329 -29.157062476966868 -1.835023343142654 99.9456134384099 -49.971231870912014
466 232 1044.0 1058 116.58890072599984 7.72 0.01343466154639476 0.22761987404632514 True False -0.13043522459406626 58.35329731103329 -29.157062476966868 -1.835023343142654 99.9456134384099 -49.971231870912014
466 233 1044.0 1058 116.96554460199984 7.72 0.01343466154639476 0.0892196455768477 True False -0.13043522459406626 58.35329731103329 -29.157062476966868 -1.835023343142654 99.9456134384099 -49.971231870912014
466 234 1044.0 1058 117.34845558299985 7.72 0.01343466154639476 0.3308744831976097 True False -0.13043522459406626 58.35329731103329 -29.157062476966868 -1.835023343142654 99.9456134384099 -49.971231870912014
466 235 1044.0 1059 117.72984028699985 7.72 0.01343466154639476 0.31390528888066876 True False -0.13043522459406626 58.35329731103329 -29.157062476966868 -1.835023343142654 99.9456134384099 -49.971231870912014
466 236 1044.0 1059 118.11023729199984 7.72 0.01343466154639476 0.03531988461087481 True False -0.13043522459406626 58.35329731103329 -29.157062476966868 -1.835023343142654 99.9456134384099 -49.971231870912014
466 237 1044.0 1059 118.48773797799986 7.72 0.01343466154639476 0.22038937520847987 True False -0.13043522459406626 58.35329731103329 -29.157062476966868 -1.835023343142654 99.9456134384099 -49.971231870912014
466 238 1044.0 1059 118.88070707899986 7.72 0.01343466154639476 0.005754725621945124 True False -0.13043522459406626 58.35329731103329 -29.157062476966868 -1.835023343142654 99.9456134384099 -49.971231870912014
466 239 1044.0 1059 119.25031170799984 7.72 0.01343466154639476 0.026913387517245264 True False -0.13043522459406626 58.35329731103329 -29.157062476966868 -1.835023343142654 99.9456134384099 -49.971231870912014
466 240 1044.0 1059 119.64082661799985 7.72 0.01343466154639476 0.23495521337829403 True False -0.13043522459406626 58.35329731103329 -29.157062476966868 -1.835023343142654 99.9456134384099 -49.971231870912014
466 241 1044.0 1059 120.00947033999985 7.72 0.01343466154639476 0.07568044622540042 True False -0.13043522459406626 58.35329731103329 -29.157062476966868 -1.835023343142654 99.9456134384099 -49.971231870912014
466 242 1044.0 1059 120.40140133599986 7.72 0.01343466154639476 0.3570335586364958 True False -0.13043522459406626 58.35329731103329 -29.157062476966868 -1.835023343142654 99.9456134384099 -49.971231870912014
466 243 1044.0 1059 120.78190581699987 7.72 0.01343466154639476 0.199334239061694 True False -0.13043522459406626 58.35329731103329 -29.157062476966868 -1.835023343142654 99.9456134384099 -49.971231870912014
466 244 1044.0 1059 121.16541581199989 7.72 0.01343466154639476 0.32234228582656904 False True -0.13043522459406626 58.35329731103329 -29.157062476966868 -1.835023343142654 99.9456134384099 -49.971231870912014
466 245 1056.0 1071 121.8088615329999 7.72 0.01343466154639476 0.032392727438147556 False True -0.13043522459406626 58.35329731103329 -29.157062476966868 -1.835023343142654 99.9456134384099 -49.971231870912014
466 246 1068.0 1083 122.4487008849999 7.67 0.024296553467051656 0.01343466154639476 False True -0.13043522459406626 58.35329731103329 -29.157062476966868 -1.835023343142654 99.9456134384099 -49.971231870912014
466 247 1072.0 1087 123.1014358399999 7.67 0.024296553467051656 0.01343466154639476 False True -0.13043522459406626 58.35329731103329 -29.157062476966868 -1.835023343142654 99.9456134384099 -49.971231870912014
466 248 1076.0 1091 123.74054570299988 7.72 0.01343466154639476 0.00460225026126536 True False -0.13043522459406626 58.35329731103329 -29.157062476966868 -1.835023343142654 99.9456134384099 -49.971231870912014
466 249 1076.0 1092 124.10768701599987 7.72 0.01343466154639476 0.18630761636458992 True False -0.13043522459406626 58.35329731103329 -29.157062476966868 -1.835023343142654 99.9456134384099 -49.971231870912014
466 250 1076.0 1092 124.50036613699986 7.72 0.01343466154639476 0.005799472663864116 True False -0.13043522459406626 58.35329731103329 -29.157062476966868 -1.835023343142654 99.9456134384099 -49.971231870912014
466 251 1076.0 1092 124.86977481199987 7.72 0.01343466154639476 0.017398829250321473 False True -0.13043522459406626 58.35329731103329 -29.157062476966868 -1.835023343142654 99.9456134384099 -49.971231870912014
466 252 1088.0 1104 125.52010482899986 7.72 0.01343466154639476 0.009979695916294386 False True -0.13043522459406626 58.35329731103329 -29.157062476966868 -1.835023343142654 99.9456134384099 -49.971231870912014
466 253 1100.0 1116 126.14543941399988 7.74 0.009979695916294386 0.01343466154639476 False True -0.13043522459406626 58.35329731103329 -29.157062476966868 -1.835023343142654 99.9456134384099 -49.971231870912014
466 254 1104.0 1120 126.78550809199989 7.74 0.009979695916294386 0.01343466154639476 False True -0.13043522459406626 58.35329731103329 -29.157062476966868 -1.835023343142654 99.9456134384099 -49.971231870912014
466 255 1108.0 1124 127.41960923699988 7.74 0.009979695916294386 0.01343466154639476 False True -0.13043522459406626 58.35329731103329 -29.157062476966868 -1.835023343142654 99.9456134384099 -49.971231870912014
466 256 1112.0 1128 128.04909511299985 7.74 0.009979695916294386 0.01343466154639476 False True -0.13043522459406626 58.35329731103329 -29.157062476966868 -1.835023343142654 99.9456134384099 -49.971231870912014
466 257 1116.0 1132 128.68552007499983 7.74 0.009979695916294386 0.01343466154639476 False True -0.13043522459406626 58.35329731103329 -29.157062476966868 -1.835023343142654 99.9456134384099 -49.971231870912014
466 258 1120.0 1136 129.32437347299984 7.74 0.009979695916294386 0.01343466154639476 False True -0.13043522459406626 58.35329731103329 -29.157062476966868 -1.835023343142654 99.9456134384099 -49.971231870912014
466 259 1124.0 1140 129.95980952899984 7.74 0.009979695916294386 0.01343466154639476 False True -0.13043522459406626 58.35329731103329 -29.157062476966868 -1.835023343142654 99.9456134384099 -49.971231870912014
466 260 1128.0 1144 130.59945660099982 7.74 0.009979695916294386 0.01343466154639476 False True -0.13043522459406626 58.35329731103329 -29.157062476966868 -1.835023343142654 99.9456134384099 -49.971231870912014
466 261 1132.0 1148 131.22569361599983 7.67 0.024296553467051656 0.01343466154639476 False True -0.13043522459406626 58.35329731103329 -29.157062476966868 -1.835023343142654 99.9456134384099 -49.971231870912014
466 262 1136.0 1152 131.86874998499982 7.72 0.01343466154639476 0.008443569005606767 False True -0.13043522459406626 58.35329731103329 -29.157062476966868 -1.835023343142654 99.9456134384099 -49.971231870912014
466 263 1148.0 1164 132.54301749899983 7.72 0.01343466154639476 0.0036144075594838265 False True -0.13043522459406626 58.35329731103329 -29.157062476966868 -1.835023343142654 99.9456134384099 -49.971231870912014
466 264 1160.0 1176 133.18575723499984 7.94 0.0036144075594838265 0.01343466154639476 False True -0.13043522459406626 58.35329731103329 -29.157062476966868 -1.835023343142654 99.9456134384099 -49.971231870912014
466 265 1164.0 1180 133.82001912099986 7.94 0.0036144075594838265 0.01343466154639476 False True -0.13043522459406626 58.35329731103329 -29.157062476966868 -1.835023343142654 99.9456134384099 -49.971231870912014
466 266 1168.0 1184 134.46000040699988 7.94 0.0036144075594838265 0.01343466154639476 False True -0.13043522459406626 58.35329731103329 -29.157062476966868 -1.835023343142654 99.9456134384099 -49.971231870912014
466 267 1172.0 1188 135.0887894729999 7.94 0.0036144075594838265 0.015353182533595975 False True -0.13043522459406626 58.35329731103329 -29.157062476966868 -1.835023343142654 99.9456134384099 -49.971231870912014
466 268 1176.0 1192 135.72556091299992 7.94 0.0036144075594838265 0.015353182533595975 False True -0.13043522459406626 58.35329731103329 -29.157062476966868 -1.835023343142654 99.9456134384099 -49.971231870912014
466 269 1180.0 1196 136.36061335599993 7.94 0.0036144075594838265 0.015353182533595975 False True -0.13043522459406626 58.35329731103329 -29.157062476966868 -1.835023343142654 99.9456134384099 -49.971231870912014
466 270 1184.0 1200 136.99993291699994 7.94 0.0036144075594838265 0.0019412498029820519 True False -0.13043522459406626 58.35329731103329 -29.157062476966868 -1.835023343142654 99.9456134384099 -49.971231870912014
466 271 1184.0 1200 137.40483304999995 7.94 0.0036144075594838265 0.03526026222117927 False True -0.13043522459406626 58.35329731103329 -29.157062476966868 -1.835023343142654 99.9456134384099 -49.971231870912014
466 272 1188.0 1204 138.04350468099994 7.94 0.0036144075594838265 0.03526026222117927 False True -0.13043522459406626 58.35329731103329 -29.157062476966868 -1.835023343142654 99.9456134384099 -49.971231870912014
466 273 1192.0 1208 138.68461972099996 7.94 0.0036144075594838265 0.03526026222117927 False True -0.13043522459406626 58.35329731103329 -29.157062476966868 -1.835023343142654 99.9456134384099 -49.971231870912014
466 274 1196.0 1212 139.32524808699998 7.94 0.0036144075594838265 0.002713786677557684 False True -0.13043522459406626 58.35329731103329 -29.157062476966868 -1.835023343142654 99.9456134384099 -49.971231870912014
466 275 1208.0 1224 139.97882004299998 7.94 0.0036144075594838265 0.03526026222117927 False True -0.13043522459406626 58.35329731103329 -29.157062476966868 -1.835023343142654 99.9456134384099 -49.971231870912014
466 276 1212.0 1228 140.62027649499998 7.94 0.0036144075594838265 0.01343466154639476 False True -0.13043522459406626 58.35329731103329 -29.157062476966868 -1.835023343142654 99.9456134384099 -49.971231870912014
466 277 1216.0 1232 141.26292931399996 7.94 0.0036144075594838265 0.01343466154639476 False True -0.13043522459406626 58.35329731103329 -29.157062476966868 -1.835023343142654 99.9456134384099 -49.971231870912014
466 278 1220.0 1236 141.900693167 7.94 0.0036144075594838265 0.01343466154639476 False True -0.13043522459406626 58.35329731103329 -29.157062476966868 -1.835023343142654 99.9456134384099 -49.971231870912014
466 279 1224.0 1240 142.557390243 7.94 0.0036144075594838265 0.01343466154639476 False True -0.13043522459406626 58.35329731103329 -29.157062476966868 -1.835023343142654 99.9456134384099 -49.971231870912014
466 280 1228.0 1244 143.197365382 7.94 0.0036144075594838265 0.004643008478201218 False True -0.13043522459406626 58.35329731103329 -29.157062476966868 -1.835023343142654 99.9456134384099 -49.971231870912014
466 281 1240.0 1256 143.857516076 7.94 0.0036144075594838265 0.01343466154639476 False True -0.13043522459406626 58.35329731103329 -29.157062476966868 -1.835023343142654 99.9456134384099 -49.971231870912014
466 282 1244.0 1260 144.501365763 7.94 0.0036144075594838265 0.01343466154639476 False True -0.13043522459406626 58.35329731103329 -29.157062476966868 -1.835023343142654 99.9456134384099 -49.971231870912014
466 283 1248.0 1264 145.158016598 7.94 0.0036144075594838265 0.01343466154639476 False True -0.13043522459406626 58.35329731103329 -29.157062476966868 -1.835023343142654 99.9456134384099 -49.971231870912014
466 284 1252.0 1268 145.80114539 7.94 0.0036144075594838265 0.01343466154639476 False True -0.13043522459406626 58.35329731103329 -29.157062476966868 -1.835023343142654 99.9456134384099 -49.971231870912014
466 285 1256.0 1272 146.446509846 7.94 0.0036144075594838265 0.01343466154639476 False True -0.13043522459406626 58.35329731103329 -29.157062476966868 -1.835023343142654 99.9456134384099 -49.971231870912014
466 286 1260.0 1276 147.09812870300001 7.94 0.0036144075594838265 0.01343466154639476 False True -0.13043522459406626 58.35329731103329 -29.157062476966868 -1.835023343142654 99.9456134384099 -49.971231870912014
466 287 1264.0 1280 147.75684304100002 7.94 0.0036144075594838265 0.01343466154639476 False True -0.13043522459406626 58.35329731103329 -29.157062476966868 -1.835023343142654 99.9456134384099 -49.971231870912014
466 288 1268.0 1284 148.39753469700003 7.94 0.0036144075594838265 0.01343466154639476 False True -0.13043522459406626 58.35329731103329 -29.157062476966868 -1.835023343142654 99.9456134384099 -49.971231870912014
466 289 1272.0 1288 149.04439551900003 7.94 0.0036144075594838265 0.01343466154639476 False True -0.13043522459406626 58.35329731103329 -29.157062476966868 -1.835023343142654 99.9456134384099 -49.971231870912014
466 290 1276.0 1292 149.68629178300003 7.94 0.0036144075594838265 0.01343466154639476 False True -0.13043522459406626 58.35329731103329 -29.157062476966868 -1.835023343142654 99.9456134384099 -49.971231870912014
466 291 1280.0 1296 150.34632133600002 7.94 0.0036144075594838265 0.01343466154639476 False True -0.13043522459406626 58.35329731103329 -29.157062476966868 -1.835023343142654 99.9456134384099 -49.971231870912014
466 292 1284.0 1300 150.98355639000002 7.94 0.0036144075594838265 0.01343466154639476 False True -0.13043522459406626 58.35329731103329 -29.157062476966868 -1.835023343142654 99.9456134384099 -49.971231870912014
466 293 1288.0 1304 151.63984016 7.94 0.0036144075594838265 0.01343466154639476 False True -0.13043522459406626 58.35329731103329 -29.157062476966868 -1.835023343142654 99.9456134384099 -49.971231870912014
466 294 1292.0 1308 152.28189477200002 7.67 0.024296553467051656 0.01343466154639476 False True -0.13043522459406626 58.35329731103329 -29.157062476966868 -1.835023343142654 99.9456134384099 -49.971231870912014
466 295 1296.0 1312 152.93834378500003 7.67 0.024296553467051656 0.01343466154639476 False True -0.13043522459406626 58.35329731103329 -29.157062476966868 -1.835023343142654 99.9456134384099 -49.971231870912014
466 296 1300.0 1316 153.57729204500004 7.94 0.0036144075594838265 0.01343466154639476 False True -0.13043522459406626 58.35329731103329 -29.157062476966868 -1.835023343142654 99.9456134384099 -49.971231870912014
466 297 1304.0 1320 154.22448248900002 7.67 0.024296553467051656 0.01343466154639476 False True -0.13043522459406626 58.35329731103329 -29.157062476966868 -1.835023343142654 99.9456134384099 -49.971231870912014
466 298 1308.0 1324 154.86536159300005 7.94 0.0036144075594838265 0.01343466154639476 False True -0.13043522459406626 58.35329731103329 -29.157062476966868 -1.835023343142654 99.9456134384099 -49.971231870912014
466 299 1312.0 1328 155.52122007600002 7.67 0.024296553467051656 0.015353182533595975 False True -0.13043522459406626 58.35329731103329 -29.157062476966868 -1.835023343142654 99.9456134384099 -49.971231870912014
466 300 1316.0 1332 156.16438135100003 7.67 0.024296553467051656 0.015353182533595975 False True -0.13043522459406626 58.35329731103329 -29.157062476966868 -1.835023343142654 99.9456134384099 -49.971231870912014
466 301 1320.0 1336 156.81757448300002 7.67 0.024296553467051656 0.015353182533595975 False True -0.13043522459406626 58.35329731103329 -29.157062476966868 -1.835023343142654 99.9456134384099 -49.971231870912014
466 302 1324.0 1340 157.45998638700001 7.94 0.0036144075594838265 0.015353182533595975 False True -0.13043522459406626 58.35329731103329 -29.157062476966868 -1.835023343142654 99.9456134384099 -49.971231870912014
466 303 1328.0 1344 158.19422290600002 7.71 0.015353182533595975 0.09736855811852133 False True -0.13043522459406626 58.35329731103329 -29.157062476966868 -1.835023343142654 99.9456134384099 -49.971231870912014
466 304 1332.0 1348 158.91988367300004 7.71 0.015353182533595975 0.08009089755819225 True False -0.13043522459406626 58.35329731103329 -29.157062476966868 -1.835023343142654 99.9456134384099 -49.971231870912014
466 305 1332.0 1348 159.35698814500003 7.71 0.015353182533595975 0.0007630065760211059 True False -0.13043522459406626 58.35329731103329 -29.157062476966868 -1.835023343142654 99.9456134384099 -49.971231870912014
466 306 1332.0 1348 159.79864384000004 7.71 0.015353182533595975 0.10394812745205771 True False -0.13043522459406626 58.35329731103329 -29.157062476966868 -1.835023343142654 99.9456134384099 -49.971231870912014
466 307 1332.0 1348 160.23702783000005 7.71 0.015353182533595975 0.01963603804096033 True False -0.13043522459406626 58.35329731103329 -29.157062476966868 -1.835023343142654 99.9456134384099 -49.971231870912014
466 308 1332.0 1348 160.68877547000005 7.71 0.015353182533595975 0.007083670559013166 True False -0.13043522459406626 58.35329731103329 -29.157062476966868 -1.835023343142654 99.9456134384099 -49.971231870912014
466 309 1332.0 1348 161.11461924300005 7.71 0.015353182533595975 0.22761987404632514 False True -0.13043522459406626 58.35329731103329 -29.157062476966868 -1.835023343142654 99.9456134384099 -49.971231870912014
466 310 1344.0 1360 161.85381935300006 7.71 0.015353182533595975 0.24101308000034297 True False -0.13043522459406626 58.35329731103329 -29.157062476966868 -1.835023343142654 99.9456134384099 -49.971231870912014
466 311 1344.0 1360 162.33466988200007 7.71 0.015353182533595975 0.17968611410332894 True False -0.13043522459406626 58.35329731103329 -29.157062476966868 -1.835023343142654 99.9456134384099 -49.971231870912014
466 312 1344.0 1361 162.79435941600008 7.71 0.015353182533595975 0.1251715446702899 True False -0.13043522459406626 58.35329731103329 -29.157062476966868 -1.835023343142654 99.9456134384099 -49.971231870912014
466 313 1344.0 1361 163.27033416800006 7.71 0.015353182533595975 0.2599094741285542 True False -0.13043522459406626 58.35329731103329 -29.157062476966868 -1.835023343142654 99.9456134384099 -49.971231870912014
466 314 1344.0 1361 163.73035583000006 7.71 0.015353182533595975 0.16301386483458372 True False -0.13043522459406626 58.35329731103329 -29.157062476966868 -1.835023343142654 99.9456134384099 -49.971231870912014
466 315 1344.0 1361 164.19271239300008 7.71 0.015353182533595975 0.00012588535197498034 False True -0.13043522459406626 58.35329731103329 -29.157062476966868 -1.835023343142654 99.9456134384099 -49.971231870912014
466 316 1356.0 1373 164.92617466700008 7.71 0.015353182533595975 0.09562637853023767 False True -0.13043522459406626 58.35329731103329 -29.157062476966868 -1.835023343142654 99.9456134384099 -49.971231870912014
466 317 1360.0 1377 165.65354016400008 7.67 0.024296553467051656 0.015353182533595975 False True -0.13043522459406626 58.35329731103329 -29.157062476966868 -1.835023343142654 99.9456134384099 -49.971231870912014
466 318 1364.0 1381 166.3861272350001 7.74 0.009979695916294386 0.015353182533595975 False True -0.13043522459406626 58.35329731103329 -29.157062476966868 -1.835023343142654 99.9456134384099 -49.971231870912014
466 319 1368.0 1385 167.11176375000008 7.74 0.009979695916294386 0.015353182533595975 False True -0.13043522459406626 58.35329731103329 -29.157062476966868 -1.835023343142654 99.9456134384099 -49.971231870912014
466 320 1372.0 1389 167.83261971700009 7.71 0.015353182533595975 0.10907732495498983 True False -0.13043522459406626 58.35329731103329 -29.157062476966868 -1.835023343142654 99.9456134384099 -49.971231870912014
466 321 1372.0 1389 168.27061387100008 7.71 0.015353182533595975 0.017398829250321473 False True -0.13043522459406626 58.35329731103329 -29.157062476966868 -1.835023343142654 99.9456134384099 -49.971231870912014
466 322 1376.0 1393 168.99307305400006 7.7 0.017398829250321473 0.015353182533595975 False True -0.13043522459406626 58.35329731103329 -29.157062476966868 -1.835023343142654 99.9456134384099 -49.971231870912014
466 323 1380.0 1397 169.71251287800007 7.7 0.017398829250321473 0.015353182533595975 False True -0.13043522459406626 58.35329731103329 -29.157062476966868 -1.835023343142654 99.9456134384099 -49.971231870912014
466 324 1384.0 1401 170.44939643800006 7.7 0.017398829250321473 0.015353182533595975 False True -0.13043522459406626 58.35329731103329 -29.157062476966868 -1.835023343142654 99.9456134384099 -49.971231870912014
466 325 1388.0 1405 171.17117640500007 7.7 0.017398829250321473 0.015353182533595975 False True -0.13043522459406626 58.35329731103329 -29.157062476966868 -1.835023343142654 99.9456134384099 -49.971231870912014
466 326 1392.0 1409 171.90737955200007 7.7 0.017398829250321473 0.015353182533595975 False True -0.13043522459406626 58.35329731103329 -29.157062476966868 -1.835023343142654 99.9456134384099 -49.971231870912014
466 327 1396.0 1413 172.62654359300006 7.7 0.017398829250321473 0.015353182533595975 False True -0.13043522459406626 58.35329731103329 -29.157062476966868 -1.835023343142654 99.9456134384099 -49.971231870912014
466 328 1400.0 1417 173.36997710900008 7.7 0.017398829250321473 0.015353182533595975 False True -0.13043522459406626 58.35329731103329 -29.157062476966868 -1.835023343142654 99.9456134384099 -49.971231870912014
466 329 1404.0 1421 174.09196649800006 7.7 0.017398829250321473 0.0800634341944931 True False -0.13043522459406626 58.35329731103329 -29.157062476966868 -1.835023343142654 99.9456134384099 -49.971231870912014
466 330 1404.0 1421 174.53005961100007 7.7 0.017398829250321473 0.10384522131472905 True False -0.13043522459406626 58.35329731103329 -29.157062476966868 -1.835023343142654 99.9456134384099 -49.971231870912014
466 331 1404.0 1421 174.97246350600008 7.7 0.017398829250321473 0.12176219016893998 True False -0.13043522459406626 58.35329731103329 -29.157062476966868 -1.835023343142654 99.9456134384099 -49.971231870912014
466 332 1404.0 1421 175.4238413590001 7.7 0.017398829250321473 0.044847587954237295 True False -0.13043522459406626 58.35329731103329 -29.157062476966868 -1.835023343142654 99.9456134384099 -49.971231870912014
466 333 1404.0 1421 175.84996765700012 7.7 0.017398829250321473 0.16198643463092496 True False -0.13043522459406626 58.35329731103329 -29.157062476966868 -1.835023343142654 99.9456134384099 -49.971231870912014
466 334 1404.0 1421 176.28819715500012 7.7 0.017398829250321473 0.23058481602909212 False True -0.13043522459406626 58.35329731103329 -29.157062476966868 -1.835023343142654 99.9456134384099 -49.971231870912014
466 335 1416.0 1433 177.02427351200012 7.7 0.017398829250321473 0.24896903871018564 True False -0.13043522459406626 58.35329731103329 -29.157062476966868 -1.835023343142654 99.9456134384099 -49.971231870912014
466 336 1416.0 1434 177.47260069800012 7.7 0.017398829250321473 0.21323083988403332 True False -0.13043522459406626 58.35329731103329 -29.157062476966868 -1.835023343142654 99.9456134384099 -49.971231870912014
466 337 1416.0 1434 177.9489642140001 7.7 0.017398829250321473 0.24272747334615513 False True -0.13043522459406626 58.35329731103329 -29.157062476966868 -1.835023343142654 99.9456134384099 -49.971231870912014
466 338 1428.0 1446 178.68344245800012 7.7 0.017398829250321473 0.2189000651427862 False True -0.13043522459406626 58.35329731103329 -29.157062476966868 -1.835023343142654 99.9456134384099 -49.971231870912014
466 339 1440.0 1458 179.4117279830001 7.7 0.017398829250321473 0.01343466154639476 False True -0.13043522459406626 58.35329731103329 -29.157062476966868 -1.835023343142654 99.9456134384099 -49.971231870912014
466 340 1444.0 1462 180.14600462100012 7.7 0.017398829250321473 0.01343466154639476 False True -0.13043522459406626 58.35329731103329 -29.157062476966868 -1.835023343142654 99.9456134384099 -49.971231870912014
466 341 1448.0 1466 180.8850729160001 7.7 0.017398829250321473 0.01343466154639476 False True -0.13043522459406626 58.35329731103329 -29.157062476966868 -1.835023343142654 99.9456134384099 -49.971231870912014
466 342 1452.0 1470 181.6089943210001 7.7 0.017398829250321473 0.09736855811852133 False True -0.13043522459406626 58.35329731103329 -29.157062476966868 -1.835023343142654 99.9456134384099 -49.971231870912014
466 343 1456.0 1474 182.3461403790001 7.7 0.017398829250321473 0.09736855811852133 False True -0.13043522459406626 58.35329731103329 -29.157062476966868 -1.835023343142654 99.9456134384099 -49.971231870912014
466 344 1460.0 1478 183.0728978490001 7.7 0.017398829250321473 0.12421835823005613 False True -0.13043522459406626 58.35329731103329 -29.157062476966868 -1.835023343142654 99.9456134384099 -49.971231870912014
466 345 1472.0 1490 183.8043215460001 7.7 0.017398829250321473 0.6374962296178273 True False -0.13043522459406626 58.35329731103329 -29.157062476966868 -1.835023343142654 99.9456134384099 -49.971231870912014
466 346 1472.0 1490 184.26424681300009 7.7 0.017398829250321473 0.6709005840512996 True False -0.13043522459406626 58.35329731103329 -29.157062476966868 -1.835023343142654 99.9456134384099 -49.971231870912014
466 347 1472.0 1490 184.7298030210001 7.7 0.017398829250321473 0.6597044357288196 True False -0.13043522459406626 58.35329731103329 -29.157062476966868 -1.835023343142654 99.9456134384099 -49.971231870912014
466 348 1472.0 1490 185.18749836900008 7.7 0.017398829250321473 0.6485692750661972 True False -0.13043522459406626 58.35329731103329 -29.157062476966868 -1.835023343142654 99.9456134384099 -49.971231870912014
466 349 1472.0 1490 185.66196549700007 7.7 0.017398829250321473 0.6709005840512996 False True -0.13043522459406626 58.35329731103329 -29.157062476966868 -1.835023343142654 99.9456134384099 -49.971231870912014
466 350 1484.0 1502 186.38653251800005 7.7 0.017398829250321473 0.015353182533595975 False True -0.13043522459406626 58.35329731103329 -29.157062476966868 -1.835023343142654 99.9456134384099 -49.971231870912014
466 351 1488.0 1506 187.12171593100004 7.7 0.017398829250321473 0.11968955033041041 True False -0.13043522459406626 58.35329731103329 -29.157062476966868 -1.835023343142654 99.9456134384099 -49.971231870912014
466 352 1488.0 1506 187.58406986100005 7.7 0.017398829250321473 0.12814987209443873 True False -0.13043522459406626 58.35329731103329 -29.157062476966868 -1.835023343142654 99.9456134384099 -49.971231870912014
466 353 1488.0 1506 188.04829452700005 7.7 0.017398829250321473 0.03526026222117927 False True -0.13043522459406626 58.35329731103329 -29.157062476966868 -1.835023343142654 99.9456134384099 -49.971231870912014
466 354 1492.0 1510 188.76868877600003 7.7 0.017398829250321473 0.1930396892408679 True False -0.13043522459406626 58.35329731103329 -29.157062476966868 -1.835023343142654 99.9456134384099 -49.971231870912014
466 355 1492.0 1510 189.20172684500002 7.7 0.017398829250321473 0.266429597338536 True False -0.13043522459406626 58.35329731103329 -29.157062476966868 -1.835023343142654 99.9456134384099 -49.971231870912014
466 356 1492.0 1510 189.641118471 7.7 0.017398829250321473 0.24720056689854872 True False -0.13043522459406626 58.35329731103329 -29.157062476966868 -1.835023343142654 99.9456134384099 -49.971231870912014
466 357 1492.0 1511 190.06759858700002 7.7 0.017398829250321473 0.021935911894954144 True False -0.13043522459406626 58.35329731103329 -29.157062476966868 -1.835023343142654 99.9456134384099 -49.971231870912014
466 358 1492.0 1511 190.50689530100004 7.7 0.017398829250321473 0.5096109823353727 True False -0.13043522459406626 58.35329731103329 -29.157062476966868 -1.835023343142654 99.9456134384099 -49.971231870912014
466 359 1492.0 1511 190.92939538300004 7.7 0.017398829250321473 0.08009089755819225 False True -0.13043522459406626 58.35329731103329 -29.157062476966868 -1.835023343142654 99.9456134384099 -49.971231870912014
466 360 1504.0 1523 191.64967579200004 7.7 0.017398829250321473 0.16749833919186172 False True -0.13043522459406626 58.35329731103329 -29.157062476966868 -1.835023343142654 99.9456134384099 -49.971231870912014
466 361 1516.0 1535 192.36740036600003 7.7 0.017398829250321473 0.18167375276613362 True False -0.13043522459406626 58.35329731103329 -29.157062476966868 -1.835023343142654 99.9456134384099 -49.971231870912014
466 362 1516.0 1535 192.80878816400002 7.7 0.017398829250321473 0.1544085420249142 True False -0.13043522459406626 58.35329731103329 -29.157062476966868 -1.835023343142654 99.9456134384099 -49.971231870912014
466 363 1516.0 1535 193.244335126 7.7 0.017398829250321473 0.17682873666903884 False True -0.13043522459406626 58.35329731103329 -29.157062476966868 -1.835023343142654 99.9456134384099 -49.971231870912014
466 364 1528.0 1547 193.980157245 7.7 0.017398829250321473 0.3152193637501703 True False -0.13043522459406626 58.35329731103329 -29.157062476966868 -1.835023343142654 99.9456134384099 -49.971231870912014
466 365 1528.0 1547 194.44296760599997 7.7 0.017398829250321473 0.09397649262424966 True False -0.13043522459406626 58.35329731103329 -29.157062476966868 -1.835023343142654 99.9456134384099 -49.971231870912014
466 366 1528.0 1547 194.90356192399997 7.7 0.017398829250321473 0.36090459733090163 True False -0.13043522459406626 58.35329731103329 -29.157062476966868 -1.835023343142654 99.9456134384099 -49.971231870912014
466 367 1528.0 1547 195.36797199099993 7.7 0.017398829250321473 0.17968611410332894 False True -0.13043522459406626 58.35329731103329 -29.157062476966868 -1.835023343142654 99.9456134384099 -49.971231870912014
466 368 1540.0 1559 196.10047760499992 7.7 0.017398829250321473 0.08458180018970034 True False -0.13043522459406626 58.35329731103329 -29.157062476966868 -1.835023343142654 99.9456134384099 -49.971231870912014
466 369 1540.0 1559 196.5272709229999 7.7 0.017398829250321473 0.253499579280011 False True -0.13043522459406626 58.35329731103329 -29.157062476966868 -1.835023343142654 99.9456134384099 -49.971231870912014
466 370 1552.0 1571 197.26150332999987 7.7 0.017398829250321473 1.3721304853249212 False True -0.13043522459406626 58.35329731103329 -29.157062476966868 -1.835023343142654 99.9456134384099 -49.971231870912014
466 371 1564.0 1583 197.9808836709999 7.7 0.017398829250321473 0.2553232841022665 True False -0.13043522459406626 58.35329731103329 -29.157062476966868 -1.835023343142654 99.9456134384099 -49.971231870912014
466 372 1564.0 1583 198.4232345509999 7.7 0.017398829250321473 0.11587469373946065 True False -0.13043522459406626 58.35329731103329 -29.157062476966868 -1.835023343142654 99.9456134384099 -49.971231870912014
466 373 1564.0 1584 198.84910329799987 7.7 0.017398829250321473 0.005799472663864116 False True -0.13043522459406626 58.35329731103329 -29.157062476966868 -1.835023343142654 99.9456134384099 -49.971231870912014
466 374 1576.0 1596 199.58153764799988 7.7 0.017398829250321473 0.015353182533595975 False True -0.13043522459406626 58.35329731103329 -29.157062476966868 -1.835023343142654 99.9456134384099 -49.971231870912014
466 375 1580.0 1600 200.3010169989999 7.67 0.024296553467051656 0.017398829250321473 False True -0.13043522459406626 58.35329731103329 -29.157062476966868 -1.835023343142654 99.9456134384099 -49.971231870912014
466 376 1584.0 1604 201.02840283799992 7.67 0.024296553467051656 0.015353182533595975 False True -0.13043522459406626 58.35329731103329 -29.157062476966868 -1.835023343142654 99.9456134384099 -49.971231870912014
466 377 1588.0 1608 201.74715606199993 7.94 0.0036144075594838265 0.01343466154639476 False True -0.13043522459406626 58.35329731103329 -29.157062476966868 -1.835023343142654 99.9456134384099 -49.971231870912014
466 378 1592.0 1612 202.4799386719999 7.94 0.0036144075594838265 0.01343466154639476 False True -0.13043522459406626 58.35329731103329 -29.157062476966868 -1.835023343142654 99.9456134384099 -49.971231870912014
466 379 1596.0 1616 203.18866992499989 7.94 0.0036144075594838265 0.01343466154639476 False True -0.13043522459406626 58.35329731103329 -29.157062476966868 -1.835023343142654 99.9456134384099 -49.971231870912014
466 380 1600.0 1620 203.92319924899988 7.94 0.0036144075594838265 0.01343466154639476 False True -0.13043522459406626 58.35329731103329 -29.157062476966868 -1.835023343142654 99.9456134384099 -49.971231870912014
466 381 1604.0 1624 204.64138676799985 7.67 0.024296553467051656 0.01343466154639476 False True -0.13043522459406626 58.35329731103329 -29.157062476966868 -1.835023343142654 99.9456134384099 -49.971231870912014
466 382 1608.0 1628 205.36655416199983 7.67 0.024296553467051656 0.01343466154639476 False True -0.13043522459406626 58.35329731103329 -29.157062476966868 -1.835023343142654 99.9456134384099 -49.971231870912014
466 383 1612.0 1632 206.0844072379998 7.67 0.024296553467051656 0.09736855811852133 False True -0.13043522459406626 58.35329731103329 -29.157062476966868 -1.835023343142654 99.9456134384099 -49.971231870912014
466 384 1616.0 1636 206.80665096499985 7.67 0.024296553467051656 0.09736855811852133 False True -0.13043522459406626 58.35329731103329 -29.157062476966868 -1.835023343142654 99.9456134384099 -49.971231870912014
466 385 1620.0 1640 207.52547212799988 7.67 0.024296553467051656 0.015353182533595975 False True -0.13043522459406626 58.35329731103329 -29.157062476966868 -1.835023343142654 99.9456134384099 -49.971231870912014
466 386 1624.0 1644 208.24563382999986 7.67 0.024296553467051656 0.01343466154639476 False True -0.13043522459406626 58.35329731103329 -29.157062476966868 -1.835023343142654 99.9456134384099 -49.971231870912014
466 387 1628.0 1648 208.95941686999987 1.6 0.08485588702757169 0.01343466154639476 False True -0.13043522459406626 58.35329731103329 -29.157062476966868 -1.835023343142654 99.9456134384099 -49.971231870912014
466 388 1632.0 1652 209.6713979619999 1.6 0.08485588702757169 0.01343466154639476 False True -0.13043522459406626 58.35329731103329 -29.157062476966868 -1.835023343142654 99.9456134384099 -49.971231870912014
466 389 1636.0 1656 210.37266121899995 7.67 0.024296553467051656 0.017398829250321473 False True -0.13043522459406626 58.35329731103329 -29.157062476966868 -1.835023343142654 99.9456134384099 -49.971231870912014
466 390 1640.0 1660 211.091262595 7.38 0.14825946258326067 0.01343466154639476 False True -0.13043522459406626 58.35329731103329 -29.157062476966868 -1.835023343142654 99.9456134384099 -49.971231870912014
466 391 1644.0 1664 211.78695693499998 7.38 0.14825946258326067 0.01343466154639476 False True -0.13043522459406626 58.35329731103329 -29.157062476966868 -1.835023343142654 99.9456134384099 -49.971231870912014
466 392 1648.0 1668 212.52136631499997 7.38 0.14825946258326067 0.01343466154639476 False True -0.13043522459406626 58.35329731103329 -29.157062476966868 -1.835023343142654 99.9456134384099 -49.971231870912014
466 393 1652.0 1672 213.24942842999997 7.84 0.0003802247229884281 0.015353182533595975 False True -0.13043522459406626 58.35329731103329 -29.157062476966868 -1.835023343142654 99.9456134384099 -49.971231870912014
466 394 1656.0 1676 213.95148252699994 7.67 0.024296553467051656 0.015353182533595975 False True -0.13043522459406626 58.35329731103329 -29.157062476966868 -1.835023343142654 99.9456134384099 -49.971231870912014
466 395 1660.0 1680 214.6457343259999 7.94 0.0036144075594838265 0.015353182533595975 False True -0.13043522459406626 58.35329731103329 -29.157062476966868 -1.835023343142654 99.9456134384099 -49.971231870912014
466 396 1664.0 1684 215.3435840759999 7.74 0.009979695916294386 0.015353182533595975 False True -0.13043522459406626 58.35329731103329 -29.157062476966868 -1.835023343142654 99.9456134384099 -49.971231870912014
466 397 1668.0 1688 216.0276799209999 7.67 0.024296553467051656 0.015353182533595975 False True -0.13043522459406626 58.35329731103329 -29.157062476966868 -1.835023343142654 99.9456134384099 -49.971231870912014
466 398 1672.0 1692 216.73665506999987 7.94 0.0036144075594838265 0.015353182533595975 False True -0.13043522459406626 58.35329731103329 -29.157062476966868 -1.835023343142654 99.9456134384099 -49.971231870912014
466 399 1676.0 1696 217.4219412029999 7.94 0.0036144075594838265 0.015353182533595975 False True -0.13043522459406626 58.35329731103329 -29.157062476966868 -1.835023343142654 99.9456134384099 -49.971231870912014
466 400 1680.0 1700 218.12262550299988 7.94 0.0036144075594838265 0.015353182533595975 False True -0.13043522459406626 58.35329731103329 -29.157062476966868 -1.835023343142654 99.9456134384099 -49.971231870912014
466 401 1684.0 1704 218.82018306899988 7.94 0.0036144075594838265 0.015353182533595975 False True -0.13043522459406626 58.35329731103329 -29.157062476966868 -1.835023343142654 99.9456134384099 -49.971231870912014
466 402 1688.0 1708 219.5219737189999 7.94 0.0036144075594838265 0.015353182533595975 False True -0.13043522459406626 58.35329731103329 -29.157062476966868 -1.835023343142654 99.9456134384099 -49.971231870912014
466 403 1692.0 1712 220.21504816499993 7.94 0.0036144075594838265 0.015353182533595975 False True -0.13043522459406626 58.35329731103329 -29.157062476966868 -1.835023343142654 99.9456134384099 -49.971231870912014
466 404 1696.0 1716 220.9166050539999 7.38 0.14825946258326067 0.015353182533595975 False True -0.13043522459406626 58.35329731103329 -29.157062476966868 -1.835023343142654 99.9456134384099 -49.971231870912014
466 405 1700.0 1720 221.6134568509999 7.71 0.015353182533595975 0.08462356438844144 False True -0.13043522459406626 58.35329731103329 -29.157062476966868 -1.835023343142654 99.9456134384099 -49.971231870912014
466 406 1712.0 1732 222.3282789499999 7.71 0.015353182533595975 0.2365991991744657 False True -0.13043522459406626 58.35329731103329 -29.157062476966868 -1.835023343142654 99.9456134384099 -49.971231870912014
466 407 1724.0 1744 223.0308635379999 7.71 0.015353182533595975 0.10514409960745733 False True -0.13043522459406626 58.35329731103329 -29.157062476966868 -1.835023343142654 99.9456134384099 -49.971231870912014
466 408 1736.0 1756 223.75129182299986 1.6 0.08485588702757169 0.015353182533595975 False True -0.13043522459406626 58.35329731103329 -29.157062476966868 -1.835023343142654 99.9456134384099 -49.971231870912014
466 409 1740.0 1760 224.46705216899988 1.7 0.09371023969790652 0.015353182533595975 False True -0.13043522459406626 58.35329731103329 -29.157062476966868 -1.835023343142654 99.9456134384099 -49.971231870912014
466 410 1744.0 1764 225.1876054529999 1.7 0.09371023969790652 0.015353182533595975 False True -0.13043522459406626 58.35329731103329 -29.157062476966868 -1.835023343142654 99.9456134384099 -49.971231870912014
466 411 1748.0 1768 225.8950632999999 7.5 0.08462227818479011 0.015353182533595975 False True -0.13043522459406626 58.35329731103329 -29.157062476966868 -1.835023343142654 99.9456134384099 -49.971231870912014
466 412 1752.0 1772 226.6263779699999 7.5 0.08462227818479011 0.015353182533595975 False True -0.13043522459406626 58.35329731103329 -29.157062476966868 -1.835023343142654 99.9456134384099 -49.971231870912014
466 413 1756.0 1776 227.3328427489999 7.5 0.08462227818479011 0.015353182533595975 False True -0.13043522459406626 58.35329731103329 -29.157062476966868 -1.835023343142654 99.9456134384099 -49.971231870912014
466 414 1760.0 1780 228.05297560899993 7.5 0.08462227818479011 0.015353182533595975 False True -0.13043522459406626 58.35329731103329 -29.157062476966868 -1.835023343142654 99.9456134384099 -49.971231870912014
466 415 1764.0 1784 228.7547206239999 7.5 0.08462227818479011 0.015353182533595975 False True -0.13043522459406626 58.35329731103329 -29.157062476966868 -1.835023343142654 99.9456134384099 -49.971231870912014
466 416 1768.0 1788 229.47636838999995 7.5 0.08462227818479011 0.015353182533595975 False True -0.13043522459406626 58.35329731103329 -29.157062476966868 -1.835023343142654 99.9456134384099 -49.971231870912014
466 417 1772.0 1792 230.1950193159999 7.5 0.08462227818479011 0.015353182533595975 False True -0.13043522459406626 58.35329731103329 -29.157062476966868 -1.835023343142654 99.9456134384099 -49.971231870912014
466 418 1776.0 1796 230.9132772239999 7.71 0.015353182533595975 0.10394812745205771 False True -0.13043522459406626 58.35329731103329 -29.157062476966868 -1.835023343142654 99.9456134384099 -49.971231870912014
466 419 1788.0 1808 231.6118419949999 7.46 0.10394812745205771 0.017398829250321473 False True -0.13043522459406626 58.35329731103329 -29.157062476966868 -1.835023343142654 99.9456134384099 -49.971231870912014
466 420 1792.0 1812 232.3296867589999 7.46 0.10394812745205771 0.10907732495498983 False True -0.13043522459406626 58.35329731103329 -29.157062476966868 -1.835023343142654 99.9456134384099 -49.971231870912014
466 421 1804.0 1824 233.03035151399996 7.46 0.10394812745205771 0.10907732495498983 False True -0.13043522459406626 58.35329731103329 -29.157062476966868 -1.835023343142654 99.9456134384099 -49.971231870912014
466 422 1808.0 1828 233.75083056299997 7.46 0.10394812745205771 0.09893754277367896 False True -0.13043522459406626 58.35329731103329 -29.157062476966868 -1.835023343142654 99.9456134384099 -49.971231870912014
466 423 1820.0 1840 234.46659595199998 7.46 0.10394812745205771 0.017398829250321473 False True -0.13043522459406626 58.35329731103329 -29.157062476966868 -1.835023343142654 99.9456134384099 -49.971231870912014
466 424 1824.0 1844 235.18644488299998 7.7 0.017398829250321473 0.11968955033041041 False True -0.13043522459406626 58.35329731103329 -29.157062476966868 -1.835023343142654 99.9456134384099 -49.971231870912014
466 425 1836.0 1856 235.90427603899997 7.7 0.017398829250321473 0.10394812745205771 False True -0.13043522459406626 58.35329731103329 -29.157062476966868 -1.835023343142654 99.9456134384099 -49.971231870912014
466 426 1840.0 1860 236.61281602699995 7.7 0.017398829250321473 0.07139135137695116 True False -0.13043522459406626 58.35329731103329 -29.157062476966868 -1.835023343142654 99.9456134384099 -49.971231870912014
466 427 1840.0 1860 237.08646788599992 7.7 0.017398829250321473 0.10335853986979923 False True -0.13043522459406626 58.35329731103329 -29.157062476966868 -1.835023343142654 99.9456134384099 -49.971231870912014
466 428 1852.0 1872 237.80502711999992 7.7 0.017398829250321473 0.10907732495498983 False True -0.13043522459406626 58.35329731103329 -29.157062476966868 -1.835023343142654 99.9456134384099 -49.971231870912014
466 429 1856.0 1876 238.5297312479999 7.7 0.017398829250321473 0.05178032419304352 True False -0.13043522459406626 58.35329731103329 -29.157062476966868 -1.835023343142654 99.9456134384099 -49.971231870912014
466 430 1856.0 1876 238.99094538499986 7.7 0.017398829250321473 0.02952683089576113 False True -0.13043522459406626 58.35329731103329 -29.157062476966868 -1.835023343142654 99.9456134384099 -49.971231870912014
466 431 1868.0 1888 239.71116382799988 7.65 0.02952683089576113 0.017398829250321473 False True -0.13043522459406626 58.35329731103329 -29.157062476966868 -1.835023343142654 99.9456134384099 -49.971231870912014
466 432 1872.0 1892 240.44419716099986 7.65 0.02952683089576113 0.017398829250321473 False True -0.13043522459406626 58.35329731103329 -29.157062476966868 -1.835023343142654 99.9456134384099 -49.971231870912014
466 433 1876.0 1896 241.15041913899984 7.65 0.02952683089576113 0.0323307840108426 False True -0.13043522459406626 58.35329731103329 -29.157062476966868 -1.835023343142654 99.9456134384099 -49.971231870912014
466 434 1880.0 1900 241.88315975299986 7.65 0.02952683089576113 0.48145714298224274 True False -0.13043522459406626 58.35329731103329 -29.157062476966868 -1.835023343142654 99.9456134384099 -49.971231870912014
466 435 1880.0 1900 242.34663200499983 7.65 0.02952683089576113 0.09885185169875926 True False -0.13043522459406626 58.35329731103329 -29.157062476966868 -1.835023343142654 99.9456134384099 -49.971231870912014
466 436 1880.0 1900 242.80494244599987 7.65 0.02952683089576113 0.0323307840108426 False True -0.13043522459406626 58.35329731103329 -29.157062476966868 -1.835023343142654 99.9456134384099 -49.971231870912014
466 437 1884.0 1904 243.50935674099992 7.65 0.02952683089576113 0.0323307840108426 False True -0.13043522459406626 58.35329731103329 -29.157062476966868 -1.835023343142654 99.9456134384099 -49.971231870912014
466 438 1888.0 1908 244.22696868999992 7.65 0.02952683089576113 0.0323307840108426 False True -0.13043522459406626 58.35329731103329 -29.157062476966868 -1.835023343142654 99.9456134384099 -49.971231870912014
466 439 1892.0 1912 244.9299673719999 7.65 0.02952683089576113 0.017398829250321473 False True -0.13043522459406626 58.35329731103329 -29.157062476966868 -1.835023343142654 99.9456134384099 -49.971231870912014
466 440 1896.0 1916 245.6497622309999 7.65 0.02952683089576113 0.017398829250321473 False True -0.13043522459406626 58.35329731103329 -29.157062476966868 -1.835023343142654 99.9456134384099 -49.971231870912014
466 441 1900.0 1920 246.36512371499987 7.65 0.02952683089576113 0.017398829250321473 False True -0.13043522459406626 58.35329731103329 -29.157062476966868 -1.835023343142654 99.9456134384099 -49.971231870912014
466 442 1904.0 1924 247.08556092399988 7.7 0.017398829250321473 0.04154764018768781 True False -0.13043522459406626 58.35329731103329 -29.157062476966868 -1.835023343142654 99.9456134384099 -49.971231870912014
466 443 1904.0 1924 247.54902468599988 7.7 0.017398829250321473 0.3530159509360969 True False -0.13043522459406626 58.35329731103329 -29.157062476966868 -1.835023343142654 99.9456134384099 -49.971231870912014
466 444 1904.0 1924 248.00973995699985 7.7 0.017398829250321473 0.07566501337367455 True False -0.13043522459406626 58.35329731103329 -29.157062476966868 -1.835023343142654 99.9456134384099 -49.971231870912014
466 445 1904.0 1924 248.48307531399985 7.7 0.017398829250321473 0.08927414882045105 False True -0.13043522459406626 58.35329731103329 -29.157062476966868 -1.835023343142654 99.9456134384099 -49.971231870912014
466 446 1916.0 1936 249.20412059699987 7.7 0.017398829250321473 0.1251715446702899 False True -0.13043522459406626 58.35329731103329 -29.157062476966868 -1.835023343142654 99.9456134384099 -49.971231870912014
466 447 1928.0 1948 249.9296312119999 7.42 0.1251715446702899 0.017398829250321473 False True -0.13043522459406626 58.35329731103329 -29.157062476966868 -1.835023343142654 99.9456134384099 -49.971231870912014
466 448 1932.0 1952 250.65145772199992 7.42 0.1251715446702899 0.017398829250321473 False True -0.13043522459406626 58.35329731103329 -29.157062476966868 -1.835023343142654 99.9456134384099 -49.971231870912014
466 449 1936.0 1956 251.38903628899993 7.42 0.1251715446702899 0.017398829250321473 False True -0.13043522459406626 58.35329731103329 -29.157062476966868 -1.835023343142654 99.9456134384099 -49.971231870912014
466 450 1940.0 1960 252.11127334099996 7.42 0.1251715446702899 0.017398829250321473 False True -0.13043522459406626 58.35329731103329 -29.157062476966868 -1.835023343142654 99.9456134384099 -49.971231870912014
466 451 1944.0 1964 252.84886666099993 7.7 0.017398829250321473 0.0892196455768477 False True -0.13043522459406626 58.35329731103329 -29.157062476966868 -1.835023343142654 99.9456134384099 -49.971231870912014
466 452 1956.0 1976 253.5824341569999 7.7 0.017398829250321473 0.0800634341944931 False True -0.13043522459406626 58.35329731103329 -29.157062476966868 -1.835023343142654 99.9456134384099 -49.971231870912014
466 453 1968.0 1988 254.3103245339999 7.7 0.017398829250321473 0.3688931888201632 True False -0.13043522459406626 58.35329731103329 -29.157062476966868 -1.835023343142654 99.9456134384099 -49.971231870912014
466 454 1968.0 1988 254.7699926009999 7.7 0.017398829250321473 0.01746240290532111 True False -0.13043522459406626 58.35329731103329 -29.157062476966868 -1.835023343142654 99.9456134384099 -49.971231870912014
466 455 1968.0 1988 255.2447152109999 7.7 0.017398829250321473 0.33754169134570394 True False -0.13043522459406626 58.35329731103329 -29.157062476966868 -1.835023343142654 99.9456134384099 -49.971231870912014
466 456 1968.0 1989 255.71607200599993 7.7 0.017398829250321473 0.021935911894954144 False True -0.13043522459406626 58.35329731103329 -29.157062476966868 -1.835023343142654 99.9456134384099 -49.971231870912014
