591 0 200.0 201 0.6757962719999995 8.12 0.03772479008103866 0.19738845253088713 False True -0.05960155169010306 16.930144004204973 -8.426820049049526 -0.982425470525446 26.614529498750304 -13.271186037369253
591 1 212.0 213 1.3602827299999944 2.04 0.19738845253088713 0.21332083549672107 True False -0.05960155169010306 16.930144004204973 -8.426820049049526 -0.982425470525446 26.614529498750304 -13.271186037369253
591 2 212.0 213 1.7962365039999924 2.04 0.19738845253088713 0.21332083549672107 False True -0.05960155169010306 16.930144004204973 -8.426820049049526 -0.982425470525446 26.614529498750304 -13.271186037369253
591 3 224.0 225 2.5310934609999975 2.04 0.19738845253088713 0.23017476734584771 True False -0.05960155169010306 16.930144004204973 -8.426820049049526 -0.982425470525446 26.614529498750304 -13.271186037369253
591 4 224.0 225 2.96018729299999 2.04 0.19738845253088713 0.23017476734584771 False True -0.05960155169010306 16.930144004204973 -8.426820049049526 -0.982425470525446 26.614529498750304 -13.271186037369253
591 5 236.0 237 3.6568605309999924 8.12 0.03772479008103866 0.20790690572872922 True False -0.05960155169010306 16.930144004204973 -8.426820049049526 -0.982425470525446 26.614529498750304 -13.271186037369253
591 6 236.0 237 4.091329442999992 8.12 0.03772479008103866 0.2025959304063433 True False -0.05960155169010306 16.930144004204973 -8.426820049049526 -0.982425470525446 26.614529498750304 -13.271186037369253
591 7 236.0 237 4.5158365889999885 8.12 0.03772479008103866 0.1823922780180589 True False -0.05960155169010306 16.930144004204973 -8.426820049049526 -0.982425470525446 26.614529498750304 -13.271186037369253
591 8 236.0 237 4.972012196999984 8.12 0.03772479008103866 0.1823922780180589 False True -0.05960155169010306 16.930144004204973 -8.426820049049526 -0.982425470525446 26.614529498750304 -13.271186037369253
591 9 248.0 249 5.673302361999987 8.12 0.03772479008103866 0.029412232252809076 True False -0.05960155169010306 16.930144004204973 -8.426820049049526 -0.982425470525446 26.614529498750304 -13.271186037369253
591 10 248.0 249 6.093005375999979 8.12 0.03772479008103866 0.03207005804932847 True False -0.05960155169010306 16.930144004204973 -8.426820049049526 -0.982425470525446 26.614529498750304 -13.271186037369253
591 11 248.0 249 6.515714328999977 8.12 0.03772479008103866 0.026867808280355624 True False -0.05960155169010306 16.930144004204973 -8.426820049049526 -0.982425470525446 26.614529498750304 -13.271186037369253
591 12 248.0 250 6.919363712999981 8.12 0.03772479008103866 0.026867808280355624 False True -0.05960155169010306 16.930144004204973 -8.426820049049526 -0.982425470525446 26.614529498750304 -13.271186037369253
591 13 260.0 262 7.636070939999982 8.12 0.03772479008103866 0.0470500739862585 True False -0.05960155169010306 16.930144004204973 -8.426820049049526 -0.982425470525446 26.614529498750304 -13.271186037369253
591 14 260.0 262 8.095096106999975 8.12 0.03772479008103866 0.04382964134830058 True False -0.05960155169010306 16.930144004204973 -8.426820049049526 -0.982425470525446 26.614529498750304 -13.271186037369253
591 15 260.0 262 8.536772362999983 8.12 0.03772479008103866 0.03484100723990984 True False -0.05960155169010306 16.930144004204973 -8.426820049049526 -0.982425470525446 26.614529498750304 -13.271186037369253
591 16 260.0 262 8.990626095999986 8.12 0.03772479008103866 0.05382527982156779 True False -0.05960155169010306 16.930144004204973 -8.426820049049526 -0.982425470525446 26.614529498750304 -13.271186037369253
591 17 260.0 262 9.418945811999976 8.12 0.03772479008103866 0.05038206876199205 True False -0.05960155169010306 16.930144004204973 -8.426820049049526 -0.982425470525446 26.614529498750304 -13.271186037369253
591 18 260.0 262 9.87315272399998 8.12 0.03772479008103866 0.04072110554466307 True False -0.05960155169010306 16.930144004204973 -8.426820049049526 -0.982425470525446 26.614529498750304 -13.271186037369253
591 19 260.0 262 10.31527566299998 8.12 0.03772479008103866 0.0470500739862585 False True -0.05960155169010306 16.930144004204973 -8.426820049049526 -0.982425470525446 26.614529498750304 -13.271186037369253
591 20 272.0 274 11.03690028299998 8.12 0.03772479008103866 0.26027010169554565 True False -0.05960155169010306 16.930144004204973 -8.426820049049526 -0.982425470525446 26.614529498750304 -13.271186037369253
591 21 272.0 274 11.495738855999974 8.12 0.03772479008103866 0.26027010169554565 False True -0.05960155169010306 16.930144004204973 -8.426820049049526 -0.982425470525446 26.614529498750304 -13.271186037369253
591 22 284.0 286 12.19136135899997 8.12 0.03772479008103866 0.017829301731029142 True False -0.05960155169010306 16.930144004204973 -8.426820049049526 -0.982425470525446 26.614529498750304 -13.271186037369253
591 23 284.0 286 12.599191586999964 8.12 0.03772479008103866 0.01991756132803261 True False -0.05960155169010306 16.930144004204973 -8.426820049049526 -0.982425470525446 26.614529498750304 -13.271186037369253
591 24 284.0 286 13.031867610999967 8.12 0.03772479008103866 0.015855665470718518 True False -0.05960155169010306 16.930144004204973 -8.426820049049526 -0.982425470525446 26.614529498750304 -13.271186037369253
591 25 284.0 287 13.456563008999964 8.12 0.03772479008103866 0.01399686255113584 True False -0.05960155169010306 16.930144004204973 -8.426820049049526 -0.982425470525446 26.614529498750304 -13.271186037369253
591 26 284.0 287 13.89091957099997 8.12 0.03772479008103866 0.01399686255113584 False True -0.05960155169010306 16.930144004204973 -8.426820049049526 -0.982425470525446 26.614529498750304 -13.271186037369253
591 27 296.0 299 14.56978588399997 8.12 0.03772479008103866 0.0221202227941937 True False -0.05960155169010306 16.930144004204973 -8.426820049049526 -0.982425470525446 26.614529498750304 -13.271186037369253
591 28 296.0 299 14.977873308999975 8.12 0.03772479008103866 0.16387746114609777 True False -0.05960155169010306 16.930144004204973 -8.426820049049526 -0.982425470525446 26.614529498750304 -13.271186037369253
591 29 296.0 299 15.410841896999983 8.12 0.03772479008103866 0.16387746114609777 False True -0.05960155169010306 16.930144004204973 -8.426820049049526 -0.982425470525446 26.614529498750304 -13.271186037369253
591 30 308.0 311 16.112467495999994 1.97 0.16387746114609777 0.1729218023908256 True False -0.05960155169010306 16.930144004204973 -8.426820049049526 -0.982425470525446 26.614529498750304 -13.271186037369253
591 31 308.0 311 16.551204988999984 1.97 0.16387746114609777 0.1511180260343998 True False -0.05960155169010306 16.930144004204973 -8.426820049049526 -0.982425470525446 26.614529498750304 -13.271186037369253
591 32 308.0 311 16.995195484999982 1.97 0.16387746114609777 0.1511180260343998 False True -0.05960155169010306 16.930144004204973 -8.426820049049526 -0.982425470525446 26.614529498750304 -13.271186037369253
591 33 320.0 323 17.697319241999992 8.12 0.03772479008103866 0.15526296709172593 True False -0.05960155169010306 16.930144004204973 -8.426820049049526 -0.982425470525446 26.614529498750304 -13.271186037369253
591 34 320.0 323 18.129764310999988 8.12 0.03772479008103866 0.1595162578695745 True False -0.05960155169010306 16.930144004204973 -8.426820049049526 -0.982425470525446 26.614529498750304 -13.271186037369253
591 35 320.0 323 18.573717690999985 8.12 0.03772479008103866 0.13933751060823704 True False -0.05960155169010306 16.930144004204973 -8.426820049049526 -0.982425470525446 26.614529498750304 -13.271186037369253
591 36 320.0 323 19.01394578499999 8.12 0.03772479008103866 0.13933751060823704 False True -0.05960155169010306 16.930144004204973 -8.426820049049526 -0.982425470525446 26.614529498750304 -13.271186037369253
591 37 332.0 335 19.696991317999988 8.12 0.03772479008103866 0.14708186108337476 True False -0.05960155169010306 16.930144004204973 -8.426820049049526 -0.982425470525446 26.614529498750304 -13.271186037369253
591 38 332.0 335 20.115851914999993 8.12 0.03772479008103866 0.16834612890709874 True False -0.05960155169010306 16.930144004204973 -8.426820049049526 -0.982425470525446 26.614529498750304 -13.271186037369253
591 39 332.0 336 20.558087544999992 8.12 0.03772479008103866 0.12854683761910526 True False -0.05960155169010306 16.930144004204973 -8.426820049049526 -0.982425470525446 26.614529498750304 -13.271186037369253
591 40 332.0 336 20.978394052999988 8.12 0.03772479008103866 0.12854683761910526 False True -0.05960155169010306 16.930144004204973 -8.426820049049526 -0.982425470525446 26.614529498750304 -13.271186037369253
591 41 344.0 348 21.656413894999986 8.12 0.03772479008103866 0.15526296709172593 False True -0.05960155169010306 16.930144004204973 -8.426820049049526 -0.982425470525446 26.614529498750304 -13.271186037369253
591 42 356.0 360 22.372518087999993 8.12 0.03772479008103866 0.03207005804932847 False True -0.05960155169010306 16.930144004204973 -8.426820049049526 -0.982425470525446 26.614529498750304 -13.271186037369253
591 43 368.0 372 23.070646222999997 8.1 0.03207005804932847 0.03484100723990984 False True -0.05960155169010306 16.930144004204973 -8.426820049049526 -0.982425470525446 26.614529498750304 -13.271186037369253
591 44 380.0 384 23.769571757999998 8.1 0.03207005804932847 0.04072110554466307 False True -0.05960155169010306 16.930144004204973 -8.426820049049526 -0.982425470525446 26.614529498750304 -13.271186037369253
591 45 392.0 396 24.456377386 8.12 0.03772479008103866 0.007713781994326072 True False -0.05960155169010306 16.930144004204973 -8.426820049049526 -0.982425470525446 26.614529498750304 -13.271186037369253
591 46 392.0 396 24.877116518999998 8.12 0.03772479008103866 0.005265855962857552 True False -0.05960155169010306 16.930144004204973 -8.426820049049526 -0.982425470525446 26.614529498750304 -13.271186037369253
591 47 392.0 396 25.316522484000004 8.12 0.03772479008103866 0.006431893210656912 True False -0.05960155169010306 16.930144004204973 -8.426820049049526 -0.982425470525446 26.614529498750304 -13.271186037369253
591 48 392.0 396 25.755010424999995 8.12 0.03772479008103866 0.005265855962857552 False True -0.05960155169010306 16.930144004204973 -8.426820049049526 -0.982425470525446 26.614529498750304 -13.271186037369253
591 49 404.0 408 26.436505627000003 7.96 0.005265855962857552 0.002464087786288313 True False -0.05960155169010306 16.930144004204973 -8.426820049049526 -0.982425470525446 26.614529498750304 -13.271186037369253
591 50 404.0 408 26.856857863000002 7.96 0.005265855962857552 0.003281841419461731 True False -0.05960155169010306 16.930144004204973 -8.426820049049526 -0.982425470525446 26.614529498750304 -13.271186037369253
591 51 404.0 408 27.273804514000005 7.96 0.005265855962857552 0.002464087786288313 False True -0.05960155169010306 16.930144004204973 -8.426820049049526 -0.982425470525446 26.614529498750304 -13.271186037369253
591 52 416.0 420 27.93741817600001 7.96 0.005265855962857552 0.009111381491586776 True False -0.05960155169010306 16.930144004204973 -8.426820049049526 -0.982425470525446 26.614529498750304 -13.271186037369253
591 53 416.0 420 28.370386382999996 7.96 0.005265855962857552 0.004215799486887091 True False -0.05960155169010306 16.930144004204973 -8.426820049049526 -0.982425470525446 26.614529498750304 -13.271186037369253
591 54 416.0 420 28.77654638099999 7.96 0.005265855962857552 0.007713781994326072 False True -0.05960155169010306 16.930144004204973 -8.426820049049526 -0.982425470525446 26.614529498750304 -13.271186037369253
591 55 428.0 432 29.50899655699999 8.12 0.03772479008103866 0.004215799486887091 False True -0.05960155169010306 16.930144004204973 -8.426820049049526 -0.982425470525446 26.614529498750304 -13.271186037369253
591 56 440.0 444 30.194265519999988 8.12 0.03772479008103866 0.000708939369738257 True False -0.05960155169010306 16.930144004204973 -8.426820049049526 -0.982425470525446 26.614529498750304 -13.271186037369253
591 57 440.0 444 30.616979735 8.12 0.03772479008103866 0.001177559808042121 True False -0.05960155169010306 16.930144004204973 -8.426820049049526 -0.982425470525446 26.614529498750304 -13.271186037369253
591 58 440.0 445 31.035577997000004 8.12 0.03772479008103866 0.00035683116383771564 True False -0.05960155169010306 16.930144004204973 -8.426820049049526 -0.982425470525446 26.614529498750304 -13.271186037369253
591 59 440.0 445 31.468431103 8.12 0.03772479008103866 0.00035683116383771564 False True -0.05960155169010306 16.930144004204973 -8.426820049049526 -0.982425470525446 26.614529498750304 -13.271186037369253
591 60 452.0 457 32.194149884 8.12 0.03772479008103866 0.010624539307921583 True False -0.05960155169010306 16.930144004204973 -8.426820049049526 -0.982425470525446 26.614529498750304 -13.271186037369253
591 61 452.0 457 32.65651045599999 8.12 0.03772479008103866 0.003281841419461731 False True -0.05960155169010306 16.930144004204973 -8.426820049049526 -0.982425470525446 26.614529498750304 -13.271186037369253
591 62 464.0 469 33.354548367999996 7.94 0.003281841419461731 0.006431893210656912 False True -0.05960155169010306 16.930144004204973 -8.426820049049526 -0.982425470525446 26.614529498750304 -13.271186037369253
591 63 476.0 481 34.017741182999984 8.12 0.03772479008103866 0.0017626329914654805 True False -0.05960155169010306 16.930144004204973 -8.426820049049526 -0.982425470525446 26.614529498750304 -13.271186037369253
591 64 476.0 481 34.44991251899998 8.12 0.03772479008103866 0.0006928013909049447 True False -0.05960155169010306 16.930144004204973 -8.426820049049526 -0.982425470525446 26.614529498750304 -13.271186037369253
591 65 476.0 481 34.86984002099997 8.12 0.03772479008103866 0.0003452397727900365 True False -0.05960155169010306 16.930144004204973 -8.426820049049526 -0.982425470525446 26.614529498750304 -13.271186037369253
591 66 476.0 481 35.28981233399996 8.12 0.03772479008103866 0.0011569651992625882 True False -0.05960155169010306 16.930144004204973 -8.426820049049526 -0.982425470525446 26.614529498750304 -13.271186037369253
591 67 476.0 481 35.69721410599996 8.12 0.03772479008103866 0.0011569651992625882 False True -0.05960155169010306 16.930144004204973 -8.426820049049526 -0.982425470525446 26.614529498750304 -13.271186037369253
591 68 488.0 493 36.37021410599996 7.82 0.0011569651992625882 0.002434952526845475 True False -0.05960155169010306 16.930144004204973 -8.426820049049526 -0.982425470525446 26.614529498750304 -13.271186037369253
591 69 488.0 493 36.78964298199996 7.82 0.0011569651992625882 0.0032486734756829705 True False -0.05960155169010306 16.930144004204973 -8.426820049049526 -0.982425470525446 26.614529498750304 -13.271186037369253
591 70 488.0 493 37.20827935199996 7.82 0.0011569651992625882 0.0032486734756829705 False True -0.05960155169010306 16.930144004204973 -8.426820049049526 -0.982425470525446 26.614529498750304 -13.271186037369253
591 71 500.0 505 37.92876788199996 7.82 0.0011569651992625882 0.0001143024839938109 True False -0.05960155169010306 16.930144004204973 -8.426820049049526 -0.982425470525446 26.614529498750304 -13.271186037369253
591 72 500.0 505 38.40649228699996 7.82 0.0011569651992625882 0.0003452397727900365 False True -0.05960155169010306 16.930144004204973 -8.426820049049526 -0.982425470525446 26.614529498750304 -13.271186037369253
591 73 512.0 517 39.109065337999965 7.84 0.0003452397727900365 0.0 True False -0.05960155169010306 16.930144004204973 -8.426820049049526 -0.982425470525446 26.614529498750304 -13.271186037369253
591 74 512.0 518 39.528061910999966 7.84 0.0003452397727900365 0.0017376973973974553 True False -0.05960155169010306 16.930144004204973 -8.426820049049526 -0.982425470525446 26.614529498750304 -13.271186037369253
591 75 512.0 518 39.962860973999966 7.84 0.0003452397727900365 0.0006928013909049447 False True -0.05960155169010306 16.930144004204973 -8.426820049049526 -0.982425470525446 26.614529498750304 -13.271186037369253
591 76 524.0 530 40.706061414999965 7.84 0.0003452397727900365 0.0001143024839938109 False True -0.05960155169010306 16.930144004204973 -8.426820049049526 -0.982425470525446 26.614529498750304 -13.271186037369253
591 77 536.0 542 41.40881337799996 7.84 0.0003452397727900365 0.007666665707903987 True False -0.05960155169010306 16.930144004204973 -8.426820049049526 -0.982425470525446 26.614529498750304 -13.271186037369253
591 78 536.0 542 41.83048457899997 7.84 0.0003452397727900365 0.009061451668833188 True False -0.05960155169010306 16.930144004204973 -8.426820049049526 -0.982425470525446 26.614529498750304 -13.271186037369253
591 79 536.0 542 42.26589385599998 7.84 0.0003452397727900365 0.010572116456331635 True False -0.05960155169010306 16.930144004204973 -8.426820049049526 -0.982425470525446 26.614529498750304 -13.271186037369253
591 80 536.0 542 42.68447152099998 7.84 0.0003452397727900365 0.010572116456331635 False True -0.05960155169010306 16.930144004204973 -8.426820049049526 -0.982425470525446 26.614529498750304 -13.271186037369253
591 81 548.0 554 43.41039737699998 7.84 0.0003452397727900365 0.006387885445534393 True False -0.05960155169010306 16.930144004204973 -8.426820049049526 -0.982425470525446 26.614529498750304 -13.271186037369253
591 82 548.0 554 43.90452615999999 7.84 0.0003452397727900365 0.015797941306874036 True False -0.05960155169010306 16.930144004204973 -8.426820049049526 -0.982425470525446 26.614529498750304 -13.271186037369253
591 83 548.0 554 44.38227492799999 7.84 0.0003452397727900365 0.017770621114449592 True False -0.05960155169010306 16.930144004204973 -8.426820049049526 -0.982425470525446 26.614529498750304 -13.271186037369253
591 84 548.0 554 44.865874373999986 7.84 0.0003452397727900365 0.017770621114449592 False True -0.05960155169010306 16.930144004204973 -8.426820049049526 -0.982425470525446 26.614529498750304 -13.271186037369253
591 85 560.0 566 45.58613188399998 7.84 0.0003452397727900365 0.005225226151982237 True False -0.05960155169010306 16.930144004204973 -8.426820049049526 -0.982425470525446 26.614529498750304 -13.271186037369253
591 86 560.0 566 46.009296371999994 7.84 0.0003452397727900365 0.006387885445534393 False True -0.05960155169010306 16.930144004204973 -8.426820049049526 -0.982425470525446 26.614529498750304 -13.271186037369253
591 87 572.0 578 46.750304181999994 7.84 0.0003452397727900365 0.01219852160936291 True False -0.05960155169010306 16.930144004204973 -8.426820049049526 -0.982425470525446 26.614529498750304 -13.271186037369253
591 88 572.0 578 47.243922896 7.84 0.0003452397727900365 0.0017376973973974553 False True -0.05960155169010306 16.930144004204973 -8.426820049049526 -0.982425470525446 26.614529498750304 -13.271186037369253
591 89 584.0 590 47.964880294 7.84 0.0003452397727900365 0.013940517091688299 True False -0.05960155169010306 16.930144004204973 -8.426820049049526 -0.982425470525446 26.614529498750304 -13.271186037369253
591 90 584.0 591 48.389563476000006 7.84 0.0003452397727900365 2.331131642309449e-06 True False -0.05960155169010306 16.930144004204973 -8.426820049049526 -0.982425470525446 26.614529498750304 -13.271186037369253
591 91 584.0 591 48.825498471 7.84 0.0003452397727900365 0.029355988317379213 True False -0.05960155169010306 16.930144004204973 -8.426820049049526 -0.982425470525446 26.614529498750304 -13.271186037369253
591 92 584.0 591 49.248566514000004 7.84 0.0003452397727900365 0.02681003041975428 True False -0.05960155169010306 16.930144004204973 -8.426820049049526 -0.982425470525446 26.614529498750304 -13.271186037369253
591 93 584.0 591 49.68733681799999 7.84 0.0003452397727900365 0.032015921589947545 True False -0.05960155169010306 16.930144004204973 -8.426820049049526 -0.982425470525446 26.614529498750304 -13.271186037369253
591 94 584.0 591 50.122434036 7.84 0.0003452397727900365 0.032015921589947545 False True -0.05960155169010306 16.930144004204973 -8.426820049049526 -0.982425470525446 26.614529498750304 -13.271186037369253
591 95 596.0 603 50.861548481 7.82 0.0011569651992625882 0.043790169998720554 True False -0.05960155169010306 16.930144004204973 -8.426820049049526 -0.982425470525446 26.614529498750304 -13.271186037369253
591 96 596.0 603 51.342850411 7.82 0.0011569651992625882 0.04701595208985092 True False -0.05960155169010306 16.930144004204973 -8.426820049049526 -0.982425470525446 26.614529498750304 -13.271186037369253
591 97 596.0 603 51.807770299 7.82 0.0011569651992625882 0.04701595208985092 False True -0.05960155169010306 16.930144004204973 -8.426820049049526 -0.982425470525446 26.614529498750304 -13.271186037369253
591 98 608.0 615 52.523337397000006 7.95 0.004215799486887091 0.024378289897898506 True False -0.05960155169010306 16.930144004204973 -8.426820049049526 -0.982425470525446 26.614529498750304 -13.271186037369253
591 99 608.0 615 52.961454117 7.95 0.004215799486887091 0.022060997329732226 True False -0.05960155169010306 16.930144004204973 -8.426820049049526 -0.982425470525446 26.614529498750304 -13.271186037369253
591 100 608.0 615 53.402384999999995 7.95 0.004215799486887091 0.0 False True -0.05960155169010306 16.930144004204973 -8.426820049049526 -0.982425470525446 26.614529498750304 -13.271186037369253
591 101 620.0 627 54.106021443 8.12 0.03772479008103866 0.009061451668833188 False True -0.05960155169010306 16.930144004204973 -8.426820049049526 -0.982425470525446 26.614529498750304 -13.271186037369253
591 102 632.0 639 54.78936294100001 8.12 0.03772479008103866 0.08105992322791288 True False -0.05960155169010306 16.930144004204973 -8.426820049049526 -0.982425470525446 26.614529498750304 -13.271186037369253
591 103 632.0 639 55.228903720000005 8.12 0.03772479008103866 0.07683607700170864 True False -0.05960155169010306 16.930144004204973 -8.426820049049526 -0.982425470525446 26.614529498750304 -13.271186037369253
591 104 632.0 640 55.66204504200002 8.12 0.03772479008103866 0.08539276322028379 True False -0.05960155169010306 16.930144004204973 -8.426820049049526 -0.982425470525446 26.614529498750304 -13.271186037369253
591 105 632.0 640 56.08722495500001 8.12 0.03772479008103866 0.08983417627114423 True False -0.05960155169010306 16.930144004204973 -8.426820049049526 -0.982425470525446 26.614529498750304 -13.271186037369253
591 106 632.0 640 56.52141177200001 8.12 0.03772479008103866 0.09438373081434359 True False -0.05960155169010306 16.930144004204973 -8.426820049049526 -0.982425470525446 26.614529498750304 -13.271186037369253
591 107 632.0 640 56.945357163 8.12 0.03772479008103866 0.09904098446841858 True False -0.05960155169010306 16.930144004204973 -8.426820049049526 -0.982425470525446 26.614529498750304 -13.271186037369253
591 108 632.0 640 57.365835484 8.12 0.03772479008103866 0.10380548408082357 True False -0.05960155169010306 16.930144004204973 -8.426820049049526 -0.982425470525446 26.614529498750304 -13.271186037369253
591 109 632.0 640 57.788646502999995 8.12 0.03772479008103866 0.10867676577325068 True False -0.05960155169010306 16.930144004204973 -8.426820049049526 -0.982425470525446 26.614529498750304 -13.271186037369253
591 110 632.0 640 58.221516145999985 8.12 0.03772479008103866 0.09904098446841858 False True -0.05960155169010306 16.930144004204973 -8.426820049049526 -0.982425470525446 26.614529498750304 -13.271186037369253
591 111 644.0 652 58.92568435899999 8.12 0.03772479008103866 0.06482254424392703 True False -0.05960155169010306 16.930144004204973 -8.426820049049526 -0.982425470525446 26.614529498750304 -13.271186037369253
591 112 644.0 652 59.36173137499998 8.12 0.03772479008103866 0.13461792482593407 True False -0.05960155169010306 16.930144004204973 -8.426820049049526 -0.982425470525446 26.614529498750304 -13.271186037369253
591 113 644.0 652 59.82110809799998 8.12 0.03772479008103866 0.024378289897898506 False True -0.05960155169010306 16.930144004204973 -8.426820049049526 -0.982425470525446 26.614529498750304 -13.271186037369253
591 114 656.0 664 60.54074032199998 8.12 0.03772479008103866 0.02681003041975428 False True -0.05960155169010306 16.930144004204973 -8.426820049049526 -0.982425470525446 26.614529498750304 -13.271186037369253
591 115 668.0 676 61.22657738899997 8.12 0.03772479008103866 0.06871699413481064 True False -0.05960155169010306 16.930144004204973 -8.426820049049526 -0.982425470525446 26.614529498750304 -13.271186037369253
591 116 668.0 676 61.66436836799997 8.12 0.03772479008103866 0.037676689288453566 True False -0.05960155169010306 16.930144004204973 -8.426820049049526 -0.982425470525446 26.614529498750304 -13.271186037369253
591 117 668.0 677 62.099208911999966 8.12 0.03772479008103866 0.14572443959567066 True False -0.05960155169010306 16.930144004204973 -8.426820049049526 -0.982425470525446 26.614529498750304 -13.271186037369253
591 118 668.0 677 62.540094995999965 8.12 0.03772479008103866 0.06103866154015547 True False -0.05960155169010306 16.930144004204973 -8.426820049049526 -0.982425470525446 26.614529498750304 -13.271186037369253
591 119 668.0 677 62.96177333199998 8.12 0.03772479008103866 0.1292200630029098 True False -0.05960155169010306 16.930144004204973 -8.426820049049526 -0.982425470525446 26.614529498750304 -13.271186037369253
591 120 668.0 677 63.40199791899997 8.12 0.03772479008103866 0.07272163434880563 True False -0.05960155169010306 16.930144004204973 -8.426820049049526 -0.982425470525446 26.614529498750304 -13.271186037369253
591 121 668.0 677 63.83844737199996 8.12 0.03772479008103866 0.14011956289029712 True False -0.05960155169010306 16.930144004204973 -8.426820049049526 -0.982425470525446 26.614529498750304 -13.271186037369253
591 122 668.0 677 64.26604776999994 8.12 0.03772479008103866 0.013940517091688299 False True -0.05960155169010306 16.930144004204973 -8.426820049049526 -0.982425470525446 26.614529498750304 -13.271186037369253
591 123 680.0 689 64.96815278599993 8.12 0.03772479008103866 0.004178791484241532 True False -0.05960155169010306 16.930144004204973 -8.426820049049526 -0.982425470525446 26.614529498750304 -13.271186037369253
591 124 680.0 689 65.40492302199993 8.12 0.03772479008103866 0.12392650464276687 True False -0.05960155169010306 16.930144004204973 -8.426820049049526 -0.982425470525446 26.614529498750304 -13.271186037369253
591 125 680.0 689 65.86292079599991 8.12 0.03772479008103866 0.06871699413481064 False True -0.05960155169010306 16.930144004204973 -8.426820049049526 -0.982425470525446 26.614529498750304 -13.271186037369253
591 126 692.0 701 66.5985747149999 7.81 0.0017376973973974553 0.05736571182961278 True False -0.05960155169010306 16.930144004204973 -8.426820049049526 -0.982425470525446 26.614529498750304 -13.271186037369253
591 127 692.0 701 67.0237960529999 7.81 0.0017376973973974553 0.009111381491586776 False True -0.05960155169010306 16.930144004204973 -8.426820049049526 -0.982425470525446 26.614529498750304 -13.271186037369253
591 128 704.0 713 67.71946070699988 7.99 0.009111381491586776 0.010624539307921583 False True -0.05960155169010306 16.930144004204973 -8.426820049049526 -0.982425470525446 26.614529498750304 -13.271186037369253
591 129 716.0 725 68.40629501899988 7.99 0.009111381491586776 0.10997424649147121 True False -0.05960155169010306 16.930144004204973 -8.426820049049526 -0.982425470525446 26.614529498750304 -13.271186037369253
591 130 716.0 725 68.85796662699988 7.99 0.009111381491586776 0.10997424649147121 False True -0.05960155169010306 16.930144004204973 -8.426820049049526 -0.982425470525446 26.614529498750304 -13.271186037369253
591 131 728.0 737 69.55918203499988 7.99 0.009111381491586776 0.09984883744560459 True False -0.05960155169010306 16.930144004204973 -8.426820049049526 -0.982425470525446 26.614529498750304 -13.271186037369253
591 132 728.0 738 69.98471502399985 7.99 0.009111381491586776 0.09984883744560459 False True -0.05960155169010306 16.930144004204973 -8.426820049049526 -0.982425470525446 26.614529498750304 -13.271186037369253
591 133 740.0 750 70.68026258699987 7.99 0.009111381491586776 0.10468437596930165 True False -0.05960155169010306 16.930144004204973 -8.426820049049526 -0.982425470525446 26.614529498750304 -13.271186037369253
591 134 740.0 750 71.12178940399988 7.99 0.009111381491586776 0.09345179105213307 True False -0.05960155169010306 16.930144004204973 -8.426820049049526 -0.982425470525446 26.614529498750304 -13.271186037369253
591 135 740.0 750 71.55886422299989 7.99 0.009111381491586776 0.09345179105213307 False True -0.05960155169010306 16.930144004204973 -8.426820049049526 -0.982425470525446 26.614529498750304 -13.271186037369253
591 136 752.0 762 72.24479082199989 7.99 0.009111381491586776 0.10220968411547467 True False -0.05960155169010306 16.930144004204973 -8.426820049049526 -0.982425470525446 26.614529498750304 -13.271186037369253
591 137 752.0 762 72.68386357299988 7.99 0.009111381491586776 0.09760208391849949 True False -0.05960155169010306 16.930144004204973 -8.426820049049526 -0.982425470525446 26.614529498750304 -13.271186037369253
591 138 752.0 762 73.1196760179999 7.99 0.009111381491586776 0.10468437596930165 False True -0.05960155169010306 16.930144004204973 -8.426820049049526 -0.982425470525446 26.614529498750304 -13.271186037369253
591 139 764.0 774 73.80519090999991 7.99 0.009111381491586776 0.08808759196166688 True False -0.05960155169010306 16.930144004204973 -8.426820049049526 -0.982425470525446 26.614529498750304 -13.271186037369253
591 140 764.0 774 74.24623709999989 7.99 0.009111381491586776 0.08808759196166688 False True -0.05960155169010306 16.930144004204973 -8.426820049049526 -0.982425470525446 26.614529498750304 -13.271186037369253
591 141 776.0 786 74.96662822699989 7.84 0.0003452397727900365 0.11571623810418309 True False -0.05960155169010306 16.930144004204973 -8.426820049049526 -0.982425470525446 26.614529498750304 -13.271186037369253
591 142 776.0 786 75.4029704539999 7.84 0.0003452397727900365 0.09546966008256201 True False -0.05960155169010306 16.930144004204973 -8.426820049049526 -0.982425470525446 26.614529498750304 -13.271186037369253
591 143 776.0 786 75.84346108199989 7.84 0.0003452397727900365 0.1187560389308033 True False -0.05960155169010306 16.930144004204973 -8.426820049049526 -0.982425470525446 26.614529498750304 -13.271186037369253
591 144 776.0 786 76.2772582209999 7.84 0.0003452397727900365 0.09154869048497953 True False -0.05960155169010306 16.930144004204973 -8.426820049049526 -0.982425470525446 26.614529498750304 -13.271186037369253
591 145 776.0 786 76.71843735099992 7.84 0.0003452397727900365 0.09760208391849949 False True -0.05960155169010306 16.930144004204973 -8.426820049049526 -0.982425470525446 26.614529498750304 -13.271186037369253
591 146 788.0 798 77.41948788799994 8.12 0.03772479008103866 0.08376138806460429 True False -0.05960155169010306 16.930144004204973 -8.426820049049526 -0.982425470525446 26.614529498750304 -13.271186037369253
591 147 788.0 799 77.85799184799993 8.12 0.03772479008103866 0.08376138806460429 False True -0.05960155169010306 16.930144004204973 -8.426820049049526 -0.982425470525446 26.614529498750304 -13.271186037369253
591 148 800.0 811 78.54565980399994 7.96 0.005265855962857552 0.11278887241901184 True False -0.05960155169010306 16.930144004204973 -8.426820049049526 -0.982425470525446 26.614529498750304 -13.271186037369253
591 149 800.0 811 78.98628631199995 7.96 0.005265855962857552 0.11571623810418309 False True -0.05960155169010306 16.930144004204973 -8.426820049049526 -0.982425470525446 26.614529498750304 -13.271186037369253
591 150 812.0 823 79.71669935899993 7.81 0.0017376973973974553 0.07961492323196999 True False -0.05960155169010306 16.930144004204973 -8.426820049049526 -0.982425470525446 26.614529498750304 -13.271186037369253
591 151 812.0 823 80.18039395299994 7.81 0.0017376973973974553 0.07961492323196999 False True -0.05960155169010306 16.930144004204973 -8.426820049049526 -0.982425470525446 26.614529498750304 -13.271186037369253
591 152 824.0 835 80.86325900999992 8.12 0.03772479008103866 0.07772547290962889 True False -0.05960155169010306 16.930144004204973 -8.426820049049526 -0.982425470525446 26.614529498750304 -13.271186037369253
591 153 824.0 835 81.30286963999993 8.12 0.03772479008103866 0.07772547290962889 False True -0.05960155169010306 16.930144004204973 -8.426820049049526 -0.982425470525446 26.614529498750304 -13.271186037369253
591 154 836.0 847 82.01333611899992 7.85 0.0001143024839938109 0.07823888251161604 True False -0.05960155169010306 16.930144004204973 -8.426820049049526 -0.982425470525446 26.614529498750304 -13.271186037369253
591 155 836.0 847 82.43775123699993 7.85 0.0001143024839938109 0.07886872423304822 True False -0.05960155169010306 16.930144004204973 -8.426820049049526 -0.982425470525446 26.614529498750304 -13.271186037369253
591 156 836.0 847 82.87710267699993 7.85 0.0001143024839938109 0.07823888251161604 False True -0.05960155169010306 16.930144004204973 -8.426820049049526 -0.982425470525446 26.614529498750304 -13.271186037369253
591 157 848.0 859 83.5755388039999 7.99 0.009111381491586776 0.07688441053863007 True False -0.05960155169010306 16.930144004204973 -8.426820049049526 -0.982425470525446 26.614529498750304 -13.271186037369253
591 158 848.0 859 83.99850297299989 7.99 0.009111381491586776 0.07688441053863007 False True -0.05960155169010306 16.930144004204973 -8.426820049049526 -0.982425470525446 26.614529498750304 -13.271186037369253
591 159 860.0 871 84.6783735089999 7.84 0.0003452397727900365 0.08145603551902622 True False -0.05960155169010306 16.930144004204973 -8.426820049049526 -0.982425470525446 26.614529498750304 -13.271186037369253
591 160 860.0 871 85.1172178539999 7.84 0.0003452397727900365 0.08047739302960945 True False -0.05960155169010306 16.930144004204973 -8.426820049049526 -0.982425470525446 26.614529498750304 -13.271186037369253
591 161 860.0 871 85.5527670299999 7.84 0.0003452397727900365 0.07732855862474135 True False -0.05960155169010306 16.930144004204973 -8.426820049049526 -0.982425470525446 26.614529498750304 -13.271186037369253
591 162 860.0 871 85.9795851399999 7.84 0.0003452397727900365 0.07781488842793395 True False -0.05960155169010306 16.930144004204973 -8.426820049049526 -0.982425470525446 26.614529498750304 -13.271186037369253
591 163 860.0 872 86.4004134329999 7.84 0.0003452397727900365 0.07781488842793395 False True -0.05960155169010306 16.930144004204973 -8.426820049049526 -0.982425470525446 26.614529498750304 -13.271186037369253
591 164 872.0 884 87.09696244899988 7.84 0.0003452397727900365 0.07709281307528487 True False -0.05960155169010306 16.930144004204973 -8.426820049049526 -0.982425470525446 26.614529498750304 -13.271186037369253
591 165 872.0 884 87.55383843399986 7.84 0.0003452397727900365 0.0797722268736571 True False -0.05960155169010306 16.930144004204973 -8.426820049049526 -0.982425470525446 26.614529498750304 -13.271186037369253
591 166 872.0 884 87.99255928599987 7.84 0.0003452397727900365 0.0797722268736571 False True -0.05960155169010306 16.930144004204973 -8.426820049049526 -0.982425470525446 26.614529498750304 -13.271186037369253
591 167 884.0 896 88.67733828899989 7.84 0.0003452397727900365 0.07739554511347482 True False -0.05960155169010306 16.930144004204973 -8.426820049049526 -0.982425470525446 26.614529498750304 -13.271186037369253
591 168 884.0 896 89.11669823399987 7.84 0.0003452397727900365 0.07709281307528487 False True -0.05960155169010306 16.930144004204973 -8.426820049049526 -0.982425470525446 26.614529498750304 -13.271186037369253
591 169 896.0 908 89.81551184599988 7.66 0.024378289897898506 0.07835081293232107 True False -0.05960155169010306 16.930144004204973 -8.426820049049526 -0.982425470525446 26.614529498750304 -13.271186037369253
591 170 896.0 908 90.23839112599987 7.66 0.024378289897898506 0.004215799486887091 False True -0.05960155169010306 16.930144004204973 -8.426820049049526 -0.982425470525446 26.614529498750304 -13.271186037369253
591 171 900.0 912 90.91895292699985 7.66 0.024378289897898506 0.07835081293232107 False True -0.05960155169010306 16.930144004204973 -8.426820049049526 -0.982425470525446 26.614529498750304 -13.271186037369253
591 172 912.0 924 91.60083235699986 1.53 0.07835081293232107 0.08277728440317761 True False -0.05960155169010306 16.930144004204973 -8.426820049049526 -0.982425470525446 26.614529498750304 -13.271186037369253
591 173 912.0 924 92.03958750199985 1.53 0.07835081293232107 0.08277728440317761 False True -0.05960155169010306 16.930144004204973 -8.426820049049526 -0.982425470525446 26.614529498750304 -13.271186037369253
591 174 924.0 936 92.73909693299984 1.53 0.07835081293232107 0.085361583391649 True False -0.05960155169010306 16.930144004204973 -8.426820049049526 -0.982425470525446 26.614529498750304 -13.271186037369253
591 175 924.0 936 93.17506753399982 1.53 0.07835081293232107 0.085361583391649 False True -0.05960155169010306 16.930144004204973 -8.426820049049526 -0.982425470525446 26.614529498750304 -13.271186037369253
591 176 936.0 948 93.85921660699984 1.53 0.07835081293232107 0.08165931314591741 True False -0.05960155169010306 16.930144004204973 -8.426820049049526 -0.982425470525446 26.614529498750304 -13.271186037369253
591 177 936.0 948 94.29765337699985 1.53 0.07835081293232107 0.08165931314591741 False True -0.05960155169010306 16.930144004204973 -8.426820049049526 -0.982425470525446 26.614529498750304 -13.271186037369253
591 178 948.0 960 94.99665576099986 1.53 0.07835081293232107 0.09384839191965277 True False -0.05960155169010306 16.930144004204973 -8.426820049049526 -0.982425470525446 26.614529498750304 -13.271186037369253
591 179 948.0 960 95.41832905899986 1.53 0.07835081293232107 0.09384839191965277 False True -0.05960155169010306 16.930144004204973 -8.426820049049526 -0.982425470525446 26.614529498750304 -13.271186037369253
591 180 960.0 972 96.11138354199986 1.4100000000000001 0.09384839191965277 0.0980502239169458 True False -0.05960155169010306 16.930144004204973 -8.426820049049526 -0.982425470525446 26.614529498750304 -13.271186037369253
591 181 960.0 972 96.55301985899985 1.4100000000000001 0.09384839191965277 0.0980502239169458 False True -0.05960155169010306 16.930144004204973 -8.426820049049526 -0.982425470525446 26.614529498750304 -13.271186037369253
591 182 972.0 984 97.25304643499985 1.4100000000000001 0.09384839191965277 0.09010707546610182 True False -0.05960155169010306 16.930144004204973 -8.426820049049526 -0.982425470525446 26.614529498750304 -13.271186037369253
591 183 972.0 985 97.67792171199983 1.4100000000000001 0.09384839191965277 0.09192007731182344 True False -0.05960155169010306 16.930144004204973 -8.426820049049526 -0.982425470525446 26.614529498750304 -13.271186037369253
591 184 972.0 985 98.11589011899983 1.4100000000000001 0.09384839191965277 0.09010707546610182 False True -0.05960155169010306 16.930144004204973 -8.426820049049526 -0.982425470525446 26.614529498750304 -13.271186037369253
591 185 984.0 997 98.81327737099983 1.4100000000000001 0.09384839191965277 0.07900327688108952 True False -0.05960155169010306 16.930144004204973 -8.426820049049526 -0.982425470525446 26.614529498750304 -13.271186037369253
591 186 984.0 997 99.24747884599984 1.4100000000000001 0.09384839191965277 0.07835081293232107 False True -0.05960155169010306 16.930144004204973 -8.426820049049526 -0.982425470525446 26.614529498750304 -13.271186037369253
591 187 988.0 1001 99.94864968299984 1.53 0.07835081293232107 0.11340203560253784 True False -0.05960155169010306 16.930144004204973 -8.426820049049526 -0.982425470525446 26.614529498750304 -13.271186037369253
591 188 988.0 1001 100.38874294199985 1.53 0.07835081293232107 0.11340203560253784 False True -0.05960155169010306 16.930144004204973 -8.426820049049526 -0.982425470525446 26.614529498750304 -13.271186037369253
591 189 1000.0 1013 101.08987778999986 1.53 0.07835081293232107 0.1402012198116443 True False -0.05960155169010306 16.930144004204973 -8.426820049049526 -0.982425470525446 26.614529498750304 -13.271186037369253
591 190 1000.0 1013 101.52762368599986 1.53 0.07835081293232107 0.1402012198116443 False True -0.05960155169010306 16.930144004204973 -8.426820049049526 -0.982425470525446 26.614529498750304 -13.271186037369253
591 191 1012.0 1025 102.21134191799985 1.53 0.07835081293232107 0.15208660844252028 True False -0.05960155169010306 16.930144004204973 -8.426820049049526 -0.982425470525446 26.614529498750304 -13.271186037369253
591 192 1012.0 1025 102.64628800299985 1.53 0.07835081293232107 0.15208660844252028 False True -0.05960155169010306 16.930144004204973 -8.426820049049526 -0.982425470525446 26.614529498750304 -13.271186037369253
591 193 1024.0 1037 103.31366158499986 1.53 0.07835081293232107 0.12931193584330528 True False -0.05960155169010306 16.930144004204973 -8.426820049049526 -0.982425470525446 26.614529498750304 -13.271186037369253
591 194 1024.0 1037 103.73436950099986 1.53 0.07835081293232107 0.1328304151008831 True False -0.05960155169010306 16.930144004204973 -8.426820049049526 -0.982425470525446 26.614529498750304 -13.271186037369253
591 195 1024.0 1037 104.17210921499986 1.53 0.07835081293232107 0.1259051957369955 True False -0.05960155169010306 16.930144004204973 -8.426820049049526 -0.982425470525446 26.614529498750304 -13.271186037369253
591 196 1024.0 1037 104.60615349199986 1.53 0.07835081293232107 0.12931193584330528 False True -0.05960155169010306 16.930144004204973 -8.426820049049526 -0.982425470525446 26.614529498750304 -13.271186037369253
591 197 1036.0 1049 105.30876903099985 1.53 0.07835081293232107 0.18856909840795888 True False -0.05960155169010306 16.930144004204973 -8.426820049049526 -0.982425470525446 26.614529498750304 -13.271186037369253
591 198 1036.0 1049 105.76524377199985 1.53 0.07835081293232107 0.18856909840795888 False True -0.05960155169010306 16.930144004204973 -8.426820049049526 -0.982425470525446 26.614529498750304 -13.271186037369253
591 199 1048.0 1061 106.46643054699985 1.53 0.07835081293232107 0.20401137380196005 True False -0.05960155169010306 16.930144004204973 -8.426820049049526 -0.982425470525446 26.614529498750304 -13.271186037369253
591 200 1048.0 1062 106.87397221799986 1.53 0.07835081293232107 0.17408056859101542 True False -0.05960155169010306 16.930144004204973 -8.426820049049526 -0.982425470525446 26.614529498750304 -13.271186037369253
591 201 1048.0 1062 107.30986734999985 1.53 0.07835081293232107 0.20936841999392794 True False -0.05960155169010306 16.930144004204973 -8.426820049049526 -0.982425470525446 26.614529498750304 -13.271186037369253
591 202 1048.0 1062 107.73248524199985 1.53 0.07835081293232107 0.16946522559739918 True False -0.05960155169010306 16.930144004204973 -8.426820049049526 -0.982425470525446 26.614529498750304 -13.271186037369253
591 203 1048.0 1062 108.16751643499987 1.53 0.07835081293232107 0.19875879758592055 True False -0.05960155169010306 16.930144004204973 -8.426820049049526 -0.982425470525446 26.614529498750304 -13.271186037369253
591 204 1048.0 1062 108.58618225399988 1.53 0.07835081293232107 0.17880330381761542 True False -0.05960155169010306 16.930144004204973 -8.426820049049526 -0.982425470525446 26.614529498750304 -13.271186037369253
591 205 1048.0 1062 109.01177020499986 1.53 0.07835081293232107 0.17408056859101542 False True -0.05960155169010306 16.930144004204973 -8.426820049049526 -0.982425470525446 26.614529498750304 -13.271186037369253
591 206 1060.0 1074 109.69364381099987 1.53 0.07835081293232107 0.20401137380196005 False True -0.05960155169010306 16.930144004204973 -8.426820049049526 -0.982425470525446 26.614529498750304 -13.271186037369253
591 207 1072.0 1086 110.40629746699986 1.53 0.07835081293232107 0.1364602934804294 True False -0.05960155169010306 16.930144004204973 -8.426820049049526 -0.982425470525446 26.614529498750304 -13.271186037369253
591 208 1072.0 1086 110.82715449899985 1.53 0.07835081293232107 0.1364602934804294 False True -0.05960155169010306 16.930144004204973 -8.426820049049526 -0.982425470525446 26.614529498750304 -13.271186037369253
591 209 1084.0 1098 111.53126506199985 1.53 0.07835081293232107 0.12261052363624972 True False -0.05960155169010306 16.930144004204973 -8.426820049049526 -0.982425470525446 26.614529498750304 -13.271186037369253
591 210 1084.0 1098 111.98578213599987 1.53 0.07835081293232107 0.1440528318183457 True False -0.05960155169010306 16.930144004204973 -8.426820049049526 -0.982425470525446 26.614529498750304 -13.271186037369253
591 211 1084.0 1098 112.42577039799988 1.53 0.07835081293232107 0.10521291888729699 True False -0.05960155169010306 16.930144004204973 -8.426820049049526 -0.982425470525446 26.614529498750304 -13.271186037369253
591 212 1084.0 1098 112.87345902699988 1.53 0.07835081293232107 0.13461792482593407 False True -0.05960155169010306 16.930144004204973 -8.426820049049526 -0.982425470525446 26.614529498750304 -13.271186037369253
591 213 1096.0 1110 113.5883197019999 1.48 0.08277728440317761 0.15143200701668702 True False -0.05960155169010306 16.930144004204973 -8.426820049049526 -0.982425470525446 26.614529498750304 -13.271186037369253
591 214 1096.0 1111 114.0115562039999 1.48 0.08277728440317761 0.11873776653552703 True False -0.05960155169010306 16.930144004204973 -8.426820049049526 -0.982425470525446 26.614529498750304 -13.271186037369253
591 215 1096.0 1111 114.45034641099991 1.48 0.08277728440317761 0.07835081293232107 False True -0.05960155169010306 16.930144004204973 -8.426820049049526 -0.982425470525446 26.614529498750304 -13.271186037369253
591 216 1100.0 1115 115.14640439199994 7.66 0.024378289897898506 0.14572443959567066 False True -0.05960155169010306 16.930144004204973 -8.426820049049526 -0.982425470525446 26.614529498750304 -13.271186037369253
591 217 1112.0 1127 115.85189066799992 7.66 0.024378289897898506 0.07900327688108952 False True -0.05960155169010306 16.930144004204973 -8.426820049049526 -0.982425470525446 26.614529498750304 -13.271186037369253
591 218 1124.0 1139 116.57209963899993 7.66 0.024378289897898506 0.12392650464276687 False True -0.05960155169010306 16.930144004204973 -8.426820049049526 -0.982425470525446 26.614529498750304 -13.271186037369253
591 219 1136.0 1151 117.28540036599992 1.25 0.1402012198116443 0.08047739302960945 False True -0.05960155169010306 16.930144004204973 -8.426820049049526 -0.982425470525446 26.614529498750304 -13.271186037369253
591 220 1148.0 1163 118.00643268999991 1.4100000000000001 0.09384839191965277 0.08976056056093273 True False -0.05960155169010306 16.930144004204973 -8.426820049049526 -0.982425470525446 26.614529498750304 -13.271186037369253
591 221 1148.0 1163 118.4307100659999 1.4100000000000001 0.09384839191965277 0.07739554511347482 False True -0.05960155169010306 16.930144004204973 -8.426820049049526 -0.982425470525446 26.614529498750304 -13.271186037369253
591 222 1160.0 1175 119.1491476329999 1.48 0.08277728440317761 0.022060997329732226 False True -0.05960155169010306 16.930144004204973 -8.426820049049526 -0.982425470525446 26.614529498750304 -13.271186037369253
591 223 1172.0 1187 119.86538251899992 1.53 0.07835081293232107 0.11942823718747178 True False -0.05960155169010306 16.930144004204973 -8.426820049049526 -0.982425470525446 26.614529498750304 -13.271186037369253
591 224 1172.0 1187 120.30316727499994 1.53 0.07835081293232107 0.01991756132803261 False True -0.05960155169010306 16.930144004204973 -8.426820049049526 -0.982425470525446 26.614529498750304 -13.271186037369253
591 225 1184.0 1199 120.99135770899991 1.53 0.07835081293232107 0.0017626329914654805 False True -0.05960155169010306 16.930144004204973 -8.426820049049526 -0.982425470525446 26.614529498750304 -13.271186037369253
591 226 1196.0 1211 121.73873240299991 1.53 0.07835081293232107 0.12261052363624972 False True -0.05960155169010306 16.930144004204973 -8.426820049049526 -0.982425470525446 26.614529498750304 -13.271186037369253
591 227 1208.0 1223 122.49153566899992 1.53 0.07835081293232107 0.26856436898932734 True False -0.05960155169010306 16.930144004204973 -8.426820049049526 -0.982425470525446 26.614529498750304 -13.271186037369253
591 228 1208.0 1223 122.9325124319999 1.53 0.07835081293232107 0.26856436898932734 False True -0.05960155169010306 16.930144004204973 -8.426820049049526 -0.982425470525446 26.614529498750304 -13.271186037369253
591 229 1220.0 1235 123.6333855819999 1.53 0.07835081293232107 0.295024349042854 True False -0.05960155169010306 16.930144004204973 -8.426820049049526 -0.982425470525446 26.614529498750304 -13.271186037369253
591 230 1220.0 1235 124.06669845399992 1.53 0.07835081293232107 0.295024349042854 False True -0.05960155169010306 16.930144004204973 -8.426820049049526 -0.982425470525446 26.614529498750304 -13.271186037369253
591 231 1232.0 1247 124.75454250399991 1.53 0.07835081293232107 0.2559206707034202 True False -0.05960155169010306 16.930144004204973 -8.426820049049526 -0.982425470525446 26.614529498750304 -13.271186037369253
591 232 1232.0 1247 125.18438419699993 1.53 0.07835081293232107 0.2497475916438857 True False -0.05960155169010306 16.930144004204973 -8.426820049049526 -0.982425470525446 26.614529498750304 -13.271186037369253
591 233 1232.0 1247 125.61058827899993 1.53 0.07835081293232107 0.2559206707034202 False True -0.05960155169010306 16.930144004204973 -8.426820049049526 -0.982425470525446 26.614529498750304 -13.271186037369253
591 234 1244.0 1259 126.32798987099991 7.96 0.005265855962857552 0.09154869048497953 False True -0.05960155169010306 16.930144004204973 -8.426820049049526 -0.982425470525446 26.614529498750304 -13.271186037369253
591 235 1256.0 1271 127.04714356799991 1.74 0.09154869048497953 0.20732574970276477 True False -0.05960155169010306 16.930144004204973 -8.426820049049526 -0.982425470525446 26.614529498750304 -13.271186037369253
591 236 1256.0 1271 127.4922895979999 1.74 0.09154869048497953 0.20072029818273843 True False -0.05960155169010306 16.930144004204973 -8.426820049049526 -0.982425470525446 26.614529498750304 -13.271186037369253
591 237 1256.0 1271 127.94787294199992 1.74 0.09154869048497953 0.21402785736604998 True False -0.05960155169010306 16.930144004204973 -8.426820049049526 -0.982425470525446 26.614529498750304 -13.271186037369253
591 238 1256.0 1272 128.39104436499994 1.74 0.09154869048497953 0.22082596351124012 True False -0.05960155169010306 16.930144004204973 -8.426820049049526 -0.982425470525446 26.614529498750304 -13.271186037369253
591 239 1256.0 1272 128.84811747399993 1.74 0.09154869048497953 0.22082596351124012 False True -0.05960155169010306 16.930144004204973 -8.426820049049526 -0.982425470525446 26.614529498750304 -13.271186037369253
591 240 1268.0 1284 129.56494788899994 7.96 0.005265855962857552 0.03478957683793543 True False -0.05960155169010306 16.930144004204973 -8.426820049049526 -0.982425470525446 26.614529498750304 -13.271186037369253
591 241 1268.0 1284 129.98915829799992 7.96 0.005265855962857552 0.1729218023908256 False True -0.05960155169010306 16.930144004204973 -8.426820049049526 -0.982425470525446 26.614529498750304 -13.271186037369253
591 242 1280.0 1296 130.68433355799993 7.96 0.005265855962857552 0.05380404982395185 True False -0.05960155169010306 16.930144004204973 -8.426820049049526 -0.982425470525446 26.614529498750304 -13.271186037369253
591 243 1280.0 1296 131.11104386899993 7.96 0.005265855962857552 0.12190795903809125 True False -0.05960155169010306 16.930144004204973 -8.426820049049526 -0.982425470525446 26.614529498750304 -13.271186037369253
591 244 1280.0 1296 131.53181930199992 7.96 0.005265855962857552 0.1078289068167389 True False -0.05960155169010306 16.930144004204973 -8.426820049049526 -0.982425470525446 26.614529498750304 -13.271186037369253
591 245 1280.0 1296 131.9677869749999 7.96 0.005265855962857552 0.06103866154015547 False True -0.05960155169010306 16.930144004204973 -8.426820049049526 -0.982425470525446 26.614529498750304 -13.271186037369253
591 246 1292.0 1308 132.6904360919999 7.96 0.005265855962857552 0.10271098542262849 True False -0.05960155169010306 16.930144004204973 -8.426820049049526 -0.982425470525446 26.614529498750304 -13.271186037369253
591 247 1292.0 1308 133.1230891099999 7.96 0.005265855962857552 0.07269669792339642 True False -0.05960155169010306 16.930144004204973 -8.426820049049526 -0.982425470525446 26.614529498750304 -13.271186037369253
591 248 1292.0 1308 133.54889725299992 7.96 0.005265855962857552 0.08652996385163247 True False -0.05960155169010306 16.930144004204973 -8.426820049049526 -0.982425470525446 26.614529498750304 -13.271186037369253
591 249 1292.0 1308 133.97038590099993 7.96 0.005265855962857552 0.024437053220620644 True False -0.05960155169010306 16.930144004204973 -8.426820049049526 -0.982425470525446 26.614529498750304 -13.271186037369253
591 250 1292.0 1308 134.40621826599994 7.96 0.005265855962857552 0.1836329708103138 True False -0.05960155169010306 16.930144004204973 -8.426820049049526 -0.982425470525446 26.614529498750304 -13.271186037369253
591 251 1292.0 1309 134.82902512599992 7.96 0.005265855962857552 0.1072726536626668 True False -0.05960155169010306 16.930144004204973 -8.426820049049526 -0.982425470525446 26.614529498750304 -13.271186037369253
591 252 1292.0 1309 135.2666488419999 7.96 0.005265855962857552 0.1649577245633291 True False -0.05960155169010306 16.930144004204973 -8.426820049049526 -0.982425470525446 26.614529498750304 -13.271186037369253
591 253 1292.0 1309 135.6882944969999 7.96 0.005265855962857552 0.14315488774571672 True False -0.05960155169010306 16.930144004204973 -8.426820049049526 -0.982425470525446 26.614529498750304 -13.271186037369253
591 254 1292.0 1309 136.1255128709999 7.96 0.005265855962857552 0.0406769828217297 True False -0.05960155169010306 16.930144004204973 -8.426820049049526 -0.982425470525446 26.614529498750304 -13.271186037369253
591 255 1292.0 1309 136.55015146499989 7.96 0.005265855962857552 0.21883716641244721 True False -0.05960155169010306 16.930144004204973 -8.426820049049526 -0.982425470525446 26.614529498750304 -13.271186037369253
591 256 1292.0 1309 136.9869865509999 7.96 0.005265855962857552 0.08840955584772649 True False -0.05960155169010306 16.930144004204973 -8.426820049049526 -0.982425470525446 26.614529498750304 -13.271186037369253
591 257 1292.0 1309 137.4086053309999 7.96 0.005265855962857552 0.08976056056093273 False True -0.05960155169010306 16.930144004204973 -8.426820049049526 -0.982425470525446 26.614529498750304 -13.271186037369253
591 258 1304.0 1321 138.1240701459999 1.73 0.08976056056093273 0.003281841419461731 False True -0.05960155169010306 16.930144004204973 -8.426820049049526 -0.982425470525446 26.614529498750304 -13.271186037369253
591 259 1308.0 1325 138.8255709199999 7.94 0.003281841419461731 0.1259051957369955 False True -0.05960155169010306 16.930144004204973 -8.426820049049526 -0.982425470525446 26.614529498750304 -13.271186037369253
591 260 1320.0 1337 139.5094165039999 7.96 0.005265855962857552 0.002434952526845475 False True -0.05960155169010306 16.930144004204973 -8.426820049049526 -0.982425470525446 26.614529498750304 -13.271186037369253
591 261 1332.0 1349 140.2081826619999 7.8 0.002434952526845475 0.33495086719003586 True False -0.05960155169010306 16.930144004204973 -8.426820049049526 -0.982425470525446 26.614529498750304 -13.271186037369253
591 262 1332.0 1349 140.6456506839999 7.8 0.002434952526845475 0.33495086719003586 False True -0.05960155169010306 16.930144004204973 -8.426820049049526 -0.982425470525446 26.614529498750304 -13.271186037369253
591 263 1344.0 1361 141.3615147789999 7.8 0.002434952526845475 0.3064840600354703 True False -0.05960155169010306 16.930144004204973 -8.426820049049526 -0.982425470525446 26.614529498750304 -13.271186037369253
591 264 1344.0 1361 141.8066658109999 7.8 0.002434952526845475 0.3134631887427051 True False -0.05960155169010306 16.930144004204973 -8.426820049049526 -0.982425470525446 26.614529498750304 -13.271186037369253
591 265 1344.0 1361 142.2630890819999 7.8 0.002434952526845475 0.29959783744703344 True False -0.05960155169010306 16.930144004204973 -8.426820049049526 -0.982425470525446 26.614529498750304 -13.271186037369253
591 266 1344.0 1362 142.70527628199991 7.8 0.002434952526845475 0.3064840600354703 False True -0.05960155169010306 16.930144004204973 -8.426820049049526 -0.982425470525446 26.614529498750304 -13.271186037369253
591 267 1356.0 1374 143.4060898919999 7.8 0.002434952526845475 0.3648576821576422 True False -0.05960155169010306 16.930144004204973 -8.426820049049526 -0.982425470525446 26.614529498750304 -13.271186037369253
591 268 1356.0 1374 143.8458081669999 7.8 0.002434952526845475 0.37255374036818956 True False -0.05960155169010306 16.930144004204973 -8.426820049049526 -0.982425470525446 26.614529498750304 -13.271186037369253
591 269 1356.0 1374 144.2692473489999 7.8 0.002434952526845475 0.3572485972910874 True False -0.05960155169010306 16.930144004204973 -8.426820049049526 -0.982425470525446 26.614529498750304 -13.271186037369253
591 270 1356.0 1374 144.7063389869999 7.8 0.002434952526845475 0.3648576821576422 False True -0.05960155169010306 16.930144004204973 -8.426820049049526 -0.982425470525446 26.614529498750304 -13.271186037369253
591 271 1368.0 1386 145.4076565969999 7.96 0.005265855962857552 0.0221202227941937 False True -0.05960155169010306 16.930144004204973 -8.426820049049526 -0.982425470525446 26.614529498750304 -13.271186037369253
591 272 1380.0 1398 146.1243377739999 7.96 0.005265855962857552 0.019858371847219124 True False -0.05960155169010306 16.930144004204973 -8.426820049049526 -0.982425470525446 26.614529498750304 -13.271186037369253
591 273 1380.0 1398 146.5446553349999 7.96 0.005265855962857552 0.037676689288453566 False True -0.05960155169010306 16.930144004204973 -8.426820049049526 -0.982425470525446 26.614529498750304 -13.271186037369253
591 274 1392.0 1410 147.24782973299992 7.96 0.005265855962857552 0.017829301731029142 False True -0.05960155169010306 16.930144004204973 -8.426820049049526 -0.982425470525446 26.614529498750304 -13.271186037369253
591 275 1404.0 1422 147.9608464849999 7.82 0.0011569651992625882 0.001177559808042121 False True -0.05960155169010306 16.930144004204973 -8.426820049049526 -0.982425470525446 26.614529498750304 -13.271186037369253
591 276 1416.0 1434 148.64477360299992 7.82 0.0011569651992625882 0.005225226151982237 False True -0.05960155169010306 16.930144004204973 -8.426820049049526 -0.982425470525446 26.614529498750304 -13.271186037369253
591 277 1428.0 1446 149.34561479899992 7.82 0.0011569651992625882 0.19228500475283697 True False -0.05960155169010306 16.930144004204973 -8.426820049049526 -0.982425470525446 26.614529498750304 -13.271186037369253
591 278 1428.0 1446 149.78256203499993 7.82 0.0011569651992625882 0.10521291888729699 False True -0.05960155169010306 16.930144004204973 -8.426820049049526 -0.982425470525446 26.614529498750304 -13.271186037369253
591 279 1440.0 1458 150.4893022589999 7.82 0.0011569651992625882 0.1078289068167389 False True -0.05960155169010306 16.930144004204973 -8.426820049049526 -0.982425470525446 26.614529498750304 -13.271186037369253
591 280 1452.0 1470 151.20253121899992 7.66 0.024378289897898506 0.10271098542262849 False True -0.05960155169010306 16.930144004204973 -8.426820049049526 -0.982425470525446 26.614529498750304 -13.271186037369253
591 281 1464.0 1482 151.88468144199993 1.53 0.07835081293232107 0.11942823718747178 False True -0.05960155169010306 16.930144004204973 -8.426820049049526 -0.982425470525446 26.614529498750304 -13.271186037369253
591 282 1476.0 1494 152.58388054799994 7.85 0.0001143024839938109 0.003281841419461731 False True -0.05960155169010306 16.930144004204973 -8.426820049049526 -0.982425470525446 26.614529498750304 -13.271186037369253
591 283 1480.0 1498 153.31378767899994 7.85 0.0001143024839938109 0.09192007731182344 False True -0.05960155169010306 16.930144004204973 -8.426820049049526 -0.982425470525446 26.614529498750304 -13.271186037369253
591 284 1492.0 1510 153.98614386899996 7.85 0.0001143024839938109 0.07732855862474135 False True -0.05960155169010306 16.930144004204973 -8.426820049049526 -0.982425470525446 26.614529498750304 -13.271186037369253
591 285 1504.0 1522 154.68317724699997 7.85 0.0001143024839938109 0.16055850443009234 True False -0.05960155169010306 16.930144004204973 -8.426820049049526 -0.982425470525446 26.614529498750304 -13.271186037369253
591 286 1504.0 1522 155.09948384399996 7.85 0.0001143024839938109 0.20790690572872922 False True -0.05960155169010306 16.930144004204973 -8.426820049049526 -0.982425470525446 26.614529498750304 -13.271186037369253
591 287 1516.0 1534 155.78338676899997 7.85 0.0001143024839938109 0.18780194581913667 True False -0.05960155169010306 16.930144004204973 -8.426820049049526 -0.982425470525446 26.614529498750304 -13.271186037369253
591 288 1516.0 1534 156.22313572099998 7.85 0.0001143024839938109 0.0806575978597523 True False -0.05960155169010306 16.930144004204973 -8.426820049049526 -0.982425470525446 26.614529498750304 -13.271186037369253
591 289 1516.0 1534 156.64901769399998 7.85 0.0001143024839938109 0.08105992322791288 False True -0.05960155169010306 16.930144004204973 -8.426820049049526 -0.982425470525446 26.614529498750304 -13.271186037369253
591 290 1528.0 1546 157.33793438299998 7.82 0.0011569651992625882 0.07683607700170864 False True -0.05960155169010306 16.930144004204973 -8.426820049049526 -0.982425470525446 26.614529498750304 -13.271186037369253
591 291 1540.0 1558 158.00041196599997 7.82 0.0011569651992625882 0.06481858553729304 True False -0.05960155169010306 16.930144004204973 -8.426820049049526 -0.982425470525446 26.614529498750304 -13.271186037369253
591 292 1540.0 1558 158.42050903599997 7.82 0.0011569651992625882 0.07690671073749096 True False -0.05960155169010306 16.930144004204973 -8.426820049049526 -0.982425470525446 26.614529498750304 -13.271186037369253
591 293 1540.0 1559 158.83833182599997 7.82 0.0011569651992625882 0.1356301232970264 True False -0.05960155169010306 16.930144004204973 -8.426820049049526 -0.982425470525446 26.614529498750304 -13.271186037369253
591 294 1540.0 1559 159.25886674299997 7.82 0.0011569651992625882 0.0958918382919825 True False -0.05960155169010306 16.930144004204973 -8.426820049049526 -0.982425470525446 26.614529498750304 -13.271186037369253
591 295 1540.0 1559 159.67389449299998 7.82 0.0011569651992625882 0.08508784386014198 True False -0.05960155169010306 16.930144004204973 -8.426820049049526 -0.982425470525446 26.614529498750304 -13.271186037369253
591 296 1540.0 1559 160.09432174999998 7.82 0.0011569651992625882 0.08975636973872601 True False -0.05960155169010306 16.930144004204973 -8.426820049049526 -0.982425470525446 26.614529498750304 -13.271186037369253
591 297 1540.0 1559 160.50164887399998 7.82 0.0011569651992625882 0.061043911798205425 True False -0.05960155169010306 16.930144004204973 -8.426820049049526 -0.982425470525446 26.614529498750304 -13.271186037369253
591 298 1540.0 1559 160.933956339 7.82 0.0011569651992625882 0.08682767637263303 True False -0.05960155169010306 16.930144004204973 -8.426820049049526 -0.982425470525446 26.614529498750304 -13.271186037369253
591 299 1540.0 1559 161.351831141 7.82 0.0011569651992625882 0.27858470158706006 True False -0.05960155169010306 16.930144004204973 -8.426820049049526 -0.982425470525446 26.614529498750304 -13.271186037369253
591 300 1540.0 1559 161.77514036999997 7.82 0.0011569651992625882 0.27104342126680553 True False -0.05960155169010306 16.930144004204973 -8.426820049049526 -0.982425470525446 26.614529498750304 -13.271186037369253
591 301 1540.0 1559 162.19523563599998 7.82 0.0011569651992625882 0.2862156375966134 True False -0.05960155169010306 16.930144004204973 -8.426820049049526 -0.982425470525446 26.614529498750304 -13.271186037369253
591 302 1540.0 1559 162.61857475599996 7.82 0.0011569651992625882 0.2939354787395197 True False -0.05960155169010306 16.930144004204973 -8.426820049049526 -0.982425470525446 26.614529498750304 -13.271186037369253
591 303 1540.0 1560 163.03778158699996 7.82 0.0011569651992625882 0.2939354787395197 False True -0.05960155169010306 16.930144004204973 -8.426820049049526 -0.982425470525446 26.614529498750304 -13.271186037369253
591 304 1552.0 1572 163.73432863799994 7.82 0.0011569651992625882 0.35039881584044963 True False -0.05960155169010306 16.930144004204973 -8.426820049049526 -0.982425470525446 26.614529498750304 -13.271186037369253
591 305 1552.0 1572 164.15752113099992 7.82 0.0011569651992625882 0.34207839155349756 True False -0.05960155169010306 16.930144004204973 -8.426820049049526 -0.982425470525446 26.614529498750304 -13.271186037369253
591 306 1552.0 1572 164.57630531399994 7.82 0.0011569651992625882 0.35880182720163345 True False -0.05960155169010306 16.930144004204973 -8.426820049049526 -0.982425470525446 26.614529498750304 -13.271186037369253
591 307 1552.0 1572 164.99797270999994 7.82 0.0011569651992625882 0.3672865978629319 True False -0.05960155169010306 16.930144004204973 -8.426820049049526 -0.982425470525446 26.614529498750304 -13.271186037369253
591 308 1552.0 1572 165.41505733099996 7.82 0.0011569651992625882 0.3672865978629319 False True -0.05960155169010306 16.930144004204973 -8.426820049049526 -0.982425470525446 26.614529498750304 -13.271186037369253
591 309 1564.0 1584 166.09928673899995 7.82 0.0011569651992625882 0.25623278501011 True False -0.05960155169010306 16.930144004204973 -8.426820049049526 -0.982425470525446 26.614529498750304 -13.271186037369253
591 310 1564.0 1584 166.54000134899994 7.82 0.0011569651992625882 0.2635925382250561 True False -0.05960155169010306 16.930144004204973 -8.426820049049526 -0.982425470525446 26.614529498750304 -13.271186037369253
591 311 1564.0 1584 166.97683279999993 7.82 0.0011569651992625882 0.2489648850561057 True False -0.05960155169010306 16.930144004204973 -8.426820049049526 -0.982425470525446 26.614529498750304 -13.271186037369253
591 312 1564.0 1584 167.44595582599993 7.82 0.0011569651992625882 0.06870298127898826 True False -0.05960155169010306 16.930144004204973 -8.426820049049526 -0.982425470525446 26.614529498750304 -13.271186037369253
591 313 1564.0 1584 167.86591707999995 7.82 0.0011569651992625882 0.07679932343734819 True False -0.05960155169010306 16.930144004204973 -8.426820049049526 -0.982425470525446 26.614529498750304 -13.271186037369253
591 314 1564.0 1584 168.30658167499996 7.82 0.0011569651992625882 0.18728610931855197 True False -0.05960155169010306 16.930144004204973 -8.426820049049526 -0.982425470525446 26.614529498750304 -13.271186037369253
591 315 1564.0 1585 168.74524289699994 7.82 0.0011569651992625882 0.12190795903809125 False True -0.05960155169010306 16.930144004204973 -8.426820049049526 -0.982425470525446 26.614529498750304 -13.271186037369253
591 316 1576.0 1597 169.44797313499996 7.82 0.0011569651992625882 0.08401141167587 True False -0.05960155169010306 16.930144004204973 -8.426820049049526 -0.982425470525446 26.614529498750304 -13.271186037369253
591 317 1576.0 1597 169.88361801599996 7.82 0.0011569651992625882 0.10220968411547467 False True -0.05960155169010306 16.930144004204973 -8.426820049049526 -0.982425470525446 26.614529498750304 -13.271186037369253
591 318 1588.0 1609 170.56299175699996 7.96 0.005265855962857552 0.0017626329914654805 False True -0.05960155169010306 16.930144004204973 -8.426820049049526 -0.982425470525446 26.614529498750304 -13.271186037369253
591 319 1592.0 1613 171.26243128 7.92 0.0017626329914654805 0.09154869048497953 False True -0.05960155169010306 16.930144004204973 -8.426820049049526 -0.982425470525446 26.614529498750304 -13.271186037369253
591 320 1596.0 1617 171.94672104299997 7.92 0.0017626329914654805 0.1328304151008831 False True -0.05960155169010306 16.930144004204973 -8.426820049049526 -0.982425470525446 26.614529498750304 -13.271186037369253
591 321 1608.0 1629 172.62278360599998 7.92 0.0017626329914654805 0.1649577245633291 False True -0.05960155169010306 16.930144004204973 -8.426820049049526 -0.982425470525446 26.614529498750304 -13.271186037369253
591 322 1620.0 1641 173.32170989899998 7.92 0.0017626329914654805 0.37553706614204735 True False -0.05960155169010306 16.930144004204973 -8.426820049049526 -0.982425470525446 26.614529498750304 -13.271186037369253
591 323 1620.0 1641 173.73073341299997 7.92 0.0017626329914654805 0.37553706614204735 False True -0.05960155169010306 16.930144004204973 -8.426820049049526 -0.982425470525446 26.614529498750304 -13.271186037369253
591 324 1632.0 1653 174.43013264999996 7.92 0.0017626329914654805 0.44933669763557715 True False -0.05960155169010306 16.930144004204973 -8.426820049049526 -0.982425470525446 26.614529498750304 -13.271186037369253
591 325 1632.0 1653 174.88910271899996 7.92 0.0017626329914654805 0.44933669763557715 False True -0.05960155169010306 16.930144004204973 -8.426820049049526 -0.982425470525446 26.614529498750304 -13.271186037369253
591 326 1644.0 1665 175.60185649799996 7.96 0.005265855962857552 0.1836329708103138 False True -0.05960155169010306 16.930144004204973 -8.426820049049526 -0.982425470525446 26.614529498750304 -13.271186037369253
591 327 1656.0 1677 176.26972134599995 7.96 0.005265855962857552 0.19421215080053644 True False -0.05960155169010306 16.930144004204973 -8.426820049049526 -0.982425470525446 26.614529498750304 -13.271186037369253
591 328 1656.0 1677 176.68740131999996 7.96 0.005265855962857552 0.5204160292141531 True False -0.05960155169010306 16.930144004204973 -8.426820049049526 -0.982425470525446 26.614529498750304 -13.271186037369253
591 329 1656.0 1677 177.12490803299997 7.96 0.005265855962857552 0.5112650702944117 True False -0.05960155169010306 16.930144004204973 -8.426820049049526 -0.982425470525446 26.614529498750304 -13.271186037369253
591 330 1656.0 1677 177.54582479399997 7.96 0.005265855962857552 0.5296403240562061 True False -0.05960155169010306 16.930144004204973 -8.426820049049526 -0.982425470525446 26.614529498750304 -13.271186037369253
591 331 1656.0 1677 177.96876378099998 7.96 0.005265855962857552 0.538937044143787 True False -0.05960155169010306 16.930144004204973 -8.426820049049526 -0.982425470525446 26.614529498750304 -13.271186037369253
591 332 1656.0 1677 178.38861750499996 7.96 0.005265855962857552 0.5021883506390621 True False -0.05960155169010306 16.930144004204973 -8.426820049049526 -0.982425470525446 26.614529498750304 -13.271186037369253
591 333 1656.0 1677 178.82093884699995 7.96 0.005265855962857552 0.5204160292141531 False True -0.05960155169010306 16.930144004204973 -8.426820049049526 -0.982425470525446 26.614529498750304 -13.271186037369253
591 334 1668.0 1689 179.52141423099994 7.96 0.005265855962857552 0.0573793501882513 True False -0.05960155169010306 16.930144004204973 -8.426820049049526 -0.982425470525446 26.614529498750304 -13.271186037369253
591 335 1668.0 1690 179.94092004699993 7.96 0.005265855962857552 0.33756666447967365 True False -0.05960155169010306 16.930144004204973 -8.426820049049526 -0.982425470525446 26.614529498750304 -13.271186037369253
591 336 1668.0 1690 180.36540904699993 7.96 0.005265855962857552 0.0810104348956181 True False -0.05960155169010306 16.930144004204973 -8.426820049049526 -0.982425470525446 26.614529498750304 -13.271186037369253
591 337 1668.0 1690 180.78533093099992 7.96 0.005265855962857552 0.1440528318183457 False True -0.05960155169010306 16.930144004204973 -8.426820049049526 -0.982425470525446 26.614529498750304 -13.271186037369253
591 338 1680.0 1702 181.48782635499992 7.96 0.005265855962857552 0.06870298127898826 False True -0.05960155169010306 16.930144004204973 -8.426820049049526 -0.982425470525446 26.614529498750304 -13.271186037369253
591 339 1692.0 1714 182.20331571199995 7.96 0.005265855962857552 0.11855050964354592 True False -0.05960155169010306 16.930144004204973 -8.426820049049526 -0.982425470525446 26.614529498750304 -13.271186037369253
591 340 1692.0 1714 182.62697761999993 7.96 0.005265855962857552 0.25623278501011 False True -0.05960155169010306 16.930144004204973 -8.426820049049526 -0.982425470525446 26.614529498750304 -13.271186037369253
591 341 1704.0 1726 183.3056289849999 7.96 0.005265855962857552 0.11278887241901184 False True -0.05960155169010306 16.930144004204973 -8.426820049049526 -0.982425470525446 26.614529498750304 -13.271186037369253
591 342 1716.0 1738 184.00789642299992 7.96 0.005265855962857552 0.14708186108337476 False True -0.05960155169010306 16.930144004204973 -8.426820049049526 -0.982425470525446 26.614529498750304 -13.271186037369253
591 343 1728.0 1750 184.72151533899992 7.96 0.005265855962857552 0.515903871063538 True False -0.05960155169010306 16.930144004204973 -8.426820049049526 -0.982425470525446 26.614529498750304 -13.271186037369253
591 344 1728.0 1750 185.16024121299992 7.96 0.005265855962857552 0.515903871063538 False True -0.05960155169010306 16.930144004204973 -8.426820049049526 -0.982425470525446 26.614529498750304 -13.271186037369253
591 345 1740.0 1762 185.86100929599993 7.96 0.005265855962857552 0.5907908735567109 True False -0.05960155169010306 16.930144004204973 -8.426820049049526 -0.982425470525446 26.614529498750304 -13.271186037369253
591 346 1740.0 1762 186.28525622299995 7.96 0.005265855962857552 0.5907908735567109 False True -0.05960155169010306 16.930144004204973 -8.426820049049526 -0.982425470525446 26.614529498750304 -13.271186037369253
591 347 1752.0 1774 186.96438082999995 7.96 0.005265855962857552 0.1072726536626668 False True -0.05960155169010306 16.930144004204973 -8.426820049049526 -0.982425470525446 26.614529498750304 -13.271186037369253
591 348 1764.0 1786 187.66464927899995 7.96 0.005265855962857552 0.11278887241901184 False True -0.05960155169010306 16.930144004204973 -8.426820049049526 -0.982425470525446 26.614529498750304 -13.271186037369253
591 349 1768.0 1790 188.3595066489999 7.96 0.005265855962857552 0.11278887241901184 False True -0.05960155169010306 16.930144004204973 -8.426820049049526 -0.982425470525446 26.614529498750304 -13.271186037369253
591 350 1772.0 1794 189.06214535599992 7.96 0.005265855962857552 0.11055869943949286 True False -0.05960155169010306 16.930144004204973 -8.426820049049526 -0.982425470525446 26.614529498750304 -13.271186037369253
591 351 1772.0 1794 189.48182385799993 7.96 0.005265855962857552 0.08652996385163247 False True -0.05960155169010306 16.930144004204973 -8.426820049049526 -0.982425470525446 26.614529498750304 -13.271186037369253
591 352 1784.0 1806 190.17959891899994 7.96 0.005265855962857552 0.012253091491811117 True False -0.05960155169010306 16.930144004204973 -8.426820049049526 -0.982425470525446 26.614529498750304 -13.271186037369253
591 353 1784.0 1806 190.62566165199996 7.96 0.005265855962857552 0.0768372448601605 True False -0.05960155169010306 16.930144004204973 -8.426820049049526 -0.982425470525446 26.614529498750304 -13.271186037369253
591 354 1784.0 1806 191.06578749299996 7.96 0.005265855962857552 0.48014994666805727 True False -0.05960155169010306 16.930144004204973 -8.426820049049526 -0.982425470525446 26.614529498750304 -13.271186037369253
591 355 1784.0 1806 191.52028853899998 7.96 0.005265855962857552 0.679912285515966 True False -0.05960155169010306 16.930144004204973 -8.426820049049526 -0.982425470525446 26.614529498750304 -13.271186037369253
591 356 1784.0 1807 191.96217208099995 7.96 0.005265855962857552 0.679912285515966 False True -0.05960155169010306 16.930144004204973 -8.426820049049526 -0.982425470525446 26.614529498750304 -13.271186037369253
591 357 1796.0 1819 192.66803295799997 1.83 0.11278887241901184 0.0017626329914654805 False True -0.05960155169010306 16.930144004204973 -8.426820049049526 -0.982425470525446 26.614529498750304 -13.271186037369253
591 358 1800.0 1823 193.36405414999996 7.92 0.0017626329914654805 0.7523483887793933 True False -0.05960155169010306 16.930144004204973 -8.426820049049526 -0.982425470525446 26.614529498750304 -13.271186037369253
591 359 1800.0 1823 193.81518421099997 7.92 0.0017626329914654805 0.7523483887793933 False True -0.05960155169010306 16.930144004204973 -8.426820049049526 -0.982425470525446 26.614529498750304 -13.271186037369253
591 360 1812.0 1835 194.55076668799995 7.92 0.0017626329914654805 0.029412232252809076 False True -0.05960155169010306 16.930144004204973 -8.426820049049526 -0.982425470525446 26.614529498750304 -13.271186037369253
591 361 1824.0 1847 195.26401944899993 1.83 0.11278887241901184 0.0017626329914654805 False True -0.05960155169010306 16.930144004204973 -8.426820049049526 -0.982425470525446 26.614529498750304 -13.271186037369253
591 362 1828.0 1851 195.94932791799994 7.96 0.005265855962857552 0.17880330381761542 False True -0.05960155169010306 16.930144004204973 -8.426820049049526 -0.982425470525446 26.614529498750304 -13.271186037369253
591 363 1840.0 1863 196.64752307099997 7.96 0.005265855962857552 0.6397083378588213 True False -0.05960155169010306 16.930144004204973 -8.426820049049526 -0.982425470525446 26.614529498750304 -13.271186037369253
591 364 1840.0 1863 197.08943095499995 7.96 0.005265855962857552 0.08840955584772649 False True -0.05960155169010306 16.930144004204973 -8.426820049049526 -0.982425470525446 26.614529498750304 -13.271186037369253
591 365 1852.0 1875 197.80221848899993 7.96 0.005265855962857552 0.1814903117061043 True False -0.05960155169010306 16.930144004204973 -8.426820049049526 -0.982425470525446 26.614529498750304 -13.271186037369253
591 366 1852.0 1875 198.22317886699994 7.96 0.005265855962857552 0.24367450330859403 True False -0.05960155169010306 16.930144004204973 -8.426820049049526 -0.982425470525446 26.614529498750304 -13.271186037369253
591 367 1852.0 1875 198.63986387799997 7.96 0.005265855962857552 0.19361120480225258 True False -0.05960155169010306 16.930144004204973 -8.426820049049526 -0.982425470525446 26.614529498750304 -13.271186037369253
591 368 1852.0 1875 199.06028141599995 7.96 0.005265855962857552 0.08255074097491977 True False -0.05960155169010306 16.930144004204973 -8.426820049049526 -0.982425470525446 26.614529498750304 -13.271186037369253
591 369 1852.0 1875 199.47771988 7.96 0.005265855962857552 0.17760401213386096 True False -0.05960155169010306 16.930144004204973 -8.426820049049526 -0.982425470525446 26.614529498750304 -13.271186037369253
591 370 1852.0 1875 199.89992685599998 7.96 0.005265855962857552 0.33024372448669903 True False -0.05960155169010306 16.930144004204973 -8.426820049049526 -0.982425470525446 26.614529498750304 -13.271186037369253
591 371 1852.0 1875 200.31924303699998 7.96 0.005265855962857552 0.08539276322028379 False True -0.05960155169010306 16.930144004204973 -8.426820049049526 -0.982425470525446 26.614529498750304 -13.271186037369253
591 372 1864.0 1887 200.97971711999998 7.96 0.005265855962857552 0.47139741190255646 True False -0.05960155169010306 16.930144004204973 -8.426820049049526 -0.982425470525446 26.614529498750304 -13.271186037369253
591 373 1864.0 1887 201.39712941399995 7.96 0.005265855962857552 0.08539276322028379 False True -0.05960155169010306 16.930144004204973 -8.426820049049526 -0.982425470525446 26.614529498750304 -13.271186037369253
591 374 1868.0 1891 202.08272000999995 7.96 0.005265855962857552 0.08539276322028379 False True -0.05960155169010306 16.930144004204973 -8.426820049049526 -0.982425470525446 26.614529498750304 -13.271186037369253
591 375 1872.0 1895 202.76240550399996 7.96 0.005265855962857552 0.024437053220620644 False True -0.05960155169010306 16.930144004204973 -8.426820049049526 -0.982425470525446 26.614529498750304 -13.271186037369253
591 376 1884.0 1907 203.44094858599993 8.07 0.024437053220620644 0.002434952526845475 False True -0.05960155169010306 16.930144004204973 -8.426820049049526 -0.982425470525446 26.614529498750304 -13.271186037369253
591 377 1888.0 1911 204.13788623999994 8.07 0.024437053220620644 0.005265855962857552 False True -0.05960155169010306 16.930144004204973 -8.426820049049526 -0.982425470525446 26.614529498750304 -13.271186037369253
591 378 1892.0 1915 204.8196104399999 8.07 0.024437053220620644 0.005265855962857552 False True -0.05960155169010306 16.930144004204973 -8.426820049049526 -0.982425470525446 26.614529498750304 -13.271186037369253
591 379 1896.0 1919 205.51529598399992 7.96 0.005265855962857552 0.019858371847219124 False True -0.05960155169010306 16.930144004204973 -8.426820049049526 -0.982425470525446 26.614529498750304 -13.271186037369253
591 380 1908.0 1931 206.21489633499993 7.99 0.009111381491586776 0.002464087786288313 False True -0.05960155169010306 16.930144004204973 -8.426820049049526 -0.982425470525446 26.614529498750304 -13.271186037369253
591 381 1912.0 1935 206.91987416199993 1.83 0.11278887241901184 0.0017376973973974553 False True -0.05960155169010306 16.930144004204973 -8.426820049049526 -0.982425470525446 26.614529498750304 -13.271186037369253
591 382 1916.0 1939 207.61749852899993 1.36 0.10521291888729699 0.004215799486887091 False True -0.05960155169010306 16.930144004204973 -8.426820049049526 -0.982425470525446 26.614529498750304 -13.271186037369253
591 383 1920.0 1943 208.29800491099996 1.36 0.10521291888729699 0.1072726536626668 False True -0.05960155169010306 16.930144004204973 -8.426820049049526 -0.982425470525446 26.614529498750304 -13.271186037369253
591 384 1924.0 1947 208.99529950299996 1.36 0.10521291888729699 0.3449809664914021 True False -0.05960155169010306 16.930144004204973 -8.426820049049526 -0.982425470525446 26.614529498750304 -13.271186037369253
591 385 1924.0 1948 209.412495569 1.36 0.10521291888729699 0.220393816291837 True False -0.05960155169010306 16.930144004204973 -8.426820049049526 -0.982425470525446 26.614529498750304 -13.271186037369253
591 386 1924.0 1948 209.83402954999997 1.36 0.10521291888729699 0.09893090284383155 True False -0.05960155169010306 16.930144004204973 -8.426820049049526 -0.982425470525446 26.614529498750304 -13.271186037369253
591 387 1924.0 1948 210.25292054299996 1.36 0.10521291888729699 0.24191507834301582 True False -0.05960155169010306 16.930144004204973 -8.426820049049526 -0.982425470525446 26.614529498750304 -13.271186037369253
591 388 1924.0 1948 210.67351199599995 1.36 0.10521291888729699 0.5528041126744998 True False -0.05960155169010306 16.930144004204973 -8.426820049049526 -0.982425470525446 26.614529498750304 -13.271186037369253
591 389 1924.0 1948 211.0811795369999 1.36 0.10521291888729699 0.18780194581913667 False True -0.05960155169010306 16.930144004204973 -8.426820049049526 -0.982425470525446 26.614529498750304 -13.271186037369253
591 390 1936.0 1960 211.7781362689999 1.36 0.10521291888729699 0.09384839191965277 False True -0.05960155169010306 16.930144004204973 -8.426820049049526 -0.982425470525446 26.614529498750304 -13.271186037369253
591 391 1940.0 1964 212.4760890319999 1.4100000000000001 0.09384839191965277 0.09546966008256201 False True -0.05960155169010306 16.930144004204973 -8.426820049049526 -0.982425470525446 26.614529498750304 -13.271186037369253
591 392 1952.0 1976 213.1372701289999 1.4100000000000001 0.09384839191965277 0.07272163434880563 False True -0.05960155169010306 16.930144004204973 -8.426820049049526 -0.982425470525446 26.614529498750304 -13.271186037369253
591 393 1964.0 1988 213.83499511899987 1.4100000000000001 0.09384839191965277 0.2244553349368093 True False -0.05960155169010306 16.930144004204973 -8.426820049049526 -0.982425470525446 26.614529498750304 -13.271186037369253
591 394 1964.0 1988 214.25816295399989 1.4100000000000001 0.09384839191965277 0.1078289068167389 False True -0.05960155169010306 16.930144004204973 -8.426820049049526 -0.982425470525446 26.614529498750304 -13.271186037369253
591 395 1968.0 1992 214.9409395739999 1.4100000000000001 0.09384839191965277 0.1078289068167389 False True -0.05960155169010306 16.930144004204973 -8.426820049049526 -0.982425470525446 26.614529498750304 -13.271186037369253
591 396 1972.0 1996 215.6408040799999 1.4100000000000001 0.09384839191965277 0.1078289068167389 False True -0.05960155169010306 16.930144004204973 -8.426820049049526 -0.982425470525446 26.614529498750304 -13.271186037369253
