816 0 200.0 201 0.5946755049999979 8.43 0.21569626349336093 0.1952987557457207 False True -0.0682592732993327 22.747646104410563 -11.340606876339056 -1.2431929592394808 23.456232866931423 -11.699546211419483
816 1 212.0 213 1.2125408059999927 8.43 0.21569626349336093 0.1939618875083346 True False -0.0682592732993327 22.747646104410563 -11.340606876339056 -1.2431929592394808 23.456232866931423 -11.699546211419483
816 2 212.0 213 1.5915218779999947 8.43 0.21569626349336093 0.1939618875083346 False True -0.0682592732993327 22.747646104410563 -11.340606876339056 -1.2431929592394808 23.456232866931423 -11.699546211419483
816 3 224.0 225 2.234845250999996 8.43 0.21569626349336093 0.20108886768319253 True False -0.0682592732993327 22.747646104410563 -11.340606876339056 -1.2431929592394808 23.456232866931423 -11.699546211419483
816 4 224.0 225 2.6298633870000003 8.43 0.21569626349336093 0.20108886768319253 False True -0.0682592732993327 22.747646104410563 -11.340606876339056 -1.2431929592394808 23.456232866931423 -11.699546211419483
816 5 236.0 237 3.237369653000002 8.4 0.1939618875083346 0.2307699171850112 True False -0.0682592732993327 22.747646104410563 -11.340606876339056 -1.2431929592394808 23.456232866931423 -11.699546211419483
816 6 236.0 237 3.6119178580000124 8.4 0.1939618875083346 0.22317518815303744 True False -0.0682592732993327 22.747646104410563 -11.340606876339056 -1.2431929592394808 23.456232866931423 -11.699546211419483
816 7 236.0 237 3.973271999000005 8.4 0.1939618875083346 0.22317518815303744 False True -0.0682592732993327 22.747646104410563 -11.340606876339056 -1.2431929592394808 23.456232866931423 -11.699546211419483
816 8 248.0 249 4.577423020000012 8.4 0.1939618875083346 0.24630367848358614 True False -0.0682592732993327 22.747646104410563 -11.340606876339056 -1.2431929592394808 23.456232866931423 -11.699546211419483
816 9 248.0 249 4.973701024000022 8.4 0.1939618875083346 0.2307699171850112 False True -0.0682592732993327 22.747646104410563 -11.340606876339056 -1.2431929592394808 23.456232866931423 -11.699546211419483
816 10 260.0 261 5.59366059200002 8.4 0.1939618875083346 0.17329651581446243 True False -0.0682592732993327 22.747646104410563 -11.340606876339056 -1.2431929592394808 23.456232866931423 -11.699546211419483
816 11 260.0 261 5.955801792000017 8.4 0.1939618875083346 0.17329651581446243 False True -0.0682592732993327 22.747646104410563 -11.340606876339056 -1.2431929592394808 23.456232866931423 -11.699546211419483
816 12 272.0 273 6.573276798000023 8.37 0.17329651581446243 0.15371915403229405 True False -0.0682592732993327 22.747646104410563 -11.340606876339056 -1.2431929592394808 23.456232866931423 -11.699546211419483
816 13 272.0 273 6.97055320500003 8.37 0.17329651581446243 0.15371915403229405 False True -0.0682592732993327 22.747646104410563 -11.340606876339056 -1.2431929592394808 23.456232866931423 -11.699546211419483
816 14 284.0 285 7.592726662000032 8.37 0.17329651581446243 0.1800650016158899 True False -0.0682592732993327 22.747646104410563 -11.340606876339056 -1.2431929592394808 23.456232866931423 -11.699546211419483
816 15 284.0 286 7.957393190000033 8.37 0.17329651581446243 0.1800650016158899 False True -0.0682592732993327 22.747646104410563 -11.340606876339056 -1.2431929592394808 23.456232866931423 -11.699546211419483
816 16 296.0 298 8.61075350800003 8.37 0.17329651581446243 0.1666489280639006 True False -0.0682592732993327 22.747646104410563 -11.340606876339056 -1.2431929592394808 23.456232866931423 -11.699546211419483
816 17 296.0 298 9.009389963000018 8.37 0.17329651581446243 0.1666489280639006 False True -0.0682592732993327 22.747646104410563 -11.340606876339056 -1.2431929592394808 23.456232866931423 -11.699546211419483
816 18 308.0 310 9.61861758900001 8.37 0.17329651581446243 0.1293394784454226 True False -0.0682592732993327 22.747646104410563 -11.340606876339056 -1.2431929592394808 23.456232866931423 -11.699546211419483
816 19 308.0 310 9.993341356000002 8.37 0.17329651581446243 0.1293394784454226 False True -0.0682592732993327 22.747646104410563 -11.340606876339056 -1.2431929592394808 23.456232866931423 -11.699546211419483
816 20 320.0 322 10.613249654 8.3 0.1293394784454226 0.1178995701732053 True False -0.0682592732993327 22.747646104410563 -11.340606876339056 -1.2431929592394808 23.456232866931423 -11.699546211419483
816 21 320.0 322 11.013016223999998 8.3 0.1293394784454226 0.1178995701732053 False True -0.0682592732993327 22.747646104410563 -11.340606876339056 -1.2431929592394808 23.456232866931423 -11.699546211419483
816 22 332.0 334 11.635341277999999 8.3 0.1293394784454226 0.1352478285244633 True False -0.0682592732993327 22.747646104410563 -11.340606876339056 -1.2431929592394808 23.456232866931423 -11.699546211419483
816 23 332.0 334 12.009568911999992 8.3 0.1293394784454226 0.1352478285244633 False True -0.0682592732993327 22.747646104410563 -11.340606876339056 -1.2431929592394808 23.456232866931423 -11.699546211419483
816 24 344.0 346 12.618358059999991 8.3 0.1293394784454226 0.141280972163492 True False -0.0682592732993327 22.747646104410563 -11.340606876339056 -1.2431929592394808 23.456232866931423 -11.699546211419483
816 25 344.0 346 13.017020724999995 8.3 0.1293394784454226 0.141280972163492 False True -0.0682592732993327 22.747646104410563 -11.340606876339056 -1.2431929592394808 23.456232866931423 -11.699546211419483
816 26 356.0 358 13.669194070999993 8.31 0.1352478285244633 0.1235565278631849 True False -0.0682592732993327 22.747646104410563 -11.340606876339056 -1.2431929592394808 23.456232866931423 -11.699546211419483
816 27 356.0 358 14.048735115999989 8.31 0.1352478285244633 0.17329651581446243 False True -0.0682592732993327 22.747646104410563 -11.340606876339056 -1.2431929592394808 23.456232866931423 -11.699546211419483
816 28 360.0 362 14.65088807699999 8.37 0.17329651581446243 0.0965430940099151 True False -0.0682592732993327 22.747646104410563 -11.340606876339056 -1.2431929592394808 23.456232866931423 -11.699546211419483
816 29 360.0 362 15.032204734999993 8.37 0.17329651581446243 0.0965430940099151 False True -0.0682592732993327 22.747646104410563 -11.340606876339056 -1.2431929592394808 23.456232866931423 -11.699546211419483
816 30 372.0 374 15.63734414999999 8.24 0.0965430940099151 0.08187585202974355 True False -0.0682592732993327 22.747646104410563 -11.340606876339056 -1.2431929592394808 23.456232866931423 -11.699546211419483
816 31 372.0 374 16.01263374599999 8.24 0.0965430940099151 0.08187585202974355 False True -0.0682592732993327 22.747646104410563 -11.340606876339056 -1.2431929592394808 23.456232866931423 -11.699546211419483
816 32 384.0 386 16.615226542000002 8.24 0.0965430940099151 0.10696594399029993 True False -0.0682592732993327 22.747646104410563 -11.340606876339056 -1.2431929592394808 23.456232866931423 -11.699546211419483
816 33 384.0 386 16.997313930999994 8.24 0.0965430940099151 0.10169039905376395 True False -0.0682592732993327 22.747646104410563 -11.340606876339056 -1.2431929592394808 23.456232866931423 -11.699546211419483
816 34 384.0 387 17.406177783999993 8.24 0.0965430940099151 0.10696594399029993 False True -0.0682592732993327 22.747646104410563 -11.340606876339056 -1.2431929592394808 23.456232866931423 -11.699546211419483
816 35 396.0 399 18.009436814999987 8.24 0.0965430940099151 0.10169039905376395 False True -0.0682592732993327 22.747646104410563 -11.340606876339056 -1.2431929592394808 23.456232866931423 -11.699546211419483
816 36 408.0 411 18.611211699999984 8.24 0.0965430940099151 0.09152455868263502 True False -0.0682592732993327 22.747646104410563 -11.340606876339056 -1.2431929592394808 23.456232866931423 -11.699546211419483
816 37 408.0 411 18.99050950599998 8.24 0.0965430940099151 0.09152455868263502 False True -0.0682592732993327 22.747646104410563 -11.340606876339056 -1.2431929592394808 23.456232866931423 -11.699546211419483
816 38 420.0 423 19.600694541999985 8.24 0.0965430940099151 0.06414555182451792 True False -0.0682592732993327 22.747646104410563 -11.340606876339056 -1.2431929592394808 23.456232866931423 -11.699546211419483
816 39 420.0 423 19.969392017999994 8.24 0.0965430940099151 0.06414555182451792 False True -0.0682592732993327 22.747646104410563 -11.340606876339056 -1.2431929592394808 23.456232866931423 -11.699546211419483
816 40 432.0 435 20.57943394099999 8.24 0.0965430940099151 0.07274825919723445 True False -0.0682592732993327 22.747646104410563 -11.340606876339056 -1.2431929592394808 23.456232866931423 -11.699546211419483
816 41 432.0 435 20.961624959999995 8.24 0.0965430940099151 0.07274825919723445 False True -0.0682592732993327 22.747646104410563 -11.340606876339056 -1.2431929592394808 23.456232866931423 -11.699546211419483
816 42 444.0 447 21.57862501199999 8.24 0.0965430940099151 0.052233384385135875 True False -0.0682592732993327 22.747646104410563 -11.340606876339056 -1.2431929592394808 23.456232866931423 -11.699546211419483
816 43 444.0 447 21.957469049999986 8.24 0.0965430940099151 0.052233384385135875 False True -0.0682592732993327 22.747646104410563 -11.340606876339056 -1.2431929592394808 23.456232866931423 -11.699546211419483
816 44 456.0 459 22.558322324999992 8.24 0.0965430940099151 0.06004215144839451 True False -0.0682592732993327 22.747646104410563 -11.340606876339056 -1.2431929592394808 23.456232866931423 -11.699546211419483
816 45 456.0 459 22.92680415599999 8.24 0.0965430940099151 0.06004215144839451 False True -0.0682592732993327 22.747646104410563 -11.340606876339056 -1.2431929592394808 23.456232866931423 -11.699546211419483
816 46 468.0 471 23.56012949299999 8.24 0.0965430940099151 0.04152130082620617 True False -0.0682592732993327 22.747646104410563 -11.340606876339056 -1.2431929592394808 23.456232866931423 -11.699546211419483
816 47 468.0 471 23.942956742999996 8.24 0.0965430940099151 0.04152130082620617 False True -0.0682592732993327 22.747646104410563 -11.340606876339056 -1.2431929592394808 23.456232866931423 -11.699546211419483
816 48 480.0 483 24.542706573000004 8.24 0.0965430940099151 0.06838106728583707 True False -0.0682592732993327 22.747646104410563 -11.340606876339056 -1.2431929592394808 23.456232866931423 -11.699546211419483
816 49 480.0 483 24.923187929999997 8.24 0.0965430940099151 0.06838106728583707 False True -0.0682592732993327 22.747646104410563 -11.340606876339056 -1.2431929592394808 23.456232866931423 -11.699546211419483
816 50 492.0 495 25.538843977 8.24 0.0965430940099151 0.0485288287348613 True False -0.0682592732993327 22.747646104410563 -11.340606876339056 -1.2431929592394808 23.456232866931423 -11.699546211419483
816 51 492.0 495 25.91685975 8.24 0.0965430940099151 0.0485288287348613 False True -0.0682592732993327 22.747646104410563 -11.340606876339056 -1.2431929592394808 23.456232866931423 -11.699546211419483
816 52 504.0 507 26.519785976999998 8.13 0.0485288287348613 0.026361477400927057 True False -0.0682592732993327 22.747646104410563 -11.340606876339056 -1.2431929592394808 23.456232866931423 -11.699546211419483
816 53 504.0 507 26.902476658999987 8.13 0.0485288287348613 0.026361477400927057 False True -0.0682592732993327 22.747646104410563 -11.340606876339056 -1.2431929592394808 23.456232866931423 -11.699546211419483
816 54 516.0 519 27.519660959999996 8.13 0.0485288287348613 0.04495801016240478 True False -0.0682592732993327 22.747646104410563 -11.340606876339056 -1.2431929592394808 23.456232866931423 -11.699546211419483
816 55 516.0 520 27.89770100999999 8.13 0.0485288287348613 0.04495801016240478 False True -0.0682592732993327 22.747646104410563 -11.340606876339056 -1.2431929592394808 23.456232866931423 -11.699546211419483
816 56 528.0 532 28.499144822999995 8.13 0.0485288287348613 0.014602456650556732 True False -0.0682592732993327 22.747646104410563 -11.340606876339056 -1.2431929592394808 23.456232866931423 -11.699546211419483
816 57 528.0 532 28.880249852000006 8.13 0.0485288287348613 0.014602456650556732 False True -0.0682592732993327 22.747646104410563 -11.340606876339056 -1.2431929592394808 23.456232866931423 -11.699546211419483
816 58 540.0 544 29.500714391000002 8.13 0.0485288287348613 0.02124783005260714 True False -0.0682592732993327 22.747646104410563 -11.340606876339056 -1.2431929592394808 23.456232866931423 -11.699546211419483
816 59 540.0 544 29.886074410000006 8.13 0.0485288287348613 0.02124783005260714 False True -0.0682592732993327 22.747646104410563 -11.340606876339056 -1.2431929592394808 23.456232866931423 -11.699546211419483
816 60 552.0 556 30.522717713000006 8.13 0.0485288287348613 0.03201934842089157 True False -0.0682592732993327 22.747646104410563 -11.340606876339056 -1.2431929592394808 23.456232866931423 -11.699546211419483
816 61 552.0 556 30.919981038000003 8.13 0.0485288287348613 0.03201934842089157 False True -0.0682592732993327 22.747646104410563 -11.340606876339056 -1.2431929592394808 23.456232866931423 -11.699546211419483
816 62 564.0 568 31.524205338 8.13 0.0485288287348613 0.03505163139888287 True False -0.0682592732993327 22.747646104410563 -11.340606876339056 -1.2431929592394808 23.456232866931423 -11.699546211419483
816 63 564.0 568 31.900766731999994 8.13 0.0485288287348613 0.03505163139888287 False True -0.0682592732993327 22.747646104410563 -11.340606876339056 -1.2431929592394808 23.456232866931423 -11.699546211419483
816 64 576.0 580 32.501089818 8.09 0.03505163139888287 0.03821905947238934 True False -0.0682592732993327 22.747646104410563 -11.340606876339056 -1.2431929592394808 23.456232866931423 -11.699546211419483
816 65 576.0 580 32.882035757 8.09 0.03505163139888287 0.03821905947238934 False True -0.0682592732993327 22.747646104410563 -11.340606876339056 -1.2431929592394808 23.456232866931423 -11.699546211419483
816 66 588.0 592 33.492777258000004 8.09 0.03505163139888287 0.0485288287348613 False True -0.0682592732993327 22.747646104410563 -11.340606876339056 -1.2431929592394808 23.456232866931423 -11.699546211419483
816 67 592.0 596 34.102520864 8.09 0.03505163139888287 0.02912252883771754 True False -0.0682592732993327 22.747646104410563 -11.340606876339056 -1.2431929592394808 23.456232866931423 -11.699546211419483
816 68 592.0 596 34.480307042999996 8.09 0.03505163139888287 0.02912252883771754 False True -0.0682592732993327 22.747646104410563 -11.340606876339056 -1.2431929592394808 23.456232866931423 -11.699546211419483
816 69 604.0 608 35.081761564999994 8.09 0.03505163139888287 0.007665122051230622 True False -0.0682592732993327 22.747646104410563 -11.340606876339056 -1.2431929592394808 23.456232866931423 -11.699546211419483
816 70 604.0 608 35.462005295 8.09 0.03505163139888287 0.007665122051230622 False True -0.0682592732993327 22.747646104410563 -11.340606876339056 -1.2431929592394808 23.456232866931423 -11.699546211419483
816 71 616.0 620 36.076180773999994 8.09 0.03505163139888287 0.05607129157967913 True False -0.0682592732993327 22.747646104410563 -11.340606876339056 -1.2431929592394808 23.456232866931423 -11.699546211419483
816 72 616.0 620 36.43951181099999 8.09 0.03505163139888287 0.05607129157967913 False True -0.0682592732993327 22.747646104410563 -11.340606876339056 -1.2431929592394808 23.456232866931423 -11.699546211419483
816 73 628.0 632 37.02902560699998 8.09 0.03505163139888287 0.018895775638060944 True False -0.0682592732993327 22.747646104410563 -11.340606876339056 -1.2431929592394808 23.456232866931423 -11.699546211419483
816 74 628.0 632 37.39479945799998 8.09 0.03505163139888287 0.018895775638060944 False True -0.0682592732993327 22.747646104410563 -11.340606876339056 -1.2431929592394808 23.456232866931423 -11.699546211419483
816 75 640.0 644 37.999952475999976 8.09 0.03505163139888287 0.08663531001743194 True False -0.0682592732993327 22.747646104410563 -11.340606876339056 -1.2431929592394808 23.456232866931423 -11.699546211419483
816 76 640.0 645 38.37091543899997 8.09 0.03505163139888287 0.08663531001743194 False True -0.0682592732993327 22.747646104410563 -11.340606876339056 -1.2431929592394808 23.456232866931423 -11.699546211419483
816 77 652.0 657 38.95814219599998 8.09 0.03505163139888287 0.023736485283879307 True False -0.0682592732993327 22.747646104410563 -11.340606876339056 -1.2431929592394808 23.456232866931423 -11.699546211419483
816 78 652.0 657 39.336712349999985 8.09 0.03505163139888287 0.023736485283879307 False True -0.0682592732993327 22.747646104410563 -11.340606876339056 -1.2431929592394808 23.456232866931423 -11.699546211419483
816 79 664.0 669 39.93662741099999 8.09 0.03505163139888287 0.03201934842089157 False True -0.0682592732993327 22.747646104410563 -11.340606876339056 -1.2431929592394808 23.456232866931423 -11.699546211419483
816 80 668.0 673 40.553934035 8.09 0.03505163139888287 0.016680572309719328 True False -0.0682592732993327 22.747646104410563 -11.340606876339056 -1.2431929592394808 23.456232866931423 -11.699546211419483
816 81 668.0 673 40.916615986 8.09 0.03505163139888287 0.016680572309719328 False True -0.0682592732993327 22.747646104410563 -11.340606876339056 -1.2431929592394808 23.456232866931423 -11.699546211419483
816 82 680.0 685 41.510546176999995 8.09 0.03505163139888287 0.0485288287348613 False True -0.0682592732993327 22.747646104410563 -11.340606876339056 -1.2431929592394808 23.456232866931423 -11.699546211419483
816 83 684.0 689 42.095689572 8.13 0.0485288287348613 0.0965430940099151 False True -0.0682592732993327 22.747646104410563 -11.340606876339056 -1.2431929592394808 23.456232866931423 -11.699546211419483
816 84 688.0 693 42.691504608 8.09 0.03505163139888287 0.0965430940099151 False True -0.0682592732993327 22.747646104410563 -11.340606876339056 -1.2431929592394808 23.456232866931423 -11.699546211419483
816 85 692.0 697 43.290790465 8.09 0.03505163139888287 0.11236918617024783 True False -0.0682592732993327 22.747646104410563 -11.340606876339056 -1.2431929592394808 23.456232866931423 -11.699546211419483
816 86 692.0 697 43.66957105600001 8.09 0.03505163139888287 0.11236918617024783 False True -0.0682592732993327 22.747646104410563 -11.340606876339056 -1.2431929592394808 23.456232866931423 -11.699546211419483
816 87 704.0 709 44.270437442000016 8.27 0.11236918617024783 0.10696594399029993 False True -0.0682592732993327 22.747646104410563 -11.340606876339056 -1.2431929592394808 23.456232866931423 -11.699546211419483
816 88 708.0 713 44.87352816700002 8.27 0.11236918617024783 0.03505163139888287 False True -0.0682592732993327 22.747646104410563 -11.340606876339056 -1.2431929592394808 23.456232866931423 -11.699546211419483
816 89 712.0 717 45.47463598900002 8.09 0.03505163139888287 0.0485288287348613 False True -0.0682592732993327 22.747646104410563 -11.340606876339056 -1.2431929592394808 23.456232866931423 -11.699546211419483
816 90 716.0 721 46.07617438100003 8.09 0.03505163139888287 0.0485288287348613 False True -0.0682592732993327 22.747646104410563 -11.340606876339056 -1.2431929592394808 23.456232866931423 -11.699546211419483
816 91 720.0 725 46.68776816800002 8.09 0.03505163139888287 0.0485288287348613 False True -0.0682592732993327 22.747646104410563 -11.340606876339056 -1.2431929592394808 23.456232866931423 -11.699546211419483
816 92 724.0 729 47.288820175000026 8.13 0.0485288287348613 0.11236918617024783 False True -0.0682592732993327 22.747646104410563 -11.340606876339056 -1.2431929592394808 23.456232866931423 -11.699546211419483
816 93 728.0 733 47.894035229000025 8.13 0.0485288287348613 0.11236918617024783 False True -0.0682592732993327 22.747646104410563 -11.340606876339056 -1.2431929592394808 23.456232866931423 -11.699546211419483
816 94 732.0 737 48.496592152000034 8.24 0.0965430940099151 0.052233384385135875 False True -0.0682592732993327 22.747646104410563 -11.340606876339056 -1.2431929592394808 23.456232866931423 -11.699546211419483
816 95 736.0 741 49.11103842100003 8.24 0.0965430940099151 0.052233384385135875 False True -0.0682592732993327 22.747646104410563 -11.340606876339056 -1.2431929592394808 23.456232866931423 -11.699546211419483
816 96 740.0 745 49.71196173400003 8.09 0.03505163139888287 0.052233384385135875 False True -0.0682592732993327 22.747646104410563 -11.340606876339056 -1.2431929592394808 23.456232866931423 -11.699546211419483
816 97 744.0 749 50.31462539700003 8.24 0.0965430940099151 0.07724667575454644 True False -0.0682592732993327 22.747646104410563 -11.340606876339056 -1.2431929592394808 23.456232866931423 -11.699546211419483
816 98 744.0 749 50.69020323100003 8.24 0.0965430940099151 0.07724667575454644 False True -0.0682592732993327 22.747646104410563 -11.340606876339056 -1.2431929592394808 23.456232866931423 -11.699546211419483
816 99 756.0 761 51.288765939000015 8.24 0.0965430940099151 0.16605360041692854 True False -0.0682592732993327 22.747646104410563 -11.340606876339056 -1.2431929592394808 23.456232866931423 -11.699546211419483
816 100 756.0 761 51.669835959000025 8.24 0.0965430940099151 0.16605360041692854 False True -0.0682592732993327 22.747646104410563 -11.340606876339056 -1.2431929592394808 23.456232866931423 -11.699546211419483
816 101 768.0 773 52.27285480000002 8.09 0.03505163139888287 0.1491716523964798 True False -0.0682592732993327 22.747646104410563 -11.340606876339056 -1.2431929592394808 23.456232866931423 -11.699546211419483
816 102 768.0 773 52.636058782000035 8.09 0.03505163139888287 0.1491716523964798 False True -0.0682592732993327 22.747646104410563 -11.340606876339056 -1.2431929592394808 23.456232866931423 -11.699546211419483
816 103 780.0 785 53.23433151500002 8.09 0.03505163139888287 0.13106032613423205 True False -0.0682592732993327 22.747646104410563 -11.340606876339056 -1.2431929592394808 23.456232866931423 -11.699546211419483
816 104 780.0 785 53.61063296700003 8.09 0.03505163139888287 0.13106032613423205 False True -0.0682592732993327 22.747646104410563 -11.340606876339056 -1.2431929592394808 23.456232866931423 -11.699546211419483
816 105 792.0 797 54.211418764000015 8.13 0.0485288287348613 0.1379032672539096 True False -0.0682592732993327 22.747646104410563 -11.340606876339056 -1.2431929592394808 23.456232866931423 -11.699546211419483
816 106 792.0 797 54.57663637100002 8.13 0.0485288287348613 0.1379032672539096 False True -0.0682592732993327 22.747646104410563 -11.340606876339056 -1.2431929592394808 23.456232866931423 -11.699546211419483
816 107 804.0 809 55.17548212900003 8.24 0.0965430940099151 0.12180701356557887 True False -0.0682592732993327 22.747646104410563 -11.340606876339056 -1.2431929592394808 23.456232866931423 -11.699546211419483
816 108 804.0 809 55.56830902500003 8.24 0.0965430940099151 0.12180701356557887 False True -0.0682592732993327 22.747646104410563 -11.340606876339056 -1.2431929592394808 23.456232866931423 -11.699546211419483
816 109 816.0 821 56.170062463000036 1.79 0.12180701356557887 0.11377468075960141 True False -0.0682592732993327 22.747646104410563 -11.340606876339056 -1.2431929592394808 23.456232866931423 -11.699546211419483
816 110 816.0 822 56.54363326100004 1.79 0.12180701356557887 0.11377468075960141 False True -0.0682592732993327 22.747646104410563 -11.340606876339056 -1.2431929592394808 23.456232866931423 -11.699546211419483
816 111 828.0 834 57.13318063900003 1.79 0.12180701356557887 0.12475619423097624 True False -0.0682592732993327 22.747646104410563 -11.340606876339056 -1.2431929592394808 23.456232866931423 -11.699546211419483
816 112 828.0 834 57.51181292100004 1.79 0.12180701356557887 0.12475619423097624 False True -0.0682592732993327 22.747646104410563 -11.340606876339056 -1.2431929592394808 23.456232866931423 -11.699546211419483
816 113 840.0 846 58.11485361400004 8.26 0.10696594399029993 0.03201934842089157 False True -0.0682592732993327 22.747646104410563 -11.340606876339056 -1.2431929592394808 23.456232866931423 -11.699546211419483
816 114 844.0 850 58.72686779500005 8.08 0.03201934842089157 0.0485288287348613 False True -0.0682592732993327 22.747646104410563 -11.340606876339056 -1.2431929592394808 23.456232866931423 -11.699546211419483
816 115 848.0 854 59.32863233600004 8.09 0.03505163139888287 0.17528282572512885 True False -0.0682592732993327 22.747646104410563 -11.340606876339056 -1.2431929592394808 23.456232866931423 -11.699546211419483
816 116 848.0 854 59.695063612000055 8.09 0.03505163139888287 0.17528282572512885 False True -0.0682592732993327 22.747646104410563 -11.340606876339056 -1.2431929592394808 23.456232866931423 -11.699546211419483
816 117 860.0 866 60.292929787000034 8.09 0.03505163139888287 0.10140229119218072 True False -0.0682592732993327 22.747646104410563 -11.340606876339056 -1.2431929592394808 23.456232866931423 -11.699546211419483
816 118 860.0 866 60.67030135400002 8.09 0.03505163139888287 0.10140229119218072 False True -0.0682592732993327 22.747646104410563 -11.340606876339056 -1.2431929592394808 23.456232866931423 -11.699546211419483
816 119 872.0 878 61.271116155 1.7 0.10140229119218072 0.09837873302123103 True False -0.0682592732993327 22.747646104410563 -11.340606876339056 -1.2431929592394808 23.456232866931423 -11.699546211419483
816 120 872.0 878 61.63435563199998 1.7 0.10140229119218072 0.09837873302123103 False True -0.0682592732993327 22.747646104410563 -11.340606876339056 -1.2431929592394808 23.456232866931423 -11.699546211419483
816 121 884.0 890 62.231355953999994 8.09 0.03505163139888287 0.10497720056459352 True False -0.0682592732993327 22.747646104410563 -11.340606876339056 -1.2431929592394808 23.456232866931423 -11.699546211419483
816 122 884.0 890 62.607150540999996 8.09 0.03505163139888287 0.10497720056459352 False True -0.0682592732993327 22.747646104410563 -11.340606876339056 -1.2431929592394808 23.456232866931423 -11.699546211419483
816 123 896.0 902 63.20846938800001 8.09 0.03505163139888287 0.09488001179206121 True False -0.0682592732993327 22.747646104410563 -11.340606876339056 -1.2431929592394808 23.456232866931423 -11.699546211419483
816 124 896.0 902 63.573224556 8.09 0.03505163139888287 0.09488001179206121 False True -0.0682592732993327 22.747646104410563 -11.340606876339056 -1.2431929592394808 23.456232866931423 -11.699546211419483
816 125 908.0 914 64.172555968 1.6500000000000001 0.09488001179206121 0.0932401338084684 True False -0.0682592732993327 22.747646104410563 -11.340606876339056 -1.2431929592394808 23.456232866931423 -11.699546211419483
816 126 908.0 914 64.55162655600002 1.6500000000000001 0.09488001179206121 0.0932401338084684 False True -0.0682592732993327 22.747646104410563 -11.340606876339056 -1.2431929592394808 23.456232866931423 -11.699546211419483
816 127 920.0 926 65.153675393 1.6500000000000001 0.09488001179206121 0.09590784854989996 True False -0.0682592732993327 22.747646104410563 -11.340606876339056 -1.2431929592394808 23.456232866931423 -11.699546211419483
816 128 920.0 926 65.52662187399999 1.6500000000000001 0.09488001179206121 0.09590784854989996 False True -0.0682592732993327 22.747646104410563 -11.340606876339056 -1.2431929592394808 23.456232866931423 -11.699546211419483
816 129 932.0 938 66.11409334599999 1.6500000000000001 0.09488001179206121 0.09399073919161371 True False -0.0682592732993327 22.747646104410563 -11.340606876339056 -1.2431929592394808 23.456232866931423 -11.699546211419483
816 130 932.0 938 66.491366609 1.6500000000000001 0.09488001179206121 0.09399073919161371 False True -0.0682592732993327 22.747646104410563 -11.340606876339056 -1.2431929592394808 23.456232866931423 -11.699546211419483
816 131 944.0 950 67.09206385899999 1.6500000000000001 0.09488001179206121 0.09182114348953949 True False -0.0682592732993327 22.747646104410563 -11.340606876339056 -1.2431929592394808 23.456232866931423 -11.699546211419483
816 132 944.0 951 67.46648048699997 1.6500000000000001 0.09488001179206121 0.09182114348953949 False True -0.0682592732993327 22.747646104410563 -11.340606876339056 -1.2431929592394808 23.456232866931423 -11.699546211419483
816 133 956.0 963 68.06682163999999 1.6500000000000001 0.09488001179206121 0.09707413254750595 True False -0.0682592732993327 22.747646104410563 -11.340606876339056 -1.2431929592394808 23.456232866931423 -11.699546211419483
816 134 956.0 963 68.43453130699997 1.6500000000000001 0.09488001179206121 0.09707413254750595 False True -0.0682592732993327 22.747646104410563 -11.340606876339056 -1.2431929592394808 23.456232866931423 -11.699546211419483
816 135 968.0 975 69.04624138699997 1.6500000000000001 0.09488001179206121 0.09223509782988451 True False -0.0682592732993327 22.747646104410563 -11.340606876339056 -1.2431929592394808 23.456232866931423 -11.699546211419483
816 136 968.0 975 69.41401697999997 1.6500000000000001 0.09488001179206121 0.09223509782988451 False True -0.0682592732993327 22.747646104410563 -11.340606876339056 -1.2431929592394808 23.456232866931423 -11.699546211419483
816 137 980.0 987 79.40092470199998 1.6500000000000001 0.09488001179206121 0.09590784854989996 False True -0.0682592732993327 22.747646104410563 -11.340606876339056 -1.2431929592394808 23.456232866931423 -11.699546211419483
816 138 984.0 991 82.19065325299998 1.6600000000000001 0.09590784854989996 0.09488001179206121 False True -0.0682592732993327 22.747646104410563 -11.340606876339056 -1.2431929592394808 23.456232866931423 -11.699546211419483
816 139 988.0 995 84.01831921899999 1.6600000000000001 0.09590784854989996 0.09488001179206121 False True -0.0682592732993327 22.747646104410563 -11.340606876339056 -1.2431929592394808 23.456232866931423 -11.699546211419483
816 140 992.0 999 85.59539161399998 1.6500000000000001 0.09488001179206121 0.09864871309873345 True False -0.0682592732993327 22.747646104410563 -11.340606876339056 -1.2431929592394808 23.456232866931423 -11.699546211419483
816 141 992.0 999 86.47180046099997 1.6500000000000001 0.09488001179206121 0.09864871309873345 False True -0.0682592732993327 22.747646104410563 -11.340606876339056 -1.2431929592394808 23.456232866931423 -11.699546211419483
816 142 1004.0 1011 87.80788279999997 1.6500000000000001 0.09488001179206121 0.09506747628706201 True False -0.0682592732993327 22.747646104410563 -11.340606876339056 -1.2431929592394808 23.456232866931423 -11.699546211419483
816 143 1004.0 1011 88.58905617299997 1.6500000000000001 0.09488001179206121 0.09506747628706201 False True -0.0682592732993327 22.747646104410563 -11.340606876339056 -1.2431929592394808 23.456232866931423 -11.699546211419483
816 144 1016.0 1023 89.80754894499997 1.6500000000000001 0.09488001179206121 0.10738389281444195 True False -0.0682592732993327 22.747646104410563 -11.340606876339056 -1.2431929592394808 23.456232866931423 -11.699546211419483
816 145 1016.0 1023 90.53535796399997 1.6500000000000001 0.09488001179206121 0.10738389281444195 False True -0.0682592732993327 22.747646104410563 -11.340606876339056 -1.2431929592394808 23.456232866931423 -11.699546211419483
816 146 1028.0 1035 91.67334445899998 1.6600000000000001 0.09590784854989996 0.10172851658966887 True False -0.0682592732993327 22.747646104410563 -11.340606876339056 -1.2431929592394808 23.456232866931423 -11.699546211419483
816 147 1028.0 1035 92.35391075499997 1.6600000000000001 0.09590784854989996 0.10172851658966887 False True -0.0682592732993327 22.747646104410563 -11.340606876339056 -1.2431929592394808 23.456232866931423 -11.699546211419483
816 148 1040.0 1047 93.42816240399999 1.6600000000000001 0.09590784854989996 0.09262828483451703 True False -0.0682592732993327 22.747646104410563 -11.340606876339056 -1.2431929592394808 23.456232866931423 -11.699546211419483
816 149 1040.0 1047 94.086509443 1.6600000000000001 0.09590784854989996 0.09262828483451703 False True -0.0682592732993327 22.747646104410563 -11.340606876339056 -1.2431929592394808 23.456232866931423 -11.699546211419483
816 150 1052.0 1059 95.113939441 1.62 0.09262828483451703 0.12850364648959428 True False -0.0682592732993327 22.747646104410563 -11.340606876339056 -1.2431929592394808 23.456232866931423 -11.699546211419483
816 151 1052.0 1059 95.73433422299998 1.62 0.09262828483451703 0.12850364648959428 False True -0.0682592732993327 22.747646104410563 -11.340606876339056 -1.2431929592394808 23.456232866931423 -11.699546211419483
816 152 1064.0 1071 96.74775471699998 1.62 0.09262828483451703 0.09982150537448208 True False -0.0682592732993327 22.747646104410563 -11.340606876339056 -1.2431929592394808 23.456232866931423 -11.699546211419483
816 153 1064.0 1071 97.35007478299998 1.62 0.09262828483451703 0.09982150537448208 False True -0.0682592732993327 22.747646104410563 -11.340606876339056 -1.2431929592394808 23.456232866931423 -11.699546211419483
816 154 1076.0 1083 98.30929994199998 1.62 0.09262828483451703 0.15829885704210991 True False -0.0682592732993327 22.747646104410563 -11.340606876339056 -1.2431929592394808 23.456232866931423 -11.699546211419483
816 155 1076.0 1084 98.88819122699998 1.62 0.09262828483451703 0.15829885704210991 False True -0.0682592732993327 22.747646104410563 -11.340606876339056 -1.2431929592394808 23.456232866931423 -11.699546211419483
816 156 1088.0 1096 99.80902694999999 1.62 0.09262828483451703 0.15004582019631899 True False -0.0682592732993327 22.747646104410563 -11.340606876339056 -1.2431929592394808 23.456232866931423 -11.699546211419483
816 157 1088.0 1096 100.37045038999999 1.62 0.09262828483451703 0.15004582019631899 False True -0.0682592732993327 22.747646104410563 -11.340606876339056 -1.2431929592394808 23.456232866931423 -11.699546211419483
816 158 1100.0 1108 101.27102438299998 1.62 0.09262828483451703 0.16708291421988758 True False -0.0682592732993327 22.747646104410563 -11.340606876339056 -1.2431929592394808 23.456232866931423 -11.699546211419483
816 159 1100.0 1108 101.81061156599999 1.62 0.09262828483451703 0.16708291421988758 False True -0.0682592732993327 22.747646104410563 -11.340606876339056 -1.2431929592394808 23.456232866931423 -11.699546211419483
816 160 1112.0 1120 102.674498706 1.6600000000000001 0.09590784854989996 0.09156975102720491 True False -0.0682592732993327 22.747646104410563 -11.340606876339056 -1.2431929592394808 23.456232866931423 -11.699546211419483
816 161 1112.0 1120 103.211999713 1.6600000000000001 0.09590784854989996 0.09156975102720491 False True -0.0682592732993327 22.747646104410563 -11.340606876339056 -1.2431929592394808 23.456232866931423 -11.699546211419483
816 162 1124.0 1132 104.06734873399999 1.6500000000000001 0.09488001179206121 0.11427780595098617 True False -0.0682592732993327 22.747646104410563 -11.340606876339056 -1.2431929592394808 23.456232866931423 -11.699546211419483
816 163 1124.0 1132 104.58589129600001 1.6500000000000001 0.09488001179206121 0.11427780595098617 False True -0.0682592732993327 22.747646104410563 -11.340606876339056 -1.2431929592394808 23.456232866931423 -11.699546211419483
816 164 1136.0 1144 105.40884600300002 1.4000000000000001 0.11427780595098617 0.09399073919161371 False True -0.0682592732993327 22.747646104410563 -11.340606876339056 -1.2431929592394808 23.456232866931423 -11.699546211419483
816 165 1140.0 1148 106.22833882000002 1.4000000000000001 0.11427780595098617 0.1168500329309916 True False -0.0682592732993327 22.747646104410563 -11.340606876339056 -1.2431929592394808 23.456232866931423 -11.699546211419483
816 166 1140.0 1148 106.72932726100002 1.4000000000000001 0.11427780595098617 0.1168500329309916 False True -0.0682592732993327 22.747646104410563 -11.340606876339056 -1.2431929592394808 23.456232866931423 -11.699546211419483
816 167 1152.0 1160 107.52995358700004 1.4000000000000001 0.11427780595098617 0.11184255627627149 True False -0.0682592732993327 22.747646104410563 -11.340606876339056 -1.2431929592394808 23.456232866931423 -11.699546211419483
816 168 1152.0 1160 108.02559334800004 1.4000000000000001 0.11427780595098617 0.11184255627627149 False True -0.0682592732993327 22.747646104410563 -11.340606876339056 -1.2431929592394808 23.456232866931423 -11.699546211419483
816 169 1164.0 1172 108.80523519300006 1.4000000000000001 0.11427780595098617 0.17639459085375195 True False -0.0682592732993327 22.747646104410563 -11.340606876339056 -1.2431929592394808 23.456232866931423 -11.699546211419483
816 170 1164.0 1172 109.28729832200007 1.4000000000000001 0.11427780595098617 0.17639459085375195 False True -0.0682592732993327 22.747646104410563 -11.340606876339056 -1.2431929592394808 23.456232866931423 -11.699546211419483
816 171 1176.0 1184 110.06434567500007 1.4000000000000001 0.11427780595098617 0.10312091825660075 True False -0.0682592732993327 22.747646104410563 -11.340606876339056 -1.2431929592394808 23.456232866931423 -11.699546211419483
816 172 1176.0 1184 110.52697462100006 1.4000000000000001 0.11427780595098617 0.10312091825660075 False True -0.0682592732993327 22.747646104410563 -11.340606876339056 -1.2431929592394808 23.456232866931423 -11.699546211419483
816 173 1188.0 1196 111.28865821600009 1.4000000000000001 0.11427780595098617 0.09731638591978269 True False -0.0682592732993327 22.747646104410563 -11.340606876339056 -1.2431929592394808 23.456232866931423 -11.699546211419483
816 174 1188.0 1196 111.75144190900009 1.4000000000000001 0.11427780595098617 0.09731638591978269 False True -0.0682592732993327 22.747646104410563 -11.340606876339056 -1.2431929592394808 23.456232866931423 -11.699546211419483
816 175 1200.0 1208 112.50518134200009 8.09 0.03505163139888287 0.16262471568109438 True False -0.0682592732993327 22.747646104410563 -11.340606876339056 -1.2431929592394808 23.456232866931423 -11.699546211419483
816 176 1200.0 1209 112.96628836000009 8.09 0.03505163139888287 0.16262471568109438 False True -0.0682592732993327 22.747646104410563 -11.340606876339056 -1.2431929592394808 23.456232866931423 -11.699546211419483
816 177 1212.0 1221 113.7045263190001 1.4000000000000001 0.11427780595098617 0.0932401338084684 False True -0.0682592732993327 22.747646104410563 -11.340606876339056 -1.2431929592394808 23.456232866931423 -11.699546211419483
816 178 1216.0 1225 114.43166372800009 1.6300000000000001 0.0932401338084684 0.09707413254750595 False True -0.0682592732993327 22.747646104410563 -11.340606876339056 -1.2431929592394808 23.456232866931423 -11.699546211419483
816 179 1220.0 1229 115.1646620130001 8.09 0.03505163139888287 0.09707413254750595 False True -0.0682592732993327 22.747646104410563 -11.340606876339056 -1.2431929592394808 23.456232866931423 -11.699546211419483
816 180 1224.0 1233 115.88924640600011 1.6700000000000002 0.09707413254750595 0.0932401338084684 False True -0.0682592732993327 22.747646104410563 -11.340606876339056 -1.2431929592394808 23.456232866931423 -11.699546211419483
816 181 1228.0 1237 116.6030047980001 1.7 0.10140229119218072 0.09488001179206121 False True -0.0682592732993327 22.747646104410563 -11.340606876339056 -1.2431929592394808 23.456232866931423 -11.699546211419483
816 182 1232.0 1241 117.3115658760001 1.7 0.10140229119218072 0.09488001179206121 False True -0.0682592732993327 22.747646104410563 -11.340606876339056 -1.2431929592394808 23.456232866931423 -11.699546211419483
816 183 1236.0 1245 118.0240287920001 1.27 0.15829885704210991 0.09488001179206121 False True -0.0682592732993327 22.747646104410563 -11.340606876339056 -1.2431929592394808 23.456232866931423 -11.699546211419483
816 184 1240.0 1249 118.72437099000011 1.6500000000000001 0.09488001179206121 0.09612260522760374 True False -0.0682592732993327 22.747646104410563 -11.340606876339056 -1.2431929592394808 23.456232866931423 -11.699546211419483
816 185 1240.0 1249 119.1648467780001 1.6500000000000001 0.09488001179206121 0.09612260522760374 False True -0.0682592732993327 22.747646104410563 -11.340606876339056 -1.2431929592394808 23.456232866931423 -11.699546211419483
816 186 1252.0 1261 119.8659909980001 1.5 0.09612260522760374 0.09488001179206121 False True -0.0682592732993327 22.747646104410563 -11.340606876339056 -1.2431929592394808 23.456232866931423 -11.699546211419483
816 187 1256.0 1265 120.5684974550001 1.5 0.09612260522760374 0.09337352537885832 True False -0.0682592732993327 22.747646104410563 -11.340606876339056 -1.2431929592394808 23.456232866931423 -11.699546211419483
816 188 1256.0 1265 121.00466340700011 1.5 0.09612260522760374 0.09337352537885832 False True -0.0682592732993327 22.747646104410563 -11.340606876339056 -1.2431929592394808 23.456232866931423 -11.699546211419483
816 189 1268.0 1277 121.6890004190001 1.5 0.09612260522760374 0.09488001179206121 False True -0.0682592732993327 22.747646104410563 -11.340606876339056 -1.2431929592394808 23.456232866931423 -11.699546211419483
816 190 1272.0 1281 122.3705994540001 1.5 0.09612260522760374 0.09215526758471272 True False -0.0682592732993327 22.747646104410563 -11.340606876339056 -1.2431929592394808 23.456232866931423 -11.699546211419483
816 191 1272.0 1281 122.80879471900012 1.5 0.09612260522760374 0.09215526758471272 False True -0.0682592732993327 22.747646104410563 -11.340606876339056 -1.2431929592394808 23.456232866931423 -11.699546211419483
816 192 1284.0 1293 123.50725862900013 1.5 0.09612260522760374 0.09399073919161371 False True -0.0682592732993327 22.747646104410563 -11.340606876339056 -1.2431929592394808 23.456232866931423 -11.699546211419483
816 193 1288.0 1297 124.20232892600013 1.5 0.09612260522760374 0.11955899409383224 True False -0.0682592732993327 22.747646104410563 -11.340606876339056 -1.2431929592394808 23.456232866931423 -11.699546211419483
816 194 1288.0 1297 124.62261190100013 1.5 0.09612260522760374 0.11955899409383224 False True -0.0682592732993327 22.747646104410563 -11.340606876339056 -1.2431929592394808 23.456232866931423 -11.699546211419483
816 195 1300.0 1309 125.29067121500013 1.5 0.09612260522760374 0.09488001179206121 False True -0.0682592732993327 22.747646104410563 -11.340606876339056 -1.2431929592394808 23.456232866931423 -11.699546211419483
816 196 1304.0 1313 125.98089555100013 1.5 0.09612260522760374 0.09488001179206121 False True -0.0682592732993327 22.747646104410563 -11.340606876339056 -1.2431929592394808 23.456232866931423 -11.699546211419483
816 197 1308.0 1317 126.62716715000015 1.6500000000000001 0.09488001179206121 0.15734867757202492 True False -0.0682592732993327 22.747646104410563 -11.340606876339056 -1.2431929592394808 23.456232866931423 -11.699546211419483
816 198 1308.0 1317 127.04350168500015 1.6500000000000001 0.09488001179206121 0.15734867757202492 False True -0.0682592732993327 22.747646104410563 -11.340606876339056 -1.2431929592394808 23.456232866931423 -11.699546211419483
816 199 1320.0 1329 127.70070500400017 1.6500000000000001 0.09488001179206121 0.09612260522760374 False True -0.0682592732993327 22.747646104410563 -11.340606876339056 -1.2431929592394808 23.456232866931423 -11.699546211419483
816 200 1324.0 1333 128.34778781800014 1.6500000000000001 0.09488001179206121 0.1091019180845562 True False -0.0682592732993327 22.747646104410563 -11.340606876339056 -1.2431929592394808 23.456232866931423 -11.699546211419483
816 201 1324.0 1333 128.74525987500013 1.6500000000000001 0.09488001179206121 0.1091019180845562 False True -0.0682592732993327 22.747646104410563 -11.340606876339056 -1.2431929592394808 23.456232866931423 -11.699546211419483
816 202 1336.0 1345 129.38475392800012 1.6500000000000001 0.09488001179206121 0.22915306299083008 True False -0.0682592732993327 22.747646104410563 -11.340606876339056 -1.2431929592394808 23.456232866931423 -11.699546211419483
816 203 1336.0 1345 129.79915804200013 1.6500000000000001 0.09488001179206121 0.22915306299083008 False True -0.0682592732993327 22.747646104410563 -11.340606876339056 -1.2431929592394808 23.456232866931423 -11.699546211419483
816 204 1348.0 1357 130.44158551900014 1.6500000000000001 0.09488001179206121 0.09612260522760374 False True -0.0682592732993327 22.747646104410563 -11.340606876339056 -1.2431929592394808 23.456232866931423 -11.699546211419483
816 205 1352.0 1361 131.08382650800016 1.5 0.09612260522760374 0.09488001179206121 False True -0.0682592732993327 22.747646104410563 -11.340606876339056 -1.2431929592394808 23.456232866931423 -11.699546211419483
816 206 1356.0 1365 131.72438684800017 1.5 0.09612260522760374 0.09488001179206121 False True -0.0682592732993327 22.747646104410563 -11.340606876339056 -1.2431929592394808 23.456232866931423 -11.699546211419483
816 207 1360.0 1369 132.36371842400018 1.6500000000000001 0.09488001179206121 0.09731638591978269 False True -0.0682592732993327 22.747646104410563 -11.340606876339056 -1.2431929592394808 23.456232866931423 -11.699546211419483
816 208 1364.0 1373 133.0037031510002 1.6500000000000001 0.09488001179206121 0.10697093834618511 True False -0.0682592732993327 22.747646104410563 -11.340606876339056 -1.2431929592394808 23.456232866931423 -11.699546211419483
816 209 1364.0 1373 133.39999296000022 1.6500000000000001 0.09488001179206121 0.10697093834618511 False True -0.0682592732993327 22.747646104410563 -11.340606876339056 -1.2431929592394808 23.456232866931423 -11.699546211419483
816 210 1376.0 1385 134.02354256400022 1.73 0.10697093834618511 0.03505163139888287 False True -0.0682592732993327 22.747646104410563 -11.340606876339056 -1.2431929592394808 23.456232866931423 -11.699546211419483
816 211 1380.0 1389 134.64741020300022 1.5 0.09612260522760374 0.052233384385135875 False True -0.0682592732993327 22.747646104410563 -11.340606876339056 -1.2431929592394808 23.456232866931423 -11.699546211419483
816 212 1384.0 1393 135.27955405400024 1.5 0.09612260522760374 0.02912252883771754 False True -0.0682592732993327 22.747646104410563 -11.340606876339056 -1.2431929592394808 23.456232866931423 -11.699546211419483
816 213 1388.0 1397 135.90183955200024 1.5 0.09612260522760374 0.016680572309719328 False True -0.0682592732993327 22.747646104410563 -11.340606876339056 -1.2431929592394808 23.456232866931423 -11.699546211419483
816 214 1392.0 1401 136.52267568200025 8.02 0.016680572309719328 0.09612260522760374 False True -0.0682592732993327 22.747646104410563 -11.340606876339056 -1.2431929592394808 23.456232866931423 -11.699546211419483
816 215 1396.0 1405 137.14098596700023 1.5 0.09612260522760374 0.18009287091015241 True False -0.0682592732993327 22.747646104410563 -11.340606876339056 -1.2431929592394808 23.456232866931423 -11.699546211419483
816 216 1396.0 1405 137.52650311700023 1.5 0.09612260522760374 0.18009287091015241 False True -0.0682592732993327 22.747646104410563 -11.340606876339056 -1.2431929592394808 23.456232866931423 -11.699546211419483
816 217 1408.0 1417 138.15546793700025 1.5 0.09612260522760374 0.09262828483451703 False True -0.0682592732993327 22.747646104410563 -11.340606876339056 -1.2431929592394808 23.456232866931423 -11.699546211419483
816 218 1412.0 1421 138.77701368700025 8.09 0.03505163139888287 0.11899350636387157 True False -0.0682592732993327 22.747646104410563 -11.340606876339056 -1.2431929592394808 23.456232866931423 -11.699546211419483
816 219 1412.0 1422 139.15490348900025 8.09 0.03505163139888287 0.11899350636387157 False True -0.0682592732993327 22.747646104410563 -11.340606876339056 -1.2431929592394808 23.456232866931423 -11.699546211419483
816 220 1424.0 1434 139.75936057200025 8.09 0.03505163139888287 0.1386688443893852 True False -0.0682592732993327 22.747646104410563 -11.340606876339056 -1.2431929592394808 23.456232866931423 -11.699546211419483
816 221 1424.0 1434 140.14167569200023 8.09 0.03505163139888287 0.1386688443893852 False True -0.0682592732993327 22.747646104410563 -11.340606876339056 -1.2431929592394808 23.456232866931423 -11.699546211419483
816 222 1436.0 1446 140.76168604700024 8.09 0.03505163139888287 0.1235565278631849 False True -0.0682592732993327 22.747646104410563 -11.340606876339056 -1.2431929592394808 23.456232866931423 -11.699546211419483
816 223 1448.0 1458 141.38177082100023 8.09 0.03505163139888287 0.018895775638060944 False True -0.0682592732993327 22.747646104410563 -11.340606876339056 -1.2431929592394808 23.456232866931423 -11.699546211419483
816 224 1452.0 1462 142.00011210000022 1.4000000000000001 0.11427780595098617 0.018895775638060944 False True -0.0682592732993327 22.747646104410563 -11.340606876339056 -1.2431929592394808 23.456232866931423 -11.699546211419483
816 225 1456.0 1466 142.61380052600023 8.09 0.03505163139888287 0.052233384385135875 False True -0.0682592732993327 22.747646104410563 -11.340606876339056 -1.2431929592394808 23.456232866931423 -11.699546211419483
816 226 1460.0 1470 143.22198861400022 8.13 0.0485288287348613 0.052233384385135875 False True -0.0682592732993327 22.747646104410563 -11.340606876339056 -1.2431929592394808 23.456232866931423 -11.699546211419483
816 227 1464.0 1474 143.83684226900021 1.4000000000000001 0.11427780595098617 0.052233384385135875 False True -0.0682592732993327 22.747646104410563 -11.340606876339056 -1.2431929592394808 23.456232866931423 -11.699546211419483
816 228 1468.0 1478 144.43789053900022 8.09 0.03505163139888287 0.052233384385135875 False True -0.0682592732993327 22.747646104410563 -11.340606876339056 -1.2431929592394808 23.456232866931423 -11.699546211419483
816 229 1472.0 1482 145.0758790000002 8.24 0.0965430940099151 0.052233384385135875 False True -0.0682592732993327 22.747646104410563 -11.340606876339056 -1.2431929592394808 23.456232866931423 -11.699546211419483
816 230 1476.0 1486 145.67677157500023 8.09 0.03505163139888287 0.052233384385135875 False True -0.0682592732993327 22.747646104410563 -11.340606876339056 -1.2431929592394808 23.456232866931423 -11.699546211419483
816 231 1480.0 1490 146.27569682900022 8.13 0.0485288287348613 0.09590784854989996 False True -0.0682592732993327 22.747646104410563 -11.340606876339056 -1.2431929592394808 23.456232866931423 -11.699546211419483
816 232 1484.0 1494 146.86197177100024 1.6600000000000001 0.09590784854989996 0.0485288287348613 False True -0.0682592732993327 22.747646104410563 -11.340606876339056 -1.2431929592394808 23.456232866931423 -11.699546211419483
816 233 1488.0 1498 147.46187805900024 1.6500000000000001 0.09488001179206121 0.09590784854989996 False True -0.0682592732993327 22.747646104410563 -11.340606876339056 -1.2431929592394808 23.456232866931423 -11.699546211419483
816 234 1492.0 1502 148.07362653900026 1.6500000000000001 0.09488001179206121 0.09590784854989996 False True -0.0682592732993327 22.747646104410563 -11.340606876339056 -1.2431929592394808 23.456232866931423 -11.699546211419483
816 235 1496.0 1506 148.67329157000026 8.17 0.06414555182451792 0.09590784854989996 False True -0.0682592732993327 22.747646104410563 -11.340606876339056 -1.2431929592394808 23.456232866931423 -11.699546211419483
816 236 1500.0 1510 149.27214563500027 8.09 0.03505163139888287 0.023736485283879307 False True -0.0682592732993327 22.747646104410563 -11.340606876339056 -1.2431929592394808 23.456232866931423 -11.699546211419483
816 237 1504.0 1514 149.86024247800026 8.09 0.03505163139888287 0.10011946764364194 True False -0.0682592732993327 22.747646104410563 -11.340606876339056 -1.2431929592394808 23.456232866931423 -11.699546211419483
816 238 1504.0 1514 150.23297773700025 8.09 0.03505163139888287 0.10011946764364194 False True -0.0682592732993327 22.747646104410563 -11.340606876339056 -1.2431929592394808 23.456232866931423 -11.699546211419483
816 239 1516.0 1526 150.82166189600025 8.09 0.03505163139888287 0.2307335440265344 True False -0.0682592732993327 22.747646104410563 -11.340606876339056 -1.2431929592394808 23.456232866931423 -11.699546211419483
816 240 1516.0 1526 151.20118613500026 8.09 0.03505163139888287 0.2307335440265344 False True -0.0682592732993327 22.747646104410563 -11.340606876339056 -1.2431929592394808 23.456232866931423 -11.699546211419483
816 241 1528.0 1538 151.81341899800023 8.09 0.03505163139888287 0.2626513603202208 True False -0.0682592732993327 22.747646104410563 -11.340606876339056 -1.2431929592394808 23.456232866931423 -11.699546211419483
816 242 1528.0 1538 152.17714461100024 8.09 0.03505163139888287 0.2626513603202208 False True -0.0682592732993327 22.747646104410563 -11.340606876339056 -1.2431929592394808 23.456232866931423 -11.699546211419483
816 243 1540.0 1550 152.77427453700022 8.09 0.03505163139888287 0.21308642759404792 True False -0.0682592732993327 22.747646104410563 -11.340606876339056 -1.2431929592394808 23.456232866931423 -11.699546211419483
816 244 1540.0 1550 153.15285639400022 8.09 0.03505163139888287 0.21308642759404792 False True -0.0682592732993327 22.747646104410563 -11.340606876339056 -1.2431929592394808 23.456232866931423 -11.699546211419483
816 245 1552.0 1562 153.75314942500023 8.09 0.03505163139888287 0.012661651533390222 True False -0.0682592732993327 22.747646104410563 -11.340606876339056 -1.2431929592394808 23.456232866931423 -11.699546211419483
816 246 1552.0 1562 154.11725399000022 8.09 0.03505163139888287 0.012661651533390222 False True -0.0682592732993327 22.747646104410563 -11.340606876339056 -1.2431929592394808 23.456232866931423 -11.699546211419483
816 247 1564.0 1574 154.71526980500022 8.09 0.03505163139888287 0.07274825919723445 False True -0.0682592732993327 22.747646104410563 -11.340606876339056 -1.2431929592394808 23.456232866931423 -11.699546211419483
816 248 1568.0 1578 155.30119510100022 8.19 0.07274825919723445 0.09488001179206121 False True -0.0682592732993327 22.747646104410563 -11.340606876339056 -1.2431929592394808 23.456232866931423 -11.699546211419483
816 249 1572.0 1582 155.9005136910002 8.19 0.07274825919723445 0.03505163139888287 False True -0.0682592732993327 22.747646104410563 -11.340606876339056 -1.2431929592394808 23.456232866931423 -11.699546211419483
816 250 1576.0 1586 156.49700710900024 8.19 0.07274825919723445 0.052233384385135875 False True -0.0682592732993327 22.747646104410563 -11.340606876339056 -1.2431929592394808 23.456232866931423 -11.699546211419483
816 251 1580.0 1590 157.09648478400024 8.19 0.07274825919723445 0.09707413254750595 False True -0.0682592732993327 22.747646104410563 -11.340606876339056 -1.2431929592394808 23.456232866931423 -11.699546211419483
816 252 1584.0 1594 157.69425002700024 8.19 0.07274825919723445 0.052233384385135875 False True -0.0682592732993327 22.747646104410563 -11.340606876339056 -1.2431929592394808 23.456232866931423 -11.699546211419483
816 253 1588.0 1598 158.29232344300024 8.19 0.07274825919723445 0.052233384385135875 False True -0.0682592732993327 22.747646104410563 -11.340606876339056 -1.2431929592394808 23.456232866931423 -11.699546211419483
816 254 1592.0 1602 158.88031261400025 8.19 0.07274825919723445 0.052233384385135875 False True -0.0682592732993327 22.747646104410563 -11.340606876339056 -1.2431929592394808 23.456232866931423 -11.699546211419483
816 255 1596.0 1606 159.47894549900025 8.19 0.07274825919723445 0.052233384385135875 False True -0.0682592732993327 22.747646104410563 -11.340606876339056 -1.2431929592394808 23.456232866931423 -11.699546211419483
816 256 1600.0 1610 160.07616162000025 8.19 0.07274825919723445 0.16012291823323435 True False -0.0682592732993327 22.747646104410563 -11.340606876339056 -1.2431929592394808 23.456232866931423 -11.699546211419483
816 257 1600.0 1610 160.45400927300025 8.19 0.07274825919723445 0.10536089668670053 True False -0.0682592732993327 22.747646104410563 -11.340606876339056 -1.2431929592394808 23.456232866931423 -11.699546211419483
816 258 1600.0 1610 160.81576282800026 8.19 0.07274825919723445 0.10536089668670053 False True -0.0682592732993327 22.747646104410563 -11.340606876339056 -1.2431929592394808 23.456232866931423 -11.699546211419483
816 259 1612.0 1622 161.40072634500024 8.19 0.07274825919723445 0.10347571314123404 True False -0.0682592732993327 22.747646104410563 -11.340606876339056 -1.2431929592394808 23.456232866931423 -11.699546211419483
816 260 1612.0 1622 161.77863041900022 8.19 0.07274825919723445 0.10347571314123404 False True -0.0682592732993327 22.747646104410563 -11.340606876339056 -1.2431929592394808 23.456232866931423 -11.699546211419483
816 261 1624.0 1634 162.3806116050002 8.19 0.07274825919723445 0.10347571314123404 False True -0.0682592732993327 22.747646104410563 -11.340606876339056 -1.2431929592394808 23.456232866931423 -11.699546211419483
816 262 1628.0 1638 162.9917511600002 1.45 0.10347571314123404 0.07274825919723445 False True -0.0682592732993327 22.747646104410563 -11.340606876339056 -1.2431929592394808 23.456232866931423 -11.699546211419483
816 263 1632.0 1642 163.5936038150002 1.45 0.10347571314123404 0.07274825919723445 False True -0.0682592732993327 22.747646104410563 -11.340606876339056 -1.2431929592394808 23.456232866931423 -11.699546211419483
816 264 1636.0 1646 164.1964934900002 8.19 0.07274825919723445 0.10347571314123404 False True -0.0682592732993327 22.747646104410563 -11.340606876339056 -1.2431929592394808 23.456232866931423 -11.699546211419483
816 265 1640.0 1650 164.79813383300018 8.19 0.07274825919723445 0.10347571314123404 False True -0.0682592732993327 22.747646104410563 -11.340606876339056 -1.2431929592394808 23.456232866931423 -11.699546211419483
816 266 1644.0 1654 165.41091333700018 1.45 0.10347571314123404 0.07274825919723445 False True -0.0682592732993327 22.747646104410563 -11.340606876339056 -1.2431929592394808 23.456232866931423 -11.699546211419483
816 267 1648.0 1658 166.01477648800017 8.19 0.07274825919723445 0.10954451333027035 True False -0.0682592732993327 22.747646104410563 -11.340606876339056 -1.2431929592394808 23.456232866931423 -11.699546211419483
816 268 1648.0 1659 166.39163900000014 8.19 0.07274825919723445 0.10954451333027035 False True -0.0682592732993327 22.747646104410563 -11.340606876339056 -1.2431929592394808 23.456232866931423 -11.699546211419483
816 269 1660.0 1671 166.99018849100014 8.19 0.07274825919723445 0.10536089668670053 False True -0.0682592732993327 22.747646104410563 -11.340606876339056 -1.2431929592394808 23.456232866931423 -11.699546211419483
816 270 1664.0 1675 167.57864921100014 1.44 0.10536089668670053 0.07274825919723445 False True -0.0682592732993327 22.747646104410563 -11.340606876339056 -1.2431929592394808 23.456232866931423 -11.699546211419483
816 271 1668.0 1679 168.17841889600012 8.19 0.07274825919723445 0.10536089668670053 False True -0.0682592732993327 22.747646104410563 -11.340606876339056 -1.2431929592394808 23.456232866931423 -11.699546211419483
816 272 1672.0 1683 168.7760348640001 8.19 0.07274825919723445 0.10536089668670053 False True -0.0682592732993327 22.747646104410563 -11.340606876339056 -1.2431929592394808 23.456232866931423 -11.699546211419483
816 273 1676.0 1687 169.3737157320001 8.19 0.07274825919723445 0.16012291823323435 False True -0.0682592732993327 22.747646104410563 -11.340606876339056 -1.2431929592394808 23.456232866931423 -11.699546211419483
816 274 1688.0 1699 169.9718184960001 8.19 0.07274825919723445 0.05607129157967913 False True -0.0682592732993327 22.747646104410563 -11.340606876339056 -1.2431929592394808 23.456232866931423 -11.699546211419483
816 275 1692.0 1703 170.5701853640001 8.19 0.07274825919723445 0.05607129157967913 False True -0.0682592732993327 22.747646104410563 -11.340606876339056 -1.2431929592394808 23.456232866931423 -11.699546211419483
816 276 1696.0 1707 171.15505947500012 8.15 0.05607129157967913 0.07274825919723445 False True -0.0682592732993327 22.747646104410563 -11.340606876339056 -1.2431929592394808 23.456232866931423 -11.699546211419483
816 277 1700.0 1711 171.77303610100012 8.14 0.052233384385135875 0.10347571314123404 False True -0.0682592732993327 22.747646104410563 -11.340606876339056 -1.2431929592394808 23.456232866931423 -11.699546211419483
816 278 1704.0 1715 172.3540687920001 8.14 0.052233384385135875 0.07724667575454644 False True -0.0682592732993327 22.747646104410563 -11.340606876339056 -1.2431929592394808 23.456232866931423 -11.699546211419483
816 279 1708.0 1719 172.9502456410001 8.09 0.03505163139888287 0.05607129157967913 False True -0.0682592732993327 22.747646104410563 -11.340606876339056 -1.2431929592394808 23.456232866931423 -11.699546211419483
816 280 1712.0 1723 173.53450635800007 8.09 0.03505163139888287 0.16163537155322033 True False -0.0682592732993327 22.747646104410563 -11.340606876339056 -1.2431929592394808 23.456232866931423 -11.699546211419483
816 281 1712.0 1723 173.9093126310001 8.09 0.03505163139888287 0.16163537155322033 False True -0.0682592732993327 22.747646104410563 -11.340606876339056 -1.2431929592394808 23.456232866931423 -11.699546211419483
816 282 1724.0 1735 174.50886678600008 1.44 0.10536089668670053 0.052233384385135875 False True -0.0682592732993327 22.747646104410563 -11.340606876339056 -1.2431929592394808 23.456232866931423 -11.699546211419483
816 283 1728.0 1739 175.09520945000008 1.44 0.10536089668670053 0.052233384385135875 False True -0.0682592732993327 22.747646104410563 -11.340606876339056 -1.2431929592394808 23.456232866931423 -11.699546211419483
816 284 1732.0 1743 175.6914065590001 1.44 0.10536089668670053 0.052233384385135875 False True -0.0682592732993327 22.747646104410563 -11.340606876339056 -1.2431929592394808 23.456232866931423 -11.699546211419483
816 285 1736.0 1747 176.2869187510001 8.14 0.052233384385135875 0.023736485283879307 False True -0.0682592732993327 22.747646104410563 -11.340606876339056 -1.2431929592394808 23.456232866931423 -11.699546211419483
816 286 1740.0 1751 176.8746785900001 8.14 0.052233384385135875 0.02124783005260714 False True -0.0682592732993327 22.747646104410563 -11.340606876339056 -1.2431929592394808 23.456232866931423 -11.699546211419483
816 287 1744.0 1755 177.4706054190001 8.14 0.052233384385135875 0.12784073928984785 True False -0.0682592732993327 22.747646104410563 -11.340606876339056 -1.2431929592394808 23.456232866931423 -11.699546211419483
816 288 1744.0 1755 177.83119738800008 8.14 0.052233384385135875 0.12784073928984785 False True -0.0682592732993327 22.747646104410563 -11.340606876339056 -1.2431929592394808 23.456232866931423 -11.699546211419483
816 289 1756.0 1767 178.41375951400008 8.14 0.052233384385135875 0.09707413254750595 False True -0.0682592732993327 22.747646104410563 -11.340606876339056 -1.2431929592394808 23.456232866931423 -11.699546211419483
816 290 1760.0 1771 178.9945244230001 1.6700000000000002 0.09707413254750595 0.10536089668670053 False True -0.0682592732993327 22.747646104410563 -11.340606876339056 -1.2431929592394808 23.456232866931423 -11.699546211419483
816 291 1764.0 1775 179.5898715050001 1.6700000000000002 0.09707413254750595 0.03201934842089157 False True -0.0682592732993327 22.747646104410563 -11.340606876339056 -1.2431929592394808 23.456232866931423 -11.699546211419483
816 292 1768.0 1779 180.1872595180001 1.6700000000000002 0.09707413254750595 0.32005796730332847 True False -0.0682592732993327 22.747646104410563 -11.340606876339056 -1.2431929592394808 23.456232866931423 -11.699546211419483
816 293 1768.0 1779 180.56761249400014 1.6700000000000002 0.09707413254750595 0.32005796730332847 False True -0.0682592732993327 22.747646104410563 -11.340606876339056 -1.2431929592394808 23.456232866931423 -11.699546211419483
816 294 1780.0 1791 181.1692551770001 1.6700000000000002 0.09707413254750595 0.13441461865068904 True False -0.0682592732993327 22.747646104410563 -11.340606876339056 -1.2431929592394808 23.456232866931423 -11.699546211419483
816 295 1780.0 1791 181.53361836600013 1.6700000000000002 0.09707413254750595 0.13441461865068904 False True -0.0682592732993327 22.747646104410563 -11.340606876339056 -1.2431929592394808 23.456232866931423 -11.699546211419483
816 296 1792.0 1803 182.1309451280001 1.6700000000000002 0.09707413254750595 0.16262471568109438 False True -0.0682592732993327 22.747646104410563 -11.340606876339056 -1.2431929592394808 23.456232866931423 -11.699546211419483
816 297 1796.0 1807 182.72997835300006 1.6700000000000002 0.09707413254750595 0.16262471568109438 False True -0.0682592732993327 22.747646104410563 -11.340606876339056 -1.2431929592394808 23.456232866931423 -11.699546211419483
816 298 1800.0 1811 183.33025120400006 1.6700000000000002 0.09707413254750595 0.0932401338084684 False True -0.0682592732993327 22.747646104410563 -11.340606876339056 -1.2431929592394808 23.456232866931423 -11.699546211419483
816 299 1804.0 1815 183.9294165160001 1.6700000000000002 0.09707413254750595 0.17329651581446243 False True -0.0682592732993327 22.747646104410563 -11.340606876339056 -1.2431929592394808 23.456232866931423 -11.699546211419483
816 300 1808.0 1819 184.5268957110001 1.6700000000000002 0.09707413254750595 0.28124371748649996 True False -0.0682592732993327 22.747646104410563 -11.340606876339056 -1.2431929592394808 23.456232866931423 -11.699546211419483
816 301 1808.0 1819 184.9051359850001 1.6700000000000002 0.09707413254750595 0.28124371748649996 False True -0.0682592732993327 22.747646104410563 -11.340606876339056 -1.2431929592394808 23.456232866931423 -11.699546211419483
816 302 1820.0 1831 185.50679869700005 1.6700000000000002 0.09707413254750595 0.29547290771931123 True False -0.0682592732993327 22.747646104410563 -11.340606876339056 -1.2431929592394808 23.456232866931423 -11.699546211419483
816 303 1820.0 1831 185.86916333000002 1.6700000000000002 0.09707413254750595 0.29547290771931123 False True -0.0682592732993327 22.747646104410563 -11.340606876339056 -1.2431929592394808 23.456232866931423 -11.699546211419483
816 304 1832.0 1843 186.46519849700005 1.6700000000000002 0.09707413254750595 0.26749162042831454 True False -0.0682592732993327 22.747646104410563 -11.340606876339056 -1.2431929592394808 23.456232866931423 -11.699546211419483
816 305 1832.0 1843 186.83344511500005 1.6700000000000002 0.09707413254750595 0.26749162042831454 False True -0.0682592732993327 22.747646104410563 -11.340606876339056 -1.2431929592394808 23.456232866931423 -11.699546211419483
816 306 1844.0 1855 187.444490559 1.6700000000000002 0.09707413254750595 0.31769849252205895 True False -0.0682592732993327 22.747646104410563 -11.340606876339056 -1.2431929592394808 23.456232866931423 -11.699546211419483
816 307 1844.0 1855 187.81064301199999 1.6700000000000002 0.09707413254750595 0.31769849252205895 False True -0.0682592732993327 22.747646104410563 -11.340606876339056 -1.2431929592394808 23.456232866931423 -11.699546211419483
816 308 1856.0 1867 188.409186182 1.6700000000000002 0.09707413254750595 0.28829903432784865 True False -0.0682592732993327 22.747646104410563 -11.340606876339056 -1.2431929592394808 23.456232866931423 -11.699546211419483
816 309 1856.0 1867 188.787590445 1.6700000000000002 0.09707413254750595 0.28829903432784865 False True -0.0682592732993327 22.747646104410563 -11.340606876339056 -1.2431929592394808 23.456232866931423 -11.699546211419483
816 310 1868.0 1879 189.390426003 1.6700000000000002 0.09707413254750595 0.25422223078014305 True False -0.0682592732993327 22.747646104410563 -11.340606876339056 -1.2431929592394808 23.456232866931423 -11.699546211419483
816 311 1868.0 1880 189.75241841199997 1.6700000000000002 0.09707413254750595 0.25422223078014305 False True -0.0682592732993327 22.747646104410563 -11.340606876339056 -1.2431929592394808 23.456232866931423 -11.699546211419483
816 312 1880.0 1892 190.35142554499996 8.19 0.07274825919723445 0.09262828483451703 False True -0.0682592732993327 22.747646104410563 -11.340606876339056 -1.2431929592394808 23.456232866931423 -11.699546211419483
816 313 1884.0 1896 190.94891718899996 8.19 0.07274825919723445 0.10536089668670053 False True -0.0682592732993327 22.747646104410563 -11.340606876339056 -1.2431929592394808 23.456232866931423 -11.699546211419483
816 314 1888.0 1900 191.54642371099996 8.09 0.03505163139888287 0.37356553064340686 True False -0.0682592732993327 22.747646104410563 -11.340606876339056 -1.2431929592394808 23.456232866931423 -11.699546211419483
816 315 1888.0 1900 191.92591473299993 8.09 0.03505163139888287 0.37356553064340686 False True -0.0682592732993327 22.747646104410563 -11.340606876339056 -1.2431929592394808 23.456232866931423 -11.699546211419483
816 316 1900.0 1912 192.5297982669999 8.09 0.03505163139888287 0.35704168510001094 True False -0.0682592732993327 22.747646104410563 -11.340606876339056 -1.2431929592394808 23.456232866931423 -11.699546211419483
816 317 1900.0 1912 192.90695783799995 8.09 0.03505163139888287 0.35704168510001094 False True -0.0682592732993327 22.747646104410563 -11.340606876339056 -1.2431929592394808 23.456232866931423 -11.699546211419483
816 318 1912.0 1924 193.50580666399995 8.09 0.03505163139888287 0.416782747174216 True False -0.0682592732993327 22.747646104410563 -11.340606876339056 -1.2431929592394808 23.456232866931423 -11.699546211419483
816 319 1912.0 1924 193.87293934099992 8.09 0.03505163139888287 0.416782747174216 False True -0.0682592732993327 22.747646104410563 -11.340606876339056 -1.2431929592394808 23.456232866931423 -11.699546211419483
816 320 1924.0 1936 194.48605462999993 8.09 0.03505163139888287 0.023736485283879307 False True -0.0682592732993327 22.747646104410563 -11.340606876339056 -1.2431929592394808 23.456232866931423 -11.699546211419483
816 321 1928.0 1940 195.0933980249999 8.09 0.03505163139888287 0.023736485283879307 False True -0.0682592732993327 22.747646104410563 -11.340606876339056 -1.2431929592394808 23.456232866931423 -11.699546211419483
816 322 1932.0 1944 195.7077847809999 8.05 0.023736485283879307 0.03505163139888287 False True -0.0682592732993327 22.747646104410563 -11.340606876339056 -1.2431929592394808 23.456232866931423 -11.699546211419483
816 323 1936.0 1948 196.3236338209999 8.05 0.023736485283879307 0.016680572309719328 False True -0.0682592732993327 22.747646104410563 -11.340606876339056 -1.2431929592394808 23.456232866931423 -11.699546211419483
816 324 1940.0 1952 196.92929343099988 8.05 0.023736485283879307 0.016680572309719328 False True -0.0682592732993327 22.747646104410563 -11.340606876339056 -1.2431929592394808 23.456232866931423 -11.699546211419483
816 325 1944.0 1956 197.54348701099988 8.05 0.023736485283879307 0.016680572309719328 False True -0.0682592732993327 22.747646104410563 -11.340606876339056 -1.2431929592394808 23.456232866931423 -11.699546211419483
816 326 1948.0 1960 198.15529667399986 8.05 0.023736485283879307 0.00042524873049305643 True False -0.0682592732993327 22.747646104410563 -11.340606876339056 -1.2431929592394808 23.456232866931423 -11.699546211419483
816 327 1948.0 1960 198.56926175099986 8.05 0.023736485283879307 0.00042524873049305643 False True -0.0682592732993327 22.747646104410563 -11.340606876339056 -1.2431929592394808 23.456232866931423 -11.699546211419483
816 328 1960.0 1972 199.15664502799987 8.05 0.023736485283879307 0.0004114348464290628 True False -0.0682592732993327 22.747646104410563 -11.340606876339056 -1.2431929592394808 23.456232866931423 -11.699546211419483
816 329 1960.0 1972 199.5354479929999 8.05 0.023736485283879307 0.0004114348464290628 False True -0.0682592732993327 22.747646104410563 -11.340606876339056 -1.2431929592394808 23.456232866931423 -11.699546211419483
816 330 1972.0 1984 200.1367274049999 8.05 0.023736485283879307 0.00290182185803373 True False -0.0682592732993327 22.747646104410563 -11.340606876339056 -1.2431929592394808 23.456232866931423 -11.699546211419483
816 331 1972.0 1984 200.51323674599988 8.05 0.023736485283879307 0.00290182185803373 False True -0.0682592732993327 22.747646104410563 -11.340606876339056 -1.2431929592394808 23.456232866931423 -11.699546211419483
816 332 1984.0 1996 201.11359616599984 8.05 0.023736485283879307 0.0013787976838111008 True False -0.0682592732993327 22.747646104410563 -11.340606876339056 -1.2431929592394808 23.456232866931423 -11.699546211419483
816 333 1984.0 1996 201.49202111499986 8.05 0.023736485283879307 0.0013787976838111008 False True -0.0682592732993327 22.747646104410563 -11.340606876339056 -1.2431929592394808 23.456232866931423 -11.699546211419483
