590 0 200.0 201 0.6469894779999947 7.55 0.06153591769958179 0.08242168291713128 True False -0.05219195532080927 25.262888059513763 -12.602139083504388 -1.1198999494810598 30.105079330069213 -15.032464495807043
590 1 200.0 201 1.0694796399999973 7.55 0.06153591769958179 0.08242168291713128 False True -0.05219195532080927 25.262888059513763 -12.602139083504388 -1.1198999494810598 30.105079330069213 -15.032464495807043
590 2 212.0 213 1.7347097159999834 7.5 0.08242168291713128 0.11135163360537917 True False -0.05219195532080927 25.262888059513763 -12.602139083504388 -1.1198999494810598 30.105079330069213 -15.032464495807043
590 3 212.0 213 2.1318104339999877 7.5 0.08242168291713128 0.11135163360537917 False True -0.05219195532080927 25.262888059513763 -12.602139083504388 -1.1198999494810598 30.105079330069213 -15.032464495807043
590 4 224.0 225 2.7964832389999827 7.5 0.08242168291713128 0.04363399995139844 True False -0.05219195532080927 25.262888059513763 -12.602139083504388 -1.1198999494810598 30.105079330069213 -15.032464495807043
590 5 224.0 225 3.216185500999984 7.5 0.08242168291713128 0.04363399995139844 False True -0.05219195532080927 25.262888059513763 -12.602139083504388 -1.1198999494810598 30.105079330069213 -15.032464495807043
590 6 236.0 237 3.8935068199999847 7.6 0.04363399995139844 0.03149002467630193 True False -0.05219195532080927 25.262888059513763 -12.602139083504388 -1.1198999494810598 30.105079330069213 -15.032464495807043
590 7 236.0 237 4.291320299999981 7.6 0.04363399995139844 0.03149002467630193 False True -0.05219195532080927 25.262888059513763 -12.602139083504388 -1.1198999494810598 30.105079330069213 -15.032464495807043
590 8 248.0 249 4.953989985999982 7.6 0.04363399995139844 0.03731860843043464 True False -0.05219195532080927 25.262888059513763 -12.602139083504388 -1.1198999494810598 30.105079330069213 -15.032464495807043
590 9 248.0 249 5.388997810999982 7.6 0.04363399995139844 0.03731860843043464 False True -0.05219195532080927 25.262888059513763 -12.602139083504388 -1.1198999494810598 30.105079330069213 -15.032464495807043
590 10 260.0 261 6.068800520999972 7.6 0.04363399995139844 0.021301978074773183 True False -0.05219195532080927 25.262888059513763 -12.602139083504388 -1.1198999494810598 30.105079330069213 -15.032464495807043
590 11 260.0 261 6.468474652999973 7.6 0.04363399995139844 0.021301978074773183 False True -0.05219195532080927 25.262888059513763 -12.602139083504388 -1.1198999494810598 30.105079330069213 -15.032464495807043
590 12 272.0 273 7.150205646999979 7.6 0.04363399995139844 0.013085294296354119 True False -0.05219195532080927 25.262888059513763 -12.602139083504388 -1.1198999494810598 30.105079330069213 -15.032464495807043
590 13 272.0 273 7.588564519999977 7.6 0.04363399995139844 0.013085294296354119 False True -0.05219195532080927 25.262888059513763 -12.602139083504388 -1.1198999494810598 30.105079330069213 -15.032464495807043
590 14 284.0 285 8.294306482999986 7.6 0.04363399995139844 0.026150471997442217 True False -0.05219195532080927 25.262888059513763 -12.602139083504388 -1.1198999494810598 30.105079330069213 -15.032464495807043
590 15 284.0 286 8.694064308999984 7.6 0.04363399995139844 0.026150471997442217 False True -0.05219195532080927 25.262888059513763 -12.602139083504388 -1.1198999494810598 30.105079330069213 -15.032464495807043
590 16 296.0 298 9.372088734999991 7.64 0.03149002467630193 0.02366472362593987 True False -0.05219195532080927 25.262888059513763 -12.602139083504388 -1.1198999494810598 30.105079330069213 -15.032464495807043
590 17 296.0 298 9.80793461399999 7.64 0.03149002467630193 0.019062458104193318 True False -0.05219195532080927 25.262888059513763 -12.602139083504388 -1.1198999494810598 30.105079330069213 -15.032464495807043
590 18 296.0 298 10.22864117799999 7.64 0.03149002467630193 0.02366472362593987 False True -0.05219195532080927 25.262888059513763 -12.602139083504388 -1.1198999494810598 30.105079330069213 -15.032464495807043
590 19 308.0 310 10.906269699999996 7.67 0.02366472362593987 0.028758988127497616 True False -0.05219195532080927 25.262888059513763 -12.602139083504388 -1.1198999494810598 30.105079330069213 -15.032464495807043
590 20 308.0 310 11.311650733999997 7.67 0.02366472362593987 0.028758988127497616 False True -0.05219195532080927 25.262888059513763 -12.602139083504388 -1.1198999494810598 30.105079330069213 -15.032464495807043
590 21 320.0 322 11.994421291999998 7.64 0.03149002467630193 0.019062458104193318 False True -0.05219195532080927 25.262888059513763 -12.602139083504388 -1.1198999494810598 30.105079330069213 -15.032464495807043
590 22 332.0 334 12.675263771000004 7.6 0.04363399995139844 0.016946374150643678 True False -0.05219195532080927 25.262888059513763 -12.602139083504388 -1.1198999494810598 30.105079330069213 -15.032464495807043
590 23 332.0 334 13.085332746000006 7.6 0.04363399995139844 0.016946374150643678 False True -0.05219195532080927 25.262888059513763 -12.602139083504388 -1.1198999494810598 30.105079330069213 -15.032464495807043
590 24 344.0 346 13.769805095999999 7.7 0.016946374150643678 0.004482569128084258 True False -0.05219195532080927 25.262888059513763 -12.602139083504388 -1.1198999494810598 30.105079330069213 -15.032464495807043
590 25 344.0 346 14.20639014999999 7.7 0.016946374150643678 0.004482569128084258 False True -0.05219195532080927 25.262888059513763 -12.602139083504388 -1.1198999494810598 30.105079330069213 -15.032464495807043
590 26 356.0 358 14.888693097 7.7 0.016946374150643678 0.0007431646538180897 True False -0.05219195532080927 25.262888059513763 -12.602139083504388 -1.1198999494810598 30.105079330069213 -15.032464495807043
590 27 356.0 358 15.290871036999988 7.7 0.016946374150643678 0.0007431646538180897 False True -0.05219195532080927 25.262888059513763 -12.602139083504388 -1.1198999494810598 30.105079330069213 -15.032464495807043
590 28 368.0 370 15.97191996399998 7.7 0.016946374150643678 0.001864019474745339 True False -0.05219195532080927 25.262888059513763 -12.602139083504388 -1.1198999494810598 30.105079330069213 -15.032464495807043
590 29 368.0 370 16.409567978999988 7.7 0.016946374150643678 2.500593478454767e-06 True False -0.05219195532080927 25.262888059513763 -12.602139083504388 -1.1198999494810598 30.105079330069213 -15.032464495807043
590 30 368.0 370 16.828649197999994 7.7 0.016946374150643678 2.500593478454767e-06 False True -0.05219195532080927 25.262888059513763 -12.602139083504388 -1.1198999494810598 30.105079330069213 -15.032464495807043
590 31 380.0 382 17.507625669999996 7.87 2.500593478454767e-06 0.0007604757845554522 True False -0.05219195532080927 25.262888059513763 -12.602139083504388 -1.1198999494810598 30.105079330069213 -15.032464495807043
590 32 380.0 382 17.930627703 7.87 2.500593478454767e-06 0.0007604757845554522 False True -0.05219195532080927 25.262888059513763 -12.602139083504388 -1.1198999494810598 30.105079330069213 -15.032464495807043
590 33 392.0 394 18.628860833000005 7.87 2.500593478454767e-06 0.0 True False -0.05219195532080927 25.262888059513763 -12.602139083504388 -1.1198999494810598 30.105079330069213 -15.032464495807043
590 34 392.0 395 19.051948147000004 7.87 2.500593478454767e-06 0.0 False True -0.05219195532080927 25.262888059513763 -12.602139083504388 -1.1198999494810598 30.105079330069213 -15.032464495807043
590 35 404.0 407 19.732341797000004 7.87 2.500593478454767e-06 0.0001300997062703752 True False -0.05219195532080927 25.262888059513763 -12.602139083504388 -1.1198999494810598 30.105079330069213 -15.032464495807043
590 36 404.0 407 20.168513616 7.87 2.500593478454767e-06 0.0026119616320529025 True False -0.05219195532080927 25.262888059513763 -12.602139083504388 -1.1198999494810598 30.105079330069213 -15.032464495807043
590 37 404.0 407 20.57054888399999 7.87 2.500593478454767e-06 0.001864019474745339 False True -0.05219195532080927 25.262888059513763 -12.602139083504388 -1.1198999494810598 30.105079330069213 -15.032464495807043
590 38 416.0 419 21.24655613799999 7.87 2.500593478454767e-06 0.0001300997062703752 False True -0.05219195532080927 25.262888059513763 -12.602139083504388 -1.1198999494810598 30.105079330069213 -15.032464495807043
590 39 428.0 431 21.92510126399999 7.87 2.500593478454767e-06 0.008223994699709285 True False -0.05219195532080927 25.262888059513763 -12.602139083504388 -1.1198999494810598 30.105079330069213 -15.032464495807043
590 40 428.0 431 22.345331636999987 7.87 2.500593478454767e-06 0.008274536109047863 True False -0.05219195532080927 25.262888059513763 -12.602139083504388 -1.1198999494810598 30.105079330069213 -15.032464495807043
590 41 428.0 431 22.74882436899999 7.87 2.500593478454767e-06 0.008274536109047863 False True -0.05219195532080927 25.262888059513763 -12.602139083504388 -1.1198999494810598 30.105079330069213 -15.032464495807043
590 42 440.0 443 23.42926620899999 7.87 2.500593478454767e-06 0.023728254491165526 True False -0.05219195532080927 25.262888059513763 -12.602139083504388 -1.1198999494810598 30.105079330069213 -15.032464495807043
590 43 440.0 443 23.866461296999987 7.87 2.500593478454767e-06 0.023728254491165526 False True -0.05219195532080927 25.262888059513763 -12.602139083504388 -1.1198999494810598 30.105079330069213 -15.032464495807043
590 44 452.0 455 24.55060620099998 8.06 0.023728254491165526 0.03155035726995983 True False -0.05219195532080927 25.262888059513763 -12.602139083504388 -1.1198999494810598 30.105079330069213 -15.032464495807043
590 45 452.0 455 24.95042307399997 8.06 0.023728254491165526 0.03155035726995983 False True -0.05219195532080927 25.262888059513763 -12.602139083504388 -1.1198999494810598 30.105079330069213 -15.032464495807043
590 46 464.0 467 25.612706954999965 7.87 2.500593478454767e-06 0.02136547034051614 True False -0.05219195532080927 25.262888059513763 -12.602139083504388 -1.1198999494810598 30.105079330069213 -15.032464495807043
590 47 464.0 467 26.050382262999975 7.87 2.500593478454767e-06 0.01912540451376852 True False -0.05219195532080927 25.262888059513763 -12.602139083504388 -1.1198999494810598 30.105079330069213 -15.032464495807043
590 48 464.0 467 26.467546908999978 7.87 2.500593478454767e-06 0.02136547034051614 False True -0.05219195532080927 25.262888059513763 -12.602139083504388 -1.1198999494810598 30.105079330069213 -15.032464495807043
590 49 476.0 479 27.197645797999982 8.06 0.023728254491165526 0.017008294578061398 True False -0.05219195532080927 25.262888059513763 -12.602139083504388 -1.1198999494810598 30.105079330069213 -15.032464495807043
590 50 476.0 479 27.613559273999982 8.06 0.023728254491165526 0.017008294578061398 False True -0.05219195532080927 25.262888059513763 -12.602139083504388 -1.1198999494810598 30.105079330069213 -15.032464495807043
590 51 488.0 491 28.293563828999993 8.06 0.023728254491165526 0.01912540451376852 False True -0.05219195532080927 25.262888059513763 -12.602139083504388 -1.1198999494810598 30.105079330069213 -15.032464495807043
590 52 500.0 503 28.990017255999987 8.06 0.023728254491165526 0.026213507125490896 True False -0.05219195532080927 25.262888059513763 -12.602139083504388 -1.1198999494810598 30.105079330069213 -15.032464495807043
590 53 500.0 504 29.390284445999995 8.06 0.023728254491165526 0.015014365803693147 True False -0.05219195532080927 25.262888059513763 -12.602139083504388 -1.1198999494810598 30.105079330069213 -15.032464495807043
590 54 500.0 504 29.795096387 8.06 0.023728254491165526 0.013143831141589868 True False -0.05219195532080927 25.262888059513763 -12.602139083504388 -1.1198999494810598 30.105079330069213 -15.032464495807043
590 55 500.0 504 30.196370567999992 8.06 0.023728254491165526 0.026213507125490896 False True -0.05219195532080927 25.262888059513763 -12.602139083504388 -1.1198999494810598 30.105079330069213 -15.032464495807043
590 56 512.0 516 30.87096258199999 8.07 0.026213507125490896 0.05047038358343998 True False -0.05219195532080927 25.262888059513763 -12.602139083504388 -1.1198999494810598 30.105079330069213 -15.032464495807043
590 57 512.0 516 31.294085427 8.07 0.026213507125490896 0.05404459803586369 True False -0.05219195532080927 25.262888059513763 -12.602139083504388 -1.1198999494810598 30.105079330069213 -15.032464495807043
590 58 512.0 516 31.711955024999995 8.07 0.026213507125490896 0.05404459803586369 False True -0.05219195532080927 25.262888059513763 -12.602139083504388 -1.1198999494810598 30.105079330069213 -15.032464495807043
590 59 524.0 528 32.373994378999996 8.07 0.026213507125490896 0.043681330179866175 True False -0.05219195532080927 25.262888059513763 -12.602139083504388 -1.1198999494810598 30.105079330069213 -15.032464495807043
590 60 524.0 528 32.776265042999995 8.07 0.026213507125490896 0.0470158412889935 True False -0.05219195532080927 25.262888059513763 -12.602139083504388 -1.1198999494810598 30.105079330069213 -15.032464495807043
590 61 524.0 528 33.17611071499999 8.07 0.026213507125490896 0.043681330179866175 False True -0.05219195532080927 25.262888059513763 -12.602139083504388 -1.1198999494810598 30.105079330069213 -15.032464495807043
590 62 536.0 540 33.85331103899999 8.07 0.026213507125490896 0.07369735102837767 True False -0.05219195532080927 25.262888059513763 -12.602139083504388 -1.1198999494810598 30.105079330069213 -15.032464495807043
590 63 536.0 540 34.276272645999995 8.07 0.026213507125490896 0.06953057876930542 True False -0.05219195532080927 25.262888059513763 -12.602139083504388 -1.1198999494810598 30.105079330069213 -15.032464495807043
590 64 536.0 540 34.69376131499999 8.07 0.026213507125490896 0.07369735102837767 False True -0.05219195532080927 25.262888059513763 -12.602139083504388 -1.1198999494810598 30.105079330069213 -15.032464495807043
590 65 548.0 552 35.368935875999995 8.05 0.02136547034051614 0.023728254491165526 False True -0.05219195532080927 25.262888059513763 -12.602139083504388 -1.1198999494810598 30.105079330069213 -15.032464495807043
590 66 552.0 556 36.033455281 8.03 0.017008294578061398 0.026213507125490896 False True -0.05219195532080927 25.262888059513763 -12.602139083504388 -1.1198999494810598 30.105079330069213 -15.032464495807043
590 67 556.0 560 36.707556780000004 7.87 2.500593478454767e-06 0.013143831141589868 False True -0.05219195532080927 25.262888059513763 -12.602139083504388 -1.1198999494810598 30.105079330069213 -15.032464495807043
590 68 568.0 572 37.374738789999995 8.01 0.013143831141589868 0.023728254491165526 False True -0.05219195532080927 25.262888059513763 -12.602139083504388 -1.1198999494810598 30.105079330069213 -15.032464495807043
590 69 572.0 576 38.047267498 7.87 2.500593478454767e-06 0.015014365803693147 False True -0.05219195532080927 25.262888059513763 -12.602139083504388 -1.1198999494810598 30.105079330069213 -15.032464495807043
590 70 584.0 588 38.709263534 8.05 0.02136547034051614 2.500593478454767e-06 False True -0.05219195532080927 25.262888059513763 -12.602139083504388 -1.1198999494810598 30.105079330069213 -15.032464495807043
590 71 588.0 592 39.381957977 8.05 0.02136547034051614 0.057738113650446676 True False -0.05219195532080927 25.262888059513763 -12.602139083504388 -1.1198999494810598 30.105079330069213 -15.032464495807043
590 72 588.0 592 39.785994746 8.05 0.02136547034051614 0.023728254491165526 False True -0.05219195532080927 25.262888059513763 -12.602139083504388 -1.1198999494810598 30.105079330069213 -15.032464495807043
590 73 592.0 596 40.48324502199999 8.05 0.02136547034051614 0.023728254491165526 False True -0.05219195532080927 25.262888059513763 -12.602139083504388 -1.1198999494810598 30.105079330069213 -15.032464495807043
590 74 596.0 600 41.16572550499998 8.06 0.023728254491165526 0.0035204151931542233 True False -0.05219195532080927 25.262888059513763 -12.602139083504388 -1.1198999494810598 30.105079330069213 -15.032464495807043
590 75 596.0 601 41.56778997799999 8.06 0.023728254491165526 0.006852253384709967 True False -0.05219195532080927 25.262888059513763 -12.602139083504388 -1.1198999494810598 30.105079330069213 -15.032464495807043
590 76 596.0 601 41.984283736999984 8.06 0.023728254491165526 0.057738113650446676 False True -0.05219195532080927 25.262888059513763 -12.602139083504388 -1.1198999494810598 30.105079330069213 -15.032464495807043
590 77 608.0 613 42.66644051499998 8.03 0.017008294578061398 2.500593478454767e-06 False True -0.05219195532080927 25.262888059513763 -12.602139083504388 -1.1198999494810598 30.105079330069213 -15.032464495807043
590 78 612.0 617 43.345199252999976 8.03 0.017008294578061398 0.02882096615516304 True False -0.05219195532080927 25.262888059513763 -12.602139083504388 -1.1198999494810598 30.105079330069213 -15.032464495807043
590 79 612.0 617 43.74520517399998 8.03 0.017008294578061398 0.008223994699709285 False True -0.05219195532080927 25.262888059513763 -12.602139083504388 -1.1198999494810598 30.105079330069213 -15.032464495807043
590 80 624.0 629 44.419371965999986 8.03 0.017008294578061398 0.023728254491165526 False True -0.05219195532080927 25.262888059513763 -12.602139083504388 -1.1198999494810598 30.105079330069213 -15.032464495807043
590 81 628.0 633 45.08437327599998 8.03 0.017008294578061398 0.004522267430997104 True False -0.05219195532080927 25.262888059513763 -12.602139083504388 -1.1198999494810598 30.105079330069213 -15.032464495807043
590 82 628.0 633 45.50171398099998 8.03 0.017008294578061398 0.0035204151931542233 False True -0.05219195532080927 25.262888059513763 -12.602139083504388 -1.1198999494810598 30.105079330069213 -15.032464495807043
590 83 640.0 645 46.18324259399998 8.16 0.05404459803586369 0.023728254491165526 False True -0.05219195532080927 25.262888059513763 -12.602139083504388 -1.1198999494810598 30.105079330069213 -15.032464495807043
590 84 644.0 649 46.86627127699998 8.16 0.05404459803586369 0.023728254491165526 False True -0.05219195532080927 25.262888059513763 -12.602139083504388 -1.1198999494810598 30.105079330069213 -15.032464495807043
590 85 648.0 653 47.55987304999998 8.16 0.05404459803586369 0.026213507125490896 False True -0.05219195532080927 25.262888059513763 -12.602139083504388 -1.1198999494810598 30.105079330069213 -15.032464495807043
590 86 652.0 657 48.23973636399998 8.03 0.017008294578061398 0.02882096615516304 False True -0.05219195532080927 25.262888059513763 -12.602139083504388 -1.1198999494810598 30.105079330069213 -15.032464495807043
590 87 664.0 669 48.92833949299998 7.87 2.500593478454767e-06 0.01139689120201487 True False -0.05219195532080927 25.262888059513763 -12.602139083504388 -1.1198999494810598 30.105079330069213 -15.032464495807043
590 88 664.0 669 49.366399062999974 7.87 2.500593478454767e-06 0.0003703370108634004 True False -0.05219195532080927 25.262888059513763 -12.602139083504388 -1.1198999494810598 30.105079330069213 -15.032464495807043
590 89 664.0 669 49.80430326499997 7.87 2.500593478454767e-06 0.023728254491165526 False True -0.05219195532080927 25.262888059513763 -12.602139083504388 -1.1198999494810598 30.105079330069213 -15.032464495807043
590 90 668.0 673 50.50397445799997 8.05 0.02136547034051614 2.500593478454767e-06 False True -0.05219195532080927 25.262888059513763 -12.602139083504388 -1.1198999494810598 30.105079330069213 -15.032464495807043
590 91 672.0 677 51.20267855899996 8.05 0.02136547034051614 0.01139689120201487 False True -0.05219195532080927 25.262888059513763 -12.602139083504388 -1.1198999494810598 30.105079330069213 -15.032464495807043
590 92 684.0 689 51.89968611599997 8.07 0.026213507125490896 0.050433781192532195 True False -0.05219195532080927 25.262888059513763 -12.602139083504388 -1.1198999494810598 30.105079330069213 -15.032464495807043
590 93 684.0 689 52.30396578699997 8.07 0.026213507125490896 0.04697350056590682 True False -0.05219195532080927 25.262888059513763 -12.602139083504388 -1.1198999494810598 30.105079330069213 -15.032464495807043
590 94 684.0 689 52.72714414999997 8.07 0.026213507125490896 0.0003703370108634004 False True -0.05219195532080927 25.262888059513763 -12.602139083504388 -1.1198999494810598 30.105079330069213 -15.032464495807043
590 95 696.0 701 53.42658998699997 8.07 0.026213507125490896 0.12173805154384565 True False -0.05219195532080927 25.262888059513763 -12.602139083504388 -1.1198999494810598 30.105079330069213 -15.032464495807043
590 96 696.0 701 53.86407951499997 8.07 0.026213507125490896 0.1327108202653659 True False -0.05219195532080927 25.262888059513763 -12.602139083504388 -1.1198999494810598 30.105079330069213 -15.032464495807043
590 97 696.0 701 54.30751234699997 8.07 0.026213507125490896 0.1271685502018456 True False -0.05219195532080927 25.262888059513763 -12.602139083504388 -1.1198999494810598 30.105079330069213 -15.032464495807043
590 98 696.0 702 54.74324395099997 8.07 0.026213507125490896 0.116419880935796 True False -0.05219195532080927 25.262888059513763 -12.602139083504388 -1.1198999494810598 30.105079330069213 -15.032464495807043
590 99 696.0 702 55.183404486999976 8.07 0.026213507125490896 0.1271685502018456 False True -0.05219195532080927 25.262888059513763 -12.602139083504388 -1.1198999494810598 30.105079330069213 -15.032464495807043
590 100 708.0 714 55.89772444499998 8.16 0.05404459803586369 0.026213507125490896 False True -0.05219195532080927 25.262888059513763 -12.602139083504388 -1.1198999494810598 30.105079330069213 -15.032464495807043
590 101 712.0 718 56.597848430999974 8.07 0.026213507125490896 0.2816540829468847 True False -0.05219195532080927 25.262888059513763 -12.602139083504388 -1.1198999494810598 30.105079330069213 -15.032464495807043
590 102 712.0 718 57.025522900999974 8.07 0.026213507125490896 0.20771852960253928 True False -0.05219195532080927 25.262888059513763 -12.602139083504388 -1.1198999494810598 30.105079330069213 -15.032464495807043
590 103 712.0 718 57.47793404099997 8.07 0.026213507125490896 0.23609119320106078 True False -0.05219195532080927 25.262888059513763 -12.602139083504388 -1.1198999494810598 30.105079330069213 -15.032464495807043
590 104 712.0 718 57.902835974999974 8.07 0.026213507125490896 0.22170063825645875 True False -0.05219195532080927 25.262888059513763 -12.602139083504388 -1.1198999494810598 30.105079330069213 -15.032464495807043
590 105 712.0 718 58.34140022999998 8.07 0.026213507125490896 0.25088432943657857 True False -0.05219195532080927 25.262888059513763 -12.602139083504388 -1.1198999494810598 30.105079330069213 -15.032464495807043
590 106 712.0 718 58.77748820499997 8.07 0.026213507125490896 0.09628121756181753 True False -0.05219195532080927 25.262888059513763 -12.602139083504388 -1.1198999494810598 30.105079330069213 -15.032464495807043
590 107 712.0 718 59.21720892199997 8.07 0.026213507125490896 0.21465816793624132 True False -0.05219195532080927 25.262888059513763 -12.602139083504388 -1.1198999494810598 30.105079330069213 -15.032464495807043
590 108 712.0 718 59.64329066599997 8.07 0.026213507125490896 0.19415056884421716 True False -0.05219195532080927 25.262888059513763 -12.602139083504388 -1.1198999494810598 30.105079330069213 -15.032464495807043
590 109 712.0 718 60.08610012899997 8.07 0.026213507125490896 0.22884522270251742 True False -0.05219195532080927 25.262888059513763 -12.602139083504388 -1.1198999494810598 30.105079330069213 -15.032464495807043
590 110 712.0 719 60.52245840399999 8.07 0.026213507125490896 0.20088243083154328 True False -0.05219195532080927 25.262888059513763 -12.602139083504388 -1.1198999494810598 30.105079330069213 -15.032464495807043
590 111 712.0 719 60.96264080299997 8.07 0.026213507125490896 0.243437811538849 True False -0.05219195532080927 25.262888059513763 -12.602139083504388 -1.1198999494810598 30.105079330069213 -15.032464495807043
590 112 712.0 719 61.39774560299995 8.07 0.026213507125490896 0.3222701199314292 True False -0.05219195532080927 25.262888059513763 -12.602139083504388 -1.1198999494810598 30.105079330069213 -15.032464495807043
590 113 712.0 719 61.82572808699996 8.07 0.026213507125490896 0.2660740209142955 True False -0.05219195532080927 25.262888059513763 -12.602139083504388 -1.1198999494810598 30.105079330069213 -15.032464495807043
590 114 712.0 719 62.26203670199996 8.07 0.026213507125490896 0.04697350056590682 False True -0.05219195532080927 25.262888059513763 -12.602139083504388 -1.1198999494810598 30.105079330069213 -15.032464495807043
590 115 724.0 731 62.94592878599997 8.05 0.02136547034051614 0.023728254491165526 False True -0.05219195532080927 25.262888059513763 -12.602139083504388 -1.1198999494810598 30.105079330069213 -15.032464495807043
590 116 728.0 735 63.644059177999964 8.03 0.017008294578061398 0.021301978074773183 False True -0.05219195532080927 25.262888059513763 -12.602139083504388 -1.1198999494810598 30.105079330069213 -15.032464495807043
590 117 732.0 739 64.34254147599995 7.87 2.500593478454767e-06 0.21465816793624132 False True -0.05219195532080927 25.262888059513763 -12.602139083504388 -1.1198999494810598 30.105079330069213 -15.032464495807043
590 118 744.0 751 65.03930669099995 7.87 2.500593478454767e-06 0.2976181746821968 True False -0.05219195532080927 25.262888059513763 -12.602139083504388 -1.1198999494810598 30.105079330069213 -15.032464495807043
590 119 744.0 751 65.47897799199995 7.87 2.500593478454767e-06 0.27381564828379495 True False -0.05219195532080927 25.262888059513763 -12.602139083504388 -1.1198999494810598 30.105079330069213 -15.032464495807043
590 120 744.0 751 65.90467024899996 7.87 2.500593478454767e-06 0.2895885274362197 True False -0.05219195532080927 25.262888059513763 -12.602139083504388 -1.1198999494810598 30.105079330069213 -15.032464495807043
590 121 744.0 751 66.34463075099995 7.87 2.500593478454767e-06 0.17458721900854957 True False -0.05219195532080927 25.262888059513763 -12.602139083504388 -1.1198999494810598 30.105079330069213 -15.032464495807043
590 122 744.0 751 66.78096215299993 7.87 2.500593478454767e-06 0.2816540829468847 False True -0.05219195532080927 25.262888059513763 -12.602139083504388 -1.1198999494810598 30.105079330069213 -15.032464495807043
590 123 756.0 763 67.47725202099994 7.87 2.500593478454767e-06 0.33916554291558587 True False -0.05219195532080927 25.262888059513763 -12.602139083504388 -1.1198999494810598 30.105079330069213 -15.032464495807043
590 124 756.0 763 67.89992256899993 7.87 2.500593478454767e-06 0.3306723183072599 True False -0.05219195532080927 25.262888059513763 -12.602139083504388 -1.1198999494810598 30.105079330069213 -15.032464495807043
590 125 756.0 764 68.31757416199991 7.87 2.500593478454767e-06 0.31395980163951753 True False -0.05219195532080927 25.262888059513763 -12.602139083504388 -1.1198999494810598 30.105079330069213 -15.032464495807043
590 126 756.0 764 68.74149563499992 7.87 2.500593478454767e-06 0.25088432943657857 False True -0.05219195532080927 25.262888059513763 -12.602139083504388 -1.1198999494810598 30.105079330069213 -15.032464495807043
590 127 768.0 776 69.44101761999994 7.87 2.500593478454767e-06 0.3306723183072599 False True -0.05219195532080927 25.262888059513763 -12.602139083504388 -1.1198999494810598 30.105079330069213 -15.032464495807043
590 128 780.0 788 70.14513912999993 7.87 2.500593478454767e-06 0.18100229191097247 True False -0.05219195532080927 25.262888059513763 -12.602139083504388 -1.1198999494810598 30.105079330069213 -15.032464495807043
590 129 780.0 788 70.57520942099993 7.87 2.500593478454767e-06 0.16827906684257668 True False -0.05219195532080927 25.262888059513763 -12.602139083504388 -1.1198999494810598 30.105079330069213 -15.032464495807043
590 130 780.0 788 70.99914438299993 7.87 2.500593478454767e-06 0.17458721900854957 False True -0.05219195532080927 25.262888059513763 -12.602139083504388 -1.1198999494810598 30.105079330069213 -15.032464495807043
590 131 792.0 800 71.69593294599991 7.87 2.500593478454767e-06 0.10114473501849447 True False -0.05219195532080927 25.262888059513763 -12.602139083504388 -1.1198999494810598 30.105079330069213 -15.032464495807043
590 132 792.0 800 72.11958845099991 7.87 2.500593478454767e-06 0.09153264179233873 True False -0.05219195532080927 25.262888059513763 -12.602139083504388 -1.1198999494810598 30.105079330069213 -15.032464495807043
590 133 792.0 800 72.5952509009999 7.87 2.500593478454767e-06 0.09628121756181753 False True -0.05219195532080927 25.262888059513763 -12.602139083504388 -1.1198999494810598 30.105079330069213 -15.032464495807043
590 134 804.0 812 73.29870256899991 7.87 2.500593478454767e-06 0.10612269422238307 True False -0.05219195532080927 25.262888059513763 -12.602139083504388 -1.1198999494810598 30.105079330069213 -15.032464495807043
590 135 804.0 812 73.71869828599992 7.87 2.500593478454767e-06 0.08689949615461319 True False -0.05219195532080927 25.262888059513763 -12.602139083504388 -1.1198999494810598 30.105079330069213 -15.032464495807043
590 136 804.0 812 74.14399385799993 7.87 2.500593478454767e-06 0.10612269422238307 False True -0.05219195532080927 25.262888059513763 -12.602139083504388 -1.1198999494810598 30.105079330069213 -15.032464495807043
590 137 816.0 824 74.88405526499994 7.87 2.500593478454767e-06 0.10114473501849447 False True -0.05219195532080927 25.262888059513763 -12.602139083504388 -1.1198999494810598 30.105079330069213 -15.032464495807043
590 138 828.0 836 75.60228703199994 7.87 2.500593478454767e-06 0.11121458378805935 True False -0.05219195532080927 25.262888059513763 -12.602139083504388 -1.1198999494810598 30.105079330069213 -15.032464495807043
590 139 828.0 836 76.01946113399993 7.87 2.500593478454767e-06 0.08689949615461319 False True -0.05219195532080927 25.262888059513763 -12.602139083504388 -1.1198999494810598 30.105079330069213 -15.032464495807043
590 140 840.0 848 76.73900220899992 8.28 0.10612269422238307 2.500593478454767e-06 False True -0.05219195532080927 25.262888059513763 -12.602139083504388 -1.1198999494810598 30.105079330069213 -15.032464495807043
590 141 844.0 852 77.4367241249999 8.03 0.017008294578061398 0.026213507125490896 False True -0.05219195532080927 25.262888059513763 -12.602139083504388 -1.1198999494810598 30.105079330069213 -15.032464495807043
590 142 848.0 856 78.15450411599991 8.03 0.017008294578061398 0.001890767764192487 True False -0.05219195532080927 25.262888059513763 -12.602139083504388 -1.1198999494810598 30.105079330069213 -15.032464495807043
590 143 848.0 856 78.6192382719999 8.03 0.017008294578061398 0.005648657862221138 True False -0.05219195532080927 25.262888059513763 -12.602139083504388 -1.1198999494810598 30.105079330069213 -15.032464495807043
590 144 848.0 857 79.08029530499991 8.03 0.017008294578061398 0.014953924305719454 True False -0.05219195532080927 25.262888059513763 -12.602139083504388 -1.1198999494810598 30.105079330069213 -15.032464495807043
590 145 848.0 857 79.5552211699999 8.03 0.017008294578061398 0.15000252511041393 True False -0.05219195532080927 25.262888059513763 -12.602139083504388 -1.1198999494810598 30.105079330069213 -15.032464495807043
590 146 848.0 857 80.01597016699989 8.03 0.017008294578061398 0.11121458378805935 False True -0.05219195532080927 25.262888059513763 -12.602139083504388 -1.1198999494810598 30.105079330069213 -15.032464495807043
590 147 860.0 869 80.70317946599988 8.03 0.017008294578061398 0.26790301653911597 True False -0.05219195532080927 25.262888059513763 -12.602139083504388 -1.1198999494810598 30.105079330069213 -15.032464495807043
590 148 860.0 869 81.13849364999987 8.03 0.017008294578061398 0.26790301653911597 False True -0.05219195532080927 25.262888059513763 -12.602139083504388 -1.1198999494810598 30.105079330069213 -15.032464495807043
590 149 872.0 881 81.82307137099988 7.87 2.500593478454767e-06 0.30921979420388496 True False -0.05219195532080927 25.262888059513763 -12.602139083504388 -1.1198999494810598 30.105079330069213 -15.032464495807043
590 150 872.0 881 82.2428926879999 7.87 2.500593478454767e-06 0.30921979420388496 False True -0.05219195532080927 25.262888059513763 -12.602139083504388 -1.1198999494810598 30.105079330069213 -15.032464495807043
590 151 884.0 893 82.99824505899988 7.87 2.500593478454767e-06 0.2424946196785591 True False -0.05219195532080927 25.262888059513763 -12.602139083504388 -1.1198999494810598 30.105079330069213 -15.032464495807043
590 152 884.0 893 83.47689125799988 7.87 2.500593478454767e-06 0.2364153656998694 True False -0.05219195532080927 25.262888059513763 -12.602139083504388 -1.1198999494810598 30.105079330069213 -15.032464495807043
590 153 884.0 893 83.93567873399988 7.87 2.500593478454767e-06 0.2364153656998694 False True -0.05219195532080927 25.262888059513763 -12.602139083504388 -1.1198999494810598 30.105079330069213 -15.032464495807043
590 154 896.0 905 84.67889861399988 8.01 0.013143831141589868 0.026213507125490896 False True -0.05219195532080927 25.262888059513763 -12.602139083504388 -1.1198999494810598 30.105079330069213 -15.032464495807043
590 155 900.0 909 85.37784618799986 8.01 0.013143831141589868 0.026213507125490896 False True -0.05219195532080927 25.262888059513763 -12.602139083504388 -1.1198999494810598 30.105079330069213 -15.032464495807043
590 156 904.0 913 86.09509548399987 8.01 0.013143831141589868 0.026213507125490896 False True -0.05219195532080927 25.262888059513763 -12.602139083504388 -1.1198999494810598 30.105079330069213 -15.032464495807043
590 157 908.0 917 86.80793024099987 8.01 0.013143831141589868 0.023728254491165526 False True -0.05219195532080927 25.262888059513763 -12.602139083504388 -1.1198999494810598 30.105079330069213 -15.032464495807043
590 158 912.0 921 87.53728724899986 7.87 2.500593478454767e-06 0.15598609164193683 True False -0.05219195532080927 25.262888059513763 -12.602139083504388 -1.1198999494810598 30.105079330069213 -15.032464495807043
590 159 912.0 921 88.00340017599984 7.87 2.500593478454767e-06 0.49660725652865806 True False -0.05219195532080927 25.262888059513763 -12.602139083504388 -1.1198999494810598 30.105079330069213 -15.032464495807043
590 160 912.0 921 88.46554470599983 7.87 2.500593478454767e-06 0.050433781192532195 False True -0.05219195532080927 25.262888059513763 -12.602139083504388 -1.1198999494810598 30.105079330069213 -15.032464495807043
590 161 924.0 933 89.16252497299985 8.03 0.017008294578061398 0.023728254491165526 False True -0.05219195532080927 25.262888059513763 -12.602139083504388 -1.1198999494810598 30.105079330069213 -15.032464495807043
590 162 928.0 937 89.88314431699985 8.03 0.017008294578061398 0.005648657862221138 False True -0.05219195532080927 25.262888059513763 -12.602139083504388 -1.1198999494810598 30.105079330069213 -15.032464495807043
590 163 940.0 949 90.57680952899986 8.03 0.017008294578061398 0.19415056884421716 False True -0.05219195532080927 25.262888059513763 -12.602139083504388 -1.1198999494810598 30.105079330069213 -15.032464495807043
590 164 952.0 961 91.27625952799985 8.03 0.017008294578061398 0.15039316080196813 True False -0.05219195532080927 25.262888059513763 -12.602139083504388 -1.1198999494810598 30.105079330069213 -15.032464495807043
590 165 952.0 961 91.72400206899985 8.03 0.017008294578061398 0.15039316080196813 False True -0.05219195532080927 25.262888059513763 -12.602139083504388 -1.1198999494810598 30.105079330069213 -15.032464495807043
590 166 964.0 973 92.41980441199985 8.03 0.017008294578061398 0.12164580735143152 True False -0.05219195532080927 25.262888059513763 -12.602139083504388 -1.1198999494810598 30.105079330069213 -15.032464495807043
590 167 964.0 974 92.82413933499984 8.03 0.017008294578061398 0.12164580735143152 False True -0.05219195532080927 25.262888059513763 -12.602139083504388 -1.1198999494810598 30.105079330069213 -15.032464495807043
590 168 976.0 986 93.51674783799984 8.03 0.017008294578061398 0.13152370729736346 True False -0.05219195532080927 25.262888059513763 -12.602139083504388 -1.1198999494810598 30.105079330069213 -15.032464495807043
590 169 976.0 986 93.94176332199984 8.03 0.017008294578061398 0.13152370729736346 False True -0.05219195532080927 25.262888059513763 -12.602139083504388 -1.1198999494810598 30.105079330069213 -15.032464495807043
590 170 988.0 998 94.63567346499985 1.3 0.13152370729736346 0.11017757026327263 True False -0.05219195532080927 25.262888059513763 -12.602139083504388 -1.1198999494810598 30.105079330069213 -15.032464495807043
590 171 988.0 998 95.05704469099985 1.3 0.13152370729736346 0.11017757026327263 False True -0.05219195532080927 25.262888059513763 -12.602139083504388 -1.1198999494810598 30.105079330069213 -15.032464495807043
590 172 1000.0 1010 95.74339058599986 8.03 0.017008294578061398 0.12811008423294246 True False -0.05219195532080927 25.262888059513763 -12.602139083504388 -1.1198999494810598 30.105079330069213 -15.032464495807043
590 173 1000.0 1010 96.21513656299985 8.03 0.017008294578061398 0.1350578858993963 True False -0.05219195532080927 25.262888059513763 -12.602139083504388 -1.1198999494810598 30.105079330069213 -15.032464495807043
590 174 1000.0 1010 96.65752963899985 8.03 0.017008294578061398 0.1350578858993963 False True -0.05219195532080927 25.262888059513763 -12.602139083504388 -1.1198999494810598 30.105079330069213 -15.032464495807043
590 175 1012.0 1022 97.35500843999984 1.29 0.1350578858993963 0.12811008423294246 False True -0.05219195532080927 25.262888059513763 -12.602139083504388 -1.1198999494810598 30.105079330069213 -15.032464495807043
590 176 1024.0 1034 98.01780879199981 1.29 0.1350578858993963 0.13871227930130167 True False -0.05219195532080927 25.262888059513763 -12.602139083504388 -1.1198999494810598 30.105079330069213 -15.032464495807043
590 177 1024.0 1034 98.45117697799984 1.29 0.1350578858993963 0.13871227930130167 False True -0.05219195532080927 25.262888059513763 -12.602139083504388 -1.1198999494810598 30.105079330069213 -15.032464495807043
590 178 1036.0 1046 99.12928668899983 1.29 0.1350578858993963 0.0931396225533132 True False -0.05219195532080927 25.262888059513763 -12.602139083504388 -1.1198999494810598 30.105079330069213 -15.032464495807043
590 179 1036.0 1046 99.55090004699983 1.29 0.1350578858993963 0.0931396225533132 False True -0.05219195532080927 25.262888059513763 -12.602139083504388 -1.1198999494810598 30.105079330069213 -15.032464495807043
590 180 1048.0 1058 100.23266295499982 1.29 0.1350578858993963 0.08557127648289248 True False -0.05219195532080927 25.262888059513763 -12.602139083504388 -1.1198999494810598 30.105079330069213 -15.032464495807043
590 181 1048.0 1058 100.65462654199982 1.29 0.1350578858993963 0.08557127648289248 False True -0.05219195532080927 25.262888059513763 -12.602139083504388 -1.1198999494810598 30.105079330069213 -15.032464495807043
590 182 1060.0 1070 101.3353535689998 1.29 0.1350578858993963 0.08302182161641983 True False -0.05219195532080927 25.262888059513763 -12.602139083504388 -1.1198999494810598 30.105079330069213 -15.032464495807043
590 183 1060.0 1070 101.7509688069998 1.29 0.1350578858993963 0.08302182161641983 False True -0.05219195532080927 25.262888059513763 -12.602139083504388 -1.1198999494810598 30.105079330069213 -15.032464495807043
590 184 1072.0 1082 102.4129665679998 1.29 0.1350578858993963 0.08759554467094757 True False -0.05219195532080927 25.262888059513763 -12.602139083504388 -1.1198999494810598 30.105079330069213 -15.032464495807043
590 185 1072.0 1082 102.8369553319998 1.29 0.1350578858993963 0.08879478695493764 True False -0.05219195532080927 25.262888059513763 -12.602139083504388 -1.1198999494810598 30.105079330069213 -15.032464495807043
590 186 1072.0 1083 103.2568102959998 1.29 0.1350578858993963 0.08759554467094757 False True -0.05219195532080927 25.262888059513763 -12.602139083504388 -1.1198999494810598 30.105079330069213 -15.032464495807043
590 187 1084.0 1095 103.93514017199979 1.29 0.1350578858993963 0.08879478695493764 False True -0.05219195532080927 25.262888059513763 -12.602139083504388 -1.1198999494810598 30.105079330069213 -15.032464495807043
590 188 1096.0 1107 104.61372737099981 1.29 0.1350578858993963 0.08652100959691315 True False -0.05219195532080927 25.262888059513763 -12.602139083504388 -1.1198999494810598 30.105079330069213 -15.032464495807043
590 189 1096.0 1107 105.03640146499981 1.29 0.1350578858993963 0.08652100959691315 False True -0.05219195532080927 25.262888059513763 -12.602139083504388 -1.1198999494810598 30.105079330069213 -15.032464495807043
590 190 1108.0 1119 105.71544009599981 1.5 0.08652100959691315 0.10067070968384133 True False -0.05219195532080927 25.262888059513763 -12.602139083504388 -1.1198999494810598 30.105079330069213 -15.032464495807043
590 191 1108.0 1119 106.13313441999983 1.5 0.08652100959691315 0.0986022160624472 True False -0.05219195532080927 25.262888059513763 -12.602139083504388 -1.1198999494810598 30.105079330069213 -15.032464495807043
590 192 1108.0 1119 106.55487613299982 1.5 0.08652100959691315 0.10067070968384133 False True -0.05219195532080927 25.262888059513763 -12.602139083504388 -1.1198999494810598 30.105079330069213 -15.032464495807043
590 193 1120.0 1131 107.2346792869998 1.29 0.1350578858993963 0.0986022160624472 False True -0.05219195532080927 25.262888059513763 -12.602139083504388 -1.1198999494810598 30.105079330069213 -15.032464495807043
590 194 1132.0 1143 107.91394751799979 1.5 0.08652100959691315 0.10286270458429125 True False -0.05219195532080927 25.262888059513763 -12.602139083504388 -1.1198999494810598 30.105079330069213 -15.032464495807043
590 195 1132.0 1143 108.33297587099977 1.5 0.08652100959691315 0.08474642759758139 True False -0.05219195532080927 25.262888059513763 -12.602139083504388 -1.1198999494810598 30.105079330069213 -15.032464495807043
590 196 1132.0 1143 108.75322997699979 1.5 0.08652100959691315 0.1350578858993963 False True -0.05219195532080927 25.262888059513763 -12.602139083504388 -1.1198999494810598 30.105079330069213 -15.032464495807043
590 197 1136.0 1147 109.41397067199978 1.49 0.08759554467094757 0.08474642759758139 False True -0.05219195532080927 25.262888059513763 -12.602139083504388 -1.1198999494810598 30.105079330069213 -15.032464495807043
590 198 1148.0 1159 110.13026674199978 1.5 0.08652100959691315 0.10286270458429125 False True -0.05219195532080927 25.262888059513763 -12.602139083504388 -1.1198999494810598 30.105079330069213 -15.032464495807043
590 199 1160.0 1171 110.80801612699977 1.4100000000000001 0.10067070968384133 0.017008294578061398 False True -0.05219195532080927 25.262888059513763 -12.602139083504388 -1.1198999494810598 30.105079330069213 -15.032464495807043
590 200 1164.0 1175 111.47632731099978 8.03 0.017008294578061398 0.08392646550681791 True False -0.05219195532080927 25.262888059513763 -12.602139083504388 -1.1198999494810598 30.105079330069213 -15.032464495807043
590 201 1164.0 1175 111.88881103899976 8.03 0.017008294578061398 0.08392646550681791 False True -0.05219195532080927 25.262888059513763 -12.602139083504388 -1.1198999494810598 30.105079330069213 -15.032464495807043
590 202 1176.0 1187 112.54738443799977 8.03 0.017008294578061398 0.14248653474268938 True False -0.05219195532080927 25.262888059513763 -12.602139083504388 -1.1198999494810598 30.105079330069213 -15.032464495807043
590 203 1176.0 1187 112.96737025399975 8.03 0.017008294578061398 0.17223032015926074 True False -0.05219195532080927 25.262888059513763 -12.602139083504388 -1.1198999494810598 30.105079330069213 -15.032464495807043
590 204 1176.0 1187 113.37275084199973 8.03 0.017008294578061398 0.17223032015926074 False True -0.05219195532080927 25.262888059513763 -12.602139083504388 -1.1198999494810598 30.105079330069213 -15.032464495807043
590 205 1188.0 1199 114.03355915399973 8.03 0.017008294578061398 0.13871227930130167 False True -0.05219195532080927 25.262888059513763 -12.602139083504388 -1.1198999494810598 30.105079330069213 -15.032464495807043
590 206 1192.0 1203 114.69351330299972 8.03 0.017008294578061398 0.0901186292269341 True False -0.05219195532080927 25.262888059513763 -12.602139083504388 -1.1198999494810598 30.105079330069213 -15.032464495807043
590 207 1192.0 1203 115.11079821999971 8.03 0.017008294578061398 0.0962857130362426 True False -0.05219195532080927 25.262888059513763 -12.602139083504388 -1.1198999494810598 30.105079330069213 -15.032464495807043
590 208 1192.0 1204 115.52594169799968 8.03 0.017008294578061398 0.0962857130362426 False True -0.05219195532080927 25.262888059513763 -12.602139083504388 -1.1198999494810598 30.105079330069213 -15.032464495807043
590 209 1204.0 1216 116.1731954339997 8.03 0.017008294578061398 0.11507084940928143 True False -0.05219195532080927 25.262888059513763 -12.602139083504388 -1.1198999494810598 30.105079330069213 -15.032464495807043
590 210 1204.0 1216 116.59256154099967 8.03 0.017008294578061398 0.11507084940928143 False True -0.05219195532080927 25.262888059513763 -12.602139083504388 -1.1198999494810598 30.105079330069213 -15.032464495807043
590 211 1216.0 1228 117.2672357409997 8.03 0.017008294578061398 0.08985043012550054 True False -0.05219195532080927 25.262888059513763 -12.602139083504388 -1.1198999494810598 30.105079330069213 -15.032464495807043
590 212 1216.0 1228 117.6721744169997 8.03 0.017008294578061398 0.08855177493064582 True False -0.05219195532080927 25.262888059513763 -12.602139083504388 -1.1198999494810598 30.105079330069213 -15.032464495807043
590 213 1216.0 1228 118.0918446069997 8.03 0.017008294578061398 0.08855177493064582 False True -0.05219195532080927 25.262888059513763 -12.602139083504388 -1.1198999494810598 30.105079330069213 -15.032464495807043
590 214 1228.0 1240 118.76662756499968 8.03 0.017008294578061398 0.09127331275107975 True False -0.05219195532080927 25.262888059513763 -12.602139083504388 -1.1198999494810598 30.105079330069213 -15.032464495807043
590 215 1228.0 1240 119.16944235099967 8.03 0.017008294578061398 0.11566753943922094 True False -0.05219195532080927 25.262888059513763 -12.602139083504388 -1.1198999494810598 30.105079330069213 -15.032464495807043
590 216 1228.0 1240 119.5887283379997 8.03 0.017008294578061398 0.16210356528994987 True False -0.05219195532080927 25.262888059513763 -12.602139083504388 -1.1198999494810598 30.105079330069213 -15.032464495807043
590 217 1228.0 1240 119.99411066699969 8.03 0.017008294578061398 0.16210356528994987 False True -0.05219195532080927 25.262888059513763 -12.602139083504388 -1.1198999494810598 30.105079330069213 -15.032464495807043
590 218 1240.0 1252 120.66795087399967 8.03 0.017008294578061398 0.14946666417598528 True False -0.05219195532080927 25.262888059513763 -12.602139083504388 -1.1198999494810598 30.105079330069213 -15.032464495807043
590 219 1240.0 1252 121.08785267199968 8.03 0.017008294578061398 0.14946666417598528 False True -0.05219195532080927 25.262888059513763 -12.602139083504388 -1.1198999494810598 30.105079330069213 -15.032464495807043
590 220 1252.0 1264 121.7681686489997 8.03 0.017008294578061398 0.18058406673728084 True False -0.05219195532080927 25.262888059513763 -12.602139083504388 -1.1198999494810598 30.105079330069213 -15.032464495807043
590 221 1252.0 1264 122.1732070539997 8.03 0.017008294578061398 0.18058406673728084 False True -0.05219195532080927 25.262888059513763 -12.602139083504388 -1.1198999494810598 30.105079330069213 -15.032464495807043
590 222 1264.0 1276 122.8461806709997 8.03 0.017008294578061398 0.22882821389407068 True False -0.05219195532080927 25.262888059513763 -12.602139083504388 -1.1198999494810598 30.105079330069213 -15.032464495807043
590 223 1264.0 1276 123.27079550699969 8.03 0.017008294578061398 0.22882821389407068 False True -0.05219195532080927 25.262888059513763 -12.602139083504388 -1.1198999494810598 30.105079330069213 -15.032464495807043
590 224 1276.0 1288 123.95115973599971 8.03 0.017008294578061398 0.21173762483529993 True False -0.05219195532080927 25.262888059513763 -12.602139083504388 -1.1198999494810598 30.105079330069213 -15.032464495807043
590 225 1276.0 1289 124.3712365969997 8.03 0.017008294578061398 0.21173762483529993 False True -0.05219195532080927 25.262888059513763 -12.602139083504388 -1.1198999494810598 30.105079330069213 -15.032464495807043
590 226 1288.0 1301 125.0503282149997 8.03 0.017008294578061398 0.25315054998876674 True False -0.05219195532080927 25.262888059513763 -12.602139083504388 -1.1198999494810598 30.105079330069213 -15.032464495807043
590 227 1288.0 1301 125.47377664499967 8.03 0.017008294578061398 0.25315054998876674 False True -0.05219195532080927 25.262888059513763 -12.602139083504388 -1.1198999494810598 30.105079330069213 -15.032464495807043
590 228 1300.0 1313 126.15146705799967 8.07 0.026213507125490896 0.23474555500964897 True False -0.05219195532080927 25.262888059513763 -12.602139083504388 -1.1198999494810598 30.105079330069213 -15.032464495807043
590 229 1300.0 1313 126.56870013399967 8.07 0.026213507125490896 0.24077213682849535 True False -0.05219195532080927 25.262888059513763 -12.602139083504388 -1.1198999494810598 30.105079330069213 -15.032464495807043
590 230 1300.0 1313 126.98731980899967 8.07 0.026213507125490896 0.23474555500964897 False True -0.05219195532080927 25.262888059513763 -12.602139083504388 -1.1198999494810598 30.105079330069213 -15.032464495807043
590 231 1312.0 1325 127.66443909899968 8.07 0.026213507125490896 0.2998221031557832 True False -0.05219195532080927 25.262888059513763 -12.602139083504388 -1.1198999494810598 30.105079330069213 -15.032464495807043
590 232 1312.0 1325 128.07265532399967 8.07 0.026213507125490896 0.2998221031557832 False True -0.05219195532080927 25.262888059513763 -12.602139083504388 -1.1198999494810598 30.105079330069213 -15.032464495807043
590 233 1324.0 1337 128.78885419199966 8.03 0.017008294578061398 0.13427103788981407 True False -0.05219195532080927 25.262888059513763 -12.602139083504388 -1.1198999494810598 30.105079330069213 -15.032464495807043
590 234 1324.0 1337 129.18237351199966 8.03 0.017008294578061398 0.13427103788981407 False True -0.05219195532080927 25.262888059513763 -12.602139083504388 -1.1198999494810598 30.105079330069213 -15.032464495807043
590 235 1336.0 1349 129.85926341299964 1.29 0.1350578858993963 0.16654982323111905 True False -0.05219195532080927 25.262888059513763 -12.602139083504388 -1.1198999494810598 30.105079330069213 -15.032464495807043
590 236 1336.0 1349 130.27525708999966 1.29 0.1350578858993963 0.16654982323111905 False True -0.05219195532080927 25.262888059513763 -12.602139083504388 -1.1198999494810598 30.105079330069213 -15.032464495807043
590 237 1348.0 1361 130.93432367899965 7.7 0.016946374150643678 0.0901186292269341 False True -0.05219195532080927 25.262888059513763 -12.602139083504388 -1.1198999494810598 30.105079330069213 -15.032464495807043
590 238 1360.0 1373 131.59356463999964 1.47 0.0901186292269341 0.023728254491165526 False True -0.05219195532080927 25.262888059513763 -12.602139083504388 -1.1198999494810598 30.105079330069213 -15.032464495807043
590 239 1364.0 1377 132.25767474999967 8.03 0.017008294578061398 0.09156695180382907 True False -0.05219195532080927 25.262888059513763 -12.602139083504388 -1.1198999494810598 30.105079330069213 -15.032464495807043
590 240 1364.0 1377 132.67839631499967 8.03 0.017008294578061398 0.09483649690709328 True False -0.05219195532080927 25.262888059513763 -12.602139083504388 -1.1198999494810598 30.105079330069213 -15.032464495807043
590 241 1364.0 1377 133.09445249899966 8.03 0.017008294578061398 0.09665741787535445 True False -0.05219195532080927 25.262888059513763 -12.602139083504388 -1.1198999494810598 30.105079330069213 -15.032464495807043
590 242 1364.0 1377 133.51290925299966 8.03 0.017008294578061398 0.034401393965193795 True False -0.05219195532080927 25.262888059513763 -12.602139083504388 -1.1198999494810598 30.105079330069213 -15.032464495807043
590 243 1364.0 1378 133.91667581599967 8.03 0.017008294578061398 0.0034848361025522205 True False -0.05219195532080927 25.262888059513763 -12.602139083504388 -1.1198999494810598 30.105079330069213 -15.032464495807043
590 244 1364.0 1378 134.33426153799968 8.03 0.017008294578061398 0.09156695180382907 False True -0.05219195532080927 25.262888059513763 -12.602139083504388 -1.1198999494810598 30.105079330069213 -15.032464495807043
590 245 1376.0 1390 135.01242391799966 8.06 0.023728254491165526 0.0001226117139240315 True False -0.05219195532080927 25.262888059513763 -12.602139083504388 -1.1198999494810598 30.105079330069213 -15.032464495807043
590 246 1376.0 1390 135.43230679099963 8.06 0.023728254491165526 0.09153264179233873 False True -0.05219195532080927 25.262888059513763 -12.602139083504388 -1.1198999494810598 30.105079330069213 -15.032464495807043
590 247 1388.0 1402 136.09681504099964 8.06 0.023728254491165526 0.15000252511041393 False True -0.05219195532080927 25.262888059513763 -12.602139083504388 -1.1198999494810598 30.105079330069213 -15.032464495807043
590 248 1400.0 1414 136.77222859799966 8.06 0.023728254491165526 0.09127331275107975 False True -0.05219195532080927 25.262888059513763 -12.602139083504388 -1.1198999494810598 30.105079330069213 -15.032464495807043
590 249 1412.0 1426 137.43860253399964 8.01 0.013143831141589868 0.0928202677923222 True False -0.05219195532080927 25.262888059513763 -12.602139083504388 -1.1198999494810598 30.105079330069213 -15.032464495807043
590 250 1412.0 1426 137.85824166299963 8.01 0.013143831141589868 0.0928202677923222 False True -0.05219195532080927 25.262888059513763 -12.602139083504388 -1.1198999494810598 30.105079330069213 -15.032464495807043
590 251 1424.0 1438 138.53489807299962 1.3 0.13152370729736346 0.028758988127497616 False True -0.05219195532080927 25.262888059513763 -12.602139083504388 -1.1198999494810598 30.105079330069213 -15.032464495807043
590 252 1428.0 1442 139.21388198099962 1.3 0.13152370729736346 0.08985043012550054 False True -0.05219195532080927 25.262888059513763 -12.602139083504388 -1.1198999494810598 30.105079330069213 -15.032464495807043
590 253 1440.0 1454 139.88033837599963 1.69 0.08985043012550054 0.08632770475952747 True False -0.05219195532080927 25.262888059513763 -12.602139083504388 -1.1198999494810598 30.105079330069213 -15.032464495807043
590 254 1440.0 1454 140.29863502999962 1.69 0.08985043012550054 0.08737748975766249 True False -0.05219195532080927 25.262888059513763 -12.602139083504388 -1.1198999494810598 30.105079330069213 -15.032464495807043
590 255 1440.0 1454 140.72026153299961 1.69 0.08985043012550054 0.08632770475952747 False True -0.05219195532080927 25.262888059513763 -12.602139083504388 -1.1198999494810598 30.105079330069213 -15.032464495807043
590 256 1452.0 1466 141.39872483599962 1.69 0.08985043012550054 0.08737748975766249 False True -0.05219195532080927 25.262888059513763 -12.602139083504388 -1.1198999494810598 30.105079330069213 -15.032464495807043
590 257 1464.0 1478 142.07464741199962 1.69 0.08985043012550054 0.08737748975766249 False True -0.05219195532080927 25.262888059513763 -12.602139083504388 -1.1198999494810598 30.105079330069213 -15.032464495807043
590 258 1468.0 1482 142.74074996299962 1.69 0.08985043012550054 0.08247353006510988 True False -0.05219195532080927 25.262888059513763 -12.602139083504388 -1.1198999494810598 30.105079330069213 -15.032464495807043
590 259 1468.0 1482 143.1592979849996 1.69 0.08985043012550054 0.08247353006510988 False True -0.05219195532080927 25.262888059513763 -12.602139083504388 -1.1198999494810598 30.105079330069213 -15.032464495807043
590 260 1480.0 1494 143.83234380999957 1.69 0.08985043012550054 0.08540253763803243 True False -0.05219195532080927 25.262888059513763 -12.602139083504388 -1.1198999494810598 30.105079330069213 -15.032464495807043
590 261 1480.0 1494 144.25443069299956 1.69 0.08985043012550054 0.11859577459595788 True False -0.05219195532080927 25.262888059513763 -12.602139083504388 -1.1198999494810598 30.105079330069213 -15.032464495807043
590 262 1480.0 1494 144.67119799799957 1.69 0.08985043012550054 0.10240983608983903 True False -0.05219195532080927 25.262888059513763 -12.602139083504388 -1.1198999494810598 30.105079330069213 -15.032464495807043
590 263 1480.0 1494 145.0942834409996 1.69 0.08985043012550054 0.11566753943922094 False True -0.05219195532080927 25.262888059513763 -12.602139083504388 -1.1198999494810598 30.105079330069213 -15.032464495807043
590 264 1492.0 1506 145.7743380979996 1.69 0.08985043012550054 0.03737377757036537 True False -0.05219195532080927 25.262888059513763 -12.602139083504388 -1.1198999494810598 30.105079330069213 -15.032464495807043
590 265 1492.0 1507 146.1928816209996 1.69 0.08985043012550054 0.10240983608983903 False True -0.05219195532080927 25.262888059513763 -12.602139083504388 -1.1198999494810598 30.105079330069213 -15.032464495807043
590 266 1504.0 1519 146.8571363879996 1.69 0.08985043012550054 0.10469727667906463 True False -0.05219195532080927 25.262888059513763 -12.602139083504388 -1.1198999494810598 30.105079330069213 -15.032464495807043
590 267 1504.0 1519 147.2793912409996 1.69 0.08985043012550054 0.10024527787858868 True False -0.05219195532080927 25.262888059513763 -12.602139083504388 -1.1198999494810598 30.105079330069213 -15.032464495807043
590 268 1504.0 1519 147.7003202539996 1.69 0.08985043012550054 0.10469727667906463 False True -0.05219195532080927 25.262888059513763 -12.602139083504388 -1.1198999494810598 30.105079330069213 -15.032464495807043
590 269 1516.0 1531 148.3601791149996 1.69 0.08985043012550054 0.2083304215489807 True False -0.05219195532080927 25.262888059513763 -12.602139083504388 -1.1198999494810598 30.105079330069213 -15.032464495807043
590 270 1516.0 1531 148.7905132529996 1.69 0.08985043012550054 0.2083304215489807 False True -0.05219195532080927 25.262888059513763 -12.602139083504388 -1.1198999494810598 30.105079330069213 -15.032464495807043
590 271 1528.0 1543 149.4568542469996 1.69 0.08985043012550054 0.29074694851912214 True False -0.05219195532080927 25.262888059513763 -12.602139083504388 -1.1198999494810598 30.105079330069213 -15.032464495807043
590 272 1528.0 1543 149.8781602379996 1.69 0.08985043012550054 0.29074694851912214 False True -0.05219195532080927 25.262888059513763 -12.602139083504388 -1.1198999494810598 30.105079330069213 -15.032464495807043
590 273 1540.0 1555 150.5548820259996 1.69 0.08985043012550054 0.16244037114956594 True False -0.05219195532080927 25.262888059513763 -12.602139083504388 -1.1198999494810598 30.105079330069213 -15.032464495807043
590 274 1540.0 1555 150.9780858919996 1.69 0.08985043012550054 0.16867240777963127 True False -0.05219195532080927 25.262888059513763 -12.602139083504388 -1.1198999494810598 30.105079330069213 -15.032464495807043
590 275 1540.0 1555 151.3921173909996 1.69 0.08985043012550054 0.16244037114956594 False True -0.05219195532080927 25.262888059513763 -12.602139083504388 -1.1198999494810598 30.105079330069213 -15.032464495807043
590 276 1552.0 1567 152.0540782779996 1.69 0.08985043012550054 0.45038690300435186 True False -0.05219195532080927 25.262888059513763 -12.602139083504388 -1.1198999494810598 30.105079330069213 -15.032464495807043
590 277 1552.0 1567 152.4754835969996 1.69 0.08985043012550054 0.45038690300435186 False True -0.05219195532080927 25.262888059513763 -12.602139083504388 -1.1198999494810598 30.105079330069213 -15.032464495807043
590 278 1564.0 1579 153.1535152639996 1.69 0.08985043012550054 0.10024527787858868 False True -0.05219195532080927 25.262888059513763 -12.602139083504388 -1.1198999494810598 30.105079330069213 -15.032464495807043
590 279 1576.0 1591 153.8305953599996 1.69 0.08985043012550054 0.18146270238100018 True False -0.05219195532080927 25.262888059513763 -12.602139083504388 -1.1198999494810598 30.105079330069213 -15.032464495807043
590 280 1576.0 1591 154.2384216089996 1.69 0.08985043012550054 0.14440398765697812 True False -0.05219195532080927 25.262888059513763 -12.602139083504388 -1.1198999494810598 30.105079330069213 -15.032464495807043
590 281 1576.0 1591 154.67210732199962 1.69 0.08985043012550054 0.15777399094446076 True False -0.05219195532080927 25.262888059513763 -12.602139083504388 -1.1198999494810598 30.105079330069213 -15.032464495807043
590 282 1576.0 1592 155.0899224059996 1.69 0.08985043012550054 0.18146270238100018 False True -0.05219195532080927 25.262888059513763 -12.602139083504388 -1.1198999494810598 30.105079330069213 -15.032464495807043
590 283 1588.0 1604 155.7515900359996 1.69 0.08985043012550054 0.13861372775604772 True False -0.05219195532080927 25.262888059513763 -12.602139083504388 -1.1198999494810598 30.105079330069213 -15.032464495807043
590 284 1588.0 1604 156.1716316969996 1.69 0.08985043012550054 0.8187808554930218 True False -0.05219195532080927 25.262888059513763 -12.602139083504388 -1.1198999494810598 30.105079330069213 -15.032464495807043
590 285 1588.0 1604 156.5784646459996 1.69 0.08985043012550054 0.8187808554930218 False True -0.05219195532080927 25.262888059513763 -12.602139083504388 -1.1198999494810598 30.105079330069213 -15.032464495807043
590 286 1600.0 1616 157.25215742999958 1.69 0.08985043012550054 0.0034848361025522205 False True -0.05219195532080927 25.262888059513763 -12.602139083504388 -1.1198999494810598 30.105079330069213 -15.032464495807043
590 287 1612.0 1628 157.9106996819996 1.69 0.08985043012550054 0.3669458127176076 True False -0.05219195532080927 25.262888059513763 -12.602139083504388 -1.1198999494810598 30.105079330069213 -15.032464495807043
590 288 1612.0 1628 158.3264763299996 1.69 0.08985043012550054 0.37587109103836197 True False -0.05219195532080927 25.262888059513763 -12.602139083504388 -1.1198999494810598 30.105079330069213 -15.032464495807043
590 289 1612.0 1628 158.7293013269996 1.69 0.08985043012550054 0.3669458127176076 False True -0.05219195532080927 25.262888059513763 -12.602139083504388 -1.1198999494810598 30.105079330069213 -15.032464495807043
590 290 1624.0 1640 159.3917170609996 1.69 0.08985043012550054 0.5404045837672127 True False -0.05219195532080927 25.262888059513763 -12.602139083504388 -1.1198999494810598 30.105079330069213 -15.032464495807043
590 291 1624.0 1640 159.80640881199963 1.69 0.08985043012550054 0.5300997697791555 True False -0.05219195532080927 25.262888059513763 -12.602139083504388 -1.1198999494810598 30.105079330069213 -15.032464495807043
590 292 1624.0 1640 160.24867538299964 1.69 0.08985043012550054 0.5404045837672127 False True -0.05219195532080927 25.262888059513763 -12.602139083504388 -1.1198999494810598 30.105079330069213 -15.032464495807043
590 293 1636.0 1652 160.89576035999963 1.69 0.08985043012550054 0.034401393965193795 False True -0.05219195532080927 25.262888059513763 -12.602139083504388 -1.1198999494810598 30.105079330069213 -15.032464495807043
590 294 1648.0 1664 161.5417229559996 1.69 0.08985043012550054 0.14440398765697812 False True -0.05219195532080927 25.262888059513763 -12.602139083504388 -1.1198999494810598 30.105079330069213 -15.032464495807043
590 295 1660.0 1676 162.19393161899958 1.69 0.08985043012550054 0.08540253763803243 False True -0.05219195532080927 25.262888059513763 -12.602139083504388 -1.1198999494810598 30.105079330069213 -15.032464495807043
590 296 1672.0 1688 162.83690846099958 1.69 0.08985043012550054 0.08632770475952747 False True -0.05219195532080927 25.262888059513763 -12.602139083504388 -1.1198999494810598 30.105079330069213 -15.032464495807043
590 297 1676.0 1692 163.4803400939996 1.3 0.13152370729736346 0.08985043012550054 False True -0.05219195532080927 25.262888059513763 -12.602139083504388 -1.1198999494810598 30.105079330069213 -15.032464495807043
590 298 1680.0 1696 164.1330972629996 1.3 0.13152370729736346 0.028758988127497616 False True -0.05219195532080927 25.262888059513763 -12.602139083504388 -1.1198999494810598 30.105079330069213 -15.032464495807043
590 299 1684.0 1700 164.7768276849996 1.3 0.13152370729736346 0.10612269422238307 False True -0.05219195532080927 25.262888059513763 -12.602139083504388 -1.1198999494810598 30.105079330069213 -15.032464495807043
590 300 1688.0 1704 165.4314162529996 1.3 0.13152370729736346 0.014953924305719454 False True -0.05219195532080927 25.262888059513763 -12.602139083504388 -1.1198999494810598 30.105079330069213 -15.032464495807043
590 301 1700.0 1716 166.07475854199959 1.3 0.13152370729736346 0.0001226117139240315 False True -0.05219195532080927 25.262888059513763 -12.602139083504388 -1.1198999494810598 30.105079330069213 -15.032464495807043
590 302 1712.0 1728 166.7170583009996 7.85 0.0001226117139240315 0.026150471997442217 False True -0.05219195532080927 25.262888059513763 -12.602139083504388 -1.1198999494810598 30.105079330069213 -15.032464495807043
590 303 1716.0 1732 167.37275298399962 7.85 0.0001226117139240315 0.0007431646538180897 False True -0.05219195532080927 25.262888059513763 -12.602139083504388 -1.1198999494810598 30.105079330069213 -15.032464495807043
590 304 1720.0 1736 168.01787790699962 7.85 0.0001226117139240315 0.001890767764192487 False True -0.05219195532080927 25.262888059513763 -12.602139083504388 -1.1198999494810598 30.105079330069213 -15.032464495807043
590 305 1732.0 1748 168.6737471059996 7.85 0.0001226117139240315 0.05047038358343998 False True -0.05219195532080927 25.262888059513763 -12.602139083504388 -1.1198999494810598 30.105079330069213 -15.032464495807043
590 306 1744.0 1760 169.3303119739996 7.85 0.0001226117139240315 0.15777399094446076 False True -0.05219195532080927 25.262888059513763 -12.602139083504388 -1.1198999494810598 30.105079330069213 -15.032464495807043
590 307 1756.0 1772 169.9775340339996 7.85 0.0001226117139240315 0.0012410708943099234 True False -0.05219195532080927 25.262888059513763 -12.602139083504388 -1.1198999494810598 30.105079330069213 -15.032464495807043
590 308 1756.0 1772 170.39259835699963 7.85 0.0001226117139240315 0.09665741787535445 False True -0.05219195532080927 25.262888059513763 -12.602139083504388 -1.1198999494810598 30.105079330069213 -15.032464495807043
590 309 1768.0 1784 171.05226046799962 7.85 0.0001226117139240315 0.14248653474268938 False True -0.05219195532080927 25.262888059513763 -12.602139083504388 -1.1198999494810598 30.105079330069213 -15.032464495807043
590 310 1780.0 1796 171.7107909669996 7.85 0.0001226117139240315 0.5881643753495417 True False -0.05219195532080927 25.262888059513763 -12.602139083504388 -1.1198999494810598 30.105079330069213 -15.032464495807043
590 311 1780.0 1796 172.11471469099962 7.85 0.0001226117139240315 0.5881643753495417 False True -0.05219195532080927 25.262888059513763 -12.602139083504388 -1.1198999494810598 30.105079330069213 -15.032464495807043
590 312 1792.0 1808 172.77265092199963 7.85 0.0001226117139240315 0.3593001522935818 True False -0.05219195532080927 25.262888059513763 -12.602139083504388 -1.1198999494810598 30.105079330069213 -15.032464495807043
590 313 1792.0 1808 173.17857063099962 7.85 0.0001226117139240315 0.3593001522935818 False True -0.05219195532080927 25.262888059513763 -12.602139083504388 -1.1198999494810598 30.105079330069213 -15.032464495807043
590 314 1804.0 1820 173.83582621599962 7.85 0.0001226117139240315 0.6440999391750599 True False -0.05219195532080927 25.262888059513763 -12.602139083504388 -1.1198999494810598 30.105079330069213 -15.032464495807043
590 315 1804.0 1821 174.2469845479996 7.85 0.0001226117139240315 0.6440999391750599 False True -0.05219195532080927 25.262888059513763 -12.602139083504388 -1.1198999494810598 30.105079330069213 -15.032464495807043
590 316 1816.0 1833 174.91013120299962 7.85 0.0001226117139240315 0.8297186531989574 True False -0.05219195532080927 25.262888059513763 -12.602139083504388 -1.1198999494810598 30.105079330069213 -15.032464495807043
590 317 1816.0 1833 175.31677783099963 7.85 0.0001226117139240315 0.8297186531989574 False True -0.05219195532080927 25.262888059513763 -12.602139083504388 -1.1198999494810598 30.105079330069213 -15.032464495807043
590 318 1828.0 1845 175.97650562999962 7.85 0.0001226117139240315 0.19565130199194591 True False -0.05219195532080927 25.262888059513763 -12.602139083504388 -1.1198999494810598 30.105079330069213 -15.032464495807043
590 319 1828.0 1845 176.38945652499962 7.85 0.0001226117139240315 0.08238225754891886 True False -0.05219195532080927 25.262888059513763 -12.602139083504388 -1.1198999494810598 30.105079330069213 -15.032464495807043
590 320 1828.0 1845 176.7925429509996 7.85 0.0001226117139240315 0.06548150476424158 True False -0.05219195532080927 25.262888059513763 -12.602139083504388 -1.1198999494810598 30.105079330069213 -15.032464495807043
590 321 1828.0 1845 177.1940987469996 7.85 0.0001226117139240315 0.23687892790243179 True False -0.05219195532080927 25.262888059513763 -12.602139083504388 -1.1198999494810598 30.105079330069213 -15.032464495807043
590 322 1828.0 1845 177.6088691349996 7.85 0.0001226117139240315 0.00038277103918422467 True False -0.05219195532080927 25.262888059513763 -12.602139083504388 -1.1198999494810598 30.105079330069213 -15.032464495807043
590 323 1828.0 1845 178.0087168929996 7.85 0.0001226117139240315 0.19565130199194591 False True -0.05219195532080927 25.262888059513763 -12.602139083504388 -1.1198999494810598 30.105079330069213 -15.032464495807043
590 324 1840.0 1857 178.65316669099957 7.85 0.0001226117139240315 0.2442734843511103 True False -0.05219195532080927 25.262888059513763 -12.602139083504388 -1.1198999494810598 30.105079330069213 -15.032464495807043
590 325 1840.0 1857 179.07160455199957 7.85 0.0001226117139240315 0.06155054749999689 True False -0.05219195532080927 25.262888059513763 -12.602139083504388 -1.1198999494810598 30.105079330069213 -15.032464495807043
590 326 1840.0 1857 179.48027121499956 7.85 0.0001226117139240315 0.116419880935796 False True -0.05219195532080927 25.262888059513763 -12.602139083504388 -1.1198999494810598 30.105079330069213 -15.032464495807043
590 327 1852.0 1869 180.13281648999956 7.85 0.0001226117139240315 0.22302071798738715 True False -0.05219195532080927 25.262888059513763 -12.602139083504388 -1.1198999494810598 30.105079330069213 -15.032464495807043
590 328 1852.0 1869 180.53795464699957 7.85 0.0001226117139240315 0.005605074463385279 True False -0.05219195532080927 25.262888059513763 -12.602139083504388 -1.1198999494810598 30.105079330069213 -15.032464495807043
590 329 1852.0 1870 180.95087188799957 7.85 0.0001226117139240315 0.265958399940131 True False -0.05219195532080927 25.262888059513763 -12.602139083504388 -1.1198999494810598 30.105079330069213 -15.032464495807043
590 330 1852.0 1870 181.36998094299955 7.85 0.0001226117139240315 0.019062458104193318 False True -0.05219195532080927 25.262888059513763 -12.602139083504388 -1.1198999494810598 30.105079330069213 -15.032464495807043
590 331 1856.0 1874 182.04815530699955 7.85 0.0001226117139240315 0.08652100959691315 False True -0.05219195532080927 25.262888059513763 -12.602139083504388 -1.1198999494810598 30.105079330069213 -15.032464495807043
590 332 1860.0 1878 182.71170301599955 7.85 0.0001226117139240315 0.08652100959691315 False True -0.05219195532080927 25.262888059513763 -12.602139083504388 -1.1198999494810598 30.105079330069213 -15.032464495807043
590 333 1864.0 1882 183.37640877899955 7.85 0.0001226117139240315 0.08759554467094757 False True -0.05219195532080927 25.262888059513763 -12.602139083504388 -1.1198999494810598 30.105079330069213 -15.032464495807043
590 334 1868.0 1886 184.05555604799954 7.6 0.04363399995139844 0.08985043012550054 False True -0.05219195532080927 25.262888059513763 -12.602139083504388 -1.1198999494810598 30.105079330069213 -15.032464495807043
590 335 1872.0 1890 184.73463937799954 7.6 0.04363399995139844 0.09127331275107975 False True -0.05219195532080927 25.262888059513763 -12.602139083504388 -1.1198999494810598 30.105079330069213 -15.032464495807043
590 336 1876.0 1894 185.39748422199955 2.07 0.22882821389407068 2.500593478454767e-06 False True -0.05219195532080927 25.262888059513763 -12.602139083504388 -1.1198999494810598 30.105079330069213 -15.032464495807043
590 337 1880.0 1898 186.06836469399954 2.07 0.22882821389407068 2.500593478454767e-06 False True -0.05219195532080927 25.262888059513763 -12.602139083504388 -1.1198999494810598 30.105079330069213 -15.032464495807043
590 338 1884.0 1902 186.73014955399955 2.07 0.22882821389407068 2.500593478454767e-06 False True -0.05219195532080927 25.262888059513763 -12.602139083504388 -1.1198999494810598 30.105079330069213 -15.032464495807043
590 339 1888.0 1906 187.39561949199955 7.6 0.04363399995139844 0.026213507125490896 False True -0.05219195532080927 25.262888059513763 -12.602139083504388 -1.1198999494810598 30.105079330069213 -15.032464495807043
590 340 1892.0 1910 188.05708372199953 7.6 0.04363399995139844 0.013143831141589868 False True -0.05219195532080927 25.262888059513763 -12.602139083504388 -1.1198999494810598 30.105079330069213 -15.032464495807043
590 341 1896.0 1914 188.73205384899953 8.16 0.05404459803586369 0.08985043012550054 False True -0.05219195532080927 25.262888059513763 -12.602139083504388 -1.1198999494810598 30.105079330069213 -15.032464495807043
590 342 1900.0 1918 189.3945449409995 8.16 0.05404459803586369 0.0001226117139240315 False True -0.05219195532080927 25.262888059513763 -12.602139083504388 -1.1198999494810598 30.105079330069213 -15.032464495807043
590 343 1904.0 1922 190.06988633299952 7.85 0.0001226117139240315 0.08632770475952747 False True -0.05219195532080927 25.262888059513763 -12.602139083504388 -1.1198999494810598 30.105079330069213 -15.032464495807043
590 344 1908.0 1926 190.73251037799955 7.85 0.0001226117139240315 0.028758988127497616 False True -0.05219195532080927 25.262888059513763 -12.602139083504388 -1.1198999494810598 30.105079330069213 -15.032464495807043
590 345 1912.0 1930 191.40728783099954 7.85 0.0001226117139240315 0.0012410708943099234 False True -0.05219195532080927 25.262888059513763 -12.602139083504388 -1.1198999494810598 30.105079330069213 -15.032464495807043
590 346 1924.0 1942 192.07007721199957 7.82 0.0012410708943099234 0.0001226117139240315 False True -0.05219195532080927 25.262888059513763 -12.602139083504388 -1.1198999494810598 30.105079330069213 -15.032464495807043
590 347 1928.0 1946 192.73481055799957 7.82 0.0012410708943099234 0.023728254491165526 False True -0.05219195532080927 25.262888059513763 -12.602139083504388 -1.1198999494810598 30.105079330069213 -15.032464495807043
590 348 1932.0 1950 193.4075197859996 7.82 0.0012410708943099234 0.0003703370108634004 False True -0.05219195532080927 25.262888059513763 -12.602139083504388 -1.1198999494810598 30.105079330069213 -15.032464495807043
590 349 1936.0 1954 194.0696775409996 7.82 0.0012410708943099234 0.0007431646538180897 False True -0.05219195532080927 25.262888059513763 -12.602139083504388 -1.1198999494810598 30.105079330069213 -15.032464495807043
590 350 1940.0 1958 194.7312485549996 1.3 0.13152370729736346 0.0007431646538180897 False True -0.05219195532080927 25.262888059513763 -12.602139083504388 -1.1198999494810598 30.105079330069213 -15.032464495807043
590 351 1944.0 1962 195.39241963199962 1.3 0.13152370729736346 0.016946374150643678 False True -0.05219195532080927 25.262888059513763 -12.602139083504388 -1.1198999494810598 30.105079330069213 -15.032464495807043
590 352 1948.0 1966 196.05256626199966 7.7 0.016946374150643678 0.11121458378805935 False True -0.05219195532080927 25.262888059513763 -12.602139083504388 -1.1198999494810598 30.105079330069213 -15.032464495807043
590 353 1952.0 1970 196.71228199599963 7.7 0.016946374150643678 0.08238225754891886 False True -0.05219195532080927 25.262888059513763 -12.602139083504388 -1.1198999494810598 30.105079330069213 -15.032464495807043
590 354 1964.0 1982 197.37131069999967 7.87 2.500593478454767e-06 0.016946374150643678 False True -0.05219195532080927 25.262888059513763 -12.602139083504388 -1.1198999494810598 30.105079330069213 -15.032464495807043
590 355 1968.0 1986 198.03467182299963 7.87 2.500593478454767e-06 0.016946374150643678 False True -0.05219195532080927 25.262888059513763 -12.602139083504388 -1.1198999494810598 30.105079330069213 -15.032464495807043
590 356 1972.0 1990 198.70814380699963 7.7 0.016946374150643678 0.374031309827027 True False -0.05219195532080927 25.262888059513763 -12.602139083504388 -1.1198999494810598 30.105079330069213 -15.032464495807043
590 357 1972.0 1990 199.11339477199962 7.7 0.016946374150643678 0.2725217374837556 True False -0.05219195532080927 25.262888059513763 -12.602139083504388 -1.1198999494810598 30.105079330069213 -15.032464495807043
590 358 1972.0 1990 199.53227786599965 7.7 0.016946374150643678 0.23687892790243179 False True -0.05219195532080927 25.262888059513763 -12.602139083504388 -1.1198999494810598 30.105079330069213 -15.032464495807043
