340 0 200.0 201 0.6571456789999957 1.98 0.1832112069988732 0.21630933508103795 False True -0.028415067574541285 248.11901565976055 -124.05785696593587 -1.0765793898174287 16.649595461028873 -8.293055071129942
340 1 212.0 213 1.3372466020000076 1.12 0.21630933508103795 0.0962161799754532 True False -0.028415067574541285 248.11901565976055 -124.05785696593587 -1.0765793898174287 16.649595461028873 -8.293055071129942
340 2 212.0 213 1.7564004059999974 1.12 0.21630933508103795 0.0962161799754532 False True -0.028415067574541285 248.11901565976055 -124.05785696593587 -1.0765793898174287 16.649595461028873 -8.293055071129942
340 3 224.0 225 2.4731908790000006 1.12 0.21630933508103795 0.16108456015469133 True False -0.028415067574541285 248.11901565976055 -124.05785696593587 -1.0765793898174287 16.649595461028873 -8.293055071129942
340 4 224.0 225 2.8983103399999948 1.12 0.21630933508103795 0.16108456015469133 False True -0.028415067574541285 248.11901565976055 -124.05785696593587 -1.0765793898174287 16.649595461028873 -8.293055071129942
340 5 236.0 237 3.577957153 1.12 0.21630933508103795 0.09417061872313692 True False -0.028415067574541285 248.11901565976055 -124.05785696593587 -1.0765793898174287 16.649595461028873 -8.293055071129942
340 6 236.0 237 3.993863110999996 1.12 0.21630933508103795 0.09417061872313692 False True -0.028415067574541285 248.11901565976055 -124.05785696593587 -1.0765793898174287 16.649595461028873 -8.293055071129942
340 7 248.0 249 4.677546984999992 1.12 0.21630933508103795 0.10170364799012513 True False -0.028415067574541285 248.11901565976055 -124.05785696593587 -1.0765793898174287 16.649595461028873 -8.293055071129942
340 8 248.0 249 5.094686640999981 1.12 0.21630933508103795 0.10170364799012513 False True -0.028415067574541285 248.11901565976055 -124.05785696593587 -1.0765793898174287 16.649595461028873 -8.293055071129942
340 9 260.0 261 5.7714361969999715 1.75 0.10170364799012513 0.08864865905541228 True False -0.028415067574541285 248.11901565976055 -124.05785696593587 -1.0765793898174287 16.649595461028873 -8.293055071129942
340 10 260.0 261 6.177709666999974 1.75 0.10170364799012513 0.08864865905541228 False True -0.028415067574541285 248.11901565976055 -124.05785696593587 -1.0765793898174287 16.649595461028873 -8.293055071129942
340 11 272.0 273 6.859811592999975 1.12 0.21630933508103795 0.11123486898890043 True False -0.028415067574541285 248.11901565976055 -124.05785696593587 -1.0765793898174287 16.649595461028873 -8.293055071129942
340 12 272.0 273 7.29418086699998 1.12 0.21630933508103795 0.11123486898890043 False True -0.028415067574541285 248.11901565976055 -124.05785696593587 -1.0765793898174287 16.649595461028873 -8.293055071129942
340 13 284.0 285 7.974224771999985 1.12 0.21630933508103795 0.09417061872313692 False True -0.028415067574541285 248.11901565976055 -124.05785696593587 -1.0765793898174287 16.649595461028873 -8.293055071129942
340 14 288.0 289 8.658527035999981 1.75 0.10170364799012513 0.08514742924149156 True False -0.028415067574541285 248.11901565976055 -124.05785696593587 -1.0765793898174287 16.649595461028873 -8.293055071129942
340 15 288.0 289 9.094556537999978 1.75 0.10170364799012513 0.08514742924149156 False True -0.028415067574541285 248.11901565976055 -124.05785696593587 -1.0765793898174287 16.649595461028873 -8.293055071129942
340 16 300.0 301 9.776442740999983 1.6300000000000001 0.08514742924149156 0.1227482068407557 True False -0.028415067574541285 248.11901565976055 -124.05785696593587 -1.0765793898174287 16.649595461028873 -8.293055071129942
340 17 300.0 302 10.178189197999984 1.6300000000000001 0.08514742924149156 0.1227482068407557 False True -0.028415067574541285 248.11901565976055 -124.05785696593587 -1.0765793898174287 16.649595461028873 -8.293055071129942
340 18 312.0 314 10.857075050999995 1.6300000000000001 0.08514742924149156 0.03791749196088106 False True -0.028415067574541285 248.11901565976055 -124.05785696593587 -1.0765793898174287 16.649595461028873 -8.293055071129942
340 19 324.0 326 11.535454192999993 8.11 0.03791749196088106 0.0003757246803802933 True False -0.028415067574541285 248.11901565976055 -124.05785696593587 -1.0765793898174287 16.649595461028873 -8.293055071129942
340 20 324.0 326 11.950859214999994 8.11 0.03791749196088106 0.0003757246803802933 False True -0.028415067574541285 248.11901565976055 -124.05785696593587 -1.0765793898174287 16.649595461028873 -8.293055071129942
340 21 336.0 338 12.634690989999996 8.11 0.03791749196088106 0.006999833771423423 True False -0.028415067574541285 248.11901565976055 -124.05785696593587 -1.0765793898174287 16.649595461028873 -8.293055071129942
340 22 336.0 338 13.05698842999999 8.11 0.03791749196088106 0.006999833771423423 False True -0.028415067574541285 248.11901565976055 -124.05785696593587 -1.0765793898174287 16.649595461028873 -8.293055071129942
340 23 348.0 350 13.749433636999996 8.11 0.03791749196088106 0.026530909535954807 True False -0.028415067574541285 248.11901565976055 -124.05785696593587 -1.0765793898174287 16.649595461028873 -8.293055071129942
340 24 348.0 350 14.156407978000004 8.11 0.03791749196088106 0.026530909535954807 False True -0.028415067574541285 248.11901565976055 -124.05785696593587 -1.0765793898174287 16.649595461028873 -8.293055071129942
340 25 360.0 362 14.849586378000012 7.66 0.026530909535954807 0.029240254090872088 True False -0.028415067574541285 248.11901565976055 -124.05785696593587 -1.0765793898174287 16.649595461028873 -8.293055071129942
340 26 360.0 362 15.271867747000016 7.66 0.026530909535954807 0.029240254090872088 False True -0.028415067574541285 248.11901565976055 -124.05785696593587 -1.0765793898174287 16.649595461028873 -8.293055071129942
340 27 372.0 374 15.95096150500001 7.66 0.026530909535954807 0.06642841701776742 True False -0.028415067574541285 248.11901565976055 -124.05785696593587 -1.0765793898174287 16.649595461028873 -8.293055071129942
340 28 372.0 374 16.357725441000014 7.66 0.026530909535954807 0.06642841701776742 False True -0.028415067574541285 248.11901565976055 -124.05785696593587 -1.0765793898174287 16.649595461028873 -8.293055071129942
340 29 384.0 386 17.05357101600002 7.66 0.026530909535954807 0.00986158403633407 True False -0.028415067574541285 248.11901565976055 -124.05785696593587 -1.0765793898174287 16.649595461028873 -8.293055071129942
340 30 384.0 386 17.477325755000024 7.66 0.026530909535954807 0.00986158403633407 False True -0.028415067574541285 248.11901565976055 -124.05785696593587 -1.0765793898174287 16.649595461028873 -8.293055071129942
340 31 396.0 398 18.158015682000027 7.66 0.026530909535954807 0.047699828596481975 True False -0.028415067574541285 248.11901565976055 -124.05785696593587 -1.0765793898174287 16.649595461028873 -8.293055071129942
340 32 396.0 398 18.574800948000032 7.66 0.026530909535954807 0.047699828596481975 False True -0.028415067574541285 248.11901565976055 -124.05785696593587 -1.0765793898174287 16.649595461028873 -8.293055071129942
340 33 408.0 410 19.270682093000033 7.66 0.026530909535954807 0.03791749196088106 False True -0.028415067574541285 248.11901565976055 -124.05785696593587 -1.0765793898174287 16.649595461028873 -8.293055071129942
340 34 412.0 414 19.957234910000025 7.66 0.026530909535954807 0.08514742924149156 False True -0.028415067574541285 248.11901565976055 -124.05785696593587 -1.0765793898174287 16.649595461028873 -8.293055071129942
340 35 416.0 418 20.656149261000024 8.11 0.03791749196088106 0.026530909535954807 False True -0.028415067574541285 248.11901565976055 -124.05785696593587 -1.0765793898174287 16.649595461028873 -8.293055071129942
340 36 420.0 422 21.35270768600003 8.11 0.03791749196088106 0.00038833959916950505 True False -0.028415067574541285 248.11901565976055 -124.05785696593587 -1.0765793898174287 16.649595461028873 -8.293055071129942
340 37 420.0 422 21.755839470000026 8.11 0.03791749196088106 0.00038833959916950505 False True -0.028415067574541285 248.11901565976055 -124.05785696593587 -1.0765793898174287 16.649595461028873 -8.293055071129942
340 38 432.0 434 22.436109628000025 8.11 0.03791749196088106 0.08415672313403924 True False -0.028415067574541285 248.11901565976055 -124.05785696593587 -1.0765793898174287 16.649595461028873 -8.293055071129942
340 39 432.0 434 22.875473830000033 8.11 0.03791749196088106 0.08415672313403924 False True -0.028415067574541285 248.11901565976055 -124.05785696593587 -1.0765793898174287 16.649595461028873 -8.293055071129942
340 40 444.0 446 23.568832176000043 7.66 0.026530909535954807 0.0012591260160758732 True False -0.028415067574541285 248.11901565976055 -124.05785696593587 -1.0765793898174287 16.649595461028873 -8.293055071129942
340 41 444.0 447 23.975065282000045 7.66 0.026530909535954807 0.0012591260160758732 False True -0.028415067574541285 248.11901565976055 -124.05785696593587 -1.0765793898174287 16.649595461028873 -8.293055071129942
340 42 456.0 459 24.668588487000036 7.84 0.0003757246803802933 0.0012591260160758732 False True -0.028415067574541285 248.11901565976055 -124.05785696593587 -1.0765793898174287 16.649595461028873 -8.293055071129942
340 43 460.0 463 25.352559338000034 8.11 0.03791749196088106 0.01333504783422244 True False -0.028415067574541285 248.11901565976055 -124.05785696593587 -1.0765793898174287 16.649595461028873 -8.293055071129942
340 44 460.0 463 25.77138200200004 8.11 0.03791749196088106 0.01333504783422244 False True -0.028415067574541285 248.11901565976055 -124.05785696593587 -1.0765793898174287 16.649595461028873 -8.293055071129942
340 45 472.0 475 26.47102434400003 8.11 0.03791749196088106 0.08514742924149156 False True -0.028415067574541285 248.11901565976055 -124.05785696593587 -1.0765793898174287 16.649595461028873 -8.293055071129942
340 46 476.0 479 27.16735650800004 8.11 0.03791749196088106 0.02161187963620613 True False -0.028415067574541285 248.11901565976055 -124.05785696593587 -1.0765793898174287 16.649595461028873 -8.293055071129942
340 47 476.0 479 27.569296257000033 8.11 0.03791749196088106 0.02161187963620613 False True -0.028415067574541285 248.11901565976055 -124.05785696593587 -1.0765793898174287 16.649595461028873 -8.293055071129942
340 48 488.0 491 28.253143399000024 7.68 0.02161187963620613 0.019339779088681397 True False -0.028415067574541285 248.11901565976055 -124.05785696593587 -1.0765793898174287 16.649595461028873 -8.293055071129942
340 49 488.0 491 28.692497689000035 7.68 0.02161187963620613 0.019339779088681397 False True -0.028415067574541285 248.11901565976055 -124.05785696593587 -1.0765793898174287 16.649595461028873 -8.293055071129942
340 50 500.0 503 29.391261823000036 7.68 0.02161187963620613 0.019339779088681397 False True -0.028415067574541285 248.11901565976055 -124.05785696593587 -1.0765793898174287 16.649595461028873 -8.293055071129942
340 51 504.0 507 30.074447650000025 7.68 0.02161187963620613 0.019339779088681397 False True -0.028415067574541285 248.11901565976055 -124.05785696593587 -1.0765793898174287 16.649595461028873 -8.293055071129942
340 52 508.0 511 30.755593188000034 7.68 0.02161187963620613 0.03791749196088106 False True -0.028415067574541285 248.11901565976055 -124.05785696593587 -1.0765793898174287 16.649595461028873 -8.293055071129942
340 53 512.0 515 31.43771648700003 7.68 0.02161187963620613 0.08514742924149156 False True -0.028415067574541285 248.11901565976055 -124.05785696593587 -1.0765793898174287 16.649595461028873 -8.293055071129942
340 54 516.0 519 32.131562194000026 7.68 0.02161187963620613 0.08514742924149156 False True -0.028415067574541285 248.11901565976055 -124.05785696593587 -1.0765793898174287 16.649595461028873 -8.293055071129942
340 55 520.0 523 32.813967524000034 1.6300000000000001 0.08514742924149156 0.02161187963620613 False True -0.028415067574541285 248.11901565976055 -124.05785696593587 -1.0765793898174287 16.649595461028873 -8.293055071129942
340 56 524.0 527 33.505428837000025 7.68 0.02161187963620613 0.08514742924149156 False True -0.028415067574541285 248.11901565976055 -124.05785696593587 -1.0765793898174287 16.649595461028873 -8.293055071129942
340 57 528.0 531 34.18595438400003 7.68 0.02161187963620613 0.002649960497009708 True False -0.028415067574541285 248.11901565976055 -124.05785696593587 -1.0765793898174287 16.649595461028873 -8.293055071129942
340 58 528.0 531 34.60867304400003 7.68 0.02161187963620613 0.002649960497009708 False True -0.028415067574541285 248.11901565976055 -124.05785696593587 -1.0765793898174287 16.649595461028873 -8.293055071129942
340 59 540.0 543 35.284826601000034 7.8 0.002649960497009708 0.02161187963620613 False True -0.028415067574541285 248.11901565976055 -124.05785696593587 -1.0765793898174287 16.649595461028873 -8.293055071129942
340 60 544.0 547 35.965096767000034 7.8 0.002649960497009708 0.026530909535954807 False True -0.028415067574541285 248.11901565976055 -124.05785696593587 -1.0765793898174287 16.649595461028873 -8.293055071129942
340 61 548.0 551 36.66228033700003 7.8 0.002649960497009708 0.02161187963620613 False True -0.028415067574541285 248.11901565976055 -124.05785696593587 -1.0765793898174287 16.649595461028873 -8.293055071129942
340 62 552.0 555 37.34190825300003 7.8 0.002649960497009708 0.006999833771423423 False True -0.028415067574541285 248.11901565976055 -124.05785696593587 -1.0765793898174287 16.649595461028873 -8.293055071129942
340 63 556.0 559 38.021151221000025 7.8 0.002649960497009708 0.28534496775566753 True False -0.028415067574541285 248.11901565976055 -124.05785696593587 -1.0765793898174287 16.649595461028873 -8.293055071129942
340 64 556.0 559 38.43802868300003 7.8 0.002649960497009708 0.28534496775566753 False True -0.028415067574541285 248.11901565976055 -124.05785696593587 -1.0765793898174287 16.649595461028873 -8.293055071129942
340 65 568.0 571 39.12463547000003 7.8 0.002649960497009708 0.0035355335610571547 True False -0.028415067574541285 248.11901565976055 -124.05785696593587 -1.0765793898174287 16.649595461028873 -8.293055071129942
340 66 568.0 571 39.558821868000024 7.8 0.002649960497009708 0.0035355335610571547 False True -0.028415067574541285 248.11901565976055 -124.05785696593587 -1.0765793898174287 16.649595461028873 -8.293055071129942
340 67 580.0 583 40.24675901700003 7.8 0.002649960497009708 0.0035355335610571547 False True -0.028415067574541285 248.11901565976055 -124.05785696593587 -1.0765793898174287 16.649595461028873 -8.293055071129942
340 68 584.0 587 40.944353778000036 7.8 0.002649960497009708 0.0035355335610571547 False True -0.028415067574541285 248.11901565976055 -124.05785696593587 -1.0765793898174287 16.649595461028873 -8.293055071129942
340 69 588.0 591 41.63999779000004 7.8 0.002649960497009708 0.0035355335610571547 False True -0.028415067574541285 248.11901565976055 -124.05785696593587 -1.0765793898174287 16.649595461028873 -8.293055071129942
340 70 592.0 595 42.323758151000035 7.8 0.002649960497009708 0.0035355335610571547 False True -0.028415067574541285 248.11901565976055 -124.05785696593587 -1.0765793898174287 16.649595461028873 -8.293055071129942
340 71 596.0 599 43.01783774000003 7.8 0.002649960497009708 0.0035355335610571547 False True -0.028415067574541285 248.11901565976055 -124.05785696593587 -1.0765793898174287 16.649595461028873 -8.293055071129942
340 72 600.0 603 43.67875859000003 7.8 0.002649960497009708 0.0035355335610571547 False True -0.028415067574541285 248.11901565976055 -124.05785696593587 -1.0765793898174287 16.649595461028873 -8.293055071129942
340 73 604.0 607 44.36331304800002 7.8 0.002649960497009708 0.3186601224437754 True False -0.028415067574541285 248.11901565976055 -124.05785696593587 -1.0765793898174287 16.649595461028873 -8.293055071129942
340 74 604.0 607 44.804975184000014 7.8 0.002649960497009708 0.3186601224437754 False True -0.028415067574541285 248.11901565976055 -124.05785696593587 -1.0765793898174287 16.649595461028873 -8.293055071129942
340 75 616.0 619 45.505926741000025 7.8 0.002649960497009708 0.08514742924149156 False True -0.028415067574541285 248.11901565976055 -124.05785696593587 -1.0765793898174287 16.649595461028873 -8.293055071129942
340 76 620.0 623 46.23833647700003 7.8 0.002649960497009708 0.0012591260160758732 False True -0.028415067574541285 248.11901565976055 -124.05785696593587 -1.0765793898174287 16.649595461028873 -8.293055071129942
340 77 624.0 627 46.94161816500002 7.8 0.002649960497009708 0.0012591260160758732 False True -0.028415067574541285 248.11901565976055 -124.05785696593587 -1.0765793898174287 16.649595461028873 -8.293055071129942
340 78 628.0 631 47.64263390300002 7.8 0.002649960497009708 0.0012591260160758732 False True -0.028415067574541285 248.11901565976055 -124.05785696593587 -1.0765793898174287 16.649595461028873 -8.293055071129942
340 79 632.0 635 48.34064040400003 7.8 0.002649960497009708 0.09286426031687006 True False -0.028415067574541285 248.11901565976055 -124.05785696593587 -1.0765793898174287 16.649595461028873 -8.293055071129942
340 80 632.0 635 48.75694189700003 7.8 0.002649960497009708 0.09286426031687006 False True -0.028415067574541285 248.11901565976055 -124.05785696593587 -1.0765793898174287 16.649595461028873 -8.293055071129942
340 81 644.0 647 49.44349489000004 7.8 0.002649960497009708 0.0018911372637007737 True False -0.028415067574541285 248.11901565976055 -124.05785696593587 -1.0765793898174287 16.649595461028873 -8.293055071129942
340 82 644.0 647 49.89669606000004 7.8 0.002649960497009708 0.0018911372637007737 False True -0.028415067574541285 248.11901565976055 -124.05785696593587 -1.0765793898174287 16.649595461028873 -8.293055071129942
340 83 656.0 659 50.597639090000044 7.8 0.002649960497009708 0.0018911372637007737 False True -0.028415067574541285 248.11901565976055 -124.05785696593587 -1.0765793898174287 16.649595461028873 -8.293055071129942
340 84 660.0 663 51.29933613400004 7.8 0.002649960497009708 0.00454778162464905 True False -0.028415067574541285 248.11901565976055 -124.05785696593587 -1.0765793898174287 16.649595461028873 -8.293055071129942
340 85 660.0 664 51.73772783000004 7.8 0.002649960497009708 0.00454778162464905 False True -0.028415067574541285 248.11901565976055 -124.05785696593587 -1.0765793898174287 16.649595461028873 -8.293055071129942
340 86 672.0 676 52.440473038000036 7.78 0.00454778162464905 0.002649960497009708 False True -0.028415067574541285 248.11901565976055 -124.05785696593587 -1.0765793898174287 16.649595461028873 -8.293055071129942
340 87 676.0 680 53.17649264200004 7.78 0.00454778162464905 0.002649960497009708 False True -0.028415067574541285 248.11901565976055 -124.05785696593587 -1.0765793898174287 16.649595461028873 -8.293055071129942
340 88 680.0 684 53.863779632000046 7.78 0.00454778162464905 0.002649960497009708 False True -0.028415067574541285 248.11901565976055 -124.05785696593587 -1.0765793898174287 16.649595461028873 -8.293055071129942
340 89 684.0 688 54.56473694200004 7.78 0.00454778162464905 0.002649960497009708 False True -0.028415067574541285 248.11901565976055 -124.05785696593587 -1.0765793898174287 16.649595461028873 -8.293055071129942
340 90 688.0 692 55.27803390400004 7.78 0.00454778162464905 0.002649960497009708 False True -0.028415067574541285 248.11901565976055 -124.05785696593587 -1.0765793898174287 16.649595461028873 -8.293055071129942
340 91 692.0 696 55.98190653600004 7.78 0.00454778162464905 0.002649960497009708 False True -0.028415067574541285 248.11901565976055 -124.05785696593587 -1.0765793898174287 16.649595461028873 -8.293055071129942
340 92 696.0 700 56.68393116400004 7.78 0.00454778162464905 0.002649960497009708 False True -0.028415067574541285 248.11901565976055 -124.05785696593587 -1.0765793898174287 16.649595461028873 -8.293055071129942
340 93 700.0 704 57.421303609000034 7.78 0.00454778162464905 0.002649960497009708 False True -0.028415067574541285 248.11901565976055 -124.05785696593587 -1.0765793898174287 16.649595461028873 -8.293055071129942
340 94 704.0 708 58.11808083400004 7.78 0.00454778162464905 0.002649960497009708 False True -0.028415067574541285 248.11901565976055 -124.05785696593587 -1.0765793898174287 16.649595461028873 -8.293055071129942
340 95 708.0 712 58.818866565000036 7.78 0.00454778162464905 0.002649960497009708 False True -0.028415067574541285 248.11901565976055 -124.05785696593587 -1.0765793898174287 16.649595461028873 -8.293055071129942
340 96 712.0 716 59.51630635400002 7.78 0.00454778162464905 0.002649960497009708 False True -0.028415067574541285 248.11901565976055 -124.05785696593587 -1.0765793898174287 16.649595461028873 -8.293055071129942
340 97 716.0 720 60.239349952000026 7.78 0.00454778162464905 0.002649960497009708 False True -0.028415067574541285 248.11901565976055 -124.05785696593587 -1.0765793898174287 16.649595461028873 -8.293055071129942
340 98 720.0 724 60.93655678900001 7.78 0.00454778162464905 0.002649960497009708 False True -0.028415067574541285 248.11901565976055 -124.05785696593587 -1.0765793898174287 16.649595461028873 -8.293055071129942
340 99 724.0 728 61.661631245000024 7.78 0.00454778162464905 0.002649960497009708 False True -0.028415067574541285 248.11901565976055 -124.05785696593587 -1.0765793898174287 16.649595461028873 -8.293055071129942
340 100 728.0 732 62.359201661000014 7.78 0.00454778162464905 0.002649960497009708 False True -0.028415067574541285 248.11901565976055 -124.05785696593587 -1.0765793898174287 16.649595461028873 -8.293055071129942
340 101 732.0 736 63.05653702800001 7.78 0.00454778162464905 0.002649960497009708 False True -0.028415067574541285 248.11901565976055 -124.05785696593587 -1.0765793898174287 16.649595461028873 -8.293055071129942
340 102 736.0 740 63.73806157600001 7.78 0.00454778162464905 0.002649960497009708 False True -0.028415067574541285 248.11901565976055 -124.05785696593587 -1.0765793898174287 16.649595461028873 -8.293055071129942
340 103 740.0 744 64.45586353300001 7.78 0.00454778162464905 0.002649960497009708 False True -0.028415067574541285 248.11901565976055 -124.05785696593587 -1.0765793898174287 16.649595461028873 -8.293055071129942
340 104 744.0 748 65.15723646600003 7.78 0.00454778162464905 0.002649960497009708 False True -0.028415067574541285 248.11901565976055 -124.05785696593587 -1.0765793898174287 16.649595461028873 -8.293055071129942
340 105 748.0 752 65.87812100600004 7.78 0.00454778162464905 0.002649960497009708 False True -0.028415067574541285 248.11901565976055 -124.05785696593587 -1.0765793898174287 16.649595461028873 -8.293055071129942
340 106 752.0 756 66.59364742900004 7.78 0.00454778162464905 0.002649960497009708 False True -0.028415067574541285 248.11901565976055 -124.05785696593587 -1.0765793898174287 16.649595461028873 -8.293055071129942
340 107 756.0 760 67.27792474600002 7.8 0.002649960497009708 0.00454778162464905 False True -0.028415067574541285 248.11901565976055 -124.05785696593587 -1.0765793898174287 16.649595461028873 -8.293055071129942
340 108 760.0 764 67.98037136200003 7.8 0.002649960497009708 0.00454778162464905 False True -0.028415067574541285 248.11901565976055 -124.05785696593587 -1.0765793898174287 16.649595461028873 -8.293055071129942
340 109 764.0 768 68.67346022700002 7.8 0.002649960497009708 0.00454778162464905 False True -0.028415067574541285 248.11901565976055 -124.05785696593587 -1.0765793898174287 16.649595461028873 -8.293055071129942
340 110 768.0 772 69.37962144000002 7.8 0.002649960497009708 0.005686617187824005 True False -0.028415067574541285 248.11901565976055 -124.05785696593587 -1.0765793898174287 16.649595461028873 -8.293055071129942
340 111 768.0 772 69.82060834 7.8 0.002649960497009708 0.005686617187824005 False True -0.028415067574541285 248.11901565976055 -124.05785696593587 -1.0765793898174287 16.649595461028873 -8.293055071129942
340 112 780.0 784 70.53272665200001 7.8 0.002649960497009708 0.005686617187824005 False True -0.028415067574541285 248.11901565976055 -124.05785696593587 -1.0765793898174287 16.649595461028873 -8.293055071129942
340 113 784.0 788 71.213716441 7.8 0.002649960497009708 0.005686617187824005 False True -0.028415067574541285 248.11901565976055 -124.05785696593587 -1.0765793898174287 16.649595461028873 -8.293055071129942
340 114 788.0 792 71.93677955700002 7.8 0.002649960497009708 0.08864865905541228 False True -0.028415067574541285 248.11901565976055 -124.05785696593587 -1.0765793898174287 16.649595461028873 -8.293055071129942
340 115 792.0 796 72.63664088900003 7.8 0.002649960497009708 0.08864865905541228 False True -0.028415067574541285 248.11901565976055 -124.05785696593587 -1.0765793898174287 16.649595461028873 -8.293055071129942
340 116 796.0 800 73.33523017700003 7.8 0.002649960497009708 0.08864865905541228 False True -0.028415067574541285 248.11901565976055 -124.05785696593587 -1.0765793898174287 16.649595461028873 -8.293055071129942
340 117 800.0 804 74.03539194100003 7.8 0.002649960497009708 0.08758360176618067 True False -0.028415067574541285 248.11901565976055 -124.05785696593587 -1.0765793898174287 16.649595461028873 -8.293055071129942
340 118 800.0 804 74.45774918200004 7.8 0.002649960497009708 0.08758360176618067 False True -0.028415067574541285 248.11901565976055 -124.05785696593587 -1.0765793898174287 16.649595461028873 -8.293055071129942
340 119 812.0 816 75.13551823500003 1.6600000000000001 0.08758360176618067 0.002649960497009708 False True -0.028415067574541285 248.11901565976055 -124.05785696593587 -1.0765793898174287 16.649595461028873 -8.293055071129942
340 120 816.0 820 75.84100040500005 7.8 0.002649960497009708 0.08758360176618067 False True -0.028415067574541285 248.11901565976055 -124.05785696593587 -1.0765793898174287 16.649595461028873 -8.293055071129942
340 121 820.0 824 76.53195664900005 1.6600000000000001 0.08758360176618067 0.002649960497009708 False True -0.028415067574541285 248.11901565976055 -124.05785696593587 -1.0765793898174287 16.649595461028873 -8.293055071129942
340 122 824.0 828 77.26118557600006 1.6600000000000001 0.08758360176618067 0.002649960497009708 False True -0.028415067574541285 248.11901565976055 -124.05785696593587 -1.0765793898174287 16.649595461028873 -8.293055071129942
340 123 828.0 832 77.94105132300007 1.6600000000000001 0.08758360176618067 0.002649960497009708 False True -0.028415067574541285 248.11901565976055 -124.05785696593587 -1.0765793898174287 16.649595461028873 -8.293055071129942
340 124 832.0 836 78.62150924700006 7.8 0.002649960497009708 0.08758360176618067 False True -0.028415067574541285 248.11901565976055 -124.05785696593587 -1.0765793898174287 16.649595461028873 -8.293055071129942
340 125 836.0 840 79.29930854900007 7.8 0.002649960497009708 0.08758360176618067 False True -0.028415067574541285 248.11901565976055 -124.05785696593587 -1.0765793898174287 16.649595461028873 -8.293055071129942
340 126 840.0 844 79.98036539700007 7.8 0.002649960497009708 0.08758360176618067 False True -0.028415067574541285 248.11901565976055 -124.05785696593587 -1.0765793898174287 16.649595461028873 -8.293055071129942
340 127 844.0 848 80.65857050600007 7.8 0.002649960497009708 0.08758360176618067 False True -0.028415067574541285 248.11901565976055 -124.05785696593587 -1.0765793898174287 16.649595461028873 -8.293055071129942
340 128 848.0 852 81.33859734100005 7.8 0.002649960497009708 0.08758360176618067 False True -0.028415067574541285 248.11901565976055 -124.05785696593587 -1.0765793898174287 16.649595461028873 -8.293055071129942
340 129 852.0 856 82.01656675400005 7.8 0.002649960497009708 0.08864865905541228 False True -0.028415067574541285 248.11901565976055 -124.05785696593587 -1.0765793898174287 16.649595461028873 -8.293055071129942
340 130 856.0 860 82.69617785400004 7.8 0.002649960497009708 0.08758360176618067 False True -0.028415067574541285 248.11901565976055 -124.05785696593587 -1.0765793898174287 16.649595461028873 -8.293055071129942
340 131 860.0 864 83.37655417700003 7.8 0.002649960497009708 0.08864865905541228 False True -0.028415067574541285 248.11901565976055 -124.05785696593587 -1.0765793898174287 16.649595461028873 -8.293055071129942
340 132 864.0 868 84.08075237000006 7.8 0.002649960497009708 0.00454778162464905 False True -0.028415067574541285 248.11901565976055 -124.05785696593587 -1.0765793898174287 16.649595461028873 -8.293055071129942
340 133 868.0 872 84.76169327500006 7.8 0.002649960497009708 0.08864865905541228 False True -0.028415067574541285 248.11901565976055 -124.05785696593587 -1.0765793898174287 16.649595461028873 -8.293055071129942
340 134 872.0 876 85.45336402400005 7.8 0.002649960497009708 0.08758360176618067 False True -0.028415067574541285 248.11901565976055 -124.05785696593587 -1.0765793898174287 16.649595461028873 -8.293055071129942
340 135 876.0 880 86.12189596000007 7.8 0.002649960497009708 0.08758360176618067 False True -0.028415067574541285 248.11901565976055 -124.05785696593587 -1.0765793898174287 16.649595461028873 -8.293055071129942
340 136 880.0 884 86.82070803300007 7.8 0.002649960497009708 0.08758360176618067 False True -0.028415067574541285 248.11901565976055 -124.05785696593587 -1.0765793898174287 16.649595461028873 -8.293055071129942
340 137 884.0 888 87.49778417300007 1.6600000000000001 0.08758360176618067 0.002649960497009708 False True -0.028415067574541285 248.11901565976055 -124.05785696593587 -1.0765793898174287 16.649595461028873 -8.293055071129942
340 138 888.0 892 88.20847953600006 7.8 0.002649960497009708 0.08758360176618067 False True -0.028415067574541285 248.11901565976055 -124.05785696593587 -1.0765793898174287 16.649595461028873 -8.293055071129942
340 139 892.0 896 88.88151234900005 1.6600000000000001 0.08758360176618067 0.00454778162464905 False True -0.028415067574541285 248.11901565976055 -124.05785696593587 -1.0765793898174287 16.649595461028873 -8.293055071129942
340 140 896.0 900 89.55597886100006 7.78 0.00454778162464905 0.08758360176618067 False True -0.028415067574541285 248.11901565976055 -124.05785696593587 -1.0765793898174287 16.649595461028873 -8.293055071129942
340 141 900.0 904 90.22127985200007 7.78 0.00454778162464905 0.08758360176618067 False True -0.028415067574541285 248.11901565976055 -124.05785696593587 -1.0765793898174287 16.649595461028873 -8.293055071129942
340 142 904.0 908 90.89806360500006 7.78 0.00454778162464905 0.08758360176618067 False True -0.028415067574541285 248.11901565976055 -124.05785696593587 -1.0765793898174287 16.649595461028873 -8.293055071129942
340 143 908.0 912 91.57390617000004 7.78 0.00454778162464905 0.08664497529670719 True False -0.028415067574541285 248.11901565976055 -124.05785696593587 -1.0765793898174287 16.649595461028873 -8.293055071129942
340 144 908.0 912 91.97769973900003 7.78 0.00454778162464905 0.08664497529670719 False True -0.028415067574541285 248.11901565976055 -124.05785696593587 -1.0765793898174287 16.649595461028873 -8.293055071129942
340 145 920.0 924 92.68030878300002 7.78 0.00454778162464905 0.08664497529670719 False True -0.028415067574541285 248.11901565976055 -124.05785696593587 -1.0765793898174287 16.649595461028873 -8.293055071129942
340 146 924.0 928 93.36103818700002 7.78 0.00454778162464905 0.08664497529670719 False True -0.028415067574541285 248.11901565976055 -124.05785696593587 -1.0765793898174287 16.649595461028873 -8.293055071129942
340 147 928.0 932 94.09814711800001 7.78 0.00454778162464905 0.08664497529670719 False True -0.028415067574541285 248.11901565976055 -124.05785696593587 -1.0765793898174287 16.649595461028873 -8.293055071129942
340 148 932.0 936 94.77682114900003 7.78 0.00454778162464905 0.0035355335610571547 False True -0.028415067574541285 248.11901565976055 -124.05785696593587 -1.0765793898174287 16.649595461028873 -8.293055071129942
340 149 936.0 940 95.48975522100002 7.78 0.00454778162464905 0.0035355335610571547 False True -0.028415067574541285 248.11901565976055 -124.05785696593587 -1.0765793898174287 16.649595461028873 -8.293055071129942
340 150 940.0 944 96.17474377900004 7.78 0.00454778162464905 0.08758360176618067 False True -0.028415067574541285 248.11901565976055 -124.05785696593587 -1.0765793898174287 16.649595461028873 -8.293055071129942
340 151 944.0 948 96.85427911000005 7.78 0.00454778162464905 0.0012591260160758732 False True -0.028415067574541285 248.11901565976055 -124.05785696593587 -1.0765793898174287 16.649595461028873 -8.293055071129942
340 152 948.0 952 97.55378943400007 7.78 0.00454778162464905 0.0012591260160758732 False True -0.028415067574541285 248.11901565976055 -124.05785696593587 -1.0765793898174287 16.649595461028873 -8.293055071129942
340 153 952.0 956 98.23458497800007 7.78 0.00454778162464905 0.0012591260160758732 False True -0.028415067574541285 248.11901565976055 -124.05785696593587 -1.0765793898174287 16.649595461028873 -8.293055071129942
340 154 956.0 960 98.91428790700007 7.82 0.0012591260160758732 0.00454778162464905 False True -0.028415067574541285 248.11901565976055 -124.05785696593587 -1.0765793898174287 16.649595461028873 -8.293055071129942
340 155 960.0 964 99.60767203100008 7.82 0.0012591260160758732 0.00454778162464905 False True -0.028415067574541285 248.11901565976055 -124.05785696593587 -1.0765793898174287 16.649595461028873 -8.293055071129942
340 156 964.0 968 100.32949299800009 7.82 0.0012591260160758732 0.00454778162464905 False True -0.028415067574541285 248.11901565976055 -124.05785696593587 -1.0765793898174287 16.649595461028873 -8.293055071129942
340 157 968.0 972 101.01415561900009 7.82 0.0012591260160758732 0.00454778162464905 False True -0.028415067574541285 248.11901565976055 -124.05785696593587 -1.0765793898174287 16.649595461028873 -8.293055071129942
340 158 972.0 976 101.70762943200009 7.82 0.0012591260160758732 0.00454778162464905 False True -0.028415067574541285 248.11901565976055 -124.05785696593587 -1.0765793898174287 16.649595461028873 -8.293055071129942
340 159 976.0 980 102.39142005500008 7.82 0.0012591260160758732 0.00454778162464905 False True -0.028415067574541285 248.11901565976055 -124.05785696593587 -1.0765793898174287 16.649595461028873 -8.293055071129942
340 160 980.0 984 103.07385618800006 7.82 0.0012591260160758732 0.00454778162464905 False True -0.028415067574541285 248.11901565976055 -124.05785696593587 -1.0765793898174287 16.649595461028873 -8.293055071129942
340 161 984.0 988 103.75520166800007 7.78 0.00454778162464905 0.0012591260160758732 False True -0.028415067574541285 248.11901565976055 -124.05785696593587 -1.0765793898174287 16.649595461028873 -8.293055071129942
340 162 988.0 992 104.44724297000008 7.78 0.00454778162464905 0.0012591260160758732 False True -0.028415067574541285 248.11901565976055 -124.05785696593587 -1.0765793898174287 16.649595461028873 -8.293055071129942
340 163 992.0 996 105.12995455600009 7.78 0.00454778162464905 0.0012591260160758732 False True -0.028415067574541285 248.11901565976055 -124.05785696593587 -1.0765793898174287 16.649595461028873 -8.293055071129942
340 164 996.0 1000 105.81177458500008 7.78 0.00454778162464905 0.0035355335610571547 False True -0.028415067574541285 248.11901565976055 -124.05785696593587 -1.0765793898174287 16.649595461028873 -8.293055071129942
340 165 1000.0 1004 106.49415893300008 7.78 0.00454778162464905 0.0035355335610571547 False True -0.028415067574541285 248.11901565976055 -124.05785696593587 -1.0765793898174287 16.649595461028873 -8.293055071129942
340 166 1004.0 1008 107.21055906900006 7.78 0.00454778162464905 0.08864865905541228 False True -0.028415067574541285 248.11901565976055 -124.05785696593587 -1.0765793898174287 16.649595461028873 -8.293055071129942
340 167 1008.0 1012 107.89299495400005 7.78 0.00454778162464905 0.08864865905541228 False True -0.028415067574541285 248.11901565976055 -124.05785696593587 -1.0765793898174287 16.649595461028873 -8.293055071129942
340 168 1012.0 1016 108.60906283700007 7.78 0.00454778162464905 0.08864865905541228 False True -0.028415067574541285 248.11901565976055 -124.05785696593587 -1.0765793898174287 16.649595461028873 -8.293055071129942
340 169 1016.0 1020 109.29085696500007 7.78 0.00454778162464905 0.03791749196088106 False True -0.028415067574541285 248.11901565976055 -124.05785696593587 -1.0765793898174287 16.649595461028873 -8.293055071129942
340 170 1020.0 1024 109.97151613500009 7.78 0.00454778162464905 0.03791749196088106 False True -0.028415067574541285 248.11901565976055 -124.05785696593587 -1.0765793898174287 16.649595461028873 -8.293055071129942
340 171 1024.0 1028 110.6529368200001 7.78 0.00454778162464905 0.03791749196088106 False True -0.028415067574541285 248.11901565976055 -124.05785696593587 -1.0765793898174287 16.649595461028873 -8.293055071129942
340 172 1028.0 1032 111.36987638000008 7.78 0.00454778162464905 0.03791749196088106 False True -0.028415067574541285 248.11901565976055 -124.05785696593587 -1.0765793898174287 16.649595461028873 -8.293055071129942
340 173 1032.0 1036 112.05097136600008 7.78 0.00454778162464905 0.03791749196088106 False True -0.028415067574541285 248.11901565976055 -124.05785696593587 -1.0765793898174287 16.649595461028873 -8.293055071129942
340 174 1036.0 1040 112.7647560180001 7.78 0.00454778162464905 0.03791749196088106 False True -0.028415067574541285 248.11901565976055 -124.05785696593587 -1.0765793898174287 16.649595461028873 -8.293055071129942
340 175 1040.0 1044 113.4480420430001 7.78 0.00454778162464905 0.03791749196088106 False True -0.028415067574541285 248.11901565976055 -124.05785696593587 -1.0765793898174287 16.649595461028873 -8.293055071129942
340 176 1044.0 1048 114.1302155890001 8.11 0.03791749196088106 0.00454778162464905 False True -0.028415067574541285 248.11901565976055 -124.05785696593587 -1.0765793898174287 16.649595461028873 -8.293055071129942
340 177 1048.0 1052 114.8132913420001 8.11 0.03791749196088106 0.00454778162464905 False True -0.028415067574541285 248.11901565976055 -124.05785696593587 -1.0765793898174287 16.649595461028873 -8.293055071129942
340 178 1052.0 1056 115.52923470200008 8.11 0.03791749196088106 0.00454778162464905 False True -0.028415067574541285 248.11901565976055 -124.05785696593587 -1.0765793898174287 16.649595461028873 -8.293055071129942
340 179 1056.0 1060 116.2099733680001 8.11 0.03791749196088106 0.00454778162464905 False True -0.028415067574541285 248.11901565976055 -124.05785696593587 -1.0765793898174287 16.649595461028873 -8.293055071129942
340 180 1060.0 1064 116.9122260200001 8.11 0.03791749196088106 0.0012591260160758732 False True -0.028415067574541285 248.11901565976055 -124.05785696593587 -1.0765793898174287 16.649595461028873 -8.293055071129942
340 181 1064.0 1068 117.60482207700011 8.11 0.03791749196088106 0.01719291030759009 True False -0.028415067574541285 248.11901565976055 -124.05785696593587 -1.0765793898174287 16.649595461028873 -8.293055071129942
340 182 1064.0 1068 118.0047785030001 8.11 0.03791749196088106 0.01719291030759009 False True -0.028415067574541285 248.11901565976055 -124.05785696593587 -1.0765793898174287 16.649595461028873 -8.293055071129942
340 183 1076.0 1080 118.7062093800001 7.7 0.01719291030759009 0.03791749196088106 False True -0.028415067574541285 248.11901565976055 -124.05785696593587 -1.0765793898174287 16.649595461028873 -8.293055071129942
340 184 1080.0 1084 119.37132526100012 8.11 0.03791749196088106 0.01719291030759009 False True -0.028415067574541285 248.11901565976055 -124.05785696593587 -1.0765793898174287 16.649595461028873 -8.293055071129942
340 185 1084.0 1088 120.02857814500013 7.7 0.01719291030759009 0.03791749196088106 False True -0.028415067574541285 248.11901565976055 -124.05785696593587 -1.0765793898174287 16.649595461028873 -8.293055071129942
340 186 1088.0 1092 120.75224799200012 7.7 0.01719291030759009 0.002649960497009708 False True -0.028415067574541285 248.11901565976055 -124.05785696593587 -1.0765793898174287 16.649595461028873 -8.293055071129942
340 187 1092.0 1096 121.4322788120001 7.7 0.01719291030759009 0.03791749196088106 False True -0.028415067574541285 248.11901565976055 -124.05785696593587 -1.0765793898174287 16.649595461028873 -8.293055071129942
340 188 1096.0 1100 122.1083287730001 7.7 0.01719291030759009 0.015171474266367503 True False -0.028415067574541285 248.11901565976055 -124.05785696593587 -1.0765793898174287 16.649595461028873 -8.293055071129942
340 189 1096.0 1100 122.54544357500009 7.7 0.01719291030759009 0.015171474266367503 False True -0.028415067574541285 248.11901565976055 -124.05785696593587 -1.0765793898174287 16.649595461028873 -8.293055071129942
340 190 1108.0 1112 123.2310754100001 7.7 0.01719291030759009 0.36737403136863445 True False -0.028415067574541285 248.11901565976055 -124.05785696593587 -1.0765793898174287 16.649595461028873 -8.293055071129942
340 191 1108.0 1112 123.6443149110001 7.7 0.01719291030759009 0.36737403136863445 False True -0.028415067574541285 248.11901565976055 -124.05785696593587 -1.0765793898174287 16.649595461028873 -8.293055071129942
340 192 1120.0 1124 124.36967635700009 7.7 0.01719291030759009 0.24602243578153732 True False -0.028415067574541285 248.11901565976055 -124.05785696593587 -1.0765793898174287 16.649595461028873 -8.293055071129942
340 193 1120.0 1124 124.8042817220001 7.7 0.01719291030759009 0.24602243578153732 False True -0.028415067574541285 248.11901565976055 -124.05785696593587 -1.0765793898174287 16.649595461028873 -8.293055071129942
340 194 1132.0 1136 125.4855415210001 7.7 0.01719291030759009 0.24602243578153732 False True -0.028415067574541285 248.11901565976055 -124.05785696593587 -1.0765793898174287 16.649595461028873 -8.293055071129942
340 195 1136.0 1140 126.1904809800001 7.7 0.01719291030759009 0.24602243578153732 False True -0.028415067574541285 248.11901565976055 -124.05785696593587 -1.0765793898174287 16.649595461028873 -8.293055071129942
340 196 1140.0 1144 126.8843093370001 7.7 0.01719291030759009 0.24602243578153732 False True -0.028415067574541285 248.11901565976055 -124.05785696593587 -1.0765793898174287 16.649595461028873 -8.293055071129942
340 197 1144.0 1148 127.6022917870001 7.7 0.01719291030759009 0.24602243578153732 False True -0.028415067574541285 248.11901565976055 -124.05785696593587 -1.0765793898174287 16.649595461028873 -8.293055071129942
340 198 1148.0 1152 128.2876951160001 7.7 0.01719291030759009 0.24602243578153732 False True -0.028415067574541285 248.11901565976055 -124.05785696593587 -1.0765793898174287 16.649595461028873 -8.293055071129942
340 199 1152.0 1156 128.9711481360001 7.7 0.01719291030759009 0.019339779088681397 False True -0.028415067574541285 248.11901565976055 -124.05785696593587 -1.0765793898174287 16.649595461028873 -8.293055071129942
340 200 1156.0 1160 129.6620594290001 7.7 0.01719291030759009 0.019339779088681397 False True -0.028415067574541285 248.11901565976055 -124.05785696593587 -1.0765793898174287 16.649595461028873 -8.293055071129942
340 201 1160.0 1164 130.3672067480001 7.7 0.01719291030759009 0.019339779088681397 False True -0.028415067574541285 248.11901565976055 -124.05785696593587 -1.0765793898174287 16.649595461028873 -8.293055071129942
340 202 1164.0 1168 131.06236679800008 7.7 0.01719291030759009 0.019339779088681397 False True -0.028415067574541285 248.11901565976055 -124.05785696593587 -1.0765793898174287 16.649595461028873 -8.293055071129942
340 203 1168.0 1172 131.7892820300001 7.7 0.01719291030759009 0.019339779088681397 False True -0.028415067574541285 248.11901565976055 -124.05785696593587 -1.0765793898174287 16.649595461028873 -8.293055071129942
340 204 1172.0 1176 132.4893160910001 7.7 0.01719291030759009 0.002649960497009708 False True -0.028415067574541285 248.11901565976055 -124.05785696593587 -1.0765793898174287 16.649595461028873 -8.293055071129942
340 205 1176.0 1180 133.20656804100008 7.7 0.01719291030759009 0.00454778162464905 False True -0.028415067574541285 248.11901565976055 -124.05785696593587 -1.0765793898174287 16.649595461028873 -8.293055071129942
340 206 1180.0 1184 133.88880366900008 7.7 0.01719291030759009 0.00454778162464905 False True -0.028415067574541285 248.11901565976055 -124.05785696593587 -1.0765793898174287 16.649595461028873 -8.293055071129942
340 207 1184.0 1188 134.6043755390001 7.7 0.01719291030759009 0.00454778162464905 False True -0.028415067574541285 248.11901565976055 -124.05785696593587 -1.0765793898174287 16.649595461028873 -8.293055071129942
340 208 1188.0 1192 135.2834085940001 7.7 0.01719291030759009 0.00454778162464905 False True -0.028415067574541285 248.11901565976055 -124.05785696593587 -1.0765793898174287 16.649595461028873 -8.293055071129942
340 209 1192.0 1196 135.9853355010001 7.7 0.01719291030759009 0.019339779088681397 False True -0.028415067574541285 248.11901565976055 -124.05785696593587 -1.0765793898174287 16.649595461028873 -8.293055071129942
340 210 1196.0 1200 136.6614860370001 7.7 0.01719291030759009 0.019339779088681397 False True -0.028415067574541285 248.11901565976055 -124.05785696593587 -1.0765793898174287 16.649595461028873 -8.293055071129942
340 211 1200.0 1204 137.36684786500007 7.7 0.01719291030759009 0.019339779088681397 False True -0.028415067574541285 248.11901565976055 -124.05785696593587 -1.0765793898174287 16.649595461028873 -8.293055071129942
340 212 1204.0 1208 138.08357896800007 7.7 0.01719291030759009 0.019339779088681397 False True -0.028415067574541285 248.11901565976055 -124.05785696593587 -1.0765793898174287 16.649595461028873 -8.293055071129942
340 213 1208.0 1212 138.76540884200008 7.7 0.01719291030759009 0.08514742924149156 False True -0.028415067574541285 248.11901565976055 -124.05785696593587 -1.0765793898174287 16.649595461028873 -8.293055071129942
340 214 1212.0 1216 139.4225653020001 7.7 0.01719291030759009 0.00454778162464905 False True -0.028415067574541285 248.11901565976055 -124.05785696593587 -1.0765793898174287 16.649595461028873 -8.293055071129942
340 215 1216.0 1220 140.0718482480001 7.7 0.01719291030759009 0.00454778162464905 False True -0.028415067574541285 248.11901565976055 -124.05785696593587 -1.0765793898174287 16.649595461028873 -8.293055071129942
340 216 1220.0 1224 140.7314138050001 7.7 0.01719291030759009 0.00454778162464905 False True -0.028415067574541285 248.11901565976055 -124.05785696593587 -1.0765793898174287 16.649595461028873 -8.293055071129942
340 217 1224.0 1228 141.4243632910001 7.7 0.01719291030759009 0.0012591260160758732 False True -0.028415067574541285 248.11901565976055 -124.05785696593587 -1.0765793898174287 16.649595461028873 -8.293055071129942
340 218 1228.0 1232 142.0850662670001 7.7 0.01719291030759009 0.00454778162464905 False True -0.028415067574541285 248.11901565976055 -124.05785696593587 -1.0765793898174287 16.649595461028873 -8.293055071129942
340 219 1232.0 1236 142.7649692260001 7.7 0.01719291030759009 0.002649960497009708 False True -0.028415067574541285 248.11901565976055 -124.05785696593587 -1.0765793898174287 16.649595461028873 -8.293055071129942
340 220 1236.0 1240 143.4271833920001 7.8 0.002649960497009708 0.08514742924149156 False True -0.028415067574541285 248.11901565976055 -124.05785696593587 -1.0765793898174287 16.649595461028873 -8.293055071129942
340 221 1240.0 1244 144.1275246770001 7.8 0.002649960497009708 0.019339779088681397 False True -0.028415067574541285 248.11901565976055 -124.05785696593587 -1.0765793898174287 16.649595461028873 -8.293055071129942
340 222 1244.0 1248 144.78978873500012 7.78 0.00454778162464905 0.03490186606538381 True False -0.028415067574541285 248.11901565976055 -124.05785696593587 -1.0765793898174287 16.649595461028873 -8.293055071129942
340 223 1244.0 1248 145.18341086700013 7.78 0.00454778162464905 0.03490186606538381 False True -0.028415067574541285 248.11901565976055 -124.05785696593587 -1.0765793898174287 16.649595461028873 -8.293055071129942
340 224 1256.0 1260 145.85115632400013 7.8 0.002649960497009708 0.01719291030759009 False True -0.028415067574541285 248.11901565976055 -124.05785696593587 -1.0765793898174287 16.649595461028873 -8.293055071129942
340 225 1260.0 1264 146.52264169700013 7.7 0.01719291030759009 0.2398547407062635 True False -0.028415067574541285 248.11901565976055 -124.05785696593587 -1.0765793898174287 16.649595461028873 -8.293055071129942
340 226 1260.0 1264 146.92254493900012 7.7 0.01719291030759009 0.2398547407062635 False True -0.028415067574541285 248.11901565976055 -124.05785696593587 -1.0765793898174287 16.649595461028873 -8.293055071129942
340 227 1272.0 1276 147.5695327080001 7.7 0.01719291030759009 0.08514742924149156 False True -0.028415067574541285 248.11901565976055 -124.05785696593587 -1.0765793898174287 16.649595461028873 -8.293055071129942
340 228 1276.0 1280 148.2906493820001 7.7 0.01719291030759009 0.005686617187824005 False True -0.028415067574541285 248.11901565976055 -124.05785696593587 -1.0765793898174287 16.649595461028873 -8.293055071129942
340 229 1280.0 1284 148.9692066200001 7.7 0.01719291030759009 0.005686617187824005 False True -0.028415067574541285 248.11901565976055 -124.05785696593587 -1.0765793898174287 16.649595461028873 -8.293055071129942
340 230 1284.0 1288 149.6676753370001 7.7 0.01719291030759009 0.005686617187824005 False True -0.028415067574541285 248.11901565976055 -124.05785696593587 -1.0765793898174287 16.649595461028873 -8.293055071129942
340 231 1288.0 1292 150.3445193150001 7.7 0.01719291030759009 0.005686617187824005 False True -0.028415067574541285 248.11901565976055 -124.05785696593587 -1.0765793898174287 16.649595461028873 -8.293055071129942
340 232 1292.0 1296 151.04140662800012 7.7 0.01719291030759009 0.005686617187824005 False True -0.028415067574541285 248.11901565976055 -124.05785696593587 -1.0765793898174287 16.649595461028873 -8.293055071129942
340 233 1296.0 1300 151.70160678900012 7.7 0.01719291030759009 0.005686617187824005 False True -0.028415067574541285 248.11901565976055 -124.05785696593587 -1.0765793898174287 16.649595461028873 -8.293055071129942
340 234 1300.0 1304 152.35033197500013 7.7 0.01719291030759009 0.005686617187824005 False True -0.028415067574541285 248.11901565976055 -124.05785696593587 -1.0765793898174287 16.649595461028873 -8.293055071129942
340 235 1304.0 1308 153.03999666500013 7.7 0.01719291030759009 0.005686617187824005 False True -0.028415067574541285 248.11901565976055 -124.05785696593587 -1.0765793898174287 16.649595461028873 -8.293055071129942
340 236 1308.0 1312 153.74350927800015 7.7 0.01719291030759009 0.005686617187824005 False True -0.028415067574541285 248.11901565976055 -124.05785696593587 -1.0765793898174287 16.649595461028873 -8.293055071129942
340 237 1312.0 1316 154.40381794600015 7.7 0.01719291030759009 0.005686617187824005 False True -0.028415067574541285 248.11901565976055 -124.05785696593587 -1.0765793898174287 16.649595461028873 -8.293055071129942
340 238 1316.0 1320 155.08343848000013 7.7 0.01719291030759009 0.005686617187824005 False True -0.028415067574541285 248.11901565976055 -124.05785696593587 -1.0765793898174287 16.649595461028873 -8.293055071129942
340 239 1320.0 1324 155.7431839100001 7.7 0.01719291030759009 0.005686617187824005 False True -0.028415067574541285 248.11901565976055 -124.05785696593587 -1.0765793898174287 16.649595461028873 -8.293055071129942
340 240 1324.0 1328 156.44196718300012 7.7 0.01719291030759009 0.005686617187824005 False True -0.028415067574541285 248.11901565976055 -124.05785696593587 -1.0765793898174287 16.649595461028873 -8.293055071129942
340 241 1328.0 1332 157.10022092500012 7.7 0.01719291030759009 0.005686617187824005 False True -0.028415067574541285 248.11901565976055 -124.05785696593587 -1.0765793898174287 16.649595461028873 -8.293055071129942
340 242 1332.0 1336 157.79946398500013 7.7 0.01719291030759009 0.006999833771423423 False True -0.028415067574541285 248.11901565976055 -124.05785696593587 -1.0765793898174287 16.649595461028873 -8.293055071129942
340 243 1336.0 1340 158.46011138800014 7.7 0.01719291030759009 0.006999833771423423 False True -0.028415067574541285 248.11901565976055 -124.05785696593587 -1.0765793898174287 16.649595461028873 -8.293055071129942
340 244 1340.0 1344 159.14007801300016 7.7 0.01719291030759009 0.006999833771423423 False True -0.028415067574541285 248.11901565976055 -124.05785696593587 -1.0765793898174287 16.649595461028873 -8.293055071129942
340 245 1344.0 1348 159.80084199100014 7.7 0.01719291030759009 0.006951940090601875 True False -0.028415067574541285 248.11901565976055 -124.05785696593587 -1.0765793898174287 16.649595461028873 -8.293055071129942
340 246 1344.0 1349 160.18428038000013 7.7 0.01719291030759009 0.006951940090601875 False True -0.028415067574541285 248.11901565976055 -124.05785696593587 -1.0765793898174287 16.649595461028873 -8.293055071129942
340 247 1356.0 1361 160.86293551300014 7.7 0.01719291030759009 0.006951940090601875 False True -0.028415067574541285 248.11901565976055 -124.05785696593587 -1.0765793898174287 16.649595461028873 -8.293055071129942
340 248 1360.0 1365 161.51773527200012 7.7 0.01719291030759009 0.02161187963620613 False True -0.028415067574541285 248.11901565976055 -124.05785696593587 -1.0765793898174287 16.649595461028873 -8.293055071129942
340 249 1364.0 1369 162.18115627700013 7.7 0.01719291030759009 0.029177374405741776 True False -0.028415067574541285 248.11901565976055 -124.05785696593587 -1.0765793898174287 16.649595461028873 -8.293055071129942
340 250 1364.0 1369 162.58538120400013 7.7 0.01719291030759009 0.029177374405741776 False True -0.028415067574541285 248.11901565976055 -124.05785696593587 -1.0765793898174287 16.649595461028873 -8.293055071129942
340 251 1376.0 1381 163.23893716600014 7.65 0.029177374405741776 0.01719291030759009 False True -0.028415067574541285 248.11901565976055 -124.05785696593587 -1.0765793898174287 16.649595461028873 -8.293055071129942
340 252 1380.0 1385 163.97414181200014 7.65 0.029177374405741776 0.01719291030759009 False True -0.028415067574541285 248.11901565976055 -124.05785696593587 -1.0765793898174287 16.649595461028873 -8.293055071129942
340 253 1384.0 1389 164.62178955200014 7.65 0.029177374405741776 0.01719291030759009 False True -0.028415067574541285 248.11901565976055 -124.05785696593587 -1.0765793898174287 16.649595461028873 -8.293055071129942
340 254 1388.0 1393 165.31925155300013 7.65 0.029177374405741776 0.01719291030759009 False True -0.028415067574541285 248.11901565976055 -124.05785696593587 -1.0765793898174287 16.649595461028873 -8.293055071129942
340 255 1392.0 1397 165.97568684500013 7.7 0.01719291030759009 0.029177374405741776 False True -0.028415067574541285 248.11901565976055 -124.05785696593587 -1.0765793898174287 16.649595461028873 -8.293055071129942
340 256 1396.0 1401 166.64111193100013 7.7 0.01719291030759009 0.029177374405741776 False True -0.028415067574541285 248.11901565976055 -124.05785696593587 -1.0765793898174287 16.649595461028873 -8.293055071129942
340 257 1400.0 1405 167.29912384800014 7.7 0.01719291030759009 0.029177374405741776 False True -0.028415067574541285 248.11901565976055 -124.05785696593587 -1.0765793898174287 16.649595461028873 -8.293055071129942
340 258 1404.0 1409 167.94036912200013 7.65 0.029177374405741776 0.01719291030759009 False True -0.028415067574541285 248.11901565976055 -124.05785696593587 -1.0765793898174287 16.649595461028873 -8.293055071129942
340 259 1408.0 1413 168.59357687900012 7.7 0.01719291030759009 0.029177374405741776 False True -0.028415067574541285 248.11901565976055 -124.05785696593587 -1.0765793898174287 16.649595461028873 -8.293055071129942
340 260 1412.0 1417 169.25571896900013 7.7 0.01719291030759009 0.029177374405741776 False True -0.028415067574541285 248.11901565976055 -124.05785696593587 -1.0765793898174287 16.649595461028873 -8.293055071129942
340 261 1416.0 1421 169.92953947000012 7.7 0.01719291030759009 0.0035716302569112715 True False -0.028415067574541285 248.11901565976055 -124.05785696593587 -1.0765793898174287 16.649595461028873 -8.293055071129942
340 262 1416.0 1421 170.30549676300012 7.7 0.01719291030759009 0.0035716302569112715 False True -0.028415067574541285 248.11901565976055 -124.05785696593587 -1.0765793898174287 16.649595461028873 -8.293055071129942
340 263 1428.0 1433 170.98286569100014 7.94 0.0035716302569112715 0.01719291030759009 False True -0.028415067574541285 248.11901565976055 -124.05785696593587 -1.0765793898174287 16.649595461028873 -8.293055071129942
340 264 1432.0 1437 171.61057048700016 7.94 0.0035716302569112715 0.01719291030759009 False True -0.028415067574541285 248.11901565976055 -124.05785696593587 -1.0765793898174287 16.649595461028873 -8.293055071129942
340 265 1436.0 1441 172.27136659600018 7.94 0.0035716302569112715 0.01719291030759009 False True -0.028415067574541285 248.11901565976055 -124.05785696593587 -1.0765793898174287 16.649595461028873 -8.293055071129942
340 266 1440.0 1445 172.91930164500016 7.94 0.0035716302569112715 0.01719291030759009 False True -0.028415067574541285 248.11901565976055 -124.05785696593587 -1.0765793898174287 16.649595461028873 -8.293055071129942
340 267 1444.0 1449 173.58000299600016 7.94 0.0035716302569112715 0.01719291030759009 False True -0.028415067574541285 248.11901565976055 -124.05785696593587 -1.0765793898174287 16.649595461028873 -8.293055071129942
340 268 1448.0 1453 174.21761581500016 7.7 0.01719291030759009 0.0035716302569112715 False True -0.028415067574541285 248.11901565976055 -124.05785696593587 -1.0765793898174287 16.649595461028873 -8.293055071129942
340 269 1452.0 1457 174.88100740600015 7.7 0.01719291030759009 0.0035716302569112715 False True -0.028415067574541285 248.11901565976055 -124.05785696593587 -1.0765793898174287 16.649595461028873 -8.293055071129942
340 270 1456.0 1461 175.51865405200016 7.7 0.01719291030759009 0.0035716302569112715 False True -0.028415067574541285 248.11901565976055 -124.05785696593587 -1.0765793898174287 16.649595461028873 -8.293055071129942
340 271 1460.0 1465 176.17871714300017 7.7 0.01719291030759009 0.0035716302569112715 False True -0.028415067574541285 248.11901565976055 -124.05785696593587 -1.0765793898174287 16.649595461028873 -8.293055071129942
340 272 1464.0 1469 176.81733335100017 7.94 0.0035716302569112715 0.01719291030759009 False True -0.028415067574541285 248.11901565976055 -124.05785696593587 -1.0765793898174287 16.649595461028873 -8.293055071129942
340 273 1468.0 1473 177.4785604860002 7.94 0.0035716302569112715 0.01719291030759009 False True -0.028415067574541285 248.11901565976055 -124.05785696593587 -1.0765793898174287 16.649595461028873 -8.293055071129942
340 274 1472.0 1477 178.12482516200018 7.94 0.0035716302569112715 0.01719291030759009 False True -0.028415067574541285 248.11901565976055 -124.05785696593587 -1.0765793898174287 16.649595461028873 -8.293055071129942
340 275 1476.0 1481 178.80102687300018 7.94 0.0035716302569112715 0.01719291030759009 False True -0.028415067574541285 248.11901565976055 -124.05785696593587 -1.0765793898174287 16.649595461028873 -8.293055071129942
340 276 1480.0 1485 179.44531876400018 7.94 0.0035716302569112715 0.01719291030759009 False True -0.028415067574541285 248.11901565976055 -124.05785696593587 -1.0765793898174287 16.649595461028873 -8.293055071129942
340 277 1484.0 1489 180.12056506500016 7.94 0.0035716302569112715 0.01719291030759009 False True -0.028415067574541285 248.11901565976055 -124.05785696593587 -1.0765793898174287 16.649595461028873 -8.293055071129942
340 278 1488.0 1493 180.76364123800016 7.94 0.0035716302569112715 0.01719291030759009 False True -0.028415067574541285 248.11901565976055 -124.05785696593587 -1.0765793898174287 16.649595461028873 -8.293055071129942
340 279 1492.0 1497 181.44010736100017 7.94 0.0035716302569112715 0.0019182746877454806 True False -0.028415067574541285 248.11901565976055 -124.05785696593587 -1.0765793898174287 16.649595461028873 -8.293055071129942
340 280 1492.0 1497 181.8437199170002 7.94 0.0035716302569112715 0.0019182746877454806 False True -0.028415067574541285 248.11901565976055 -124.05785696593587 -1.0765793898174287 16.649595461028873 -8.293055071129942
340 281 1504.0 1509 182.5009554240002 7.92 0.0019182746877454806 0.0035716302569112715 False True -0.028415067574541285 248.11901565976055 -124.05785696593587 -1.0765793898174287 16.649595461028873 -8.293055071129942
340 282 1508.0 1513 183.1566827260002 7.92 0.0019182746877454806 0.0035716302569112715 False True -0.028415067574541285 248.11901565976055 -124.05785696593587 -1.0765793898174287 16.649595461028873 -8.293055071129942
340 283 1512.0 1517 183.8030624130002 7.94 0.0035716302569112715 0.0019182746877454806 False True -0.028415067574541285 248.11901565976055 -124.05785696593587 -1.0765793898174287 16.649595461028873 -8.293055071129942
340 284 1516.0 1521 184.44087698800018 7.94 0.0035716302569112715 0.0019182746877454806 False True -0.028415067574541285 248.11901565976055 -124.05785696593587 -1.0765793898174287 16.649595461028873 -8.293055071129942
340 285 1520.0 1525 185.1379228520002 7.7 0.01719291030759009 0.0019182746877454806 False True -0.028415067574541285 248.11901565976055 -124.05785696593587 -1.0765793898174287 16.649595461028873 -8.293055071129942
340 286 1524.0 1529 185.79663997100022 7.7 0.01719291030759009 0.0035716302569112715 False True -0.028415067574541285 248.11901565976055 -124.05785696593587 -1.0765793898174287 16.649595461028873 -8.293055071129942
340 287 1528.0 1533 186.4771798050002 7.94 0.0035716302569112715 0.01719291030759009 False True -0.028415067574541285 248.11901565976055 -124.05785696593587 -1.0765793898174287 16.649595461028873 -8.293055071129942
340 288 1532.0 1537 187.1364002500002 7.7 0.01719291030759009 0.0035716302569112715 False True -0.028415067574541285 248.11901565976055 -124.05785696593587 -1.0765793898174287 16.649595461028873 -8.293055071129942
340 289 1536.0 1541 187.76267394400023 7.94 0.0035716302569112715 0.01719291030759009 False True -0.028415067574541285 248.11901565976055 -124.05785696593587 -1.0765793898174287 16.649595461028873 -8.293055071129942
340 290 1540.0 1545 188.46171252200023 7.94 0.0035716302569112715 0.01719291030759009 False True -0.028415067574541285 248.11901565976055 -124.05785696593587 -1.0765793898174287 16.649595461028873 -8.293055071129942
340 291 1544.0 1549 189.11999091300024 7.94 0.0035716302569112715 0.01719291030759009 False True -0.028415067574541285 248.11901565976055 -124.05785696593587 -1.0765793898174287 16.649595461028873 -8.293055071129942
340 292 1548.0 1553 189.75607789800026 7.94 0.0035716302569112715 0.01719291030759009 False True -0.028415067574541285 248.11901565976055 -124.05785696593587 -1.0765793898174287 16.649595461028873 -8.293055071129942
340 293 1552.0 1557 190.44486949700027 7.94 0.0035716302569112715 0.01719291030759009 False True -0.028415067574541285 248.11901565976055 -124.05785696593587 -1.0765793898174287 16.649595461028873 -8.293055071129942
340 294 1556.0 1561 191.1023889500003 7.7 0.01719291030759009 0.0035716302569112715 False True -0.028415067574541285 248.11901565976055 -124.05785696593587 -1.0765793898174287 16.649595461028873 -8.293055071129942
340 295 1560.0 1565 191.7841900850003 7.7 0.01719291030759009 0.0035716302569112715 False True -0.028415067574541285 248.11901565976055 -124.05785696593587 -1.0765793898174287 16.649595461028873 -8.293055071129942
340 296 1564.0 1569 192.45624305600026 7.7 0.01719291030759009 0.0035716302569112715 False True -0.028415067574541285 248.11901565976055 -124.05785696593587 -1.0765793898174287 16.649595461028873 -8.293055071129942
340 297 1568.0 1573 193.09527636700025 7.7 0.01719291030759009 0.0035716302569112715 False True -0.028415067574541285 248.11901565976055 -124.05785696593587 -1.0765793898174287 16.649595461028873 -8.293055071129942
340 298 1572.0 1577 193.79738669300028 7.7 0.01719291030759009 0.0035716302569112715 False True -0.028415067574541285 248.11901565976055 -124.05785696593587 -1.0765793898174287 16.649595461028873 -8.293055071129942
340 299 1576.0 1581 194.45588310800028 7.7 0.01719291030759009 0.0035716302569112715 False True -0.028415067574541285 248.11901565976055 -124.05785696593587 -1.0765793898174287 16.649595461028873 -8.293055071129942
340 300 1580.0 1585 195.1348892580003 7.7 0.01719291030759009 0.0035716302569112715 False True -0.028415067574541285 248.11901565976055 -124.05785696593587 -1.0765793898174287 16.649595461028873 -8.293055071129942
340 301 1584.0 1589 195.78357627600028 7.94 0.0035716302569112715 0.01719291030759009 False True -0.028415067574541285 248.11901565976055 -124.05785696593587 -1.0765793898174287 16.649595461028873 -8.293055071129942
340 302 1588.0 1593 196.46275083900028 7.94 0.0035716302569112715 0.01719291030759009 False True -0.028415067574541285 248.11901565976055 -124.05785696593587 -1.0765793898174287 16.649595461028873 -8.293055071129942
340 303 1592.0 1597 197.11963074400032 7.94 0.0035716302569112715 0.01719291030759009 False True -0.028415067574541285 248.11901565976055 -124.05785696593587 -1.0765793898174287 16.649595461028873 -8.293055071129942
340 304 1596.0 1601 197.8176635250003 7.94 0.0035716302569112715 0.01719291030759009 False True -0.028415067574541285 248.11901565976055 -124.05785696593587 -1.0765793898174287 16.649595461028873 -8.293055071129942
340 305 1600.0 1605 198.4770413290003 7.94 0.0035716302569112715 0.01719291030759009 False True -0.028415067574541285 248.11901565976055 -124.05785696593587 -1.0765793898174287 16.649595461028873 -8.293055071129942
340 306 1604.0 1609 199.15788938200032 7.94 0.0035716302569112715 0.01719291030759009 False True -0.028415067574541285 248.11901565976055 -124.05785696593587 -1.0765793898174287 16.649595461028873 -8.293055071129942
340 307 1608.0 1613 199.8596772720003 7.94 0.0035716302569112715 0.01719291030759009 False True -0.028415067574541285 248.11901565976055 -124.05785696593587 -1.0765793898174287 16.649595461028873 -8.293055071129942
340 308 1612.0 1617 200.5193331040003 7.94 0.0035716302569112715 0.01719291030759009 False True -0.028415067574541285 248.11901565976055 -124.05785696593587 -1.0765793898174287 16.649595461028873 -8.293055071129942
340 309 1616.0 1621 201.19916205900032 7.7 0.01719291030759009 0.0035716302569112715 False True -0.028415067574541285 248.11901565976055 -124.05785696593587 -1.0765793898174287 16.649595461028873 -8.293055071129942
340 310 1620.0 1625 201.8584996930003 7.94 0.0035716302569112715 0.01719291030759009 False True -0.028415067574541285 248.11901565976055 -124.05785696593587 -1.0765793898174287 16.649595461028873 -8.293055071129942
340 311 1624.0 1629 202.51390806900028 7.7 0.01719291030759009 0.0035716302569112715 False True -0.028415067574541285 248.11901565976055 -124.05785696593587 -1.0765793898174287 16.649595461028873 -8.293055071129942
340 312 1628.0 1633 203.16129915200028 7.7 0.01719291030759009 0.0035716302569112715 False True -0.028415067574541285 248.11901565976055 -124.05785696593587 -1.0765793898174287 16.649595461028873 -8.293055071129942
340 313 1632.0 1637 203.8543106250003 7.94 0.0035716302569112715 0.01719291030759009 False True -0.028415067574541285 248.11901565976055 -124.05785696593587 -1.0765793898174287 16.649595461028873 -8.293055071129942
340 314 1636.0 1641 204.5137493030003 7.94 0.0035716302569112715 0.01719291030759009 False True -0.028415067574541285 248.11901565976055 -124.05785696593587 -1.0765793898174287 16.649595461028873 -8.293055071129942
340 315 1640.0 1645 205.1407007850003 7.94 0.0035716302569112715 0.01719291030759009 False True -0.028415067574541285 248.11901565976055 -124.05785696593587 -1.0765793898174287 16.649595461028873 -8.293055071129942
340 316 1644.0 1649 205.83926002300032 7.7 0.01719291030759009 0.0026816684197484204 True False -0.028415067574541285 248.11901565976055 -124.05785696593587 -1.0765793898174287 16.649595461028873 -8.293055071129942
340 317 1644.0 1649 206.2422487550003 7.7 0.01719291030759009 0.0026816684197484204 False True -0.028415067574541285 248.11901565976055 -124.05785696593587 -1.0765793898174287 16.649595461028873 -8.293055071129942
340 318 1656.0 1661 206.9000133660003 7.7 0.01719291030759009 0.0035716302569112715 False True -0.028415067574541285 248.11901565976055 -124.05785696593587 -1.0765793898174287 16.649595461028873 -8.293055071129942
340 319 1660.0 1665 207.59748128900029 7.7 0.01719291030759009 0.004588057459189041 True False -0.028415067574541285 248.11901565976055 -124.05785696593587 -1.0765793898174287 16.649595461028873 -8.293055071129942
340 320 1660.0 1665 208.00129398600032 7.7 0.01719291030759009 0.004588057459189041 False True -0.028415067574541285 248.11901565976055 -124.05785696593587 -1.0765793898174287 16.649595461028873 -8.293055071129942
340 321 1672.0 1677 208.66102272900034 7.7 0.01719291030759009 0.004588057459189041 False True -0.028415067574541285 248.11901565976055 -124.05785696593587 -1.0765793898174287 16.649595461028873 -8.293055071129942
340 322 1676.0 1681 209.31944423700034 7.7 0.01719291030759009 0.004588057459189041 False True -0.028415067574541285 248.11901565976055 -124.05785696593587 -1.0765793898174287 16.649595461028873 -8.293055071129942
340 323 1680.0 1685 209.98093541000034 7.7 0.01719291030759009 0.004588057459189041 False True -0.028415067574541285 248.11901565976055 -124.05785696593587 -1.0765793898174287 16.649595461028873 -8.293055071129942
340 324 1684.0 1689 210.67600659700034 7.7 0.01719291030759009 0.004588057459189041 False True -0.028415067574541285 248.11901565976055 -124.05785696593587 -1.0765793898174287 16.649595461028873 -8.293055071129942
340 325 1688.0 1693 211.33700196300035 7.7 0.01719291030759009 0.004588057459189041 False True -0.028415067574541285 248.11901565976055 -124.05785696593587 -1.0765793898174287 16.649595461028873 -8.293055071129942
340 326 1692.0 1697 212.02127712300037 7.7 0.01719291030759009 0.004588057459189041 False True -0.028415067574541285 248.11901565976055 -124.05785696593587 -1.0765793898174287 16.649595461028873 -8.293055071129942
340 327 1696.0 1701 212.6959177020004 7.7 0.01719291030759009 0.004588057459189041 False True -0.028415067574541285 248.11901565976055 -124.05785696593587 -1.0765793898174287 16.649595461028873 -8.293055071129942
340 328 1700.0 1705 213.3775789020004 7.7 0.01719291030759009 0.0035716302569112715 False True -0.028415067574541285 248.11901565976055 -124.05785696593587 -1.0765793898174287 16.649595461028873 -8.293055071129942
340 329 1704.0 1709 214.03468217000042 7.94 0.0035716302569112715 0.0019182746877454806 False True -0.028415067574541285 248.11901565976055 -124.05785696593587 -1.0765793898174287 16.649595461028873 -8.293055071129942
340 330 1708.0 1713 214.72828000000047 7.94 0.0035716302569112715 0.0019182746877454806 False True -0.028415067574541285 248.11901565976055 -124.05785696593587 -1.0765793898174287 16.649595461028873 -8.293055071129942
340 331 1712.0 1717 215.3924424680005 7.7 0.01719291030759009 0.0035716302569112715 False True -0.028415067574541285 248.11901565976055 -124.05785696593587 -1.0765793898174287 16.649595461028873 -8.293055071129942
340 332 1716.0 1721 216.0867435960005 7.7 0.01719291030759009 0.0035716302569112715 False True -0.028415067574541285 248.11901565976055 -124.05785696593587 -1.0765793898174287 16.649595461028873 -8.293055071129942
340 333 1720.0 1725 216.74921405300054 7.7 0.01719291030759009 0.0035716302569112715 False True -0.028415067574541285 248.11901565976055 -124.05785696593587 -1.0765793898174287 16.649595461028873 -8.293055071129942
340 334 1724.0 1729 217.43277937400055 7.7 0.01719291030759009 0.0035716302569112715 False True -0.028415067574541285 248.11901565976055 -124.05785696593587 -1.0765793898174287 16.649595461028873 -8.293055071129942
340 335 1728.0 1733 218.14712246000053 7.7 0.01719291030759009 0.0035716302569112715 False True -0.028415067574541285 248.11901565976055 -124.05785696593587 -1.0765793898174287 16.649595461028873 -8.293055071129942
340 336 1732.0 1737 218.81198022800052 7.7 0.01719291030759009 0.00038833959916950505 False True -0.028415067574541285 248.11901565976055 -124.05785696593587 -1.0765793898174287 16.649595461028873 -8.293055071129942
340 337 1736.0 1741 219.5061699970005 7.7 0.01719291030759009 0.00038833959916950505 False True -0.028415067574541285 248.11901565976055 -124.05785696593587 -1.0765793898174287 16.649595461028873 -8.293055071129942
340 338 1740.0 1745 220.16809661700054 7.7 0.01719291030759009 0.006999833771423423 False True -0.028415067574541285 248.11901565976055 -124.05785696593587 -1.0765793898174287 16.649595461028873 -8.293055071129942
340 339 1744.0 1749 220.85372174800054 7.7 0.01719291030759009 0.006951940090601875 False True -0.028415067574541285 248.11901565976055 -124.05785696593587 -1.0765793898174287 16.649595461028873 -8.293055071129942
340 340 1748.0 1753 221.51520249500052 7.7 0.01719291030759009 0.0035716302569112715 False True -0.028415067574541285 248.11901565976055 -124.05785696593587 -1.0765793898174287 16.649595461028873 -8.293055071129942
340 341 1752.0 1757 222.22766017000052 7.7 0.01719291030759009 0.08758360176618067 False True -0.028415067574541285 248.11901565976055 -124.05785696593587 -1.0765793898174287 16.649595461028873 -8.293055071129942
340 342 1756.0 1761 222.89121790200048 7.7 0.01719291030759009 0.02161187963620613 False True -0.028415067574541285 248.11901565976055 -124.05785696593587 -1.0765793898174287 16.649595461028873 -8.293055071129942
340 343 1760.0 1765 223.58844919100048 7.7 0.01719291030759009 0.02161187963620613 False True -0.028415067574541285 248.11901565976055 -124.05785696593587 -1.0765793898174287 16.649595461028873 -8.293055071129942
340 344 1764.0 1769 224.30733044700045 7.7 0.01719291030759009 0.02161187963620613 False True -0.028415067574541285 248.11901565976055 -124.05785696593587 -1.0765793898174287 16.649595461028873 -8.293055071129942
340 345 1768.0 1773 224.98684308900047 7.68 0.02161187963620613 0.0035716302569112715 False True -0.028415067574541285 248.11901565976055 -124.05785696593587 -1.0765793898174287 16.649595461028873 -8.293055071129942
340 346 1772.0 1777 225.6869995110005 7.7 0.01719291030759009 0.02161187963620613 False True -0.028415067574541285 248.11901565976055 -124.05785696593587 -1.0765793898174287 16.649595461028873 -8.293055071129942
340 347 1776.0 1781 226.3679984330005 7.68 0.02161187963620613 0.0035716302569112715 False True -0.028415067574541285 248.11901565976055 -124.05785696593587 -1.0765793898174287 16.649595461028873 -8.293055071129942
340 348 1780.0 1785 227.06727020900055 7.68 0.02161187963620613 0.00454778162464905 False True -0.028415067574541285 248.11901565976055 -124.05785696593587 -1.0765793898174287 16.649595461028873 -8.293055071129942
340 349 1784.0 1789 227.73302819100056 7.68 0.02161187963620613 0.00454778162464905 False True -0.028415067574541285 248.11901565976055 -124.05785696593587 -1.0765793898174287 16.649595461028873 -8.293055071129942
340 350 1788.0 1793 228.42698026300056 7.68 0.02161187963620613 0.00454778162464905 False True -0.028415067574541285 248.11901565976055 -124.05785696593587 -1.0765793898174287 16.649595461028873 -8.293055071129942
340 351 1792.0 1797 229.0878488940006 7.68 0.02161187963620613 0.00454778162464905 False True -0.028415067574541285 248.11901565976055 -124.05785696593587 -1.0765793898174287 16.649595461028873 -8.293055071129942
340 352 1796.0 1801 229.83006422100058 7.68 0.02161187963620613 0.00454778162464905 False True -0.028415067574541285 248.11901565976055 -124.05785696593587 -1.0765793898174287 16.649595461028873 -8.293055071129942
340 353 1800.0 1805 230.4916579270006 7.68 0.02161187963620613 0.00454778162464905 False True -0.028415067574541285 248.11901565976055 -124.05785696593587 -1.0765793898174287 16.649595461028873 -8.293055071129942
340 354 1804.0 1809 231.18598143500057 7.68 0.02161187963620613 0.00454778162464905 False True -0.028415067574541285 248.11901565976055 -124.05785696593587 -1.0765793898174287 16.649595461028873 -8.293055071129942
340 355 1808.0 1813 231.89097182900056 7.68 0.02161187963620613 0.00454778162464905 False True -0.028415067574541285 248.11901565976055 -124.05785696593587 -1.0765793898174287 16.649595461028873 -8.293055071129942
340 356 1812.0 1817 232.56600087900054 7.68 0.02161187963620613 0.00454778162464905 False True -0.028415067574541285 248.11901565976055 -124.05785696593587 -1.0765793898174287 16.649595461028873 -8.293055071129942
340 357 1816.0 1821 233.25212885200054 7.68 0.02161187963620613 0.00454778162464905 False True -0.028415067574541285 248.11901565976055 -124.05785696593587 -1.0765793898174287 16.649595461028873 -8.293055071129942
340 358 1820.0 1825 233.92497696500052 7.78 0.00454778162464905 0.02161187963620613 False True -0.028415067574541285 248.11901565976055 -124.05785696593587 -1.0765793898174287 16.649595461028873 -8.293055071129942
340 359 1824.0 1829 234.61000049100048 7.78 0.00454778162464905 0.02161187963620613 False True -0.028415067574541285 248.11901565976055 -124.05785696593587 -1.0765793898174287 16.649595461028873 -8.293055071129942
340 360 1828.0 1833 235.2823357650005 7.78 0.00454778162464905 0.02161187963620613 False True -0.028415067574541285 248.11901565976055 -124.05785696593587 -1.0765793898174287 16.649595461028873 -8.293055071129942
340 361 1832.0 1837 235.9854694630005 7.78 0.00454778162464905 0.02161187963620613 False True -0.028415067574541285 248.11901565976055 -124.05785696593587 -1.0765793898174287 16.649595461028873 -8.293055071129942
340 362 1836.0 1841 236.64767041100052 7.78 0.00454778162464905 0.024008998452287704 True False -0.028415067574541285 248.11901565976055 -124.05785696593587 -1.0765793898174287 16.649595461028873 -8.293055071129942
340 363 1836.0 1841 237.04460089100056 7.78 0.00454778162464905 0.024008998452287704 False True -0.028415067574541285 248.11901565976055 -124.05785696593587 -1.0765793898174287 16.649595461028873 -8.293055071129942
340 364 1848.0 1853 237.72526433300058 7.78 0.00454778162464905 0.024008998452287704 False True -0.028415067574541285 248.11901565976055 -124.05785696593587 -1.0765793898174287 16.649595461028873 -8.293055071129942
340 365 1852.0 1857 238.3885831960006 7.78 0.00454778162464905 0.02161187963620613 False True -0.028415067574541285 248.11901565976055 -124.05785696593587 -1.0765793898174287 16.649595461028873 -8.293055071129942
340 366 1856.0 1861 239.07124080300056 7.68 0.02161187963620613 0.00454778162464905 False True -0.028415067574541285 248.11901565976055 -124.05785696593587 -1.0765793898174287 16.649595461028873 -8.293055071129942
340 367 1860.0 1865 239.74364544800054 7.68 0.02161187963620613 0.00454778162464905 False True -0.028415067574541285 248.11901565976055 -124.05785696593587 -1.0765793898174287 16.649595461028873 -8.293055071129942
340 368 1864.0 1869 240.42846710000052 7.68 0.02161187963620613 0.00454778162464905 False True -0.028415067574541285 248.11901565976055 -124.05785696593587 -1.0765793898174287 16.649595461028873 -8.293055071129942
340 369 1868.0 1873 241.10255018700056 7.78 0.00454778162464905 0.02161187963620613 False True -0.028415067574541285 248.11901565976055 -124.05785696593587 -1.0765793898174287 16.649595461028873 -8.293055071129942
340 370 1872.0 1877 241.74250771100057 7.78 0.00454778162464905 0.02161187963620613 False True -0.028415067574541285 248.11901565976055 -124.05785696593587 -1.0765793898174287 16.649595461028873 -8.293055071129942
340 371 1876.0 1881 242.44462854100058 7.78 0.00454778162464905 0.02161187963620613 False True -0.028415067574541285 248.11901565976055 -124.05785696593587 -1.0765793898174287 16.649595461028873 -8.293055071129942
340 372 1880.0 1885 243.10649320600058 7.78 0.00454778162464905 0.024008998452287704 False True -0.028415067574541285 248.11901565976055 -124.05785696593587 -1.0765793898174287 16.649595461028873 -8.293055071129942
340 373 1884.0 1889 243.7889436420006 7.78 0.00454778162464905 0.024008998452287704 False True -0.028415067574541285 248.11901565976055 -124.05785696593587 -1.0765793898174287 16.649595461028873 -8.293055071129942
340 374 1888.0 1893 244.4510872390006 7.78 0.00454778162464905 0.09115757580434664 True False -0.028415067574541285 248.11901565976055 -124.05785696593587 -1.0765793898174287 16.649595461028873 -8.293055071129942
340 375 1888.0 1893 244.86148018800063 7.78 0.00454778162464905 0.09115757580434664 False True -0.028415067574541285 248.11901565976055 -124.05785696593587 -1.0765793898174287 16.649595461028873 -8.293055071129942
340 376 1900.0 1905 245.54949169300065 7.78 0.00454778162464905 0.03194814212354054 True False -0.028415067574541285 248.11901565976055 -124.05785696593587 -1.0765793898174287 16.649595461028873 -8.293055071129942
340 377 1900.0 1905 245.98225005300068 7.78 0.00454778162464905 0.03194814212354054 False True -0.028415067574541285 248.11901565976055 -124.05785696593587 -1.0765793898174287 16.649595461028873 -8.293055071129942
340 378 1912.0 1917 246.64811771100065 7.78 0.00454778162464905 0.004588057459189041 False True -0.028415067574541285 248.11901565976055 -124.05785696593587 -1.0765793898174287 16.649595461028873 -8.293055071129942
340 379 1916.0 1921 247.32988631700064 7.78 0.00454778162464905 0.004588057459189041 False True -0.028415067574541285 248.11901565976055 -124.05785696593587 -1.0765793898174287 16.649595461028873 -8.293055071129942
340 380 1920.0 1925 248.00515986000065 7.78 0.00454778162464905 0.004588057459189041 False True -0.028415067574541285 248.11901565976055 -124.05785696593587 -1.0765793898174287 16.649595461028873 -8.293055071129942
340 381 1924.0 1929 248.68846172800065 7.78 0.00454778162464905 0.004588057459189041 False True -0.028415067574541285 248.11901565976055 -124.05785696593587 -1.0765793898174287 16.649595461028873 -8.293055071129942
340 382 1928.0 1933 249.36492900500062 7.78 0.00454778162464905 0.004588057459189041 False True -0.028415067574541285 248.11901565976055 -124.05785696593587 -1.0765793898174287 16.649595461028873 -8.293055071129942
340 383 1932.0 1937 250.06397462400062 7.78 0.00454778162464905 0.004588057459189041 False True -0.028415067574541285 248.11901565976055 -124.05785696593587 -1.0765793898174287 16.649595461028873 -8.293055071129942
340 384 1936.0 1941 250.72846976800062 7.78 0.00454778162464905 0.004588057459189041 False True -0.028415067574541285 248.11901565976055 -124.05785696593587 -1.0765793898174287 16.649595461028873 -8.293055071129942
340 385 1940.0 1945 251.42201773200063 7.78 0.00454778162464905 0.08597932015554793 True False -0.028415067574541285 248.11901565976055 -124.05785696593587 -1.0765793898174287 16.649595461028873 -8.293055071129942
340 386 1940.0 1945 251.84360874200067 7.78 0.00454778162464905 0.08597932015554793 False True -0.028415067574541285 248.11901565976055 -124.05785696593587 -1.0765793898174287 16.649595461028873 -8.293055071129942
340 387 1952.0 1957 252.5209261970007 7.78 0.00454778162464905 0.08526924319474605 True False -0.028415067574541285 248.11901565976055 -124.05785696593587 -1.0765793898174287 16.649595461028873 -8.293055071129942
340 388 1952.0 1958 252.9083779650007 7.78 0.00454778162464905 0.08526924319474605 False True -0.028415067574541285 248.11901565976055 -124.05785696593587 -1.0765793898174287 16.649595461028873 -8.293055071129942
340 389 1964.0 1970 253.60352299800067 7.78 0.00454778162464905 0.08422962457545136 True False -0.028415067574541285 248.11901565976055 -124.05785696593587 -1.0765793898174287 16.649595461028873 -8.293055071129942
340 390 1964.0 1970 254.02459062100067 7.78 0.00454778162464905 0.08422962457545136 False True -0.028415067574541285 248.11901565976055 -124.05785696593587 -1.0765793898174287 16.649595461028873 -8.293055071129942
340 391 1976.0 1982 254.7016593670007 7.78 0.00454778162464905 0.1775594897134158 True False -0.028415067574541285 248.11901565976055 -124.05785696593587 -1.0765793898174287 16.649595461028873 -8.293055071129942
340 392 1976.0 1982 255.10054608500073 7.78 0.00454778162464905 0.1775594897134158 False True -0.028415067574541285 248.11901565976055 -124.05785696593587 -1.0765793898174287 16.649595461028873 -8.293055071129942
340 393 1988.0 1994 255.7849657760007 7.78 0.00454778162464905 2.536972157503352e-06 True False -0.028415067574541285 248.11901565976055 -124.05785696593587 -1.0765793898174287 16.649595461028873 -8.293055071129942
340 394 1988.0 1994 256.20382502800067 7.78 0.00454778162464905 2.536972157503352e-06 False True -0.028415067574541285 248.11901565976055 -124.05785696593587 -1.0765793898174287 16.649595461028873 -8.293055071129942
