993 0 200.0 201 0.6002695779999954 1.18 0.17620789949168061 0.11434989629364924 False True 0.2555649547447084 139.3241984796917 -69.65811979727046 -1.1325030109200118 1.379444394529577 -0.16626529326383618
993 1 212.0 213 1.2208251229999973 1.82 0.11434989629364924 0.08011378077023316 True False 0.2555649547447084 139.3241984796917 -69.65811979727046 -1.1325030109200118 1.379444394529577 -0.16626529326383618
993 2 212.0 213 1.5983426600000001 1.82 0.11434989629364924 0.08011378077023316 False True 0.2555649547447084 139.3241984796917 -69.65811979727046 -1.1325030109200118 1.379444394529577 -0.16626529326383618
993 3 224.0 225 2.2558041030000027 1.82 0.11434989629364924 0.014495181686359888 False True 0.2555649547447084 139.3241984796917 -69.65811979727046 -1.1325030109200118 1.379444394529577 -0.16626529326383618
993 4 236.0 237 2.880692054000008 1.82 0.11434989629364924 0.1488507272375012 True False 0.2555649547447084 139.3241984796917 -69.65811979727046 -1.1325030109200118 1.379444394529577 -0.16626529326383618
993 5 236.0 237 3.2564640939999947 1.82 0.11434989629364924 0.1488507272375012 False True 0.2555649547447084 139.3241984796917 -69.65811979727046 -1.1325030109200118 1.379444394529577 -0.16626529326383618
993 6 248.0 249 3.8791717359999893 1.82 0.11434989629364924 0.10382161798064057 True False 0.2555649547447084 139.3241984796917 -69.65811979727046 -1.1325030109200118 1.379444394529577 -0.16626529326383618
993 7 248.0 249 4.276863655999989 1.82 0.11434989629364924 0.10382161798064057 False True 0.2555649547447084 139.3241984796917 -69.65811979727046 -1.1325030109200118 1.379444394529577 -0.16626529326383618
993 8 260.0 261 4.900955272999994 1.82 0.11434989629364924 0.11791407010590052 True False 0.2555649547447084 139.3241984796917 -69.65811979727046 -1.1325030109200118 1.379444394529577 -0.16626529326383618
993 9 260.0 261 5.274195627999987 1.82 0.11434989629364924 0.11791407010590052 False True 0.2555649547447084 139.3241984796917 -69.65811979727046 -1.1325030109200118 1.379444394529577 -0.16626529326383618
993 10 272.0 273 5.894771946999981 1.82 0.11434989629364924 0.1234810982499896 True False 0.2555649547447084 139.3241984796917 -69.65811979727046 -1.1325030109200118 1.379444394529577 -0.16626529326383618
993 11 272.0 273 6.292046104999983 1.82 0.11434989629364924 0.1234810982499896 False True 0.2555649547447084 139.3241984796917 -69.65811979727046 -1.1325030109200118 1.379444394529577 -0.16626529326383618
993 12 284.0 285 6.9153804859999894 1.82 0.11434989629364924 0.04557353291940671 True False 0.2555649547447084 139.3241984796917 -69.65811979727046 -1.1325030109200118 1.379444394529577 -0.16626529326383618
993 13 284.0 285 7.290658004999983 1.82 0.11434989629364924 0.04557353291940671 False True 0.2555649547447084 139.3241984796917 -69.65811979727046 -1.1325030109200118 1.379444394529577 -0.16626529326383618
993 14 296.0 297 7.915939150999989 1.82 0.11434989629364924 0.26610322951025445 True False 0.2555649547447084 139.3241984796917 -69.65811979727046 -1.1325030109200118 1.379444394529577 -0.16626529326383618
993 15 296.0 297 8.316192339999986 1.82 0.11434989629364924 0.26610322951025445 False True 0.2555649547447084 139.3241984796917 -69.65811979727046 -1.1325030109200118 1.379444394529577 -0.16626529326383618
993 16 308.0 309 8.950865203999996 1.82 0.11434989629364924 0.20524213437753644 True False 0.2555649547447084 139.3241984796917 -69.65811979727046 -1.1325030109200118 1.379444394529577 -0.16626529326383618
993 17 308.0 310 9.314743315000001 1.82 0.11434989629364924 0.20524213437753644 False True 0.2555649547447084 139.3241984796917 -69.65811979727046 -1.1325030109200118 1.379444394529577 -0.16626529326383618
993 18 320.0 322 9.934686909000007 1.82 0.11434989629364924 0.02071004025892152 True False 0.2555649547447084 139.3241984796917 -69.65811979727046 -1.1325030109200118 1.379444394529577 -0.16626529326383618
993 19 320.0 322 10.332350844000018 1.82 0.11434989629364924 0.02071004025892152 False True 0.2555649547447084 139.3241984796917 -69.65811979727046 -1.1325030109200118 1.379444394529577 -0.16626529326383618
993 20 332.0 334 10.95526789100002 1.82 0.11434989629364924 0.12346209883356676 True False 0.2555649547447084 139.3241984796917 -69.65811979727046 -1.1325030109200118 1.379444394529577 -0.16626529326383618
993 21 332.0 334 11.331813679000007 1.82 0.11434989629364924 0.12346209883356676 False True 0.2555649547447084 139.3241984796917 -69.65811979727046 -1.1325030109200118 1.379444394529577 -0.16626529326383618
993 22 344.0 346 11.951340873000007 1.82 0.11434989629364924 0.08872468830840553 True False 0.2555649547447084 139.3241984796917 -69.65811979727046 -1.1325030109200118 1.379444394529577 -0.16626529326383618
993 23 344.0 346 12.351057755000014 1.82 0.11434989629364924 0.08872468830840553 False True 0.2555649547447084 139.3241984796917 -69.65811979727046 -1.1325030109200118 1.379444394529577 -0.16626529326383618
993 24 356.0 358 12.975720181000014 1.82 0.11434989629364924 0.05594480265908776 True False 0.2555649547447084 139.3241984796917 -69.65811979727046 -1.1325030109200118 1.379444394529577 -0.16626529326383618
993 25 356.0 358 13.356424299000011 1.82 0.11434989629364924 0.05594480265908776 False True 0.2555649547447084 139.3241984796917 -69.65811979727046 -1.1325030109200118 1.379444394529577 -0.16626529326383618
993 26 368.0 370 13.99257746500001 1.82 0.11434989629364924 0.06739758416681046 True False 0.2555649547447084 139.3241984796917 -69.65811979727046 -1.1325030109200118 1.379444394529577 -0.16626529326383618
993 27 368.0 370 14.391386661000013 1.82 0.11434989629364924 0.06739758416681046 False True 0.2555649547447084 139.3241984796917 -69.65811979727046 -1.1325030109200118 1.379444394529577 -0.16626529326383618
993 28 380.0 382 15.015228467 8.2 0.06739758416681046 0.11434989629364924 False True 0.2555649547447084 139.3241984796917 -69.65811979727046 -1.1325030109200118 1.379444394529577 -0.16626529326383618
993 29 384.0 386 15.653078156000007 8.2 0.06739758416681046 0.059662356894915086 True False 0.2555649547447084 139.3241984796917 -69.65811979727046 -1.1325030109200118 1.379444394529577 -0.16626529326383618
993 30 384.0 386 16.038042829999995 8.2 0.06739758416681046 0.059662356894915086 False True 0.2555649547447084 139.3241984796917 -69.65811979727046 -1.1325030109200118 1.379444394529577 -0.16626529326383618
993 31 396.0 398 16.670901316999988 8.2 0.06739758416681046 0.0714365320514026 True False 0.2555649547447084 139.3241984796917 -69.65811979727046 -1.1325030109200118 1.379444394529577 -0.16626529326383618
993 32 396.0 398 17.051263206999977 8.2 0.06739758416681046 0.0714365320514026 False True 0.2555649547447084 139.3241984796917 -69.65811979727046 -1.1325030109200118 1.379444394529577 -0.16626529326383618
993 33 408.0 410 17.678001439999974 8.2 0.06739758416681046 0.0714365320514026 False True 0.2555649547447084 139.3241984796917 -69.65811979727046 -1.1325030109200118 1.379444394529577 -0.16626529326383618
993 34 412.0 414 18.31388482799997 8.2 0.06739758416681046 0.26642776220532055 True False 0.2555649547447084 139.3241984796917 -69.65811979727046 -1.1325030109200118 1.379444394529577 -0.16626529326383618
993 35 412.0 414 18.689169172999968 8.2 0.06739758416681046 0.26642776220532055 False True 0.2555649547447084 139.3241984796917 -69.65811979727046 -1.1325030109200118 1.379444394529577 -0.16626529326383618
993 36 424.0 426 19.312786610999964 8.2 0.06739758416681046 0.11800348451654073 True False 0.2555649547447084 139.3241984796917 -69.65811979727046 -1.1325030109200118 1.379444394529577 -0.16626529326383618
993 37 424.0 426 19.718441350999967 8.2 0.06739758416681046 0.11800348451654073 False True 0.2555649547447084 139.3241984796917 -69.65811979727046 -1.1325030109200118 1.379444394529577 -0.16626529326383618
993 38 436.0 438 20.36084582399998 8.2 0.06739758416681046 0.0007203665378895797 True False 0.2555649547447084 139.3241984796917 -69.65811979727046 -1.1325030109200118 1.379444394529577 -0.16626529326383618
993 39 436.0 439 20.739879027999976 8.2 0.06739758416681046 0.0007203665378895797 False True 0.2555649547447084 139.3241984796917 -69.65811979727046 -1.1325030109200118 1.379444394529577 -0.16626529326383618
993 40 448.0 451 21.37439642299998 8.2 0.06739758416681046 0.1952742002176779 True False 0.2555649547447084 139.3241984796917 -69.65811979727046 -1.1325030109200118 1.379444394529577 -0.16626529326383618
993 41 448.0 451 21.77960331299998 8.2 0.06739758416681046 0.1952742002176779 False True 0.2555649547447084 139.3241984796917 -69.65811979727046 -1.1325030109200118 1.379444394529577 -0.16626529326383618
993 42 460.0 463 22.433340674999982 8.2 0.06739758416681046 0.059662356894915086 False True 0.2555649547447084 139.3241984796917 -69.65811979727046 -1.1325030109200118 1.379444394529577 -0.16626529326383618
993 43 464.0 467 23.07737369999998 8.2 0.06739758416681046 0.0 True False 0.2555649547447084 139.3241984796917 -69.65811979727046 -1.1325030109200118 1.379444394529577 -0.16626529326383618
993 44 464.0 467 23.476229189999984 8.2 0.06739758416681046 0.0 False True 0.2555649547447084 139.3241984796917 -69.65811979727046 -1.1325030109200118 1.379444394529577 -0.16626529326383618
993 45 476.0 479 24.11871013199999 8.2 0.06739758416681046 0.0018068368142677236 True False 0.2555649547447084 139.3241984796917 -69.65811979727046 -1.1325030109200118 1.379444394529577 -0.16626529326383618
993 46 476.0 479 24.510632608999984 8.2 0.06739758416681046 0.0018068368142677236 False True 0.2555649547447084 139.3241984796917 -69.65811979727046 -1.1325030109200118 1.379444394529577 -0.16626529326383618
993 47 488.0 491 25.154848549999983 7.81 0.0018068368142677236 0.0025318342958260934 True False 0.2555649547447084 139.3241984796917 -69.65811979727046 -1.1325030109200118 1.379444394529577 -0.16626529326383618
993 48 488.0 491 25.568376023999974 7.81 0.0018068368142677236 0.0025318342958260934 False True 0.2555649547447084 139.3241984796917 -69.65811979727046 -1.1325030109200118 1.379444394529577 -0.16626529326383618
993 49 500.0 503 26.209821002999973 7.81 0.0018068368142677236 0.0025318342958260934 False True 0.2555649547447084 139.3241984796917 -69.65811979727046 -1.1325030109200118 1.379444394529577 -0.16626529326383618
993 50 504.0 507 26.853325568999963 7.81 0.0018068368142677236 0.0025318342958260934 False True 0.2555649547447084 139.3241984796917 -69.65811979727046 -1.1325030109200118 1.379444394529577 -0.16626529326383618
993 51 508.0 511 27.50739411499997 7.81 0.0018068368142677236 0.0025318342958260934 False True 0.2555649547447084 139.3241984796917 -69.65811979727046 -1.1325030109200118 1.379444394529577 -0.16626529326383618
993 52 512.0 515 28.150715301999966 7.81 0.0018068368142677236 0.0025318342958260934 False True 0.2555649547447084 139.3241984796917 -69.65811979727046 -1.1325030109200118 1.379444394529577 -0.16626529326383618
993 53 516.0 519 28.806097742999953 7.81 0.0018068368142677236 0.0025318342958260934 False True 0.2555649547447084 139.3241984796917 -69.65811979727046 -1.1325030109200118 1.379444394529577 -0.16626529326383618
993 54 520.0 523 29.453126456999954 7.81 0.0018068368142677236 0.0025318342958260934 False True 0.2555649547447084 139.3241984796917 -69.65811979727046 -1.1325030109200118 1.379444394529577 -0.16626529326383618
993 55 524.0 527 30.105569042999946 7.81 0.0018068368142677236 0.0025318342958260934 False True 0.2555649547447084 139.3241984796917 -69.65811979727046 -1.1325030109200118 1.379444394529577 -0.16626529326383618
993 56 528.0 531 30.747035122999947 7.81 0.0018068368142677236 0.0033779315329529117 True False 0.2555649547447084 139.3241984796917 -69.65811979727046 -1.1325030109200118 1.379444394529577 -0.16626529326383618
993 57 528.0 531 31.14827504899995 7.81 0.0018068368142677236 0.0033779315329529117 False True 0.2555649547447084 139.3241984796917 -69.65811979727046 -1.1325030109200118 1.379444394529577 -0.16626529326383618
993 58 540.0 543 31.78407276199995 7.81 0.0018068368142677236 0.0033779315329529117 False True 0.2555649547447084 139.3241984796917 -69.65811979727046 -1.1325030109200118 1.379444394529577 -0.16626529326383618
993 59 544.0 547 32.412409592999964 7.81 0.0018068368142677236 0.0033779315329529117 False True 0.2555649547447084 139.3241984796917 -69.65811979727046 -1.1325030109200118 1.379444394529577 -0.16626529326383618
993 60 548.0 551 33.04921849399997 7.81 0.0018068368142677236 0.0025318342958260934 False True 0.2555649547447084 139.3241984796917 -69.65811979727046 -1.1325030109200118 1.379444394529577 -0.16626529326383618
993 61 552.0 555 33.68469821899997 7.81 0.0018068368142677236 0.0033779315329529117 False True 0.2555649547447084 139.3241984796917 -69.65811979727046 -1.1325030109200118 1.379444394529577 -0.16626529326383618
993 62 556.0 559 34.309256569999974 7.81 0.0018068368142677236 0.0025318342958260934 False True 0.2555649547447084 139.3241984796917 -69.65811979727046 -1.1325030109200118 1.379444394529577 -0.16626529326383618
993 63 560.0 563 34.94713837699997 7.81 0.0018068368142677236 0.004345057030173531 True False 0.2555649547447084 139.3241984796917 -69.65811979727046 -1.1325030109200118 1.379444394529577 -0.16626529326383618
993 64 560.0 563 35.33245481999998 7.81 0.0018068368142677236 0.004345057030173531 False True 0.2555649547447084 139.3241984796917 -69.65811979727046 -1.1325030109200118 1.379444394529577 -0.16626529326383618
993 65 572.0 575 35.96327956399999 7.81 0.0018068368142677236 0.004345057030173531 False True 0.2555649547447084 139.3241984796917 -69.65811979727046 -1.1325030109200118 1.379444394529577 -0.16626529326383618
993 66 576.0 579 36.58746551499998 7.81 0.0018068368142677236 0.0033779315329529117 False True 0.2555649547447084 139.3241984796917 -69.65811979727046 -1.1325030109200118 1.379444394529577 -0.16626529326383618
993 67 580.0 583 37.209671069999985 7.81 0.0018068368142677236 0.004345057030173531 False True 0.2555649547447084 139.3241984796917 -69.65811979727046 -1.1325030109200118 1.379444394529577 -0.16626529326383618
993 68 584.0 587 37.83250208999998 7.81 0.0018068368142677236 0.06739758416681046 False True 0.2555649547447084 139.3241984796917 -69.65811979727046 -1.1325030109200118 1.379444394529577 -0.16626529326383618
993 69 588.0 591 38.46068267499999 7.81 0.0018068368142677236 0.0025318342958260934 False True 0.2555649547447084 139.3241984796917 -69.65811979727046 -1.1325030109200118 1.379444394529577 -0.16626529326383618
993 70 592.0 595 39.08441650799999 7.81 0.0018068368142677236 0.0025318342958260934 False True 0.2555649547447084 139.3241984796917 -69.65811979727046 -1.1325030109200118 1.379444394529577 -0.16626529326383618
993 71 596.0 599 39.706480245999984 7.81 0.0018068368142677236 0.0025318342958260934 False True 0.2555649547447084 139.3241984796917 -69.65811979727046 -1.1325030109200118 1.379444394529577 -0.16626529326383618
993 72 600.0 603 40.34122404799999 7.81 0.0018068368142677236 0.0025318342958260934 False True 0.2555649547447084 139.3241984796917 -69.65811979727046 -1.1325030109200118 1.379444394529577 -0.16626529326383618
993 73 604.0 607 40.96517009199998 7.81 0.0018068368142677236 0.0025318342958260934 False True 0.2555649547447084 139.3241984796917 -69.65811979727046 -1.1325030109200118 1.379444394529577 -0.16626529326383618
993 74 608.0 611 41.60179228699998 7.8 0.0025318342958260934 0.0018068368142677236 False True 0.2555649547447084 139.3241984796917 -69.65811979727046 -1.1325030109200118 1.379444394529577 -0.16626529326383618
993 75 612.0 615 42.22232556199998 7.8 0.0025318342958260934 0.0018068368142677236 False True 0.2555649547447084 139.3241984796917 -69.65811979727046 -1.1325030109200118 1.379444394529577 -0.16626529326383618
993 76 616.0 619 42.84455305499998 7.8 0.0025318342958260934 0.0018068368142677236 False True 0.2555649547447084 139.3241984796917 -69.65811979727046 -1.1325030109200118 1.379444394529577 -0.16626529326383618
993 77 620.0 623 43.46525340499997 7.8 0.0025318342958260934 0.0018068368142677236 False True 0.2555649547447084 139.3241984796917 -69.65811979727046 -1.1325030109200118 1.379444394529577 -0.16626529326383618
993 78 624.0 627 44.09754724099997 7.8 0.0025318342958260934 0.0018068368142677236 False True 0.2555649547447084 139.3241984796917 -69.65811979727046 -1.1325030109200118 1.379444394529577 -0.16626529326383618
993 79 628.0 631 44.740860428999966 7.8 0.0025318342958260934 0.0018068368142677236 False True 0.2555649547447084 139.3241984796917 -69.65811979727046 -1.1325030109200118 1.379444394529577 -0.16626529326383618
993 80 632.0 635 45.36530915599997 7.8 0.0025318342958260934 0.3819001785925458 True False 0.2555649547447084 139.3241984796917 -69.65811979727046 -1.1325030109200118 1.379444394529577 -0.16626529326383618
993 81 632.0 635 45.74501901099997 7.8 0.0025318342958260934 0.3819001785925458 False True 0.2555649547447084 139.3241984796917 -69.65811979727046 -1.1325030109200118 1.379444394529577 -0.16626529326383618
993 82 644.0 647 46.38321563599996 7.8 0.0025318342958260934 0.14978439866384358 True False 0.2555649547447084 139.3241984796917 -69.65811979727046 -1.1325030109200118 1.379444394529577 -0.16626529326383618
993 83 644.0 647 46.77994161399995 7.8 0.0025318342958260934 0.14978439866384358 False True 0.2555649547447084 139.3241984796917 -69.65811979727046 -1.1325030109200118 1.379444394529577 -0.16626529326383618
993 84 656.0 659 47.40305445299995 7.8 0.0025318342958260934 0.0018068368142677236 False True 0.2555649547447084 139.3241984796917 -69.65811979727046 -1.1325030109200118 1.379444394529577 -0.16626529326383618
993 85 660.0 663 48.039340828999954 7.8 0.0025318342958260934 0.06739758416681046 False True 0.2555649547447084 139.3241984796917 -69.65811979727046 -1.1325030109200118 1.379444394529577 -0.16626529326383618
993 86 664.0 667 48.66323140099995 7.8 0.0025318342958260934 0.06739758416681046 False True 0.2555649547447084 139.3241984796917 -69.65811979727046 -1.1325030109200118 1.379444394529577 -0.16626529326383618
993 87 668.0 671 49.30771917199995 7.8 0.0025318342958260934 0.06739758416681046 False True 0.2555649547447084 139.3241984796917 -69.65811979727046 -1.1325030109200118 1.379444394529577 -0.16626529326383618
993 88 672.0 675 49.95637472399994 7.8 0.0025318342958260934 0.0007203665378895797 False True 0.2555649547447084 139.3241984796917 -69.65811979727046 -1.1325030109200118 1.379444394529577 -0.16626529326383618
993 89 676.0 679 50.60765599499993 7.8 0.0025318342958260934 0.0007203665378895797 False True 0.2555649547447084 139.3241984796917 -69.65811979727046 -1.1325030109200118 1.379444394529577 -0.16626529326383618
993 90 680.0 683 51.25424165899993 7.8 0.0025318342958260934 0.06739758416681046 False True 0.2555649547447084 139.3241984796917 -69.65811979727046 -1.1325030109200118 1.379444394529577 -0.16626529326383618
993 91 684.0 687 51.905050516999935 7.8 0.0025318342958260934 0.06739758416681046 False True 0.2555649547447084 139.3241984796917 -69.65811979727046 -1.1325030109200118 1.379444394529577 -0.16626529326383618
993 92 688.0 691 52.55755286699993 7.8 0.0025318342958260934 0.0018068368142677236 False True 0.2555649547447084 139.3241984796917 -69.65811979727046 -1.1325030109200118 1.379444394529577 -0.16626529326383618
993 93 692.0 695 53.215143323999925 7.8 0.0025318342958260934 0.0018068368142677236 False True 0.2555649547447084 139.3241984796917 -69.65811979727046 -1.1325030109200118 1.379444394529577 -0.16626529326383618
993 94 696.0 699 53.87269001499993 7.81 0.0018068368142677236 0.0025318342958260934 False True 0.2555649547447084 139.3241984796917 -69.65811979727046 -1.1325030109200118 1.379444394529577 -0.16626529326383618
993 95 700.0 703 54.53148477299993 7.81 0.0018068368142677236 0.0025318342958260934 False True 0.2555649547447084 139.3241984796917 -69.65811979727046 -1.1325030109200118 1.379444394529577 -0.16626529326383618
993 96 704.0 707 55.19015370999993 7.81 0.0018068368142677236 0.0025318342958260934 False True 0.2555649547447084 139.3241984796917 -69.65811979727046 -1.1325030109200118 1.379444394529577 -0.16626529326383618
993 97 708.0 711 55.85192427799993 7.81 0.0018068368142677236 0.0025318342958260934 False True 0.2555649547447084 139.3241984796917 -69.65811979727046 -1.1325030109200118 1.379444394529577 -0.16626529326383618
993 98 712.0 715 56.51041171499993 7.81 0.0018068368142677236 0.0033779315329529117 False True 0.2555649547447084 139.3241984796917 -69.65811979727046 -1.1325030109200118 1.379444394529577 -0.16626529326383618
993 99 716.0 719 57.16953023099994 7.81 0.0018068368142677236 0.0025318342958260934 False True 0.2555649547447084 139.3241984796917 -69.65811979727046 -1.1325030109200118 1.379444394529577 -0.16626529326383618
993 100 720.0 723 57.82961325499993 7.8 0.0025318342958260934 0.0033779315329529117 False True 0.2555649547447084 139.3241984796917 -69.65811979727046 -1.1325030109200118 1.379444394529577 -0.16626529326383618
993 101 724.0 727 58.491399803999926 7.8 0.0025318342958260934 0.0033779315329529117 False True 0.2555649547447084 139.3241984796917 -69.65811979727046 -1.1325030109200118 1.379444394529577 -0.16626529326383618
993 102 728.0 731 59.15045044999992 7.8 0.0025318342958260934 0.0033779315329529117 False True 0.2555649547447084 139.3241984796917 -69.65811979727046 -1.1325030109200118 1.379444394529577 -0.16626529326383618
993 103 732.0 735 59.81240160699993 7.8 0.0025318342958260934 0.0033779315329529117 False True 0.2555649547447084 139.3241984796917 -69.65811979727046 -1.1325030109200118 1.379444394529577 -0.16626529326383618
993 104 736.0 739 60.47118246499994 7.8 0.0025318342958260934 0.0033779315329529117 False True 0.2555649547447084 139.3241984796917 -69.65811979727046 -1.1325030109200118 1.379444394529577 -0.16626529326383618
993 105 740.0 743 61.14327192499994 7.8 0.0025318342958260934 0.0033779315329529117 False True 0.2555649547447084 139.3241984796917 -69.65811979727046 -1.1325030109200118 1.379444394529577 -0.16626529326383618
993 106 744.0 747 61.79250848399991 7.8 0.0025318342958260934 0.0033779315329529117 False True 0.2555649547447084 139.3241984796917 -69.65811979727046 -1.1325030109200118 1.379444394529577 -0.16626529326383618
993 107 748.0 751 62.4663949989999 7.8 0.0025318342958260934 0.0033779315329529117 False True 0.2555649547447084 139.3241984796917 -69.65811979727046 -1.1325030109200118 1.379444394529577 -0.16626529326383618
993 108 752.0 755 63.147980411999896 7.79 0.0033779315329529117 0.0025318342958260934 False True 0.2555649547447084 139.3241984796917 -69.65811979727046 -1.1325030109200118 1.379444394529577 -0.16626529326383618
993 109 756.0 759 63.8220934579999 7.8 0.0025318342958260934 0.0033779315329529117 False True 0.2555649547447084 139.3241984796917 -69.65811979727046 -1.1325030109200118 1.379444394529577 -0.16626529326383618
993 110 760.0 763 64.4830333809999 7.8 0.0025318342958260934 0.004345057030173531 False True 0.2555649547447084 139.3241984796917 -69.65811979727046 -1.1325030109200118 1.379444394529577 -0.16626529326383618
993 111 764.0 767 65.1434385869999 7.8 0.0025318342958260934 0.004345057030173531 False True 0.2555649547447084 139.3241984796917 -69.65811979727046 -1.1325030109200118 1.379444394529577 -0.16626529326383618
993 112 768.0 771 65.82806947199992 7.81 0.0018068368142677236 0.06739758416681046 False True 0.2555649547447084 139.3241984796917 -69.65811979727046 -1.1325030109200118 1.379444394529577 -0.16626529326383618
993 113 772.0 775 66.50131829699993 8.2 0.06739758416681046 0.0018068368142677236 False True 0.2555649547447084 139.3241984796917 -69.65811979727046 -1.1325030109200118 1.379444394529577 -0.16626529326383618
993 114 776.0 779 67.16325919899992 7.81 0.0018068368142677236 0.16144056223708728 True False 0.2555649547447084 139.3241984796917 -69.65811979727046 -1.1325030109200118 1.379444394529577 -0.16626529326383618
993 115 776.0 779 67.58443730199991 7.81 0.0018068368142677236 0.16144056223708728 False True 0.2555649547447084 139.3241984796917 -69.65811979727046 -1.1325030109200118 1.379444394529577 -0.16626529326383618
993 116 788.0 791 68.2590351419999 7.8 0.0025318342958260934 0.004345057030173531 False True 0.2555649547447084 139.3241984796917 -69.65811979727046 -1.1325030109200118 1.379444394529577 -0.16626529326383618
993 117 792.0 795 68.9256174199999 7.8 0.0025318342958260934 0.11434989629364924 False True 0.2555649547447084 139.3241984796917 -69.65811979727046 -1.1325030109200118 1.379444394529577 -0.16626529326383618
993 118 796.0 799 69.59813720199989 7.81 0.0018068368142677236 0.004345057030173531 False True 0.2555649547447084 139.3241984796917 -69.65811979727046 -1.1325030109200118 1.379444394529577 -0.16626529326383618
993 119 800.0 803 70.24159432199988 7.8 0.0025318342958260934 0.19607187623521743 True False 0.2555649547447084 139.3241984796917 -69.65811979727046 -1.1325030109200118 1.379444394529577 -0.16626529326383618
993 120 800.0 804 70.63963041899987 7.8 0.0025318342958260934 0.19607187623521743 False True 0.2555649547447084 139.3241984796917 -69.65811979727046 -1.1325030109200118 1.379444394529577 -0.16626529326383618
993 121 812.0 816 71.30037244499988 7.8 0.0025318342958260934 2.423882591144669e-06 True False 0.2555649547447084 139.3241984796917 -69.65811979727046 -1.1325030109200118 1.379444394529577 -0.16626529326383618
993 122 812.0 816 71.72097865099988 7.8 0.0025318342958260934 2.423882591144669e-06 False True 0.2555649547447084 139.3241984796917 -69.65811979727046 -1.1325030109200118 1.379444394529577 -0.16626529326383618
993 123 824.0 828 72.39518315699988 7.8 0.0025318342958260934 0.0 False True 0.2555649547447084 139.3241984796917 -69.65811979727046 -1.1325030109200118 1.379444394529577 -0.16626529326383618
993 124 828.0 832 73.07212707699989 7.8 0.0025318342958260934 0.0 False True 0.2555649547447084 139.3241984796917 -69.65811979727046 -1.1325030109200118 1.379444394529577 -0.16626529326383618
993 125 832.0 836 73.73673512999991 7.8 0.0025318342958260934 0.0 False True 0.2555649547447084 139.3241984796917 -69.65811979727046 -1.1325030109200118 1.379444394529577 -0.16626529326383618
993 126 836.0 840 74.41157489799991 7.8 0.0025318342958260934 0.0 False True 0.2555649547447084 139.3241984796917 -69.65811979727046 -1.1325030109200118 1.379444394529577 -0.16626529326383618
993 127 840.0 844 75.0923956799999 7.8 0.0025318342958260934 0.08875794578918757 True False 0.2555649547447084 139.3241984796917 -69.65811979727046 -1.1325030109200118 1.379444394529577 -0.16626529326383618
993 128 840.0 844 75.49180786199989 7.8 0.0025318342958260934 0.08875794578918757 False True 0.2555649547447084 139.3241984796917 -69.65811979727046 -1.1325030109200118 1.379444394529577 -0.16626529326383618
993 129 852.0 856 76.1546668689999 1.46 0.08875794578918757 0.08607082284221286 True False 0.2555649547447084 139.3241984796917 -69.65811979727046 -1.1325030109200118 1.379444394529577 -0.16626529326383618
993 130 852.0 856 76.58303827299989 1.46 0.08875794578918757 0.08607082284221286 False True 0.2555649547447084 139.3241984796917 -69.65811979727046 -1.1325030109200118 1.379444394529577 -0.16626529326383618
993 131 864.0 868 77.25072620899991 1.46 0.08875794578918757 0.08607082284221286 False True 0.2555649547447084 139.3241984796917 -69.65811979727046 -1.1325030109200118 1.379444394529577 -0.16626529326383618
993 132 868.0 872 77.9162594119999 1.46 0.08875794578918757 0.08607082284221286 False True 0.2555649547447084 139.3241984796917 -69.65811979727046 -1.1325030109200118 1.379444394529577 -0.16626529326383618
993 133 872.0 876 78.59197675999991 1.46 0.08875794578918757 0.08607082284221286 False True 0.2555649547447084 139.3241984796917 -69.65811979727046 -1.1325030109200118 1.379444394529577 -0.16626529326383618
993 134 876.0 880 79.27043641799992 1.46 0.08875794578918757 0.08607082284221286 False True 0.2555649547447084 139.3241984796917 -69.65811979727046 -1.1325030109200118 1.379444394529577 -0.16626529326383618
993 135 880.0 884 79.95288166999993 7.8 0.0025318342958260934 0.08607082284221286 False True 0.2555649547447084 139.3241984796917 -69.65811979727046 -1.1325030109200118 1.379444394529577 -0.16626529326383618
993 136 884.0 888 80.63087326399992 7.8 0.0025318342958260934 0.08607082284221286 False True 0.2555649547447084 139.3241984796917 -69.65811979727046 -1.1325030109200118 1.379444394529577 -0.16626529326383618
993 137 888.0 892 81.3118999749999 7.8 0.0025318342958260934 0.08490836980065557 True False 0.2555649547447084 139.3241984796917 -69.65811979727046 -1.1325030109200118 1.379444394529577 -0.16626529326383618
993 138 888.0 892 81.7129476149999 7.8 0.0025318342958260934 0.08490836980065557 False True 0.2555649547447084 139.3241984796917 -69.65811979727046 -1.1325030109200118 1.379444394529577 -0.16626529326383618
993 139 900.0 904 82.39037963699991 7.8 0.0025318342958260934 0.08607082284221286 False True 0.2555649547447084 139.3241984796917 -69.65811979727046 -1.1325030109200118 1.379444394529577 -0.16626529326383618
993 140 904.0 908 83.06692990699989 1.48 0.08607082284221286 0.09192719082043578 True False 0.2555649547447084 139.3241984796917 -69.65811979727046 -1.1325030109200118 1.379444394529577 -0.16626529326383618
993 141 904.0 908 83.47170501299988 1.48 0.08607082284221286 0.09192719082043578 False True 0.2555649547447084 139.3241984796917 -69.65811979727046 -1.1325030109200118 1.379444394529577 -0.16626529326383618
993 142 916.0 920 84.1644851399999 1.44 0.09192719082043578 0.08607082284221286 False True 0.2555649547447084 139.3241984796917 -69.65811979727046 -1.1325030109200118 1.379444394529577 -0.16626529326383618
993 143 920.0 924 84.84527023799987 1.44 0.09192719082043578 0.0025318342958260934 False True 0.2555649547447084 139.3241984796917 -69.65811979727046 -1.1325030109200118 1.379444394529577 -0.16626529326383618
993 144 924.0 928 85.52712256599989 1.44 0.09192719082043578 0.08735405350891703 True False 0.2555649547447084 139.3241984796917 -69.65811979727046 -1.1325030109200118 1.379444394529577 -0.16626529326383618
993 145 924.0 928 85.94981435299988 1.44 0.09192719082043578 0.08735405350891703 False True 0.2555649547447084 139.3241984796917 -69.65811979727046 -1.1325030109200118 1.379444394529577 -0.16626529326383618
993 146 936.0 940 86.6293549479999 1.47 0.08735405350891703 0.09192719082043578 False True 0.2555649547447084 139.3241984796917 -69.65811979727046 -1.1325030109200118 1.379444394529577 -0.16626529326383618
993 147 940.0 944 87.34025105899988 1.44 0.09192719082043578 0.08735405350891703 False True 0.2555649547447084 139.3241984796917 -69.65811979727046 -1.1325030109200118 1.379444394529577 -0.16626529326383618
993 148 944.0 948 88.02417249099989 1.47 0.08735405350891703 0.09192719082043578 False True 0.2555649547447084 139.3241984796917 -69.65811979727046 -1.1325030109200118 1.379444394529577 -0.16626529326383618
993 149 948.0 952 88.70456916299989 1.44 0.09192719082043578 0.08735405350891703 False True 0.2555649547447084 139.3241984796917 -69.65811979727046 -1.1325030109200118 1.379444394529577 -0.16626529326383618
993 150 952.0 956 89.3966876239999 1.44 0.09192719082043578 0.08607082284221286 False True 0.2555649547447084 139.3241984796917 -69.65811979727046 -1.1325030109200118 1.379444394529577 -0.16626529326383618
993 151 956.0 960 90.04294068699991 7.8 0.0025318342958260934 0.0936922512642253 True False 0.2555649547447084 139.3241984796917 -69.65811979727046 -1.1325030109200118 1.379444394529577 -0.16626529326383618
993 152 956.0 960 90.45878898299992 7.8 0.0025318342958260934 0.0936922512642253 False True 0.2555649547447084 139.3241984796917 -69.65811979727046 -1.1325030109200118 1.379444394529577 -0.16626529326383618
993 153 968.0 972 91.16306519399993 7.8 0.0025318342958260934 0.09028237160414757 True False 0.2555649547447084 139.3241984796917 -69.65811979727046 -1.1325030109200118 1.379444394529577 -0.16626529326383618
993 154 968.0 972 91.59435027899994 7.8 0.0025318342958260934 0.09028237160414757 False True 0.2555649547447084 139.3241984796917 -69.65811979727046 -1.1325030109200118 1.379444394529577 -0.16626529326383618
993 155 980.0 984 92.27508253399995 7.8 0.0025318342958260934 0.09192719082043578 False True 0.2555649547447084 139.3241984796917 -69.65811979727046 -1.1325030109200118 1.379444394529577 -0.16626529326383618
993 156 984.0 988 92.94047581799995 7.8 0.0025318342958260934 0.09192719082043578 False True 0.2555649547447084 139.3241984796917 -69.65811979727046 -1.1325030109200118 1.379444394529577 -0.16626529326383618
993 157 988.0 992 93.61653421399996 7.8 0.0025318342958260934 0.09192719082043578 False True 0.2555649547447084 139.3241984796917 -69.65811979727046 -1.1325030109200118 1.379444394529577 -0.16626529326383618
993 158 992.0 996 94.29500590199996 7.8 0.0025318342958260934 0.09192719082043578 False True 0.2555649547447084 139.3241984796917 -69.65811979727046 -1.1325030109200118 1.379444394529577 -0.16626529326383618
993 159 996.0 1000 94.97241143499994 7.8 0.0025318342958260934 0.09192719082043578 False True 0.2555649547447084 139.3241984796917 -69.65811979727046 -1.1325030109200118 1.379444394529577 -0.16626529326383618
993 160 1000.0 1004 95.63871851899995 7.8 0.0025318342958260934 0.08875794578918757 False True 0.2555649547447084 139.3241984796917 -69.65811979727046 -1.1325030109200118 1.379444394529577 -0.16626529326383618
993 161 1004.0 1008 96.31829375199993 7.8 0.0025318342958260934 0.09192719082043578 False True 0.2555649547447084 139.3241984796917 -69.65811979727046 -1.1325030109200118 1.379444394529577 -0.16626529326383618
993 162 1008.0 1012 96.99520819899993 7.8 0.0025318342958260934 0.08607082284221286 False True 0.2555649547447084 139.3241984796917 -69.65811979727046 -1.1325030109200118 1.379444394529577 -0.16626529326383618
993 163 1012.0 1016 97.67513054599993 7.8 0.0025318342958260934 0.08607082284221286 False True 0.2555649547447084 139.3241984796917 -69.65811979727046 -1.1325030109200118 1.379444394529577 -0.16626529326383618
993 164 1016.0 1020 98.38643528999995 7.8 0.0025318342958260934 0.0936922512642253 False True 0.2555649547447084 139.3241984796917 -69.65811979727046 -1.1325030109200118 1.379444394529577 -0.16626529326383618
993 165 1020.0 1024 99.08047562999997 7.8 0.0025318342958260934 0.0714365320514026 False True 0.2555649547447084 139.3241984796917 -69.65811979727046 -1.1325030109200118 1.379444394529577 -0.16626529326383618
993 166 1024.0 1028 99.74077425999997 7.8 0.0025318342958260934 0.08607082284221286 False True 0.2555649547447084 139.3241984796917 -69.65811979727046 -1.1325030109200118 1.379444394529577 -0.16626529326383618
993 167 1028.0 1032 100.46066608999999 7.8 0.0025318342958260934 0.08875794578918757 False True 0.2555649547447084 139.3241984796917 -69.65811979727046 -1.1325030109200118 1.379444394529577 -0.16626529326383618
993 168 1032.0 1036 101.14354374299998 7.8 0.0025318342958260934 0.08875794578918757 False True 0.2555649547447084 139.3241984796917 -69.65811979727046 -1.1325030109200118 1.379444394529577 -0.16626529326383618
993 169 1036.0 1040 101.84227973199998 7.8 0.0025318342958260934 0.00037102874428286594 True False 0.2555649547447084 139.3241984796917 -69.65811979727046 -1.1325030109200118 1.379444394529577 -0.16626529326383618
993 170 1036.0 1040 102.28187798299999 7.8 0.0025318342958260934 0.00037102874428286594 False True 0.2555649547447084 139.3241984796917 -69.65811979727046 -1.1325030109200118 1.379444394529577 -0.16626529326383618
993 171 1048.0 1052 102.983760853 7.89 0.00037102874428286594 0.0025318342958260934 False True 0.2555649547447084 139.3241984796917 -69.65811979727046 -1.1325030109200118 1.379444394529577 -0.16626529326383618
993 172 1052.0 1056 103.69835807800001 7.89 0.00037102874428286594 0.0025318342958260934 False True 0.2555649547447084 139.3241984796917 -69.65811979727046 -1.1325030109200118 1.379444394529577 -0.16626529326383618
993 173 1056.0 1060 104.40089265500004 7.89 0.00037102874428286594 0.0025318342958260934 False True 0.2555649547447084 139.3241984796917 -69.65811979727046 -1.1325030109200118 1.379444394529577 -0.16626529326383618
993 174 1060.0 1064 105.11527300900002 7.8 0.0025318342958260934 0.00037102874428286594 False True 0.2555649547447084 139.3241984796917 -69.65811979727046 -1.1325030109200118 1.379444394529577 -0.16626529326383618
993 175 1064.0 1068 105.82019791400003 7.89 0.00037102874428286594 0.0025318342958260934 False True 0.2555649547447084 139.3241984796917 -69.65811979727046 -1.1325030109200118 1.379444394529577 -0.16626529326383618
993 176 1068.0 1072 106.53312982700004 7.8 0.0025318342958260934 0.00037102874428286594 False True 0.2555649547447084 139.3241984796917 -69.65811979727046 -1.1325030109200118 1.379444394529577 -0.16626529326383618
993 177 1072.0 1076 107.24208116100004 7.8 0.0025318342958260934 0.00037102874428286594 False True 0.2555649547447084 139.3241984796917 -69.65811979727046 -1.1325030109200118 1.379444394529577 -0.16626529326383618
993 178 1076.0 1080 107.97752456300006 7.89 0.00037102874428286594 0.0025318342958260934 False True 0.2555649547447084 139.3241984796917 -69.65811979727046 -1.1325030109200118 1.379444394529577 -0.16626529326383618
993 179 1080.0 1084 108.69503376700007 7.89 0.00037102874428286594 0.0025318342958260934 False True 0.2555649547447084 139.3241984796917 -69.65811979727046 -1.1325030109200118 1.379444394529577 -0.16626529326383618
993 180 1084.0 1088 109.43427877100007 7.89 0.00037102874428286594 0.0025318342958260934 False True 0.2555649547447084 139.3241984796917 -69.65811979727046 -1.1325030109200118 1.379444394529577 -0.16626529326383618
993 181 1088.0 1092 110.13894890300006 7.89 0.00037102874428286594 0.0025318342958260934 False True 0.2555649547447084 139.3241984796917 -69.65811979727046 -1.1325030109200118 1.379444394529577 -0.16626529326383618
993 182 1092.0 1096 110.85618458600004 7.89 0.00037102874428286594 0.0025318342958260934 False True 0.2555649547447084 139.3241984796917 -69.65811979727046 -1.1325030109200118 1.379444394529577 -0.16626529326383618
993 183 1096.0 1100 111.57202688000004 7.89 0.00037102874428286594 0.0025318342958260934 False True 0.2555649547447084 139.3241984796917 -69.65811979727046 -1.1325030109200118 1.379444394529577 -0.16626529326383618
993 184 1100.0 1104 112.28898151000004 7.89 0.00037102874428286594 0.0025318342958260934 False True 0.2555649547447084 139.3241984796917 -69.65811979727046 -1.1325030109200118 1.379444394529577 -0.16626529326383618
993 185 1104.0 1108 112.99548443600005 7.89 0.00037102874428286594 0.0025318342958260934 False True 0.2555649547447084 139.3241984796917 -69.65811979727046 -1.1325030109200118 1.379444394529577 -0.16626529326383618
993 186 1108.0 1112 113.79010234200007 7.89 0.00037102874428286594 0.0025318342958260934 False True 0.2555649547447084 139.3241984796917 -69.65811979727046 -1.1325030109200118 1.379444394529577 -0.16626529326383618
993 187 1112.0 1116 114.51803023700006 7.89 0.00037102874428286594 0.0025318342958260934 False True 0.2555649547447084 139.3241984796917 -69.65811979727046 -1.1325030109200118 1.379444394529577 -0.16626529326383618
993 188 1116.0 1120 115.25960358400008 7.89 0.00037102874428286594 0.0025318342958260934 False True 0.2555649547447084 139.3241984796917 -69.65811979727046 -1.1325030109200118 1.379444394529577 -0.16626529326383618
993 189 1120.0 1124 115.97736704400006 7.89 0.00037102874428286594 0.0025318342958260934 False True 0.2555649547447084 139.3241984796917 -69.65811979727046 -1.1325030109200118 1.379444394529577 -0.16626529326383618
993 190 1124.0 1128 116.71925308000004 7.89 0.00037102874428286594 0.0007371466138150963 True False 0.2555649547447084 139.3241984796917 -69.65811979727046 -1.1325030109200118 1.379444394529577 -0.16626529326383618
993 191 1124.0 1129 117.16128101800007 7.89 0.00037102874428286594 0.0007371466138150963 False True 0.2555649547447084 139.3241984796917 -69.65811979727046 -1.1325030109200118 1.379444394529577 -0.16626529326383618
993 192 1136.0 1141 117.87955359100008 7.89 0.00037102874428286594 0.0025318342958260934 False True 0.2555649547447084 139.3241984796917 -69.65811979727046 -1.1325030109200118 1.379444394529577 -0.16626529326383618
993 193 1140.0 1145 118.56260262000006 7.89 0.00037102874428286594 0.0025318342958260934 False True 0.2555649547447084 139.3241984796917 -69.65811979727046 -1.1325030109200118 1.379444394529577 -0.16626529326383618
993 194 1144.0 1149 119.32297452600005 7.89 0.00037102874428286594 0.0001261086281552108 True False 0.2555649547447084 139.3241984796917 -69.65811979727046 -1.1325030109200118 1.379444394529577 -0.16626529326383618
993 195 1144.0 1149 119.78032488900004 7.89 0.00037102874428286594 0.0001261086281552108 False True 0.2555649547447084 139.3241984796917 -69.65811979727046 -1.1325030109200118 1.379444394529577 -0.16626529326383618
993 196 1156.0 1161 120.50055920100004 7.89 0.00037102874428286594 0.0001261086281552108 False True 0.2555649547447084 139.3241984796917 -69.65811979727046 -1.1325030109200118 1.379444394529577 -0.16626529326383618
993 197 1160.0 1165 121.25431839400005 7.89 0.00037102874428286594 0.0001261086281552108 False True 0.2555649547447084 139.3241984796917 -69.65811979727046 -1.1325030109200118 1.379444394529577 -0.16626529326383618
993 198 1164.0 1169 121.97116581700004 7.89 0.00037102874428286594 0.0001261086281552108 False True 0.2555649547447084 139.3241984796917 -69.65811979727046 -1.1325030109200118 1.379444394529577 -0.16626529326383618
993 199 1168.0 1173 122.71571249900003 7.89 0.00037102874428286594 0.0001261086281552108 False True 0.2555649547447084 139.3241984796917 -69.65811979727046 -1.1325030109200118 1.379444394529577 -0.16626529326383618
993 200 1172.0 1177 123.43462328000001 7.89 0.00037102874428286594 0.0001261086281552108 False True 0.2555649547447084 139.3241984796917 -69.65811979727046 -1.1325030109200118 1.379444394529577 -0.16626529326383618
993 201 1176.0 1181 124.1896506 7.89 0.00037102874428286594 0.0001261086281552108 False True 0.2555649547447084 139.3241984796917 -69.65811979727046 -1.1325030109200118 1.379444394529577 -0.16626529326383618
993 202 1180.0 1185 124.89676300399998 7.89 0.00037102874428286594 0.0001261086281552108 False True 0.2555649547447084 139.3241984796917 -69.65811979727046 -1.1325030109200118 1.379444394529577 -0.16626529326383618
993 203 1184.0 1189 125.65329438699999 7.89 0.00037102874428286594 0.0001261086281552108 False True 0.2555649547447084 139.3241984796917 -69.65811979727046 -1.1325030109200118 1.379444394529577 -0.16626529326383618
993 204 1188.0 1193 126.37429372999998 7.89 0.00037102874428286594 0.0001261086281552108 False True 0.2555649547447084 139.3241984796917 -69.65811979727046 -1.1325030109200118 1.379444394529577 -0.16626529326383618
993 205 1192.0 1197 127.130284072 7.89 0.00037102874428286594 0.0001261086281552108 False True 0.2555649547447084 139.3241984796917 -69.65811979727046 -1.1325030109200118 1.379444394529577 -0.16626529326383618
993 206 1196.0 1201 127.851553567 7.89 0.00037102874428286594 0.4622500768081545 True False 0.2555649547447084 139.3241984796917 -69.65811979727046 -1.1325030109200118 1.379444394529577 -0.16626529326383618
993 207 1196.0 1201 128.287651432 7.89 0.00037102874428286594 0.09758242702913454 True False 0.2555649547447084 139.3241984796917 -69.65811979727046 -1.1325030109200118 1.379444394529577 -0.16626529326383618
993 208 1196.0 1201 128.723998004 7.89 0.00037102874428286594 0.09758242702913454 False True 0.2555649547447084 139.3241984796917 -69.65811979727046 -1.1325030109200118 1.379444394529577 -0.16626529326383618
993 209 1208.0 1213 129.444708316 7.89 0.00037102874428286594 0.09758242702913454 False True 0.2555649547447084 139.3241984796917 -69.65811979727046 -1.1325030109200118 1.379444394529577 -0.16626529326383618
993 210 1212.0 1217 130.164062768 7.89 0.00037102874428286594 0.09758242702913454 False True 0.2555649547447084 139.3241984796917 -69.65811979727046 -1.1325030109200118 1.379444394529577 -0.16626529326383618
993 211 1216.0 1221 130.884192895 7.89 0.00037102874428286594 0.09758242702913454 False True 0.2555649547447084 139.3241984796917 -69.65811979727046 -1.1325030109200118 1.379444394529577 -0.16626529326383618
993 212 1220.0 1225 131.59108964700002 1.4100000000000001 0.09758242702913454 0.00037102874428286594 False True 0.2555649547447084 139.3241984796917 -69.65811979727046 -1.1325030109200118 1.379444394529577 -0.16626529326383618
993 213 1224.0 1229 132.30266579500002 1.4100000000000001 0.09758242702913454 0.00037102874428286594 False True 0.2555649547447084 139.3241984796917 -69.65811979727046 -1.1325030109200118 1.379444394529577 -0.16626529326383618
993 214 1228.0 1233 133.00936774900003 1.4100000000000001 0.09758242702913454 0.00037102874428286594 False True 0.2555649547447084 139.3241984796917 -69.65811979727046 -1.1325030109200118 1.379444394529577 -0.16626529326383618
993 215 1232.0 1237 133.72185340500005 1.4100000000000001 0.09758242702913454 0.00037102874428286594 False True 0.2555649547447084 139.3241984796917 -69.65811979727046 -1.1325030109200118 1.379444394529577 -0.16626529326383618
993 216 1236.0 1241 134.42407400600004 7.89 0.00037102874428286594 0.09758242702913454 False True 0.2555649547447084 139.3241984796917 -69.65811979727046 -1.1325030109200118 1.379444394529577 -0.16626529326383618
993 217 1240.0 1245 135.12685001200003 7.89 0.00037102874428286594 0.09758242702913454 False True 0.2555649547447084 139.3241984796917 -69.65811979727046 -1.1325030109200118 1.379444394529577 -0.16626529326383618
993 218 1244.0 1249 135.86348714800005 7.89 0.00037102874428286594 0.09758242702913454 False True 0.2555649547447084 139.3241984796917 -69.65811979727046 -1.1325030109200118 1.379444394529577 -0.16626529326383618
993 219 1248.0 1253 136.57640136700005 7.89 0.00037102874428286594 0.0001261086281552108 False True 0.2555649547447084 139.3241984796917 -69.65811979727046 -1.1325030109200118 1.379444394529577 -0.16626529326383618
993 220 1252.0 1257 137.28033984100003 7.89 0.00037102874428286594 0.1410265678384313 True False 0.2555649547447084 139.3241984796917 -69.65811979727046 -1.1325030109200118 1.379444394529577 -0.16626529326383618
993 221 1252.0 1257 137.69963255500002 7.89 0.00037102874428286594 0.1410265678384313 False True 0.2555649547447084 139.3241984796917 -69.65811979727046 -1.1325030109200118 1.379444394529577 -0.16626529326383618
993 222 1264.0 1269 138.41262594300002 7.89 0.00037102874428286594 0.09970717794321023 True False 0.2555649547447084 139.3241984796917 -69.65811979727046 -1.1325030109200118 1.379444394529577 -0.16626529326383618
993 223 1264.0 1269 138.85408475000003 7.89 0.00037102874428286594 0.09970717794321023 False True 0.2555649547447084 139.3241984796917 -69.65811979727046 -1.1325030109200118 1.379444394529577 -0.16626529326383618
993 224 1276.0 1281 139.55779248000005 7.89 0.00037102874428286594 0.0936922512642253 False True 0.2555649547447084 139.3241984796917 -69.65811979727046 -1.1325030109200118 1.379444394529577 -0.16626529326383618
993 225 1280.0 1285 140.25060882400007 7.89 0.00037102874428286594 0.0033779315329529117 False True 0.2555649547447084 139.3241984796917 -69.65811979727046 -1.1325030109200118 1.379444394529577 -0.16626529326383618
993 226 1284.0 1289 140.9739796270001 7.89 0.00037102874428286594 0.290624438774737 True False 0.2555649547447084 139.3241984796917 -69.65811979727046 -1.1325030109200118 1.379444394529577 -0.16626529326383618
993 227 1284.0 1289 141.4130604890001 7.89 0.00037102874428286594 0.290624438774737 False True 0.2555649547447084 139.3241984796917 -69.65811979727046 -1.1325030109200118 1.379444394529577 -0.16626529326383618
993 228 1296.0 1301 142.11194981600008 7.89 0.00037102874428286594 0.08997281371229718 True False 0.2555649547447084 139.3241984796917 -69.65811979727046 -1.1325030109200118 1.379444394529577 -0.16626529326383618
993 229 1296.0 1301 142.53446491900007 7.89 0.00037102874428286594 0.08997281371229718 False True 0.2555649547447084 139.3241984796917 -69.65811979727046 -1.1325030109200118 1.379444394529577 -0.16626529326383618
993 230 1308.0 1313 143.27153508300006 7.89 0.00037102874428286594 0.08709408197074955 True False 0.2555649547447084 139.3241984796917 -69.65811979727046 -1.1325030109200118 1.379444394529577 -0.16626529326383618
993 231 1308.0 1313 143.71453862700005 7.89 0.00037102874428286594 0.08709408197074955 False True 0.2555649547447084 139.3241984796917 -69.65811979727046 -1.1325030109200118 1.379444394529577 -0.16626529326383618
993 232 1320.0 1325 144.42890608400003 7.89 0.00037102874428286594 0.09159241665143002 True False 0.2555649547447084 139.3241984796917 -69.65811979727046 -1.1325030109200118 1.379444394529577 -0.16626529326383618
993 233 1320.0 1325 144.85300036900003 7.89 0.00037102874428286594 0.09159241665143002 False True 0.2555649547447084 139.3241984796917 -69.65811979727046 -1.1325030109200118 1.379444394529577 -0.16626529326383618
993 234 1332.0 1337 145.56935107900003 1.72 0.09159241665143002 0.09333194924139342 True False 0.2555649547447084 139.3241984796917 -69.65811979727046 -1.1325030109200118 1.379444394529577 -0.16626529326383618
993 235 1332.0 1338 146.00728439300002 1.72 0.09159241665143002 0.09333194924139342 False True 0.2555649547447084 139.3241984796917 -69.65811979727046 -1.1325030109200118 1.379444394529577 -0.16626529326383618
993 236 1344.0 1350 146.70774974100001 1.72 0.09159241665143002 0.09333194924139342 False True 0.2555649547447084 139.3241984796917 -69.65811979727046 -1.1325030109200118 1.379444394529577 -0.16626529326383618
993 237 1348.0 1354 147.410750387 1.72 0.09159241665143002 0.45834301134486927 True False 0.2555649547447084 139.3241984796917 -69.65811979727046 -1.1325030109200118 1.379444394529577 -0.16626529326383618
993 238 1348.0 1354 147.866129516 1.72 0.09159241665143002 0.45834301134486927 False True 0.2555649547447084 139.3241984796917 -69.65811979727046 -1.1325030109200118 1.379444394529577 -0.16626529326383618
993 239 1360.0 1366 148.583742596 1.72 0.09159241665143002 0.09333194924139342 False True 0.2555649547447084 139.3241984796917 -69.65811979727046 -1.1325030109200118 1.379444394529577 -0.16626529326383618
993 240 1364.0 1370 149.290310447 1.72 0.09159241665143002 0.31374921943818723 True False 0.2555649547447084 139.3241984796917 -69.65811979727046 -1.1325030109200118 1.379444394529577 -0.16626529326383618
993 241 1364.0 1370 149.768882342 1.72 0.09159241665143002 0.31374921943818723 False True 0.2555649547447084 139.3241984796917 -69.65811979727046 -1.1325030109200118 1.379444394529577 -0.16626529326383618
993 242 1376.0 1382 150.483222796 1.72 0.09159241665143002 0.00037102874428286594 False True 0.2555649547447084 139.3241984796917 -69.65811979727046 -1.1325030109200118 1.379444394529577 -0.16626529326383618
993 243 1380.0 1386 151.186683283 1.72 0.09159241665143002 0.00037102874428286594 False True 0.2555649547447084 139.3241984796917 -69.65811979727046 -1.1325030109200118 1.379444394529577 -0.16626529326383618
993 244 1384.0 1390 151.88528601800002 1.72 0.09159241665143002 0.00037102874428286594 False True 0.2555649547447084 139.3241984796917 -69.65811979727046 -1.1325030109200118 1.379444394529577 -0.16626529326383618
993 245 1388.0 1394 152.61762248700003 1.72 0.09159241665143002 0.08997281371229718 False True 0.2555649547447084 139.3241984796917 -69.65811979727046 -1.1325030109200118 1.379444394529577 -0.16626529326383618
993 246 1392.0 1398 153.31824905100004 1.72 0.09159241665143002 0.09028237160414757 False True 0.2555649547447084 139.3241984796917 -69.65811979727046 -1.1325030109200118 1.379444394529577 -0.16626529326383618
993 247 1396.0 1402 154.01666152700005 1.72 0.09159241665143002 0.09028237160414757 False True 0.2555649547447084 139.3241984796917 -69.65811979727046 -1.1325030109200118 1.379444394529577 -0.16626529326383618
993 248 1400.0 1406 154.71760408000006 1.72 0.09159241665143002 0.09028237160414757 False True 0.2555649547447084 139.3241984796917 -69.65811979727046 -1.1325030109200118 1.379444394529577 -0.16626529326383618
993 249 1404.0 1410 155.41792615400007 7.89 0.00037102874428286594 0.09159241665143002 False True 0.2555649547447084 139.3241984796917 -69.65811979727046 -1.1325030109200118 1.379444394529577 -0.16626529326383618
993 250 1408.0 1414 156.11719514000006 7.89 0.00037102874428286594 0.09159241665143002 False True 0.2555649547447084 139.3241984796917 -69.65811979727046 -1.1325030109200118 1.379444394529577 -0.16626529326383618
993 251 1412.0 1418 156.81766460600008 7.8 0.0025318342958260934 0.00037102874428286594 False True 0.2555649547447084 139.3241984796917 -69.65811979727046 -1.1325030109200118 1.379444394529577 -0.16626529326383618
993 252 1416.0 1422 157.51583123700007 7.8 0.0025318342958260934 0.09028237160414757 False True 0.2555649547447084 139.3241984796917 -69.65811979727046 -1.1325030109200118 1.379444394529577 -0.16626529326383618
993 253 1420.0 1426 158.21315334500008 7.8 0.0025318342958260934 0.09192719082043578 False True 0.2555649547447084 139.3241984796917 -69.65811979727046 -1.1325030109200118 1.379444394529577 -0.16626529326383618
993 254 1424.0 1430 158.90690168200007 7.8 0.0025318342958260934 0.08735405350891703 False True 0.2555649547447084 139.3241984796917 -69.65811979727046 -1.1325030109200118 1.379444394529577 -0.16626529326383618
993 255 1428.0 1434 159.58796101000007 7.8 0.0025318342958260934 0.08735405350891703 False True 0.2555649547447084 139.3241984796917 -69.65811979727046 -1.1325030109200118 1.379444394529577 -0.16626529326383618
993 256 1432.0 1438 160.26992529000006 7.8 0.0025318342958260934 0.08735405350891703 False True 0.2555649547447084 139.3241984796917 -69.65811979727046 -1.1325030109200118 1.379444394529577 -0.16626529326383618
993 257 1436.0 1442 160.95435663400005 7.8 0.0025318342958260934 0.09028237160414757 False True 0.2555649547447084 139.3241984796917 -69.65811979727046 -1.1325030109200118 1.379444394529577 -0.16626529326383618
993 258 1440.0 1446 161.64677275400004 7.8 0.0025318342958260934 0.1488507272375012 False True 0.2555649547447084 139.3241984796917 -69.65811979727046 -1.1325030109200118 1.379444394529577 -0.16626529326383618
993 259 1444.0 1450 162.32866057100003 7.8 0.0025318342958260934 0.1488507272375012 False True 0.2555649547447084 139.3241984796917 -69.65811979727046 -1.1325030109200118 1.379444394529577 -0.16626529326383618
993 260 1448.0 1454 163.02290002500004 7.8 0.0025318342958260934 0.1488507272375012 False True 0.2555649547447084 139.3241984796917 -69.65811979727046 -1.1325030109200118 1.379444394529577 -0.16626529326383618
993 261 1452.0 1458 163.70615399400003 1.9200000000000002 0.1488507272375012 0.0025318342958260934 False True 0.2555649547447084 139.3241984796917 -69.65811979727046 -1.1325030109200118 1.379444394529577 -0.16626529326383618
993 262 1456.0 1462 164.38920532200004 1.9200000000000002 0.1488507272375012 0.0025318342958260934 False True 0.2555649547447084 139.3241984796917 -69.65811979727046 -1.1325030109200118 1.379444394529577 -0.16626529326383618
993 263 1460.0 1466 165.08059858000004 1.9200000000000002 0.1488507272375012 0.0025318342958260934 False True 0.2555649547447084 139.3241984796917 -69.65811979727046 -1.1325030109200118 1.379444394529577 -0.16626529326383618
993 264 1464.0 1470 165.76726200500005 7.8 0.0025318342958260934 0.1488507272375012 False True 0.2555649547447084 139.3241984796917 -69.65811979727046 -1.1325030109200118 1.379444394529577 -0.16626529326383618
993 265 1468.0 1474 166.46124766900004 7.8 0.0025318342958260934 0.1488507272375012 False True 0.2555649547447084 139.3241984796917 -69.65811979727046 -1.1325030109200118 1.379444394529577 -0.16626529326383618
993 266 1472.0 1478 167.14851230100004 7.8 0.0025318342958260934 0.08872468830840553 False True 0.2555649547447084 139.3241984796917 -69.65811979727046 -1.1325030109200118 1.379444394529577 -0.16626529326383618
993 267 1476.0 1482 167.84393747300004 7.8 0.0025318342958260934 2.423882591144669e-06 False True 0.2555649547447084 139.3241984796917 -69.65811979727046 -1.1325030109200118 1.379444394529577 -0.16626529326383618
993 268 1480.0 1486 168.63016388100002 7.8 0.0025318342958260934 0.0 False True 0.2555649547447084 139.3241984796917 -69.65811979727046 -1.1325030109200118 1.379444394529577 -0.16626529326383618
993 269 1484.0 1490 169.32851571800003 7.8 0.0025318342958260934 0.0018068368142677236 False True 0.2555649547447084 139.3241984796917 -69.65811979727046 -1.1325030109200118 1.379444394529577 -0.16626529326383618
993 270 1488.0 1494 170.02770532100004 7.8 0.0025318342958260934 0.08997281371229718 False True 0.2555649547447084 139.3241984796917 -69.65811979727046 -1.1325030109200118 1.379444394529577 -0.16626529326383618
993 271 1492.0 1498 170.72364565700005 7.8 0.0025318342958260934 0.0714365320514026 False True 0.2555649547447084 139.3241984796917 -69.65811979727046 -1.1325030109200118 1.379444394529577 -0.16626529326383618
993 272 1496.0 1502 171.42242443800006 7.8 0.0025318342958260934 0.09758242702913454 False True 0.2555649547447084 139.3241984796917 -69.65811979727046 -1.1325030109200118 1.379444394529577 -0.16626529326383618
993 273 1500.0 1506 172.10839430200005 7.8 0.0025318342958260934 0.08875794578918757 False True 0.2555649547447084 139.3241984796917 -69.65811979727046 -1.1325030109200118 1.379444394529577 -0.16626529326383618
993 274 1504.0 1510 172.80662481800007 7.8 0.0025318342958260934 0.04892209996959997 True False 0.2555649547447084 139.3241984796917 -69.65811979727046 -1.1325030109200118 1.379444394529577 -0.16626529326383618
993 275 1504.0 1510 173.2450634390001 7.8 0.0025318342958260934 0.04892209996959997 False True 0.2555649547447084 139.3241984796917 -69.65811979727046 -1.1325030109200118 1.379444394529577 -0.16626529326383618
993 276 1516.0 1522 173.94248271700008 7.8 0.0025318342958260934 0.04892209996959997 False True 0.2555649547447084 139.3241984796917 -69.65811979727046 -1.1325030109200118 1.379444394529577 -0.16626529326383618
993 277 1520.0 1526 174.63963989500007 7.8 0.0025318342958260934 0.04892209996959997 False True 0.2555649547447084 139.3241984796917 -69.65811979727046 -1.1325030109200118 1.379444394529577 -0.16626529326383618
993 278 1524.0 1530 175.3415600200001 7.8 0.0025318342958260934 0.04892209996959997 False True 0.2555649547447084 139.3241984796917 -69.65811979727046 -1.1325030109200118 1.379444394529577 -0.16626529326383618
993 279 1528.0 1534 176.03826142800008 7.8 0.0025318342958260934 0.04892209996959997 False True 0.2555649547447084 139.3241984796917 -69.65811979727046 -1.1325030109200118 1.379444394529577 -0.16626529326383618
993 280 1532.0 1538 176.7200780510001 7.8 0.0025318342958260934 0.04892209996959997 False True 0.2555649547447084 139.3241984796917 -69.65811979727046 -1.1325030109200118 1.379444394529577 -0.16626529326383618
993 281 1536.0 1542 177.3788892050001 7.8 0.0025318342958260934 0.04892209996959997 False True 0.2555649547447084 139.3241984796917 -69.65811979727046 -1.1325030109200118 1.379444394529577 -0.16626529326383618
993 282 1540.0 1546 178.0789502860001 7.8 0.0025318342958260934 0.04234131484916414 True False 0.2555649547447084 139.3241984796917 -69.65811979727046 -1.1325030109200118 1.379444394529577 -0.16626529326383618
993 283 1540.0 1546 178.49823528700009 7.8 0.0025318342958260934 0.04234131484916414 False True 0.2555649547447084 139.3241984796917 -69.65811979727046 -1.1325030109200118 1.379444394529577 -0.16626529326383618
993 284 1552.0 1558 179.16204875700006 7.8 0.0025318342958260934 0.1669467981494043 True False 0.2555649547447084 139.3241984796917 -69.65811979727046 -1.1325030109200118 1.379444394529577 -0.16626529326383618
993 285 1552.0 1558 179.57482929800005 7.8 0.0025318342958260934 0.1669467981494043 False True 0.2555649547447084 139.3241984796917 -69.65811979727046 -1.1325030109200118 1.379444394529577 -0.16626529326383618
993 286 1564.0 1570 180.26232138100005 7.8 0.0025318342958260934 0.04557353291940671 False True 0.2555649547447084 139.3241984796917 -69.65811979727046 -1.1325030109200118 1.379444394529577 -0.16626529326383618
993 287 1568.0 1574 180.94244239400004 7.8 0.0025318342958260934 0.04557353291940671 False True 0.2555649547447084 139.3241984796917 -69.65811979727046 -1.1325030109200118 1.379444394529577 -0.16626529326383618
993 288 1572.0 1578 181.64267928800004 7.8 0.0025318342958260934 0.04557353291940671 False True 0.2555649547447084 139.3241984796917 -69.65811979727046 -1.1325030109200118 1.379444394529577 -0.16626529326383618
993 289 1576.0 1582 182.332120706 8.14 0.04557353291940671 0.0025318342958260934 False True 0.2555649547447084 139.3241984796917 -69.65811979727046 -1.1325030109200118 1.379444394529577 -0.16626529326383618
993 290 1580.0 1586 182.999089637 7.8 0.0025318342958260934 0.04557353291940671 False True 0.2555649547447084 139.3241984796917 -69.65811979727046 -1.1325030109200118 1.379444394529577 -0.16626529326383618
993 291 1584.0 1590 183.67869321199998 8.14 0.04557353291940671 0.0025318342958260934 False True 0.2555649547447084 139.3241984796917 -69.65811979727046 -1.1325030109200118 1.379444394529577 -0.16626529326383618
993 292 1588.0 1594 184.35832068599998 8.14 0.04557353291940671 0.0025318342958260934 False True 0.2555649547447084 139.3241984796917 -69.65811979727046 -1.1325030109200118 1.379444394529577 -0.16626529326383618
993 293 1592.0 1598 185.03741373099996 7.8 0.0025318342958260934 0.04557353291940671 False True 0.2555649547447084 139.3241984796917 -69.65811979727046 -1.1325030109200118 1.379444394529577 -0.16626529326383618
993 294 1596.0 1602 185.71641078799993 7.8 0.0025318342958260934 0.04557353291940671 False True 0.2555649547447084 139.3241984796917 -69.65811979727046 -1.1325030109200118 1.379444394529577 -0.16626529326383618
993 295 1600.0 1606 186.39564578899993 7.8 0.0025318342958260934 0.11154081262490678 True False 0.2555649547447084 139.3241984796917 -69.65811979727046 -1.1325030109200118 1.379444394529577 -0.16626529326383618
993 296 1600.0 1606 186.8070100269999 7.8 0.0025318342958260934 0.11154081262490678 False True 0.2555649547447084 139.3241984796917 -69.65811979727046 -1.1325030109200118 1.379444394529577 -0.16626529326383618
993 297 1612.0 1618 187.4739223869999 7.8 0.0025318342958260934 0.08879036619927985 True False 0.2555649547447084 139.3241984796917 -69.65811979727046 -1.1325030109200118 1.379444394529577 -0.16626529326383618
993 298 1612.0 1618 187.9222094069999 7.8 0.0025318342958260934 0.08879036619927985 False True 0.2555649547447084 139.3241984796917 -69.65811979727046 -1.1325030109200118 1.379444394529577 -0.16626529326383618
993 299 1624.0 1630 188.6070478969999 7.8 0.0025318342958260934 0.09340849396978965 True False 0.2555649547447084 139.3241984796917 -69.65811979727046 -1.1325030109200118 1.379444394529577 -0.16626529326383618
993 300 1624.0 1630 189.01916218599993 7.8 0.0025318342958260934 0.09340849396978965 False True 0.2555649547447084 139.3241984796917 -69.65811979727046 -1.1325030109200118 1.379444394529577 -0.16626529326383618
993 301 1636.0 1642 189.68718184599996 7.8 0.0025318342958260934 0.08428513138666385 True False 0.2555649547447084 139.3241984796917 -69.65811979727046 -1.1325030109200118 1.379444394529577 -0.16626529326383618
993 302 1636.0 1642 190.1424925979999 7.8 0.0025318342958260934 0.08428513138666385 False True 0.2555649547447084 139.3241984796917 -69.65811979727046 -1.1325030109200118 1.379444394529577 -0.16626529326383618
993 303 1648.0 1654 190.8235071089999 7.8 0.0025318342958260934 0.08428513138666385 False True 0.2555649547447084 139.3241984796917 -69.65811979727046 -1.1325030109200118 1.379444394529577 -0.16626529326383618
993 304 1652.0 1658 191.50219208099995 7.8 0.0025318342958260934 0.08428513138666385 False True 0.2555649547447084 139.3241984796917 -69.65811979727046 -1.1325030109200118 1.379444394529577 -0.16626529326383618
993 305 1656.0 1662 192.18157003299993 7.8 0.0025318342958260934 0.08428513138666385 False True 0.2555649547447084 139.3241984796917 -69.65811979727046 -1.1325030109200118 1.379444394529577 -0.16626529326383618
993 306 1660.0 1666 192.85857899399994 7.8 0.0025318342958260934 0.07989322697871472 True False 0.2555649547447084 139.3241984796917 -69.65811979727046 -1.1325030109200118 1.379444394529577 -0.16626529326383618
993 307 1660.0 1667 193.28054047299995 7.8 0.0025318342958260934 0.07989322697871472 False True 0.2555649547447084 139.3241984796917 -69.65811979727046 -1.1325030109200118 1.379444394529577 -0.16626529326383618
993 308 1672.0 1679 193.95718156199993 7.8 0.0025318342958260934 0.08879036619927985 False True 0.2555649547447084 139.3241984796917 -69.65811979727046 -1.1325030109200118 1.379444394529577 -0.16626529326383618
993 309 1676.0 1683 194.6371710619999 7.8 0.0025318342958260934 0.08879036619927985 False True 0.2555649547447084 139.3241984796917 -69.65811979727046 -1.1325030109200118 1.379444394529577 -0.16626529326383618
993 310 1680.0 1687 195.3141904799999 7.8 0.0025318342958260934 0.08879036619927985 False True 0.2555649547447084 139.3241984796917 -69.65811979727046 -1.1325030109200118 1.379444394529577 -0.16626529326383618
993 311 1684.0 1691 195.9941174919999 7.8 0.0025318342958260934 0.08428513138666385 False True 0.2555649547447084 139.3241984796917 -69.65811979727046 -1.1325030109200118 1.379444394529577 -0.16626529326383618
993 312 1688.0 1695 196.66211563199985 7.8 0.0025318342958260934 0.08428513138666385 False True 0.2555649547447084 139.3241984796917 -69.65811979727046 -1.1325030109200118 1.379444394529577 -0.16626529326383618
993 313 1692.0 1699 197.35315950399988 7.8 0.0025318342958260934 0.08428513138666385 False True 0.2555649547447084 139.3241984796917 -69.65811979727046 -1.1325030109200118 1.379444394529577 -0.16626529326383618
993 314 1696.0 1703 198.01983882599993 7.8 0.0025318342958260934 0.08428513138666385 False True 0.2555649547447084 139.3241984796917 -69.65811979727046 -1.1325030109200118 1.379444394529577 -0.16626529326383618
993 315 1700.0 1707 198.69918641899991 7.8 0.0025318342958260934 0.08428513138666385 False True 0.2555649547447084 139.3241984796917 -69.65811979727046 -1.1325030109200118 1.379444394529577 -0.16626529326383618
993 316 1704.0 1711 199.3789450969999 7.8 0.0025318342958260934 0.0012029984725678326 True False 0.2555649547447084 139.3241984796917 -69.65811979727046 -1.1325030109200118 1.379444394529577 -0.16626529326383618
993 317 1704.0 1711 199.79544502099995 7.8 0.0025318342958260934 0.0012029984725678326 False True 0.2555649547447084 139.3241984796917 -69.65811979727046 -1.1325030109200118 1.379444394529577 -0.16626529326383618
993 318 1716.0 1723 200.47642176799994 7.82 0.0012029984725678326 0.0025318342958260934 False True 0.2555649547447084 139.3241984796917 -69.65811979727046 -1.1325030109200118 1.379444394529577 -0.16626529326383618
993 319 1720.0 1727 201.16761629399994 7.82 0.0012029984725678326 0.49407484925147016 True False 0.2555649547447084 139.3241984796917 -69.65811979727046 -1.1325030109200118 1.379444394529577 -0.16626529326383618
993 320 1720.0 1727 201.57210349899995 7.82 0.0012029984725678326 0.49407484925147016 False True 0.2555649547447084 139.3241984796917 -69.65811979727046 -1.1325030109200118 1.379444394529577 -0.16626529326383618
993 321 1732.0 1739 202.25172581099994 7.82 0.0012029984725678326 0.0025318342958260934 False True 0.2555649547447084 139.3241984796917 -69.65811979727046 -1.1325030109200118 1.379444394529577 -0.16626529326383618
993 322 1736.0 1743 202.9303856939999 7.82 0.0012029984725678326 0.0025318342958260934 False True 0.2555649547447084 139.3241984796917 -69.65811979727046 -1.1325030109200118 1.379444394529577 -0.16626529326383618
993 323 1740.0 1747 203.62970783199992 7.82 0.0012029984725678326 0.0025318342958260934 False True 0.2555649547447084 139.3241984796917 -69.65811979727046 -1.1325030109200118 1.379444394529577 -0.16626529326383618
993 324 1744.0 1751 204.31059400599995 7.82 0.0012029984725678326 0.0025318342958260934 False True 0.2555649547447084 139.3241984796917 -69.65811979727046 -1.1325030109200118 1.379444394529577 -0.16626529326383618
993 325 1748.0 1755 204.98993525199992 7.82 0.0012029984725678326 0.34827787548986633 True False 0.2555649547447084 139.3241984796917 -69.65811979727046 -1.1325030109200118 1.379444394529577 -0.16626529326383618
993 326 1748.0 1755 205.42640929199987 7.82 0.0012029984725678326 0.34827787548986633 False True 0.2555649547447084 139.3241984796917 -69.65811979727046 -1.1325030109200118 1.379444394529577 -0.16626529326383618
993 327 1760.0 1767 206.10717102599986 7.82 0.0012029984725678326 0.027876746565080924 True False 0.2555649547447084 139.3241984796917 -69.65811979727046 -1.1325030109200118 1.379444394529577 -0.16626529326383618
993 328 1760.0 1767 206.51058774299983 7.82 0.0012029984725678326 0.027876746565080924 False True 0.2555649547447084 139.3241984796917 -69.65811979727046 -1.1325030109200118 1.379444394529577 -0.16626529326383618
993 329 1772.0 1779 207.20413398399987 7.82 0.0012029984725678326 0.4622500768081545 False True 0.2555649547447084 139.3241984796917 -69.65811979727046 -1.1325030109200118 1.379444394529577 -0.16626529326383618
993 330 1784.0 1791 207.88600739699987 7.82 0.0012029984725678326 0.7755691506574958 True False 0.2555649547447084 139.3241984796917 -69.65811979727046 -1.1325030109200118 1.379444394529577 -0.16626529326383618
993 331 1784.0 1791 208.30378843499986 7.82 0.0012029984725678326 0.15120089500722372 True False 0.2555649547447084 139.3241984796917 -69.65811979727046 -1.1325030109200118 1.379444394529577 -0.16626529326383618
993 332 1784.0 1791 208.70733582599982 7.82 0.0012029984725678326 0.15120089500722372 False True 0.2555649547447084 139.3241984796917 -69.65811979727046 -1.1325030109200118 1.379444394529577 -0.16626529326383618
993 333 1796.0 1803 209.38927086299984 7.82 0.0012029984725678326 0.08146823114654259 True False 0.2555649547447084 139.3241984796917 -69.65811979727046 -1.1325030109200118 1.379444394529577 -0.16626529326383618
993 334 1796.0 1803 209.82630492099983 7.82 0.0012029984725678326 0.08146823114654259 False True 0.2555649547447084 139.3241984796917 -69.65811979727046 -1.1325030109200118 1.379444394529577 -0.16626529326383618
993 335 1808.0 1815 210.5197239619998 7.82 0.0012029984725678326 0.32052825964087 True False 0.2555649547447084 139.3241984796917 -69.65811979727046 -1.1325030109200118 1.379444394529577 -0.16626529326383618
993 336 1808.0 1815 210.9259117739998 7.82 0.0012029984725678326 0.32052825964087 False True 0.2555649547447084 139.3241984796917 -69.65811979727046 -1.1325030109200118 1.379444394529577 -0.16626529326383618
993 337 1820.0 1827 211.6197416149998 7.82 0.0012029984725678326 0.2515403833436515 True False 0.2555649547447084 139.3241984796917 -69.65811979727046 -1.1325030109200118 1.379444394529577 -0.16626529326383618
993 338 1820.0 1827 212.0464899739998 7.82 0.0012029984725678326 0.2515403833436515 False True 0.2555649547447084 139.3241984796917 -69.65811979727046 -1.1325030109200118 1.379444394529577 -0.16626529326383618
993 339 1832.0 1839 212.76472188599982 7.82 0.0012029984725678326 0.006687805055045169 True False 0.2555649547447084 139.3241984796917 -69.65811979727046 -1.1325030109200118 1.379444394529577 -0.16626529326383618
993 340 1832.0 1840 213.1991806349998 7.82 0.0012029984725678326 0.006687805055045169 False True 0.2555649547447084 139.3241984796917 -69.65811979727046 -1.1325030109200118 1.379444394529577 -0.16626529326383618
993 341 1844.0 1852 213.8828564789998 7.82 0.0012029984725678326 0.008020697565328734 True False 0.2555649547447084 139.3241984796917 -69.65811979727046 -1.1325030109200118 1.379444394529577 -0.16626529326383618
993 342 1844.0 1852 214.3239399509998 7.82 0.0012029984725678326 0.008020697565328734 False True 0.2555649547447084 139.3241984796917 -69.65811979727046 -1.1325030109200118 1.379444394529577 -0.16626529326383618
993 343 1856.0 1864 215.05198603499977 7.82 0.0012029984725678326 0.006687805055045169 False True 0.2555649547447084 139.3241984796917 -69.65811979727046 -1.1325030109200118 1.379444394529577 -0.16626529326383618
993 344 1860.0 1868 215.74950965099973 7.82 0.0012029984725678326 0.006687805055045169 False True 0.2555649547447084 139.3241984796917 -69.65811979727046 -1.1325030109200118 1.379444394529577 -0.16626529326383618
993 345 1864.0 1872 216.43497774999972 7.82 0.0012029984725678326 0.2393329494415199 True False 0.2555649547447084 139.3241984796917 -69.65811979727046 -1.1325030109200118 1.379444394529577 -0.16626529326383618
993 346 1864.0 1872 216.89607042499975 7.82 0.0012029984725678326 0.2393329494415199 False True 0.2555649547447084 139.3241984796917 -69.65811979727046 -1.1325030109200118 1.379444394529577 -0.16626529326383618
993 347 1876.0 1884 217.62184989099975 7.82 0.0012029984725678326 0.23338595254272507 True False 0.2555649547447084 139.3241984796917 -69.65811979727046 -1.1325030109200118 1.379444394529577 -0.16626529326383618
993 348 1876.0 1884 218.06923511799974 7.82 0.0012029984725678326 0.23338595254272507 False True 0.2555649547447084 139.3241984796917 -69.65811979727046 -1.1325030109200118 1.379444394529577 -0.16626529326383618
993 349 1888.0 1896 218.74834921799973 7.82 0.0012029984725678326 0.2393329494415199 False True 0.2555649547447084 139.3241984796917 -69.65811979727046 -1.1325030109200118 1.379444394529577 -0.16626529326383618
993 350 1892.0 1900 219.44581540799973 7.82 0.0012029984725678326 0.006687805055045169 False True 0.2555649547447084 139.3241984796917 -69.65811979727046 -1.1325030109200118 1.379444394529577 -0.16626529326383618
993 351 1896.0 1904 220.14286356199975 7.82 0.0012029984725678326 0.005475373575728512 True False 0.2555649547447084 139.3241984796917 -69.65811979727046 -1.1325030109200118 1.379444394529577 -0.16626529326383618
993 352 1896.0 1904 220.56651321499973 7.82 0.0012029984725678326 0.005475373575728512 False True 0.2555649547447084 139.3241984796917 -69.65811979727046 -1.1325030109200118 1.379444394529577 -0.16626529326383618
993 353 1908.0 1916 221.26271154199972 7.82 0.0012029984725678326 0.006687805055045169 False True 0.2555649547447084 139.3241984796917 -69.65811979727046 -1.1325030109200118 1.379444394529577 -0.16626529326383618
993 354 1912.0 1920 221.96853204799967 7.82 0.0012029984725678326 0.006687805055045169 False True 0.2555649547447084 139.3241984796917 -69.65811979727046 -1.1325030109200118 1.379444394529577 -0.16626529326383618
993 355 1916.0 1924 222.6633540719997 7.82 0.0012029984725678326 0.006687805055045169 False True 0.2555649547447084 139.3241984796917 -69.65811979727046 -1.1325030109200118 1.379444394529577 -0.16626529326383618
993 356 1920.0 1928 223.34553103399972 7.82 0.0012029984725678326 0.006687805055045169 False True 0.2555649547447084 139.3241984796917 -69.65811979727046 -1.1325030109200118 1.379444394529577 -0.16626529326383618
993 357 1924.0 1932 224.04152396099968 7.82 0.0012029984725678326 0.006687805055045169 False True 0.2555649547447084 139.3241984796917 -69.65811979727046 -1.1325030109200118 1.379444394529577 -0.16626529326383618
993 358 1928.0 1936 224.72605608599972 7.82 0.0012029984725678326 0.006687805055045169 False True 0.2555649547447084 139.3241984796917 -69.65811979727046 -1.1325030109200118 1.379444394529577 -0.16626529326383618
993 359 1932.0 1940 225.41908033099972 7.82 0.0012029984725678326 0.006687805055045169 False True 0.2555649547447084 139.3241984796917 -69.65811979727046 -1.1325030109200118 1.379444394529577 -0.16626529326383618
993 360 1936.0 1944 226.12650431199975 7.82 0.0012029984725678326 0.006687805055045169 False True 0.2555649547447084 139.3241984796917 -69.65811979727046 -1.1325030109200118 1.379444394529577 -0.16626529326383618
993 361 1940.0 1948 226.82021454199972 7.82 0.0012029984725678326 0.006687805055045169 False True 0.2555649547447084 139.3241984796917 -69.65811979727046 -1.1325030109200118 1.379444394529577 -0.16626529326383618
993 362 1944.0 1952 227.48157082099974 7.82 0.0012029984725678326 0.006687805055045169 False True 0.2555649547447084 139.3241984796917 -69.65811979727046 -1.1325030109200118 1.379444394529577 -0.16626529326383618
993 363 1948.0 1956 228.17983692899972 7.97 0.006687805055045169 0.0012029984725678326 False True 0.2555649547447084 139.3241984796917 -69.65811979727046 -1.1325030109200118 1.379444394529577 -0.16626529326383618
993 364 1952.0 1960 228.86454830899973 7.82 0.0012029984725678326 0.006687805055045169 False True 0.2555649547447084 139.3241984796917 -69.65811979727046 -1.1325030109200118 1.379444394529577 -0.16626529326383618
993 365 1956.0 1964 229.5587430679997 7.82 0.0012029984725678326 0.006687805055045169 False True 0.2555649547447084 139.3241984796917 -69.65811979727046 -1.1325030109200118 1.379444394529577 -0.16626529326383618
993 366 1960.0 1968 230.24351867399972 7.82 0.0012029984725678326 0.006687805055045169 False True 0.2555649547447084 139.3241984796917 -69.65811979727046 -1.1325030109200118 1.379444394529577 -0.16626529326383618
993 367 1964.0 1972 230.93625363799973 7.82 0.0012029984725678326 0.006687805055045169 False True 0.2555649547447084 139.3241984796917 -69.65811979727046 -1.1325030109200118 1.379444394529577 -0.16626529326383618
993 368 1968.0 1976 231.61838503199968 7.82 0.0012029984725678326 0.1574571761147756 True False 0.2555649547447084 139.3241984796917 -69.65811979727046 -1.1325030109200118 1.379444394529577 -0.16626529326383618
993 369 1968.0 1976 232.03684158399963 7.82 0.0012029984725678326 0.1574571761147756 False True 0.2555649547447084 139.3241984796917 -69.65811979727046 -1.1325030109200118 1.379444394529577 -0.16626529326383618
993 370 1980.0 1988 232.7551572009996 7.82 0.0012029984725678326 0.006687805055045169 False True 0.2555649547447084 139.3241984796917 -69.65811979727046 -1.1325030109200118 1.379444394529577 -0.16626529326383618
993 371 1984.0 1992 233.45376167499958 7.82 0.0012029984725678326 0.006687805055045169 False True 0.2555649547447084 139.3241984796917 -69.65811979727046 -1.1325030109200118 1.379444394529577 -0.16626529326383618
993 372 1988.0 1996 234.1396271389996 7.82 0.0012029984725678326 0.006687805055045169 False True 0.2555649547447084 139.3241984796917 -69.65811979727046 -1.1325030109200118 1.379444394529577 -0.16626529326383618
