514 0 200.0 201 1.1349538680000109 7.49 0.08122561622927225 0.34568613532790715 False True 0.5283066728845658 65.97753672208898 -32.98288090149609 -1.069055034633653 1.1171445005587 -0.000922027190906761
514 1 212.0 213 2.268944434000005 7.49 0.08122561622927225 0.02686483227781051 True False 0.5283066728845658 65.97753672208898 -32.98288090149609 -1.069055034633653 1.1171445005587 -0.000922027190906761
514 2 212.0 213 2.9438368389999994 7.49 0.08122561622927225 0.02686483227781051 False True 0.5283066728845658 65.97753672208898 -32.98288090149609 -1.069055034633653 1.1171445005587 -0.000922027190906761
514 3 224.0 225 4.083590012999991 7.49 0.08122561622927225 0.12948419920267648 True False 0.5283066728845658 65.97753672208898 -32.98288090149609 -1.069055034633653 1.1171445005587 -0.000922027190906761
514 4 224.0 225 4.748791589999996 7.49 0.08122561622927225 0.12948419920267648 False True 0.5283066728845658 65.97753672208898 -32.98288090149609 -1.069055034633653 1.1171445005587 -0.000922027190906761
514 5 236.0 237 5.806024317999984 7.49 0.08122561622927225 0.005276619795889552 True False 0.5283066728845658 65.97753672208898 -32.98288090149609 -1.069055034633653 1.1171445005587 -0.000922027190906761
514 6 236.0 237 6.441090074999991 7.49 0.08122561622927225 0.005276619795889552 False True 0.5283066728845658 65.97753672208898 -32.98288090149609 -1.069055034633653 1.1171445005587 -0.000922027190906761
514 7 248.0 249 7.488716873000001 7.49 0.08122561622927225 0.057482971957548507 True False 0.5283066728845658 65.97753672208898 -32.98288090149609 -1.069055034633653 1.1171445005587 -0.000922027190906761
514 8 248.0 249 8.146826313000005 7.49 0.08122561622927225 0.057482971957548507 False True 0.5283066728845658 65.97753672208898 -32.98288090149609 -1.069055034633653 1.1171445005587 -0.000922027190906761
514 9 260.0 261 9.184024038000004 7.49 0.08122561622927225 0.0649510799383961 True False 0.5283066728845658 65.97753672208898 -32.98288090149609 -1.069055034633653 1.1171445005587 -0.000922027190906761
514 10 260.0 261 9.803495348000013 7.49 0.08122561622927225 0.004187333270064992 True False 0.5283066728845658 65.97753672208898 -32.98288090149609 -1.069055034633653 1.1171445005587 -0.000922027190906761
514 11 260.0 261 10.406800727000018 7.49 0.08122561622927225 0.004187333270064992 False True 0.5283066728845658 65.97753672208898 -32.98288090149609 -1.069055034633653 1.1171445005587 -0.000922027190906761
514 12 272.0 273 11.40348421500002 7.49 0.08122561622927225 0.0003459454706474274 True False 0.5283066728845658 65.97753672208898 -32.98288090149609 -1.069055034633653 1.1171445005587 -0.000922027190906761
514 13 272.0 273 12.02000682500001 7.49 0.08122561622927225 0.0003459454706474274 False True 0.5283066728845658 65.97753672208898 -32.98288090149609 -1.069055034633653 1.1171445005587 -0.000922027190906761
514 14 284.0 285 12.966828573000015 7.49 0.08122561622927225 0.012223456368453657 True False 0.5283066728845658 65.97753672208898 -32.98288090149609 -1.069055034633653 1.1171445005587 -0.000922027190906761
514 15 284.0 286 13.546316983000011 7.49 0.08122561622927225 0.012223456368453657 False True 0.5283066728845658 65.97753672208898 -32.98288090149609 -1.069055034633653 1.1171445005587 -0.000922027190906761
514 16 296.0 298 14.464189521000023 7.49 0.08122561622927225 0.009079974004703905 True False 0.5283066728845658 65.97753672208898 -32.98288090149609 -1.069055034633653 1.1171445005587 -0.000922027190906761
514 17 296.0 298 15.061604692000017 7.49 0.08122561622927225 0.009079974004703905 False True 0.5283066728845658 65.97753672208898 -32.98288090149609 -1.069055034633653 1.1171445005587 -0.000922027190906761
514 18 308.0 310 15.979761262000025 7.49 0.08122561622927225 0.0649510799383961 False True 0.5283066728845658 65.97753672208898 -32.98288090149609 -1.069055034633653 1.1171445005587 -0.000922027190906761
514 19 320.0 322 16.920379277000023 8.2 0.0649510799383961 0.09913312556458712 True False 0.5283066728845658 65.97753672208898 -32.98288090149609 -1.069055034633653 1.1171445005587 -0.000922027190906761
514 20 320.0 322 17.481122902000024 8.2 0.0649510799383961 0.03780190258553247 True False 0.5283066728845658 65.97753672208898 -32.98288090149609 -1.069055034633653 1.1171445005587 -0.000922027190906761
514 21 320.0 322 18.04800040600003 8.2 0.0649510799383961 0.03780190258553247 False True 0.5283066728845658 65.97753672208898 -32.98288090149609 -1.069055034633653 1.1171445005587 -0.000922027190906761
514 22 332.0 334 18.943568852000027 8.12 0.03780190258553247 0.02692272824100502 True False 0.5283066728845658 65.97753672208898 -32.98288090149609 -1.069055034633653 1.1171445005587 -0.000922027190906761
514 23 332.0 334 19.462327416000022 8.12 0.03780190258553247 0.02692272824100502 False True 0.5283066728845658 65.97753672208898 -32.98288090149609 -1.069055034633653 1.1171445005587 -0.000922027190906761
514 24 344.0 346 20.331804767000023 8.12 0.03780190258553247 0.04714624812092977 True False 0.5283066728845658 65.97753672208898 -32.98288090149609 -1.069055034633653 1.1171445005587 -0.000922027190906761
514 25 344.0 346 20.88295266900002 8.12 0.03780190258553247 0.04714624812092977 False True 0.5283066728845658 65.97753672208898 -32.98288090149609 -1.069055034633653 1.1171445005587 -0.000922027190906761
514 26 356.0 358 21.744705939000013 8.12 0.03780190258553247 0.07977766253714069 True False 0.5283066728845658 65.97753672208898 -32.98288090149609 -1.069055034633653 1.1171445005587 -0.000922027190906761
514 27 356.0 358 22.248176856000015 8.12 0.03780190258553247 0.07977766253714069 False True 0.5283066728845658 65.97753672208898 -32.98288090149609 -1.069055034633653 1.1171445005587 -0.000922027190906761
514 28 368.0 370 23.08748941200001 8.12 0.03780190258553247 0.0841831377569554 True False 0.5283066728845658 65.97753672208898 -32.98288090149609 -1.069055034633653 1.1171445005587 -0.000922027190906761
514 29 368.0 370 23.62249146500001 8.12 0.03780190258553247 0.0841831377569554 False True 0.5283066728845658 65.97753672208898 -32.98288090149609 -1.069055034633653 1.1171445005587 -0.000922027190906761
514 30 380.0 382 24.461394893000005 1.47 0.0841831377569554 0.10292093493614336 True False 0.5283066728845658 65.97753672208898 -32.98288090149609 -1.069055034633653 1.1171445005587 -0.000922027190906761
514 31 380.0 382 24.94774961600001 1.47 0.0841831377569554 0.10292093493614336 False True 0.5283066728845658 65.97753672208898 -32.98288090149609 -1.069055034633653 1.1171445005587 -0.000922027190906761
514 32 392.0 394 25.76473742200001 1.47 0.0841831377569554 0.07851096829438824 True False 0.5283066728845658 65.97753672208898 -32.98288090149609 -1.069055034633653 1.1171445005587 -0.000922027190906761
514 33 392.0 394 26.28280463 1.47 0.0841831377569554 0.07851096829438824 False True 0.5283066728845658 65.97753672208898 -32.98288090149609 -1.069055034633653 1.1171445005587 -0.000922027190906761
514 34 404.0 406 27.099352351999997 1.47 0.0841831377569554 0.09780159042651722 True False 0.5283066728845658 65.97753672208898 -32.98288090149609 -1.069055034633653 1.1171445005587 -0.000922027190906761
514 35 404.0 407 27.58164302 1.47 0.0841831377569554 0.09780159042651722 False True 0.5283066728845658 65.97753672208898 -32.98288090149609 -1.069055034633653 1.1171445005587 -0.000922027190906761
514 36 416.0 419 28.377958215000007 1.47 0.0841831377569554 0.09913312556458712 False True 0.5283066728845658 65.97753672208898 -32.98288090149609 -1.069055034633653 1.1171445005587 -0.000922027190906761
514 37 428.0 431 29.177881827000007 1.47 0.0841831377569554 0.11879283641827396 True False 0.5283066728845658 65.97753672208898 -32.98288090149609 -1.069055034633653 1.1171445005587 -0.000922027190906761
514 38 428.0 431 29.65781253200001 1.47 0.0841831377569554 0.08550401908420874 True False 0.5283066728845658 65.97753672208898 -32.98288090149609 -1.069055034633653 1.1171445005587 -0.000922027190906761
514 39 428.0 431 30.118640364 1.47 0.0841831377569554 0.08550401908420874 False True 0.5283066728845658 65.97753672208898 -32.98288090149609 -1.069055034633653 1.1171445005587 -0.000922027190906761
514 40 440.0 443 30.882598985 1.47 0.0841831377569554 0.08294648782887759 True False 0.5283066728845658 65.97753672208898 -32.98288090149609 -1.069055034633653 1.1171445005587 -0.000922027190906761
514 41 440.0 443 31.378816502000006 1.47 0.0841831377569554 0.08294648782887759 False True 0.5283066728845658 65.97753672208898 -32.98288090149609 -1.069055034633653 1.1171445005587 -0.000922027190906761
514 42 452.0 455 32.157536491 1.47 0.0841831377569554 0.09913312556458712 False True 0.5283066728845658 65.97753672208898 -32.98288090149609 -1.069055034633653 1.1171445005587 -0.000922027190906761
514 43 456.0 459 32.924729157 1.47 0.0841831377569554 0.0852617702551713 True False 0.5283066728845658 65.97753672208898 -32.98288090149609 -1.069055034633653 1.1171445005587 -0.000922027190906761
514 44 456.0 459 33.40907093500002 1.47 0.0841831377569554 0.0852617702551713 False True 0.5283066728845658 65.97753672208898 -32.98288090149609 -1.069055034633653 1.1171445005587 -0.000922027190906761
514 45 468.0 471 34.16024977800001 1.47 0.0841831377569554 0.11879283641827396 False True 0.5283066728845658 65.97753672208898 -32.98288090149609 -1.069055034633653 1.1171445005587 -0.000922027190906761
514 46 480.0 483 34.91689563500003 1.47 0.0841831377569554 0.11899878582392175 True False 0.5283066728845658 65.97753672208898 -32.98288090149609 -1.069055034633653 1.1171445005587 -0.000922027190906761
514 47 480.0 483 35.41021836800002 1.47 0.0841831377569554 0.11899878582392175 False True 0.5283066728845658 65.97753672208898 -32.98288090149609 -1.069055034633653 1.1171445005587 -0.000922027190906761
514 48 492.0 495 36.17631514500002 1.47 0.0841831377569554 0.07720568390249477 True False 0.5283066728845658 65.97753672208898 -32.98288090149609 -1.069055034633653 1.1171445005587 -0.000922027190906761
514 49 492.0 495 36.619061353000006 1.47 0.0841831377569554 0.07720568390249477 False True 0.5283066728845658 65.97753672208898 -32.98288090149609 -1.069055034633653 1.1171445005587 -0.000922027190906761
514 50 504.0 507 37.383818639 1.47 0.0841831377569554 0.07720568390249477 False True 0.5283066728845658 65.97753672208898 -32.98288090149609 -1.069055034633653 1.1171445005587 -0.000922027190906761
514 51 508.0 511 38.12192526499999 1.47 0.0841831377569554 0.07720568390249477 False True 0.5283066728845658 65.97753672208898 -32.98288090149609 -1.069055034633653 1.1171445005587 -0.000922027190906761
514 52 512.0 515 38.859996920999976 8.12 0.03780190258553247 0.07720568390249477 False True 0.5283066728845658 65.97753672208898 -32.98288090149609 -1.069055034633653 1.1171445005587 -0.000922027190906761
514 53 516.0 519 39.59532619199999 1.6 0.07720568390249477 0.09001780455128906 True False 0.5283066728845658 65.97753672208898 -32.98288090149609 -1.069055034633653 1.1171445005587 -0.000922027190906761
514 54 516.0 519 40.03872020199998 1.6 0.07720568390249477 0.09001780455128906 False True 0.5283066728845658 65.97753672208898 -32.98288090149609 -1.069055034633653 1.1171445005587 -0.000922027190906761
514 55 528.0 531 40.784226597999975 1.47 0.0841831377569554 0.07704156845628654 True False 0.5283066728845658 65.97753672208898 -32.98288090149609 -1.069055034633653 1.1171445005587 -0.000922027190906761
514 56 528.0 531 41.25802614599999 1.47 0.0841831377569554 0.07704156845628654 False True 0.5283066728845658 65.97753672208898 -32.98288090149609 -1.069055034633653 1.1171445005587 -0.000922027190906761
514 57 540.0 543 41.97907374199997 8.12 0.03780190258553247 0.07748662441680115 True False 0.5283066728845658 65.97753672208898 -32.98288090149609 -1.069055034633653 1.1171445005587 -0.000922027190906761
514 58 540.0 543 42.41791519399996 8.12 0.03780190258553247 0.07748662441680115 False True 0.5283066728845658 65.97753672208898 -32.98288090149609 -1.069055034633653 1.1171445005587 -0.000922027190906761
514 59 552.0 555 43.160703069999954 8.12 0.03780190258553247 0.07699430636737743 True False 0.5283066728845658 65.97753672208898 -32.98288090149609 -1.069055034633653 1.1171445005587 -0.000922027190906761
514 60 552.0 556 43.61833318199996 8.12 0.03780190258553247 0.07699430636737743 False True 0.5283066728845658 65.97753672208898 -32.98288090149609 -1.069055034633653 1.1171445005587 -0.000922027190906761
514 61 564.0 568 44.33483509599998 8.28 0.09913312556458712 0.07704156845628654 False True 0.5283066728845658 65.97753672208898 -32.98288090149609 -1.069055034633653 1.1171445005587 -0.000922027190906761
514 62 568.0 572 45.02106492399997 7.49 0.08122561622927225 0.07720568390249477 False True 0.5283066728845658 65.97753672208898 -32.98288090149609 -1.069055034633653 1.1171445005587 -0.000922027190906761
514 63 572.0 576 45.721598013999966 1.59 0.07704156845628654 0.01583023356926707 True False 0.5283066728845658 65.97753672208898 -32.98288090149609 -1.069055034633653 1.1171445005587 -0.000922027190906761
514 64 572.0 576 46.158682175999985 1.59 0.07704156845628654 0.01583023356926707 False True 0.5283066728845658 65.97753672208898 -32.98288090149609 -1.069055034633653 1.1171445005587 -0.000922027190906761
514 65 584.0 588 46.86361844300001 7.49 0.08122561622927225 0.07720568390249477 False True 0.5283066728845658 65.97753672208898 -32.98288090149609 -1.069055034633653 1.1171445005587 -0.000922027190906761
514 66 588.0 592 47.581398880999984 1.6 0.07720568390249477 0.012223456368453657 False True 0.5283066728845658 65.97753672208898 -32.98288090149609 -1.069055034633653 1.1171445005587 -0.000922027190906761
514 67 592.0 596 48.335556707999984 1.47 0.0841831377569554 0.037753703471059386 True False 0.5283066728845658 65.97753672208898 -32.98288090149609 -1.069055034633653 1.1171445005587 -0.000922027190906761
514 68 592.0 596 48.783462937999985 1.47 0.0841831377569554 0.037753703471059386 False True 0.5283066728845658 65.97753672208898 -32.98288090149609 -1.069055034633653 1.1171445005587 -0.000922027190906761
514 69 604.0 608 49.50213721199998 7.49 0.08122561622927225 0.05749663819408878 True False 0.5283066728845658 65.97753672208898 -32.98288090149609 -1.069055034633653 1.1171445005587 -0.000922027190906761
514 70 604.0 608 49.93985028899996 7.49 0.08122561622927225 0.05749663819408878 False True 0.5283066728845658 65.97753672208898 -32.98288090149609 -1.069055034633653 1.1171445005587 -0.000922027190906761
514 71 616.0 620 50.658399128999974 8.12 0.03780190258553247 0.0064009427970548784 True False 0.5283066728845658 65.97753672208898 -32.98288090149609 -1.069055034633653 1.1171445005587 -0.000922027190906761
514 72 616.0 620 51.102377468999975 8.12 0.03780190258553247 0.0064009427970548784 False True 0.5283066728845658 65.97753672208898 -32.98288090149609 -1.069055034633653 1.1171445005587 -0.000922027190906761
514 73 628.0 632 51.814181504999965 8.2 0.0649510799383961 0.07720568390249477 False True 0.5283066728845658 65.97753672208898 -32.98288090149609 -1.069055034633653 1.1171445005587 -0.000922027190906761
514 74 632.0 636 52.514783938999955 7.76 0.0064009427970548784 0.07720568390249477 False True 0.5283066728845658 65.97753672208898 -32.98288090149609 -1.069055034633653 1.1171445005587 -0.000922027190906761
514 75 636.0 640 53.21958148199997 7.76 0.0064009427970548784 0.2351872536521036 True False 0.5283066728845658 65.97753672208898 -32.98288090149609 -1.069055034633653 1.1171445005587 -0.000922027190906761
514 76 636.0 640 53.66126653699999 7.76 0.0064009427970548784 0.2351872536521036 False True 0.5283066728845658 65.97753672208898 -32.98288090149609 -1.069055034633653 1.1171445005587 -0.000922027190906761
514 77 648.0 652 54.39284815799999 7.49 0.08122561622927225 0.081826231348468 True False 0.5283066728845658 65.97753672208898 -32.98288090149609 -1.069055034633653 1.1171445005587 -0.000922027190906761
514 78 648.0 652 54.835682295 7.49 0.08122561622927225 0.081826231348468 False True 0.5283066728845658 65.97753672208898 -32.98288090149609 -1.069055034633653 1.1171445005587 -0.000922027190906761
514 79 660.0 664 55.55648493300001 1.47 0.0841831377569554 0.07287028321718826 True False 0.5283066728845658 65.97753672208898 -32.98288090149609 -1.069055034633653 1.1171445005587 -0.000922027190906761
514 80 660.0 664 55.9945774 1.47 0.0841831377569554 0.07287028321718826 False True 0.5283066728845658 65.97753672208898 -32.98288090149609 -1.069055034633653 1.1171445005587 -0.000922027190906761
514 81 672.0 676 56.710334982999996 1.47 0.0841831377569554 0.003255314025503244 True False 0.5283066728845658 65.97753672208898 -32.98288090149609 -1.069055034633653 1.1171445005587 -0.000922027190906761
514 82 672.0 676 57.155715766000014 1.47 0.0841831377569554 0.003255314025503244 False True 0.5283066728845658 65.97753672208898 -32.98288090149609 -1.069055034633653 1.1171445005587 -0.000922027190906761
514 83 684.0 688 57.856430601 7.79 0.003255314025503244 0.1818612924974342 True False 0.5283066728845658 65.97753672208898 -32.98288090149609 -1.069055034633653 1.1171445005587 -0.000922027190906761
514 84 684.0 688 58.29466296800001 7.79 0.003255314025503244 0.1818612924974342 False True 0.5283066728845658 65.97753672208898 -32.98288090149609 -1.069055034633653 1.1171445005587 -0.000922027190906761
514 85 696.0 700 59.038275149000015 7.79 0.003255314025503244 0.1695110079162579 True False 0.5283066728845658 65.97753672208898 -32.98288090149609 -1.069055034633653 1.1171445005587 -0.000922027190906761
514 86 696.0 701 59.491902873000015 7.79 0.003255314025503244 0.1695110079162579 False True 0.5283066728845658 65.97753672208898 -32.98288090149609 -1.069055034633653 1.1171445005587 -0.000922027190906761
514 87 708.0 713 60.211097846 7.79 0.003255314025503244 0.19460913605397817 True False 0.5283066728845658 65.97753672208898 -32.98288090149609 -1.069055034633653 1.1171445005587 -0.000922027190906761
514 88 708.0 713 60.648979440999994 7.79 0.003255314025503244 0.19460913605397817 False True 0.5283066728845658 65.97753672208898 -32.98288090149609 -1.069055034633653 1.1171445005587 -0.000922027190906761
514 89 720.0 725 61.350498219 7.28 0.19460913605397817 0.003255314025503244 False True 0.5283066728845658 65.97753672208898 -32.98288090149609 -1.069055034633653 1.1171445005587 -0.000922027190906761
514 90 724.0 729 62.09189116700003 7.79 0.003255314025503244 0.20113058661276983 True False 0.5283066728845658 65.97753672208898 -32.98288090149609 -1.069055034633653 1.1171445005587 -0.000922027190906761
514 91 724.0 729 62.539179545000025 7.79 0.003255314025503244 0.20113058661276983 False True 0.5283066728845658 65.97753672208898 -32.98288090149609 -1.069055034633653 1.1171445005587 -0.000922027190906761
514 92 736.0 741 63.24583707800005 7.79 0.003255314025503244 0.0024399297656124827 True False 0.5283066728845658 65.97753672208898 -32.98288090149609 -1.069055034633653 1.1171445005587 -0.000922027190906761
514 93 736.0 741 63.68765164100006 7.79 0.003255314025503244 0.0024399297656124827 False True 0.5283066728845658 65.97753672208898 -32.98288090149609 -1.069055034633653 1.1171445005587 -0.000922027190906761
514 94 748.0 753 64.42505526200006 7.79 0.003255314025503244 0.19460913605397817 False True 0.5283066728845658 65.97753672208898 -32.98288090149609 -1.069055034633653 1.1171445005587 -0.000922027190906761
514 95 752.0 757 65.13017238100005 7.79 0.003255314025503244 0.3345237724683919 True False 0.5283066728845658 65.97753672208898 -32.98288090149609 -1.069055034633653 1.1171445005587 -0.000922027190906761
514 96 752.0 757 65.55108893000005 7.79 0.003255314025503244 0.3345237724683919 False True 0.5283066728845658 65.97753672208898 -32.98288090149609 -1.069055034633653 1.1171445005587 -0.000922027190906761
514 97 764.0 769 66.28702100300004 7.79 0.003255314025503244 0.2097963858803639 True False 0.5283066728845658 65.97753672208898 -32.98288090149609 -1.069055034633653 1.1171445005587 -0.000922027190906761
514 98 764.0 769 66.74876361900004 7.79 0.003255314025503244 0.2097963858803639 False True 0.5283066728845658 65.97753672208898 -32.98288090149609 -1.069055034633653 1.1171445005587 -0.000922027190906761
514 99 776.0 781 67.46593941200004 7.79 0.003255314025503244 0.0024399297656124827 False True 0.5283066728845658 65.97753672208898 -32.98288090149609 -1.069055034633653 1.1171445005587 -0.000922027190906761
514 100 780.0 785 68.18617696200005 7.8 0.0024399297656124827 0.003255314025503244 False True 0.5283066728845658 65.97753672208898 -32.98288090149609 -1.069055034633653 1.1171445005587 -0.000922027190906761
514 101 784.0 789 68.90406692900007 7.79 0.003255314025503244 0.0024399297656124827 False True 0.5283066728845658 65.97753672208898 -32.98288090149609 -1.069055034633653 1.1171445005587 -0.000922027190906761
514 102 788.0 793 69.62406717400006 7.8 0.0024399297656124827 0.003255314025503244 False True 0.5283066728845658 65.97753672208898 -32.98288090149609 -1.069055034633653 1.1171445005587 -0.000922027190906761
514 103 792.0 797 70.34384645000009 7.79 0.003255314025503244 0.1818612924974342 False True 0.5283066728845658 65.97753672208898 -32.98288090149609 -1.069055034633653 1.1171445005587 -0.000922027190906761
514 104 796.0 801 71.0895161660001 7.79 0.003255314025503244 0.0024399297656124827 False True 0.5283066728845658 65.97753672208898 -32.98288090149609 -1.069055034633653 1.1171445005587 -0.000922027190906761
514 105 800.0 805 71.8104063240001 7.79 0.003255314025503244 0.001741249390611409 True False 0.5283066728845658 65.97753672208898 -32.98288090149609 -1.069055034633653 1.1171445005587 -0.000922027190906761
514 106 800.0 805 72.24973290300011 7.79 0.003255314025503244 0.001741249390611409 False True 0.5283066728845658 65.97753672208898 -32.98288090149609 -1.069055034633653 1.1171445005587 -0.000922027190906761
514 107 812.0 817 72.98460261100013 7.81 0.001741249390611409 0.43805125720514176 True False 0.5283066728845658 65.97753672208898 -32.98288090149609 -1.069055034633653 1.1171445005587 -0.000922027190906761
514 108 812.0 817 73.44460816300011 7.81 0.001741249390611409 0.43805125720514176 False True 0.5283066728845658 65.97753672208898 -32.98288090149609 -1.069055034633653 1.1171445005587 -0.000922027190906761
514 109 824.0 829 74.16828035300011 7.81 0.001741249390611409 0.6410159531423495 True False 0.5283066728845658 65.97753672208898 -32.98288090149609 -1.069055034633653 1.1171445005587 -0.000922027190906761
514 110 824.0 829 74.60805305800011 7.81 0.001741249390611409 0.6410159531423495 False True 0.5283066728845658 65.97753672208898 -32.98288090149609 -1.069055034633653 1.1171445005587 -0.000922027190906761
514 111 836.0 841 75.3286321300001 7.81 0.001741249390611409 0.16088669892415808 True False 0.5283066728845658 65.97753672208898 -32.98288090149609 -1.069055034633653 1.1171445005587 -0.000922027190906761
514 112 836.0 841 75.78776478000012 7.81 0.001741249390611409 0.16088669892415808 False True 0.5283066728845658 65.97753672208898 -32.98288090149609 -1.069055034633653 1.1171445005587 -0.000922027190906761
514 113 848.0 853 76.50902659600013 7.81 0.001741249390611409 0.3356355336970173 True False 0.5283066728845658 65.97753672208898 -32.98288090149609 -1.069055034633653 1.1171445005587 -0.000922027190906761
514 114 848.0 854 76.93150569500011 7.81 0.001741249390611409 0.3356355336970173 False True 0.5283066728845658 65.97753672208898 -32.98288090149609 -1.069055034633653 1.1171445005587 -0.000922027190906761
514 115 860.0 866 77.64434926000013 7.81 0.001741249390611409 0.001159330129165065 True False 0.5283066728845658 65.97753672208898 -32.98288090149609 -1.069055034633653 1.1171445005587 -0.000922027190906761
514 116 860.0 866 78.10381087700014 7.81 0.001741249390611409 0.001159330129165065 False True 0.5283066728845658 65.97753672208898 -32.98288090149609 -1.069055034633653 1.1171445005587 -0.000922027190906761
514 117 872.0 878 78.82549985400016 7.81 0.001741249390611409 0.2627290788222783 True False 0.5283066728845658 65.97753672208898 -32.98288090149609 -1.069055034633653 1.1171445005587 -0.000922027190906761
514 118 872.0 878 79.24966608900016 7.81 0.001741249390611409 0.2627290788222783 False True 0.5283066728845658 65.97753672208898 -32.98288090149609 -1.069055034633653 1.1171445005587 -0.000922027190906761
514 119 884.0 890 79.96350640600016 7.81 0.001741249390611409 0.0007103884988180301 True False 0.5283066728845658 65.97753672208898 -32.98288090149609 -1.069055034633653 1.1171445005587 -0.000922027190906761
514 120 884.0 890 80.41115390600015 7.81 0.001741249390611409 0.0007103884988180301 False True 0.5283066728845658 65.97753672208898 -32.98288090149609 -1.069055034633653 1.1171445005587 -0.000922027190906761
514 121 896.0 902 81.13180444400015 7.81 0.001741249390611409 0.24140899078762204 True False 0.5283066728845658 65.97753672208898 -32.98288090149609 -1.069055034633653 1.1171445005587 -0.000922027190906761
514 122 896.0 902 81.56296313100015 7.81 0.001741249390611409 0.24140899078762204 False True 0.5283066728845658 65.97753672208898 -32.98288090149609 -1.069055034633653 1.1171445005587 -0.000922027190906761
514 123 908.0 914 82.24422619500015 7.81 0.001741249390611409 0.00012153093748817369 True False 0.5283066728845658 65.97753672208898 -32.98288090149609 -1.069055034633653 1.1171445005587 -0.000922027190906761
514 124 908.0 914 82.66858568800015 7.81 0.001741249390611409 0.00012153093748817369 False True 0.5283066728845658 65.97753672208898 -32.98288090149609 -1.069055034633653 1.1171445005587 -0.000922027190906761
514 125 920.0 926 83.42592887800015 7.81 0.001741249390611409 0.014025473263721782 True False 0.5283066728845658 65.97753672208898 -32.98288090149609 -1.069055034633653 1.1171445005587 -0.000922027190906761
514 126 920.0 926 83.88369082900013 7.81 0.001741249390611409 0.014025473263721782 False True 0.5283066728845658 65.97753672208898 -32.98288090149609 -1.069055034633653 1.1171445005587 -0.000922027190906761
514 127 932.0 938 84.60249289600014 7.81 0.001741249390611409 0.0017662359550388582 True False 0.5283066728845658 65.97753672208898 -32.98288090149609 -1.069055034633653 1.1171445005587 -0.000922027190906761
514 128 932.0 938 85.04215346600014 7.81 0.001741249390611409 0.0017662359550388582 False True 0.5283066728845658 65.97753672208898 -32.98288090149609 -1.069055034633653 1.1171445005587 -0.000922027190906761
514 129 944.0 950 85.76464942400014 7.81 0.001741249390611409 0.010646256720619352 True False 0.5283066728845658 65.97753672208898 -32.98288090149609 -1.069055034633653 1.1171445005587 -0.000922027190906761
514 130 944.0 950 86.20772158600013 7.81 0.001741249390611409 0.010646256720619352 False True 0.5283066728845658 65.97753672208898 -32.98288090149609 -1.069055034633653 1.1171445005587 -0.000922027190906761
514 131 956.0 962 86.92314138100014 7.81 0.001741249390611409 0.010646256720619352 False True 0.5283066728845658 65.97753672208898 -32.98288090149609 -1.069055034633653 1.1171445005587 -0.000922027190906761
514 132 960.0 966 87.62528135600013 7.81 0.001741249390611409 0.010646256720619352 False True 0.5283066728845658 65.97753672208898 -32.98288090149609 -1.069055034633653 1.1171445005587 -0.000922027190906761
514 133 964.0 970 88.32944831400013 7.81 0.001741249390611409 0.010646256720619352 False True 0.5283066728845658 65.97753672208898 -32.98288090149609 -1.069055034633653 1.1171445005587 -0.000922027190906761
514 134 968.0 974 89.01023232400016 7.81 0.001741249390611409 0.010646256720619352 False True 0.5283066728845658 65.97753672208898 -32.98288090149609 -1.069055034633653 1.1171445005587 -0.000922027190906761
514 135 972.0 978 89.74899981000016 7.81 0.001741249390611409 0.010646256720619352 False True 0.5283066728845658 65.97753672208898 -32.98288090149609 -1.069055034633653 1.1171445005587 -0.000922027190906761
514 136 976.0 982 90.46776736700016 7.81 0.001741249390611409 0.010646256720619352 False True 0.5283066728845658 65.97753672208898 -32.98288090149609 -1.069055034633653 1.1171445005587 -0.000922027190906761
514 137 980.0 986 91.18366560900017 7.81 0.001741249390611409 0.010646256720619352 False True 0.5283066728845658 65.97753672208898 -32.98288090149609 -1.069055034633653 1.1171445005587 -0.000922027190906761
514 138 984.0 990 91.88778249200018 8.0 0.010646256720619352 0.001741249390611409 False True 0.5283066728845658 65.97753672208898 -32.98288090149609 -1.069055034633653 1.1171445005587 -0.000922027190906761
514 139 988.0 994 92.60439828500017 8.0 0.010646256720619352 0.001741249390611409 False True 0.5283066728845658 65.97753672208898 -32.98288090149609 -1.069055034633653 1.1171445005587 -0.000922027190906761
514 140 992.0 998 93.30844832600016 8.0 0.010646256720619352 0.001741249390611409 False True 0.5283066728845658 65.97753672208898 -32.98288090149609 -1.069055034633653 1.1171445005587 -0.000922027190906761
514 141 996.0 1002 94.04815913600015 8.0 0.010646256720619352 0.001741249390611409 False True 0.5283066728845658 65.97753672208898 -32.98288090149609 -1.069055034633653 1.1171445005587 -0.000922027190906761
514 142 1000.0 1006 94.76444868100015 8.0 0.010646256720619352 0.009130005888030214 True False 0.5283066728845658 65.97753672208898 -32.98288090149609 -1.069055034633653 1.1171445005587 -0.000922027190906761
514 143 1000.0 1006 95.20354550200017 8.0 0.010646256720619352 0.009130005888030214 False True 0.5283066728845658 65.97753672208898 -32.98288090149609 -1.069055034633653 1.1171445005587 -0.000922027190906761
514 144 1012.0 1018 95.92081714400018 8.0 0.010646256720619352 0.001741249390611409 False True 0.5283066728845658 65.97753672208898 -32.98288090149609 -1.069055034633653 1.1171445005587 -0.000922027190906761
514 145 1016.0 1022 96.64081716300018 8.0 0.010646256720619352 0.012278137796129723 True False 0.5283066728845658 65.97753672208898 -32.98288090149609 -1.069055034633653 1.1171445005587 -0.000922027190906761
514 146 1016.0 1023 97.06446127800015 8.0 0.010646256720619352 0.012278137796129723 False True 0.5283066728845658 65.97753672208898 -32.98288090149609 -1.069055034633653 1.1171445005587 -0.000922027190906761
514 147 1028.0 1035 97.78446258700015 8.0 0.010646256720619352 0.012278137796129723 False True 0.5283066728845658 65.97753672208898 -32.98288090149609 -1.069055034633653 1.1171445005587 -0.000922027190906761
514 148 1032.0 1039 98.50083856500015 8.0 0.010646256720619352 0.012278137796129723 False True 0.5283066728845658 65.97753672208898 -32.98288090149609 -1.069055034633653 1.1171445005587 -0.000922027190906761
514 149 1036.0 1043 99.20499149200015 8.0 0.010646256720619352 0.012278137796129723 False True 0.5283066728845658 65.97753672208898 -32.98288090149609 -1.069055034633653 1.1171445005587 -0.000922027190906761
514 150 1040.0 1047 99.93944299900016 8.0 0.010646256720619352 0.012278137796129723 False True 0.5283066728845658 65.97753672208898 -32.98288090149609 -1.069055034633653 1.1171445005587 -0.000922027190906761
514 151 1044.0 1051 100.64589210800014 8.0 0.010646256720619352 0.001741249390611409 False True 0.5283066728845658 65.97753672208898 -32.98288090149609 -1.069055034633653 1.1171445005587 -0.000922027190906761
514 152 1048.0 1055 101.36375331400015 8.0 0.010646256720619352 0.001741249390611409 False True 0.5283066728845658 65.97753672208898 -32.98288090149609 -1.069055034633653 1.1171445005587 -0.000922027190906761
514 153 1052.0 1059 102.08000692600015 7.81 0.001741249390611409 0.010646256720619352 False True 0.5283066728845658 65.97753672208898 -32.98288090149609 -1.069055034633653 1.1171445005587 -0.000922027190906761
514 154 1056.0 1063 102.78708777800014 7.81 0.001741249390611409 0.010646256720619352 False True 0.5283066728845658 65.97753672208898 -32.98288090149609 -1.069055034633653 1.1171445005587 -0.000922027190906761
514 155 1060.0 1067 103.50768372800013 7.81 0.001741249390611409 0.010646256720619352 False True 0.5283066728845658 65.97753672208898 -32.98288090149609 -1.069055034633653 1.1171445005587 -0.000922027190906761
514 156 1064.0 1071 104.22440749300014 7.81 0.001741249390611409 0.010646256720619352 False True 0.5283066728845658 65.97753672208898 -32.98288090149609 -1.069055034633653 1.1171445005587 -0.000922027190906761
514 157 1068.0 1075 104.93923939800015 8.0 0.010646256720619352 0.001741249390611409 False True 0.5283066728845658 65.97753672208898 -32.98288090149609 -1.069055034633653 1.1171445005587 -0.000922027190906761
514 158 1072.0 1079 105.64485770500013 7.81 0.001741249390611409 0.010646256720619352 False True 0.5283066728845658 65.97753672208898 -32.98288090149609 -1.069055034633653 1.1171445005587 -0.000922027190906761
514 159 1076.0 1083 106.36120206000012 7.81 0.001741249390611409 0.017865746257477184 True False 0.5283066728845658 65.97753672208898 -32.98288090149609 -1.069055034633653 1.1171445005587 -0.000922027190906761
514 160 1076.0 1083 106.82136847800012 7.81 0.001741249390611409 0.017865746257477184 False True 0.5283066728845658 65.97753672208898 -32.98288090149609 -1.069055034633653 1.1171445005587 -0.000922027190906761
514 161 1088.0 1095 107.54376483900015 8.0 0.010646256720619352 0.001741249390611409 False True 0.5283066728845658 65.97753672208898 -32.98288090149609 -1.069055034633653 1.1171445005587 -0.000922027190906761
514 162 1092.0 1099 108.26654946600013 7.81 0.001741249390611409 0.19460913605397817 False True 0.5283066728845658 65.97753672208898 -32.98288090149609 -1.069055034633653 1.1171445005587 -0.000922027190906761
514 163 1096.0 1103 109.00069041200013 7.81 0.001741249390611409 0.0007103884988180301 False True 0.5283066728845658 65.97753672208898 -32.98288090149609 -1.069055034633653 1.1171445005587 -0.000922027190906761
514 164 1100.0 1107 109.72523769600011 7.81 0.001741249390611409 0.0007103884988180301 False True 0.5283066728845658 65.97753672208898 -32.98288090149609 -1.069055034633653 1.1171445005587 -0.000922027190906761
514 165 1104.0 1111 110.45935154200012 7.9 0.0007103884988180301 0.001741249390611409 False True 0.5283066728845658 65.97753672208898 -32.98288090149609 -1.069055034633653 1.1171445005587 -0.000922027190906761
514 166 1108.0 1115 111.19864289900013 7.9 0.0007103884988180301 0.010646256720619352 False True 0.5283066728845658 65.97753672208898 -32.98288090149609 -1.069055034633653 1.1171445005587 -0.000922027190906761
514 167 1112.0 1119 111.92265341600014 7.9 0.0007103884988180301 0.003255314025503244 False True 0.5283066728845658 65.97753672208898 -32.98288090149609 -1.069055034633653 1.1171445005587 -0.000922027190906761
514 168 1116.0 1123 112.64417107500014 7.79 0.003255314025503244 0.0024399297656124827 False True 0.5283066728845658 65.97753672208898 -32.98288090149609 -1.069055034633653 1.1171445005587 -0.000922027190906761
514 169 1120.0 1127 113.36362023300015 7.8 0.0024399297656124827 0.003255314025503244 False True 0.5283066728845658 65.97753672208898 -32.98288090149609 -1.069055034633653 1.1171445005587 -0.000922027190906761
514 170 1124.0 1131 114.08348740800017 7.79 0.003255314025503244 0.0024399297656124827 False True 0.5283066728845658 65.97753672208898 -32.98288090149609 -1.069055034633653 1.1171445005587 -0.000922027190906761
514 171 1128.0 1135 114.80284422800017 7.8 0.0024399297656124827 0.003255314025503244 False True 0.5283066728845658 65.97753672208898 -32.98288090149609 -1.069055034633653 1.1171445005587 -0.000922027190906761
514 172 1132.0 1139 115.52568737500019 7.79 0.003255314025503244 0.0024399297656124827 False True 0.5283066728845658 65.97753672208898 -32.98288090149609 -1.069055034633653 1.1171445005587 -0.000922027190906761
514 173 1136.0 1143 116.2580952710002 7.81 0.001741249390611409 0.0024399297656124827 False True 0.5283066728845658 65.97753672208898 -32.98288090149609 -1.069055034633653 1.1171445005587 -0.000922027190906761
514 174 1140.0 1147 126.48127246300021 7.81 0.001741249390611409 0.010646256720619352 False True 0.5283066728845658 65.97753672208898 -32.98288090149609 -1.069055034633653 1.1171445005587 -0.000922027190906761
514 175 1144.0 1151 130.3251413990002 8.0 0.010646256720619352 0.0024399297656124827 False True 0.5283066728845658 65.97753672208898 -32.98288090149609 -1.069055034633653 1.1171445005587 -0.000922027190906761
514 176 1148.0 1155 132.56937745200017 8.0 0.010646256720619352 0.0024399297656124827 False True 0.5283066728845658 65.97753672208898 -32.98288090149609 -1.069055034633653 1.1171445005587 -0.000922027190906761
514 177 1152.0 1159 134.43004014700017 7.81 0.001741249390611409 0.004187333270064992 False True 0.5283066728845658 65.97753672208898 -32.98288090149609 -1.069055034633653 1.1171445005587 -0.000922027190906761
514 178 1156.0 1163 136.14994083700017 7.81 0.001741249390611409 0.022106091782267873 True False 0.5283066728845658 65.97753672208898 -32.98288090149609 -1.069055034633653 1.1171445005587 -0.000922027190906761
514 179 1156.0 1163 137.1311274990002 7.81 0.001741249390611409 0.022106091782267873 False True 0.5283066728845658 65.97753672208898 -32.98288090149609 -1.069055034633653 1.1171445005587 -0.000922027190906761
514 180 1168.0 1175 138.6252931300002 7.81 0.001741249390611409 0.022106091782267873 False True 0.5283066728845658 65.97753672208898 -32.98288090149609 -1.069055034633653 1.1171445005587 -0.000922027190906761
514 181 1172.0 1179 140.0290222210002 8.0 0.010646256720619352 0.07287028321718826 False True 0.5283066728845658 65.97753672208898 -32.98288090149609 -1.069055034633653 1.1171445005587 -0.000922027190906761
514 182 1176.0 1183 141.38331860900018 7.79 0.003255314025503244 0.06884341569734374 True False 0.5283066728845658 65.97753672208898 -32.98288090149609 -1.069055034633653 1.1171445005587 -0.000922027190906761
514 183 1176.0 1183 142.1691542960002 7.79 0.003255314025503244 0.06884341569734374 False True 0.5283066728845658 65.97753672208898 -32.98288090149609 -1.069055034633653 1.1171445005587 -0.000922027190906761
514 184 1188.0 1195 143.4456824710002 7.79 0.003255314025503244 0.0007103884988180301 False True 0.5283066728845658 65.97753672208898 -32.98288090149609 -1.069055034633653 1.1171445005587 -0.000922027190906761
514 185 1192.0 1199 144.6799838860002 7.81 0.001741249390611409 0.022106091782267873 False True 0.5283066728845658 65.97753672208898 -32.98288090149609 -1.069055034633653 1.1171445005587 -0.000922027190906761
514 186 1196.0 1203 145.8669268660002 7.67 0.022106091782267873 0.001741249390611409 False True 0.5283066728845658 65.97753672208898 -32.98288090149609 -1.069055034633653 1.1171445005587 -0.000922027190906761
514 187 1200.0 1207 147.0827177040002 7.67 0.022106091782267873 0.0024399297656124827 False True 0.5283066728845658 65.97753672208898 -32.98288090149609 -1.069055034633653 1.1171445005587 -0.000922027190906761
514 188 1204.0 1211 148.2281393670002 7.67 0.022106091782267873 0.012278137796129723 False True 0.5283066728845658 65.97753672208898 -32.98288090149609 -1.069055034633653 1.1171445005587 -0.000922027190906761
514 189 1208.0 1215 149.3614178620002 7.67 0.022106091782267873 0.010646256720619352 False True 0.5283066728845658 65.97753672208898 -32.98288090149609 -1.069055034633653 1.1171445005587 -0.000922027190906761
514 190 1212.0 1219 150.44840246000018 7.67 0.022106091782267873 0.019898963956148524 True False 0.5283066728845658 65.97753672208898 -32.98288090149609 -1.069055034633653 1.1171445005587 -0.000922027190906761
514 191 1212.0 1219 151.08660634100016 7.67 0.022106091782267873 0.019898963956148524 False True 0.5283066728845658 65.97753672208898 -32.98288090149609 -1.069055034633653 1.1171445005587 -0.000922027190906761
514 192 1224.0 1231 152.14486516000017 7.67 0.022106091782267873 0.010646256720619352 False True 0.5283066728845658 65.97753672208898 -32.98288090149609 -1.069055034633653 1.1171445005587 -0.000922027190906761
514 193 1228.0 1235 153.22503174100018 7.81 0.001741249390611409 0.022106091782267873 False True 0.5283066728845658 65.97753672208898 -32.98288090149609 -1.069055034633653 1.1171445005587 -0.000922027190906761
514 194 1232.0 1239 154.24267942500018 8.0 0.010646256720619352 0.022106091782267873 False True 0.5283066728845658 65.97753672208898 -32.98288090149609 -1.069055034633653 1.1171445005587 -0.000922027190906761
514 195 1236.0 1243 155.23933639200018 7.79 0.003255314025503244 0.04391923265969481 True False 0.5283066728845658 65.97753672208898 -32.98288090149609 -1.069055034633653 1.1171445005587 -0.000922027190906761
514 196 1236.0 1243 155.90264510300017 7.79 0.003255314025503244 0.04391923265969481 False True 0.5283066728845658 65.97753672208898 -32.98288090149609 -1.069055034633653 1.1171445005587 -0.000922027190906761
514 197 1248.0 1255 156.86434254200017 8.14 0.04391923265969481 0.040804342758907604 True False 0.5283066728845658 65.97753672208898 -32.98288090149609 -1.069055034633653 1.1171445005587 -0.000922027190906761
514 198 1248.0 1255 157.43835246300017 8.14 0.04391923265969481 0.040804342758907604 False True 0.5283066728845658 65.97753672208898 -32.98288090149609 -1.069055034633653 1.1171445005587 -0.000922027190906761
514 199 1260.0 1267 158.35927931500018 8.13 0.040804342758907604 0.04391923265969481 False True 0.5283066728845658 65.97753672208898 -32.98288090149609 -1.069055034633653 1.1171445005587 -0.000922027190906761
514 200 1264.0 1271 159.27683311100017 8.13 0.040804342758907604 0.04391923265969481 False True 0.5283066728845658 65.97753672208898 -32.98288090149609 -1.069055034633653 1.1171445005587 -0.000922027190906761
514 201 1268.0 1275 160.18098566500018 8.13 0.040804342758907604 0.04391923265969481 False True 0.5283066728845658 65.97753672208898 -32.98288090149609 -1.069055034633653 1.1171445005587 -0.000922027190906761
514 202 1272.0 1279 161.08027371700015 8.13 0.040804342758907604 0.04391923265969481 False True 0.5283066728845658 65.97753672208898 -32.98288090149609 -1.069055034633653 1.1171445005587 -0.000922027190906761
514 203 1276.0 1283 161.96453081900015 8.13 0.040804342758907604 0.04391923265969481 False True 0.5283066728845658 65.97753672208898 -32.98288090149609 -1.069055034633653 1.1171445005587 -0.000922027190906761
514 204 1280.0 1287 162.88087651000015 8.13 0.040804342758907604 0.04391923265969481 False True 0.5283066728845658 65.97753672208898 -32.98288090149609 -1.069055034633653 1.1171445005587 -0.000922027190906761
514 205 1284.0 1291 163.74607817900014 8.13 0.040804342758907604 0.04391923265969481 False True 0.5283066728845658 65.97753672208898 -32.98288090149609 -1.069055034633653 1.1171445005587 -0.000922027190906761
514 206 1288.0 1295 164.60478452700013 8.13 0.040804342758907604 0.04391923265969481 False True 0.5283066728845658 65.97753672208898 -32.98288090149609 -1.069055034633653 1.1171445005587 -0.000922027190906761
514 207 1292.0 1299 165.45929078700013 8.13 0.040804342758907604 0.04391923265969481 False True 0.5283066728845658 65.97753672208898 -32.98288090149609 -1.069055034633653 1.1171445005587 -0.000922027190906761
514 208 1296.0 1303 166.30085641800017 8.14 0.04391923265969481 0.040804342758907604 False True 0.5283066728845658 65.97753672208898 -32.98288090149609 -1.069055034633653 1.1171445005587 -0.000922027190906761
514 209 1300.0 1307 167.17602698600015 8.14 0.04391923265969481 0.040804342758907604 False True 0.5283066728845658 65.97753672208898 -32.98288090149609 -1.069055034633653 1.1171445005587 -0.000922027190906761
514 210 1304.0 1311 167.99975484300015 8.14 0.04391923265969481 0.040804342758907604 False True 0.5283066728845658 65.97753672208898 -32.98288090149609 -1.069055034633653 1.1171445005587 -0.000922027190906761
514 211 1308.0 1315 168.8176806350002 8.14 0.04391923265969481 0.08700515912522325 True False 0.5283066728845658 65.97753672208898 -32.98288090149609 -1.069055034633653 1.1171445005587 -0.000922027190906761
514 212 1308.0 1315 169.36372676000022 8.14 0.04391923265969481 0.08700515912522325 False True 0.5283066728845658 65.97753672208898 -32.98288090149609 -1.069055034633653 1.1171445005587 -0.000922027190906761
514 213 1320.0 1327 170.21597186400024 8.14 0.04391923265969481 0.07977766253714069 False True 0.5283066728845658 65.97753672208898 -32.98288090149609 -1.069055034633653 1.1171445005587 -0.000922027190906761
514 214 1324.0 1331 171.0235091270002 8.14 0.04391923265969481 0.07977766253714069 False True 0.5283066728845658 65.97753672208898 -32.98288090149609 -1.069055034633653 1.1171445005587 -0.000922027190906761
514 215 1328.0 1335 171.8223249830002 8.14 0.04391923265969481 0.07977766253714069 False True 0.5283066728845658 65.97753672208898 -32.98288090149609 -1.069055034633653 1.1171445005587 -0.000922027190906761
514 216 1332.0 1339 172.6553728590002 8.14 0.04391923265969481 0.07977766253714069 False True 0.5283066728845658 65.97753672208898 -32.98288090149609 -1.069055034633653 1.1171445005587 -0.000922027190906761
514 217 1336.0 1343 173.4442083130002 8.14 0.04391923265969481 0.07977766253714069 False True 0.5283066728845658 65.97753672208898 -32.98288090149609 -1.069055034633653 1.1171445005587 -0.000922027190906761
514 218 1340.0 1347 174.2187344990002 8.14 0.04391923265969481 0.08294648782887759 False True 0.5283066728845658 65.97753672208898 -32.98288090149609 -1.069055034633653 1.1171445005587 -0.000922027190906761
514 219 1344.0 1351 174.97695919800017 8.14 0.04391923265969481 0.07720568390249477 False True 0.5283066728845658 65.97753672208898 -32.98288090149609 -1.069055034633653 1.1171445005587 -0.000922027190906761
514 220 1348.0 1355 175.77216816900014 8.14 0.04391923265969481 0.0007103884988180301 False True 0.5283066728845658 65.97753672208898 -32.98288090149609 -1.069055034633653 1.1171445005587 -0.000922027190906761
514 221 1352.0 1359 176.55367405800015 7.9 0.0007103884988180301 0.04391923265969481 False True 0.5283066728845658 65.97753672208898 -32.98288090149609 -1.069055034633653 1.1171445005587 -0.000922027190906761
514 222 1356.0 1363 177.2972717720002 8.14 0.04391923265969481 0.0007103884988180301 False True 0.5283066728845658 65.97753672208898 -32.98288090149609 -1.069055034633653 1.1171445005587 -0.000922027190906761
514 223 1360.0 1367 178.0784621680002 7.9 0.0007103884988180301 0.1818612924974342 False True 0.5283066728845658 65.97753672208898 -32.98288090149609 -1.069055034633653 1.1171445005587 -0.000922027190906761
514 224 1364.0 1371 178.85263946000018 7.9 0.0007103884988180301 0.040804342758907604 False True 0.5283066728845658 65.97753672208898 -32.98288090149609 -1.069055034633653 1.1171445005587 -0.000922027190906761
514 225 1368.0 1375 179.6118030710002 7.79 0.003255314025503244 0.014025473263721782 False True 0.5283066728845658 65.97753672208898 -32.98288090149609 -1.069055034633653 1.1171445005587 -0.000922027190906761
514 226 1372.0 1379 180.3574522390002 8.0 0.010646256720619352 0.07720568390249477 False True 0.5283066728845658 65.97753672208898 -32.98288090149609 -1.069055034633653 1.1171445005587 -0.000922027190906761
514 227 1376.0 1383 181.11529399700018 7.81 0.001741249390611409 0.07720568390249477 False True 0.5283066728845658 65.97753672208898 -32.98288090149609 -1.069055034633653 1.1171445005587 -0.000922027190906761
514 228 1380.0 1387 181.8761523750002 7.81 0.001741249390611409 0.04714624812092977 False True 0.5283066728845658 65.97753672208898 -32.98288090149609 -1.069055034633653 1.1171445005587 -0.000922027190906761
514 229 1384.0 1391 182.63282133300018 7.81 0.001741249390611409 0.04714624812092977 False True 0.5283066728845658 65.97753672208898 -32.98288090149609 -1.069055034633653 1.1171445005587 -0.000922027190906761
514 230 1388.0 1395 183.34951212300015 7.81 0.001741249390611409 0.10241860892880653 True False 0.5283066728845658 65.97753672208898 -32.98288090149609 -1.069055034633653 1.1171445005587 -0.000922027190906761
514 231 1388.0 1395 183.78980355500013 7.81 0.001741249390611409 0.10241860892880653 False True 0.5283066728845658 65.97753672208898 -32.98288090149609 -1.069055034633653 1.1171445005587 -0.000922027190906761
514 232 1400.0 1407 184.51189209700013 7.81 0.001741249390611409 0.0775537478313042 True False 0.5283066728845658 65.97753672208898 -32.98288090149609 -1.069055034633653 1.1171445005587 -0.000922027190906761
514 233 1400.0 1407 184.97307230300012 7.81 0.001741249390611409 0.0775537478313042 False True 0.5283066728845658 65.97753672208898 -32.98288090149609 -1.069055034633653 1.1171445005587 -0.000922027190906761
514 234 1412.0 1419 185.7327242540001 7.81 0.001741249390611409 0.19403754520243585 True False 0.5283066728845658 65.97753672208898 -32.98288090149609 -1.069055034633653 1.1171445005587 -0.000922027190906761
514 235 1412.0 1420 186.2167278750001 7.81 0.001741249390611409 0.19403754520243585 False True 0.5283066728845658 65.97753672208898 -32.98288090149609 -1.069055034633653 1.1171445005587 -0.000922027190906761
514 236 1424.0 1432 186.9485626030001 7.81 0.001741249390611409 0.07720568390249477 False True 0.5283066728845658 65.97753672208898 -32.98288090149609 -1.069055034633653 1.1171445005587 -0.000922027190906761
514 237 1428.0 1436 187.6545684850001 7.81 0.001741249390611409 0.0076823369891114695 True False 0.5283066728845658 65.97753672208898 -32.98288090149609 -1.069055034633653 1.1171445005587 -0.000922027190906761
514 238 1428.0 1436 188.14718461200013 7.81 0.001741249390611409 0.0076823369891114695 False True 0.5283066728845658 65.97753672208898 -32.98288090149609 -1.069055034633653 1.1171445005587 -0.000922027190906761
514 239 1440.0 1448 188.8675689670001 7.75 0.0076823369891114695 1.0392249243838407 True False 0.5283066728845658 65.97753672208898 -32.98288090149609 -1.069055034633653 1.1171445005587 -0.000922027190906761
514 240 1440.0 1448 189.2936421690001 7.75 0.0076823369891114695 1.0392249243838407 False True 0.5283066728845658 65.97753672208898 -32.98288090149609 -1.069055034633653 1.1171445005587 -0.000922027190906761
514 241 1452.0 1460 189.98784895200012 7.75 0.0076823369891114695 0.4207230294645013 True False 0.5283066728845658 65.97753672208898 -32.98288090149609 -1.069055034633653 1.1171445005587 -0.000922027190906761
514 242 1452.0 1460 190.41414014400013 7.75 0.0076823369891114695 0.4207230294645013 False True 0.5283066728845658 65.97753672208898 -32.98288090149609 -1.069055034633653 1.1171445005587 -0.000922027190906761
514 243 1464.0 1472 191.1526261160001 7.75 0.0076823369891114695 0.4573762246423085 True False 0.5283066728845658 65.97753672208898 -32.98288090149609 -1.069055034633653 1.1171445005587 -0.000922027190906761
514 244 1464.0 1472 191.6303828310001 7.75 0.0076823369891114695 0.4573762246423085 False True 0.5283066728845658 65.97753672208898 -32.98288090149609 -1.069055034633653 1.1171445005587 -0.000922027190906761
514 245 1476.0 1484 192.34746374600016 7.75 0.0076823369891114695 0.39402684531871646 True False 0.5283066728845658 65.97753672208898 -32.98288090149609 -1.069055034633653 1.1171445005587 -0.000922027190906761
514 246 1476.0 1484 192.7895167460002 7.75 0.0076823369891114695 0.39402684531871646 False True 0.5283066728845658 65.97753672208898 -32.98288090149609 -1.069055034633653 1.1171445005587 -0.000922027190906761
514 247 1488.0 1496 193.48672568400022 7.75 0.0076823369891114695 0.2791541511189697 True False 0.5283066728845658 65.97753672208898 -32.98288090149609 -1.069055034633653 1.1171445005587 -0.000922027190906761
514 248 1488.0 1496 193.90807289900025 7.75 0.0076823369891114695 0.2791541511189697 False True 0.5283066728845658 65.97753672208898 -32.98288090149609 -1.069055034633653 1.1171445005587 -0.000922027190906761
514 249 1500.0 1508 194.65001039600028 7.75 0.0076823369891114695 0.14571236550652733 True False 0.5283066728845658 65.97753672208898 -32.98288090149609 -1.069055034633653 1.1171445005587 -0.000922027190906761
514 250 1500.0 1508 195.11089986100026 7.75 0.0076823369891114695 0.14571236550652733 False True 0.5283066728845658 65.97753672208898 -32.98288090149609 -1.069055034633653 1.1171445005587 -0.000922027190906761
514 251 1512.0 1520 195.84610868900026 7.75 0.0076823369891114695 0.14571236550652733 False True 0.5283066728845658 65.97753672208898 -32.98288090149609 -1.069055034633653 1.1171445005587 -0.000922027190906761
514 252 1516.0 1524 196.55361864500028 7.75 0.0076823369891114695 0.15140349018025856 True False 0.5283066728845658 65.97753672208898 -32.98288090149609 -1.069055034633653 1.1171445005587 -0.000922027190906761
514 253 1516.0 1524 197.00696281600025 7.75 0.0076823369891114695 0.15140349018025856 False True 0.5283066728845658 65.97753672208898 -32.98288090149609 -1.069055034633653 1.1171445005587 -0.000922027190906761
514 254 1528.0 1536 197.7118786350002 7.75 0.0076823369891114695 0.1401228951614707 True False 0.5283066728845658 65.97753672208898 -32.98288090149609 -1.069055034633653 1.1171445005587 -0.000922027190906761
514 255 1528.0 1536 198.1455965700002 7.75 0.0076823369891114695 0.1401228951614707 False True 0.5283066728845658 65.97753672208898 -32.98288090149609 -1.069055034633653 1.1171445005587 -0.000922027190906761
514 256 1540.0 1548 198.8692318010002 7.75 0.0076823369891114695 0.14571236550652733 False True 0.5283066728845658 65.97753672208898 -32.98288090149609 -1.069055034633653 1.1171445005587 -0.000922027190906761
514 257 1544.0 1552 199.57141913200022 7.75 0.0076823369891114695 0.10889890982152926 True False 0.5283066728845658 65.97753672208898 -32.98288090149609 -1.069055034633653 1.1171445005587 -0.000922027190906761
514 258 1544.0 1553 200.0073808510002 7.75 0.0076823369891114695 0.10889890982152926 False True 0.5283066728845658 65.97753672208898 -32.98288090149609 -1.069055034633653 1.1171445005587 -0.000922027190906761
514 259 1556.0 1565 200.74997983600022 7.75 0.0076823369891114695 0.14571236550652733 False True 0.5283066728845658 65.97753672208898 -32.98288090149609 -1.069055034633653 1.1171445005587 -0.000922027190906761
514 260 1560.0 1569 201.4693093550002 7.75 0.0076823369891114695 0.012223456368453657 False True 0.5283066728845658 65.97753672208898 -32.98288090149609 -1.069055034633653 1.1171445005587 -0.000922027190906761
514 261 1564.0 1573 202.17272977800022 7.75 0.0076823369891114695 0.010593726712505271 True False 0.5283066728845658 65.97753672208898 -32.98288090149609 -1.069055034633653 1.1171445005587 -0.000922027190906761
514 262 1564.0 1573 202.61329163500025 7.75 0.0076823369891114695 0.010593726712505271 False True 0.5283066728845658 65.97753672208898 -32.98288090149609 -1.069055034633653 1.1171445005587 -0.000922027190906761
514 263 1576.0 1585 203.37150439700028 7.75 0.0076823369891114695 0.012223456368453657 False True 0.5283066728845658 65.97753672208898 -32.98288090149609 -1.069055034633653 1.1171445005587 -0.000922027190906761
514 264 1580.0 1589 204.09318151600027 7.75 0.0076823369891114695 0.012223456368453657 False True 0.5283066728845658 65.97753672208898 -32.98288090149609 -1.069055034633653 1.1171445005587 -0.000922027190906761
514 265 1584.0 1593 204.80872971700032 7.75 0.0076823369891114695 0.024428121082784218 True False 0.5283066728845658 65.97753672208898 -32.98288090149609 -1.069055034633653 1.1171445005587 -0.000922027190906761
514 266 1584.0 1593 205.23163816900032 7.75 0.0076823369891114695 0.024428121082784218 False True 0.5283066728845658 65.97753672208898 -32.98288090149609 -1.069055034633653 1.1171445005587 -0.000922027190906761
514 267 1596.0 1605 205.9287916550003 7.75 0.0076823369891114695 0.197791930400482 True False 0.5283066728845658 65.97753672208898 -32.98288090149609 -1.069055034633653 1.1171445005587 -0.000922027190906761
514 268 1596.0 1605 206.37035254400033 7.75 0.0076823369891114695 0.197791930400482 False True 0.5283066728845658 65.97753672208898 -32.98288090149609 -1.069055034633653 1.1171445005587 -0.000922027190906761
514 269 1608.0 1617 207.0908099390003 7.75 0.0076823369891114695 0.13962232768448457 True False 0.5283066728845658 65.97753672208898 -32.98288090149609 -1.069055034633653 1.1171445005587 -0.000922027190906761
514 270 1608.0 1617 207.52546447100028 7.75 0.0076823369891114695 0.13962232768448457 False True 0.5283066728845658 65.97753672208898 -32.98288090149609 -1.069055034633653 1.1171445005587 -0.000922027190906761
514 271 1620.0 1629 208.2131876740003 7.75 0.0076823369891114695 0.09364281402779394 True False 0.5283066728845658 65.97753672208898 -32.98288090149609 -1.069055034633653 1.1171445005587 -0.000922027190906761
514 272 1620.0 1629 208.65316760500028 7.75 0.0076823369891114695 0.09364281402779394 False True 0.5283066728845658 65.97753672208898 -32.98288090149609 -1.069055034633653 1.1171445005587 -0.000922027190906761
514 273 1632.0 1641 209.37158092800027 7.75 0.0076823369891114695 0.45025517797811104 True False 0.5283066728845658 65.97753672208898 -32.98288090149609 -1.069055034633653 1.1171445005587 -0.000922027190906761
514 274 1632.0 1641 209.80901252900023 7.75 0.0076823369891114695 0.45025517797811104 False True 0.5283066728845658 65.97753672208898 -32.98288090149609 -1.069055034633653 1.1171445005587 -0.000922027190906761
514 275 1644.0 1653 210.54420664100027 7.75 0.0076823369891114695 0.029415994318106615 True False 0.5283066728845658 65.97753672208898 -32.98288090149609 -1.069055034633653 1.1171445005587 -0.000922027190906761
514 276 1644.0 1653 210.98495409900025 7.75 0.0076823369891114695 0.029415994318106615 False True 0.5283066728845658 65.97753672208898 -32.98288090149609 -1.069055034633653 1.1171445005587 -0.000922027190906761
514 277 1656.0 1665 211.68868877500026 7.75 0.0076823369891114695 0.5260969602680465 True False 0.5283066728845658 65.97753672208898 -32.98288090149609 -1.069055034633653 1.1171445005587 -0.000922027190906761
514 278 1656.0 1665 212.13132852400028 7.75 0.0076823369891114695 0.5260969602680465 False True 0.5283066728845658 65.97753672208898 -32.98288090149609 -1.069055034633653 1.1171445005587 -0.000922027190906761
514 279 1668.0 1677 212.86369316800025 7.75 0.0076823369891114695 0.06885745719657024 True False 0.5283066728845658 65.97753672208898 -32.98288090149609 -1.069055034633653 1.1171445005587 -0.000922027190906761
514 280 1668.0 1677 213.30781458100026 7.75 0.0076823369891114695 0.06885745719657024 False True 0.5283066728845658 65.97753672208898 -32.98288090149609 -1.069055034633653 1.1171445005587 -0.000922027190906761
514 281 1680.0 1689 214.03462947800026 7.75 0.0076823369891114695 0.013969012629624215 True False 0.5283066728845658 65.97753672208898 -32.98288090149609 -1.069055034633653 1.1171445005587 -0.000922027190906761
514 282 1680.0 1690 214.46364738400027 7.75 0.0076823369891114695 0.013969012629624215 False True 0.5283066728845658 65.97753672208898 -32.98288090149609 -1.069055034633653 1.1171445005587 -0.000922027190906761
514 283 1692.0 1702 215.15113442600025 7.75 0.0076823369891114695 0.03491222506038239 True False 0.5283066728845658 65.97753672208898 -32.98288090149609 -1.069055034633653 1.1171445005587 -0.000922027190906761
514 284 1692.0 1702 215.59054001400025 7.75 0.0076823369891114695 0.03491222506038239 False True 0.5283066728845658 65.97753672208898 -32.98288090149609 -1.069055034633653 1.1171445005587 -0.000922027190906761
514 285 1704.0 1714 216.30289873000024 8.11 0.03491222506038239 0.0076823369891114695 False True 0.5283066728845658 65.97753672208898 -32.98288090149609 -1.069055034633653 1.1171445005587 -0.000922027190906761
514 286 1708.0 1718 217.00309763400023 8.11 0.03491222506038239 0.0076823369891114695 False True 0.5283066728845658 65.97753672208898 -32.98288090149609 -1.069055034633653 1.1171445005587 -0.000922027190906761
514 287 1712.0 1722 217.7068526200002 8.11 0.03491222506038239 0.0076823369891114695 False True 0.5283066728845658 65.97753672208898 -32.98288090149609 -1.069055034633653 1.1171445005587 -0.000922027190906761
514 288 1716.0 1726 218.40969180400023 7.75 0.0076823369891114695 0.03491222506038239 False True 0.5283066728845658 65.97753672208898 -32.98288090149609 -1.069055034633653 1.1171445005587 -0.000922027190906761
514 289 1720.0 1730 219.10861006500025 7.75 0.0076823369891114695 0.03491222506038239 False True 0.5283066728845658 65.97753672208898 -32.98288090149609 -1.069055034633653 1.1171445005587 -0.000922027190906761
514 290 1724.0 1734 219.80945391900028 7.75 0.0076823369891114695 0.03491222506038239 False True 0.5283066728845658 65.97753672208898 -32.98288090149609 -1.069055034633653 1.1171445005587 -0.000922027190906761
514 291 1728.0 1738 220.52807473600026 7.75 0.0076823369891114695 0.03491222506038239 False True 0.5283066728845658 65.97753672208898 -32.98288090149609 -1.069055034633653 1.1171445005587 -0.000922027190906761
514 292 1732.0 1742 221.24992525600024 7.75 0.0076823369891114695 0.03491222506038239 False True 0.5283066728845658 65.97753672208898 -32.98288090149609 -1.069055034633653 1.1171445005587 -0.000922027190906761
514 293 1736.0 1746 221.99039393700022 7.75 0.0076823369891114695 0.03491222506038239 False True 0.5283066728845658 65.97753672208898 -32.98288090149609 -1.069055034633653 1.1171445005587 -0.000922027190906761
514 294 1740.0 1750 222.72215582500021 7.75 0.0076823369891114695 0.03491222506038239 False True 0.5283066728845658 65.97753672208898 -32.98288090149609 -1.069055034633653 1.1171445005587 -0.000922027190906761
514 295 1744.0 1754 223.40824668800022 7.75 0.0076823369891114695 0.07699313612172898 True False 0.5283066728845658 65.97753672208898 -32.98288090149609 -1.069055034633653 1.1171445005587 -0.000922027190906761
514 296 1744.0 1754 223.84416495600018 7.75 0.0076823369891114695 0.07699313612172898 False True 0.5283066728845658 65.97753672208898 -32.98288090149609 -1.069055034633653 1.1171445005587 -0.000922027190906761
514 297 1756.0 1766 224.53783287700023 7.5 0.07699313612172898 0.0076823369891114695 False True 0.5283066728845658 65.97753672208898 -32.98288090149609 -1.069055034633653 1.1171445005587 -0.000922027190906761
514 298 1760.0 1770 225.25090806600022 7.5 0.07699313612172898 0.0076823369891114695 False True 0.5283066728845658 65.97753672208898 -32.98288090149609 -1.069055034633653 1.1171445005587 -0.000922027190906761
514 299 1764.0 1774 225.93882705200022 7.5 0.07699313612172898 0.0076823369891114695 False True 0.5283066728845658 65.97753672208898 -32.98288090149609 -1.069055034633653 1.1171445005587 -0.000922027190906761
514 300 1768.0 1778 226.6162354430002 7.5 0.07699313612172898 0.0076823369891114695 False True 0.5283066728845658 65.97753672208898 -32.98288090149609 -1.069055034633653 1.1171445005587 -0.000922027190906761
514 301 1772.0 1782 227.35850335800015 7.5 0.07699313612172898 0.0076823369891114695 False True 0.5283066728845658 65.97753672208898 -32.98288090149609 -1.069055034633653 1.1171445005587 -0.000922027190906761
514 302 1776.0 1786 228.09592658000017 7.75 0.0076823369891114695 0.07699313612172898 False True 0.5283066728845658 65.97753672208898 -32.98288090149609 -1.069055034633653 1.1171445005587 -0.000922027190906761
514 303 1780.0 1790 228.76283740300013 7.5 0.07699313612172898 0.0076823369891114695 False True 0.5283066728845658 65.97753672208898 -32.98288090149609 -1.069055034633653 1.1171445005587 -0.000922027190906761
514 304 1784.0 1794 229.45796933000017 7.5 0.07699313612172898 0.0076823369891114695 False True 0.5283066728845658 65.97753672208898 -32.98288090149609 -1.069055034633653 1.1171445005587 -0.000922027190906761
514 305 1788.0 1798 230.13447074200016 7.75 0.0076823369891114695 0.07699313612172898 False True 0.5283066728845658 65.97753672208898 -32.98288090149609 -1.069055034633653 1.1171445005587 -0.000922027190906761
514 306 1792.0 1802 230.81692735600015 7.75 0.0076823369891114695 0.07699313612172898 False True 0.5283066728845658 65.97753672208898 -32.98288090149609 -1.069055034633653 1.1171445005587 -0.000922027190906761
514 307 1796.0 1806 231.50274354900014 7.75 0.0076823369891114695 0.07720568390249477 False True 0.5283066728845658 65.97753672208898 -32.98288090149609 -1.069055034633653 1.1171445005587 -0.000922027190906761
514 308 1800.0 1810 232.1798393870001 7.75 0.0076823369891114695 0.07720568390249477 False True 0.5283066728845658 65.97753672208898 -32.98288090149609 -1.069055034633653 1.1171445005587 -0.000922027190906761
514 309 1804.0 1814 232.86246654700014 7.75 0.0076823369891114695 0.02686483227781051 False True 0.5283066728845658 65.97753672208898 -32.98288090149609 -1.069055034633653 1.1171445005587 -0.000922027190906761
514 310 1808.0 1818 233.57366539800014 7.75 0.0076823369891114695 0.02686483227781051 False True 0.5283066728845658 65.97753672208898 -32.98288090149609 -1.069055034633653 1.1171445005587 -0.000922027190906761
514 311 1812.0 1822 234.27411157700013 7.75 0.0076823369891114695 0.02686483227781051 False True 0.5283066728845658 65.97753672208898 -32.98288090149609 -1.069055034633653 1.1171445005587 -0.000922027190906761
514 312 1816.0 1826 234.9786512570001 7.75 0.0076823369891114695 0.02686483227781051 False True 0.5283066728845658 65.97753672208898 -32.98288090149609 -1.069055034633653 1.1171445005587 -0.000922027190906761
514 313 1820.0 1830 235.6904392480001 7.81 0.001741249390611409 0.02686483227781051 False True 0.5283066728845658 65.97753672208898 -32.98288090149609 -1.069055034633653 1.1171445005587 -0.000922027190906761
514 314 1824.0 1834 236.37269705700012 7.81 0.001741249390611409 0.07720568390249477 False True 0.5283066728845658 65.97753672208898 -32.98288090149609 -1.069055034633653 1.1171445005587 -0.000922027190906761
514 315 1828.0 1838 237.07505931400007 7.81 0.001741249390611409 0.0649510799383961 False True 0.5283066728845658 65.97753672208898 -32.98288090149609 -1.069055034633653 1.1171445005587 -0.000922027190906761
514 316 1832.0 1842 237.7573247280001 7.81 0.001741249390611409 0.0007103884988180301 False True 0.5283066728845658 65.97753672208898 -32.98288090149609 -1.069055034633653 1.1171445005587 -0.000922027190906761
514 317 1836.0 1846 238.45852128400006 7.81 0.001741249390611409 0.0007103884988180301 False True 0.5283066728845658 65.97753672208898 -32.98288090149609 -1.069055034633653 1.1171445005587 -0.000922027190906761
514 318 1840.0 1850 239.19254397400007 7.81 0.001741249390611409 0.03491222506038239 False True 0.5283066728845658 65.97753672208898 -32.98288090149609 -1.069055034633653 1.1171445005587 -0.000922027190906761
514 319 1844.0 1854 239.87420444100005 7.81 0.001741249390611409 0.03491222506038239 False True 0.5283066728845658 65.97753672208898 -32.98288090149609 -1.069055034633653 1.1171445005587 -0.000922027190906761
514 320 1848.0 1858 240.54507101600004 7.81 0.001741249390611409 0.012223456368453657 False True 0.5283066728845658 65.97753672208898 -32.98288090149609 -1.069055034633653 1.1171445005587 -0.000922027190906761
514 321 1852.0 1862 241.246193723 7.81 0.001741249390611409 0.012223456368453657 False True 0.5283066728845658 65.97753672208898 -32.98288090149609 -1.069055034633653 1.1171445005587 -0.000922027190906761
514 322 1856.0 1866 241.94378992600005 7.81 0.001741249390611409 0.012223456368453657 False True 0.5283066728845658 65.97753672208898 -32.98288090149609 -1.069055034633653 1.1171445005587 -0.000922027190906761
514 323 1860.0 1870 242.62175450400005 7.81 0.001741249390611409 0.012223456368453657 False True 0.5283066728845658 65.97753672208898 -32.98288090149609 -1.069055034633653 1.1171445005587 -0.000922027190906761
514 324 1864.0 1874 243.30943636700002 7.81 0.001741249390611409 0.0007103884988180301 False True 0.5283066728845658 65.97753672208898 -32.98288090149609 -1.069055034633653 1.1171445005587 -0.000922027190906761
514 325 1868.0 1878 244.02301226800003 7.81 0.001741249390611409 0.07699313612172898 False True 0.5283066728845658 65.97753672208898 -32.98288090149609 -1.069055034633653 1.1171445005587 -0.000922027190906761
514 326 1872.0 1882 244.72312241800003 7.81 0.001741249390611409 0.07699313612172898 False True 0.5283066728845658 65.97753672208898 -32.98288090149609 -1.069055034633653 1.1171445005587 -0.000922027190906761
514 327 1876.0 1886 245.38683865700003 7.81 0.001741249390611409 0.07699313612172898 False True 0.5283066728845658 65.97753672208898 -32.98288090149609 -1.069055034633653 1.1171445005587 -0.000922027190906761
514 328 1880.0 1890 246.08591144000005 7.75 0.0076823369891114695 0.0024399297656124827 False True 0.5283066728845658 65.97753672208898 -32.98288090149609 -1.069055034633653 1.1171445005587 -0.000922027190906761
514 329 1884.0 1894 246.78456657900003 7.8 0.0024399297656124827 0.010646256720619352 False True 0.5283066728845658 65.97753672208898 -32.98288090149609 -1.069055034633653 1.1171445005587 -0.000922027190906761
514 330 1888.0 1898 247.48550180400005 7.8 0.0024399297656124827 0.003255314025503244 False True 0.5283066728845658 65.97753672208898 -32.98288090149609 -1.069055034633653 1.1171445005587 -0.000922027190906761
514 331 1892.0 1902 248.18347943700005 7.79 0.003255314025503244 0.0024399297656124827 False True 0.5283066728845658 65.97753672208898 -32.98288090149609 -1.069055034633653 1.1171445005587 -0.000922027190906761
514 332 1896.0 1906 248.84815188900004 7.79 0.003255314025503244 0.0024399297656124827 False True 0.5283066728845658 65.97753672208898 -32.98288090149609 -1.069055034633653 1.1171445005587 -0.000922027190906761
514 333 1900.0 1910 249.52696952100004 7.79 0.003255314025503244 0.07699313612172898 False True 0.5283066728845658 65.97753672208898 -32.98288090149609 -1.069055034633653 1.1171445005587 -0.000922027190906761
514 334 1904.0 1914 250.256544423 7.79 0.003255314025503244 0.07699313612172898 False True 0.5283066728845658 65.97753672208898 -32.98288090149609 -1.069055034633653 1.1171445005587 -0.000922027190906761
514 335 1908.0 1918 250.94821905799998 7.79 0.003255314025503244 0.022106091782267873 False True 0.5283066728845658 65.97753672208898 -32.98288090149609 -1.069055034633653 1.1171445005587 -0.000922027190906761
514 336 1912.0 1922 251.59752417899998 7.79 0.003255314025503244 0.07720568390249477 False True 0.5283066728845658 65.97753672208898 -32.98288090149609 -1.069055034633653 1.1171445005587 -0.000922027190906761
514 337 1916.0 1926 252.29398342099998 7.79 0.003255314025503244 0.18818582809813184 True False 0.5283066728845658 65.97753672208898 -32.98288090149609 -1.069055034633653 1.1171445005587 -0.000922027190906761
514 338 1916.0 1926 252.73720757699996 7.79 0.003255314025503244 0.18818582809813184 False True 0.5283066728845658 65.97753672208898 -32.98288090149609 -1.069055034633653 1.1171445005587 -0.000922027190906761
514 339 1928.0 1938 253.43584696699995 7.79 0.003255314025503244 0.0064009427970548784 False True 0.5283066728845658 65.97753672208898 -32.98288090149609 -1.069055034633653 1.1171445005587 -0.000922027190906761
514 340 1932.0 1942 254.11368225399994 7.79 0.003255314025503244 0.0064009427970548784 False True 0.5283066728845658 65.97753672208898 -32.98288090149609 -1.069055034633653 1.1171445005587 -0.000922027190906761
514 341 1936.0 1946 254.81136844699992 7.79 0.003255314025503244 0.0064009427970548784 False True 0.5283066728845658 65.97753672208898 -32.98288090149609 -1.069055034633653 1.1171445005587 -0.000922027190906761
514 342 1940.0 1950 255.5117029269999 7.79 0.003255314025503244 0.08064189529240041 True False 0.5283066728845658 65.97753672208898 -32.98288090149609 -1.069055034633653 1.1171445005587 -0.000922027190906761
514 343 1940.0 1950 255.95008226799987 7.79 0.003255314025503244 0.08064189529240041 False True 0.5283066728845658 65.97753672208898 -32.98288090149609 -1.069055034633653 1.1171445005587 -0.000922027190906761
514 344 1952.0 1962 256.62773978099983 1.6600000000000001 0.08064189529240041 0.003255314025503244 False True 0.5283066728845658 65.97753672208898 -32.98288090149609 -1.069055034633653 1.1171445005587 -0.000922027190906761
514 345 1956.0 1966 257.35406705099984 1.6600000000000001 0.08064189529240041 0.003255314025503244 False True 0.5283066728845658 65.97753672208898 -32.98288090149609 -1.069055034633653 1.1171445005587 -0.000922027190906761
514 346 1960.0 1970 258.02807560499986 1.6600000000000001 0.08064189529240041 0.003255314025503244 False True 0.5283066728845658 65.97753672208898 -32.98288090149609 -1.069055034633653 1.1171445005587 -0.000922027190906761
514 347 1964.0 1974 258.7134220249999 7.79 0.003255314025503244 0.08064189529240041 False True 0.5283066728845658 65.97753672208898 -32.98288090149609 -1.069055034633653 1.1171445005587 -0.000922027190906761
514 348 1968.0 1978 270.0839663199999 7.79 0.003255314025503244 0.08064189529240041 False True 0.5283066728845658 65.97753672208898 -32.98288090149609 -1.069055034633653 1.1171445005587 -0.000922027190906761
514 349 1972.0 1982 274.0424794139999 7.79 0.003255314025503244 0.08064189529240041 False True 0.5283066728845658 65.97753672208898 -32.98288090149609 -1.069055034633653 1.1171445005587 -0.000922027190906761
514 350 1976.0 1986 276.2001826589999 7.79 0.003255314025503244 0.08064189529240041 False True 0.5283066728845658 65.97753672208898 -32.98288090149609 -1.069055034633653 1.1171445005587 -0.000922027190906761
514 351 1980.0 1990 277.9924800749999 7.79 0.003255314025503244 0.1840083313691506 True False 0.5283066728845658 65.97753672208898 -32.98288090149609 -1.069055034633653 1.1171445005587 -0.000922027190906761
514 352 1980.0 1990 279.0467381179999 7.79 0.003255314025503244 0.1840083313691506 False True 0.5283066728845658 65.97753672208898 -32.98288090149609 -1.069055034633653 1.1171445005587 -0.000922027190906761
