206 0 200.0 201 0.6788784130000067 7.67 0.022299406076269707 0.00645691803455712 True False -0.08613849791834757 309.20118472627627 -154.59985202277832 -1.0238321903841872 81.45037456279873 -40.714666130958335
206 1 200.0 201 1.1224195610000152 7.67 0.022299406076269707 0.00645691803455712 False True -0.08613849791834757 309.20118472627627 -154.59985202277832 -1.0238321903841872 81.45037456279873 -40.714666130958335
206 2 212.0 213 1.8602205880000184 7.76 0.00645691803455712 0.004261358781251699 True False -0.08613849791834757 309.20118472627627 -154.59985202277832 -1.0238321903841872 81.45037456279873 -40.714666130958335
206 3 212.0 213 2.3006242460000124 7.76 0.00645691803455712 0.004261358781251699 False True -0.08613849791834757 309.20118472627627 -154.59985202277832 -1.0238321903841872 81.45037456279873 -40.714666130958335
206 4 224.0 225 2.999190743000014 7.76 0.00645691803455712 0.00036068736622170335 True False -0.08613849791834757 309.20118472627627 -154.59985202277832 -1.0238321903841872 81.45037456279873 -40.714666130958335
206 5 224.0 225 3.4200594100000217 7.76 0.00645691803455712 0.00036068736622170335 False True -0.08613849791834757 309.20118472627627 -154.59985202277832 -1.0238321903841872 81.45037456279873 -40.714666130958335
206 6 236.0 237 4.129045014000013 7.95 0.004261358781251699 0.010686367185567952 False True -0.08613849791834757 309.20118472627627 -154.59985202277832 -1.0238321903841872 81.45037456279873 -40.714666130958335
206 7 248.0 249 4.825868600000007 7.95 0.004261358781251699 0.9928046895442735 False True -0.08613849791834757 309.20118472627627 -154.59985202277832 -1.0238321903841872 81.45037456279873 -40.714666130958335
206 8 260.0 261 5.540442659000007 7.95 0.004261358781251699 0.024701139523715655 True False -0.08613849791834757 309.20118472627627 -154.59985202277832 -1.0238321903841872 81.45037456279873 -40.714666130958335
206 9 260.0 261 5.965033497000007 7.95 0.004261358781251699 0.024701139523715655 False True -0.08613849791834757 309.20118472627627 -154.59985202277832 -1.0238321903841872 81.45037456279873 -40.714666130958335
206 10 272.0 273 6.6852045340000075 7.95 0.004261358781251699 0.002461266567463264 True False -0.08613849791834757 309.20118472627627 -154.59985202277832 -1.0238321903841872 81.45037456279873 -40.714666130958335
206 11 272.0 273 7.141104948999995 7.95 0.004261358781251699 0.002461266567463264 False True -0.08613849791834757 309.20118472627627 -154.59985202277832 -1.0238321903841872 81.45037456279873 -40.714666130958335
206 12 284.0 285 7.843568933 7.95 0.004261358781251699 0.002461266567463264 False True -0.08613849791834757 309.20118472627627 -154.59985202277832 -1.0238321903841872 81.45037456279873 -40.714666130958335
206 13 288.0 289 8.577462206999996 7.8 0.002461266567463264 0.004261358781251699 False True -0.08613849791834757 309.20118472627627 -154.59985202277832 -1.0238321903841872 81.45037456279873 -40.714666130958335
206 14 292.0 293 9.279929658 7.8 0.002461266567463264 0.004261358781251699 False True -0.08613849791834757 309.20118472627627 -154.59985202277832 -1.0238321903841872 81.45037456279873 -40.714666130958335
206 15 296.0 297 9.982186986000002 7.8 0.002461266567463264 0.07816423275396253 True False -0.08613849791834757 309.20118472627627 -154.59985202277832 -1.0238321903841872 81.45037456279873 -40.714666130958335
206 16 296.0 297 10.420816482999996 7.8 0.002461266567463264 0.07816423275396253 False True -0.08613849791834757 309.20118472627627 -154.59985202277832 -1.0238321903841872 81.45037456279873 -40.714666130958335
206 17 308.0 309 11.118482675999985 7.8 0.002461266567463264 0.1089941920543215 True False -0.08613849791834757 309.20118472627627 -154.59985202277832 -1.0238321903841872 81.45037456279873 -40.714666130958335
206 18 308.0 309 11.539507437999987 7.8 0.002461266567463264 0.1089941920543215 False True -0.08613849791834757 309.20118472627627 -154.59985202277832 -1.0238321903841872 81.45037456279873 -40.714666130958335
206 19 320.0 321 12.243301069999987 7.8 0.002461266567463264 0.1089941920543215 False True -0.08613849791834757 309.20118472627627 -154.59985202277832 -1.0238321903841872 81.45037456279873 -40.714666130958335
206 20 324.0 325 12.944209366999985 7.8 0.002461266567463264 0.004261358781251699 False True -0.08613849791834757 309.20118472627627 -154.59985202277832 -1.0238321903841872 81.45037456279873 -40.714666130958335
206 21 328.0 329 13.67603170599999 7.95 0.004261358781251699 0.10011130040246437 True False -0.08613849791834757 309.20118472627627 -154.59985202277832 -1.0238321903841872 81.45037456279873 -40.714666130958335
206 22 328.0 330 14.100173485999989 7.95 0.004261358781251699 0.10011130040246437 False True -0.08613849791834757 309.20118472627627 -154.59985202277832 -1.0238321903841872 81.45037456279873 -40.714666130958335
206 23 340.0 342 14.78481632499998 7.95 0.004261358781251699 0.07350752237699054 True False -0.08613849791834757 309.20118472627627 -154.59985202277832 -1.0238321903841872 81.45037456279873 -40.714666130958335
206 24 340.0 342 15.201722492999977 7.95 0.004261358781251699 0.07350752237699054 False True -0.08613849791834757 309.20118472627627 -154.59985202277832 -1.0238321903841872 81.45037456279873 -40.714666130958335
206 25 352.0 354 15.905273565999977 7.95 0.004261358781251699 0.15306850215962634 True False -0.08613849791834757 309.20118472627627 -154.59985202277832 -1.0238321903841872 81.45037456279873 -40.714666130958335
206 26 352.0 354 16.346704679999974 7.95 0.004261358781251699 0.15306850215962634 False True -0.08613849791834757 309.20118472627627 -154.59985202277832 -1.0238321903841872 81.45037456279873 -40.714666130958335
206 27 364.0 366 17.040213303999977 7.95 0.004261358781251699 0.00645691803455712 False True -0.08613849791834757 309.20118472627627 -154.59985202277832 -1.0238321903841872 81.45037456279873 -40.714666130958335
206 28 368.0 370 17.74541813499998 7.95 0.004261358781251699 0.07773782604171771 True False -0.08613849791834757 309.20118472627627 -154.59985202277832 -1.0238321903841872 81.45037456279873 -40.714666130958335
206 29 368.0 370 18.18528636699999 7.95 0.004261358781251699 0.07773782604171771 False True -0.08613849791834757 309.20118472627627 -154.59985202277832 -1.0238321903841872 81.45037456279873 -40.714666130958335
206 30 380.0 382 18.886160943999982 7.45 0.10011130040246437 0.010686367185567952 False True -0.08613849791834757 309.20118472627627 -154.59985202277832 -1.0238321903841872 81.45037456279873 -40.714666130958335
206 31 384.0 386 19.58734437699998 7.7299999999999995 0.010686367185567952 0.09108084444829916 True False -0.08613849791834757 309.20118472627627 -154.59985202277832 -1.0238321903841872 81.45037456279873 -40.714666130958335
206 32 384.0 386 20.024118537999982 7.7299999999999995 0.010686367185567952 0.09108084444829916 False True -0.08613849791834757 309.20118472627627 -154.59985202277832 -1.0238321903841872 81.45037456279873 -40.714666130958335
206 33 396.0 398 20.722006049999976 7.7299999999999995 0.010686367185567952 0.0024907166857758073 True False -0.08613849791834757 309.20118472627627 -154.59985202277832 -1.0238321903841872 81.45037456279873 -40.714666130958335
206 34 396.0 398 21.14215899399997 7.7299999999999995 0.010686367185567952 0.0024907166857758073 False True -0.08613849791834757 309.20118472627627 -154.59985202277832 -1.0238321903841872 81.45037456279873 -40.714666130958335
206 35 408.0 410 21.846150165999973 7.7299999999999995 0.010686367185567952 0.0024907166857758073 False True -0.08613849791834757 309.20118472627627 -154.59985202277832 -1.0238321903841872 81.45037456279873 -40.714666130958335
206 36 412.0 414 22.582447591999966 7.7299999999999995 0.010686367185567952 0.0024907166857758073 False True -0.08613849791834757 309.20118472627627 -154.59985202277832 -1.0238321903841872 81.45037456279873 -40.714666130958335
206 37 416.0 418 23.283102408999966 7.93 0.0024907166857758073 0.0003489707093499548 True False -0.08613849791834757 309.20118472627627 -154.59985202277832 -1.0238321903841872 81.45037456279873 -40.714666130958335
206 38 416.0 418 23.699999054999964 7.93 0.0024907166857758073 0.0003489707093499548 False True -0.08613849791834757 309.20118472627627 -154.59985202277832 -1.0238321903841872 81.45037456279873 -40.714666130958335
206 39 428.0 430 24.382915523999955 7.84 0.0003489707093499548 0.2232123851392729 True False -0.08613849791834757 309.20118472627627 -154.59985202277832 -1.0238321903841872 81.45037456279873 -40.714666130958335
206 40 428.0 430 24.84294904399995 7.84 0.0003489707093499548 0.2232123851392729 False True -0.08613849791834757 309.20118472627627 -154.59985202277832 -1.0238321903841872 81.45037456279873 -40.714666130958335
206 41 440.0 442 25.54153076799996 7.84 0.0003489707093499548 0.08233631445817605 True False -0.08613849791834757 309.20118472627627 -154.59985202277832 -1.0238321903841872 81.45037456279873 -40.714666130958335
206 42 440.0 442 25.95689883199995 7.84 0.0003489707093499548 0.08233631445817605 False True -0.08613849791834757 309.20118472627627 -154.59985202277832 -1.0238321903841872 81.45037456279873 -40.714666130958335
206 43 452.0 454 26.640718301999954 7.84 0.0003489707093499548 0.12002094161883316 True False -0.08613849791834757 309.20118472627627 -154.59985202277832 -1.0238321903841872 81.45037456279873 -40.714666130958335
206 44 452.0 454 27.083266023999954 7.84 0.0003489707093499548 0.12002094161883316 False True -0.08613849791834757 309.20118472627627 -154.59985202277832 -1.0238321903841872 81.45037456279873 -40.714666130958335
206 45 464.0 466 27.80453963399995 7.84 0.0003489707093499548 0.0024907166857758073 False True -0.08613849791834757 309.20118472627627 -154.59985202277832 -1.0238321903841872 81.45037456279873 -40.714666130958335
206 46 468.0 470 28.497842655999946 7.84 0.0003489707093499548 0.006501401382717159 True False -0.08613849791834757 309.20118472627627 -154.59985202277832 -1.0238321903841872 81.45037456279873 -40.714666130958335
206 47 468.0 471 28.904041656999937 7.84 0.0003489707093499548 0.006501401382717159 False True -0.08613849791834757 309.20118472627627 -154.59985202277832 -1.0238321903841872 81.45037456279873 -40.714666130958335
206 48 480.0 483 29.58599429599994 7.97 0.006501401382717159 0.010686367185567952 False True -0.08613849791834757 309.20118472627627 -154.59985202277832 -1.0238321903841872 81.45037456279873 -40.714666130958335
206 49 484.0 487 30.26366847699994 7.7299999999999995 0.010686367185567952 0.006501401382717159 False True -0.08613849791834757 309.20118472627627 -154.59985202277832 -1.0238321903841872 81.45037456279873 -40.714666130958335
206 50 488.0 491 30.93922865599994 7.7299999999999995 0.010686367185567952 0.14560958170393226 True False -0.08613849791834757 309.20118472627627 -154.59985202277832 -1.0238321903841872 81.45037456279873 -40.714666130958335
206 51 488.0 491 31.359783518999947 7.7299999999999995 0.010686367185567952 0.14560958170393226 False True -0.08613849791834757 309.20118472627627 -154.59985202277832 -1.0238321903841872 81.45037456279873 -40.714666130958335
206 52 500.0 503 32.02491846099994 7.7299999999999995 0.010686367185567952 0.18561745527126053 True False -0.08613849791834757 309.20118472627627 -154.59985202277832 -1.0238321903841872 81.45037456279873 -40.714666130958335
206 53 500.0 503 32.41999886599994 7.7299999999999995 0.010686367185567952 0.18561745527126053 False True -0.08613849791834757 309.20118472627627 -154.59985202277832 -1.0238321903841872 81.45037456279873 -40.714666130958335
206 54 512.0 515 33.139664240999934 7.7299999999999995 0.010686367185567952 0.19060692660381093 True False -0.08613849791834757 309.20118472627627 -154.59985202277832 -1.0238321903841872 81.45037456279873 -40.714666130958335
206 55 512.0 515 33.57339444799993 7.7299999999999995 0.010686367185567952 0.19060692660381093 False True -0.08613849791834757 309.20118472627627 -154.59985202277832 -1.0238321903841872 81.45037456279873 -40.714666130958335
206 56 524.0 527 34.252313626999936 7.7299999999999995 0.010686367185567952 0.07985704935257201 True False -0.08613849791834757 309.20118472627627 -154.59985202277832 -1.0238321903841872 81.45037456279873 -40.714666130958335
206 57 524.0 527 34.65151165399993 7.7299999999999995 0.010686367185567952 0.07985704935257201 False True -0.08613849791834757 309.20118472627627 -154.59985202277832 -1.0238321903841872 81.45037456279873 -40.714666130958335
206 58 536.0 539 35.30917185699994 1.1500000000000001 0.18561745527126053 0.010686367185567952 False True -0.08613849791834757 309.20118472627627 -154.59985202277832 -1.0238321903841872 81.45037456279873 -40.714666130958335
206 59 540.0 543 35.969455705999934 1.1500000000000001 0.18561745527126053 0.004261358781251699 False True -0.08613849791834757 309.20118472627627 -154.59985202277832 -1.0238321903841872 81.45037456279873 -40.714666130958335
206 60 544.0 547 36.63093029999993 1.1500000000000001 0.18561745527126053 0.001169468288711402 True False -0.08613849791834757 309.20118472627627 -154.59985202277832 -1.0238321903841872 81.45037456279873 -40.714666130958335
206 61 544.0 547 37.07018664299993 1.1500000000000001 0.18561745527126053 0.001169468288711402 False True -0.08613849791834757 309.20118472627627 -154.59985202277832 -1.0238321903841872 81.45037456279873 -40.714666130958335
206 62 556.0 559 37.769875534999926 1.1500000000000001 0.18561745527126053 0.007797143279803958 True False -0.08613849791834757 309.20118472627627 -154.59985202277832 -1.0238321903841872 81.45037456279873 -40.714666130958335
206 63 556.0 559 38.18656904899993 1.1500000000000001 0.18561745527126053 0.007797143279803958 False True -0.08613849791834757 309.20118472627627 -154.59985202277832 -1.0238321903841872 81.45037456279873 -40.714666130958335
206 64 568.0 571 38.85081409599994 1.1500000000000001 0.18561745527126053 0.01233034857090191 True False -0.08613849791834757 309.20118472627627 -154.59985202277832 -1.0238321903841872 81.45037456279873 -40.714666130958335
206 65 568.0 571 39.25273768499993 1.1500000000000001 0.18561745527126053 0.01233034857090191 False True -0.08613849791834757 309.20118472627627 -154.59985202277832 -1.0238321903841872 81.45037456279873 -40.714666130958335
206 66 580.0 583 39.914192517999936 7.72 0.01233034857090191 0.1712966020946855 True False -0.08613849791834757 309.20118472627627 -154.59985202277832 -1.0238321903841872 81.45037456279873 -40.714666130958335
206 67 580.0 583 40.344559203999935 7.72 0.01233034857090191 0.1712966020946855 False True -0.08613849791834757 309.20118472627627 -154.59985202277832 -1.0238321903841872 81.45037456279873 -40.714666130958335
206 68 592.0 595 40.98987612299993 1.1500000000000001 0.18561745527126053 0.01233034857090191 False True -0.08613849791834757 309.20118472627627 -154.59985202277832 -1.0238321903841872 81.45037456279873 -40.714666130958335
206 69 596.0 599 41.68595729499992 1.1500000000000001 0.18561745527126053 0.01233034857090191 False True -0.08613849791834757 309.20118472627627 -154.59985202277832 -1.0238321903841872 81.45037456279873 -40.714666130958335
206 70 600.0 603 42.352652512999924 1.1500000000000001 0.18561745527126053 0.01233034857090191 False True -0.08613849791834757 309.20118472627627 -154.59985202277832 -1.0238321903841872 81.45037456279873 -40.714666130958335
206 71 604.0 607 43.028754783999915 7.45 0.10011130040246437 0.01233034857090191 False True -0.08613849791834757 309.20118472627627 -154.59985202277832 -1.0238321903841872 81.45037456279873 -40.714666130958335
206 72 608.0 611 43.70621899299991 7.45 0.10011130040246437 0.0 True False -0.08613849791834757 309.20118472627627 -154.59985202277832 -1.0238321903841872 81.45037456279873 -40.714666130958335
206 73 608.0 611 44.111475324999915 7.45 0.10011130040246437 0.0 False True -0.08613849791834757 309.20118472627627 -154.59985202277832 -1.0238321903841872 81.45037456279873 -40.714666130958335
206 74 620.0 623 44.79201166699991 7.45 0.10011130040246437 0.0 False True -0.08613849791834757 309.20118472627627 -154.59985202277832 -1.0238321903841872 81.45037456279873 -40.714666130958335
206 75 624.0 627 45.473027847999916 7.45 0.10011130040246437 0.005281694116628152 True False -0.08613849791834757 309.20118472627627 -154.59985202277832 -1.0238321903841872 81.45037456279873 -40.714666130958335
206 76 624.0 628 45.88570521199992 7.45 0.10011130040246437 0.005281694116628152 False True -0.08613849791834757 309.20118472627627 -154.59985202277832 -1.0238321903841872 81.45037456279873 -40.714666130958335
206 77 636.0 640 46.54887341099992 7.45 0.10011130040246437 0.06944544053435642 True False -0.08613849791834757 309.20118472627627 -154.59985202277832 -1.0238321903841872 81.45037456279873 -40.714666130958335
206 78 636.0 640 46.96468072799992 7.45 0.10011130040246437 0.06944544053435642 False True -0.08613849791834757 309.20118472627627 -154.59985202277832 -1.0238321903841872 81.45037456279873 -40.714666130958335
206 79 648.0 652 47.66921596099992 7.45 0.10011130040246437 0.0862517382761123 True False -0.08613849791834757 309.20118472627627 -154.59985202277832 -1.0238321903841872 81.45037456279873 -40.714666130958335
206 80 648.0 652 48.09021805499992 7.45 0.10011130040246437 0.0862517382761123 False True -0.08613849791834757 309.20118472627627 -154.59985202277832 -1.0238321903841872 81.45037456279873 -40.714666130958335
206 81 660.0 664 48.769748899999925 7.45 0.10011130040246437 0.0579994372473744 True False -0.08613849791834757 309.20118472627627 -154.59985202277832 -1.0238321903841872 81.45037456279873 -40.714666130958335
206 82 660.0 664 49.185161926999925 7.45 0.10011130040246437 0.0579994372473744 False True -0.08613849791834757 309.20118472627627 -154.59985202277832 -1.0238321903841872 81.45037456279873 -40.714666130958335
206 83 672.0 676 49.88522048599992 8.18 0.0579994372473744 0.050926537612696436 True False -0.08613849791834757 309.20118472627627 -154.59985202277832 -1.0238321903841872 81.45037456279873 -40.714666130958335
206 84 672.0 676 50.307356083999935 8.18 0.0579994372473744 0.050926537612696436 False True -0.08613849791834757 309.20118472627627 -154.59985202277832 -1.0238321903841872 81.45037456279873 -40.714666130958335
206 85 684.0 688 50.984450945999924 8.18 0.0579994372473744 0.06170360103518932 True False -0.08613849791834757 309.20118472627627 -154.59985202277832 -1.0238321903841872 81.45037456279873 -40.714666130958335
206 86 684.0 688 51.39094513199993 8.18 0.0579994372473744 0.06170360103518932 False True -0.08613849791834757 309.20118472627627 -154.59985202277832 -1.0238321903841872 81.45037456279873 -40.714666130958335
206 87 696.0 700 52.071150290999924 8.18 0.0579994372473744 0.12071887404778602 True False -0.08613849791834757 309.20118472627627 -154.59985202277832 -1.0238321903841872 81.45037456279873 -40.714666130958335
206 88 696.0 700 52.50702559599992 8.18 0.0579994372473744 0.12071887404778602 False True -0.08613849791834757 309.20118472627627 -154.59985202277832 -1.0238321903841872 81.45037456279873 -40.714666130958335
206 89 708.0 712 53.18673935499993 8.18 0.0579994372473744 0.12071887404778602 False True -0.08613849791834757 309.20118472627627 -154.59985202277832 -1.0238321903841872 81.45037456279873 -40.714666130958335
206 90 712.0 716 53.90905701099993 8.18 0.0579994372473744 0.3799140517495802 True False -0.08613849791834757 309.20118472627627 -154.59985202277832 -1.0238321903841872 81.45037456279873 -40.714666130958335
206 91 712.0 716 54.33030815299993 8.18 0.0579994372473744 0.3799140517495802 False True -0.08613849791834757 309.20118472627627 -154.59985202277832 -1.0238321903841872 81.45037456279873 -40.714666130958335
206 92 724.0 728 55.06523186699994 8.18 0.0579994372473744 0.09108084444829916 False True -0.08613849791834757 309.20118472627627 -154.59985202277832 -1.0238321903841872 81.45037456279873 -40.714666130958335
206 93 728.0 732 55.78104515799994 8.18 0.0579994372473744 0.05440695875940052 True False -0.08613849791834757 309.20118472627627 -154.59985202277832 -1.0238321903841872 81.45037456279873 -40.714666130958335
206 94 728.0 732 56.17826142699994 8.18 0.0579994372473744 0.05440695875940052 False True -0.08613849791834757 309.20118472627627 -154.59985202277832 -1.0238321903841872 81.45037456279873 -40.714666130958335
206 95 740.0 744 56.87444539899994 8.18 0.0579994372473744 0.0017816814105292254 True False -0.08613849791834757 309.20118472627627 -154.59985202277832 -1.0238321903841872 81.45037456279873 -40.714666130958335
206 96 740.0 744 57.29552150099994 8.18 0.0579994372473744 0.0017816814105292254 False True -0.08613849791834757 309.20118472627627 -154.59985202277832 -1.0238321903841872 81.45037456279873 -40.714666130958335
206 97 752.0 756 57.97353421599995 7.92 0.0017816814105292254 0.0579994372473744 False True -0.08613849791834757 309.20118472627627 -154.59985202277832 -1.0238321903841872 81.45037456279873 -40.714666130958335
206 98 756.0 760 58.674542807999956 7.92 0.0017816814105292254 0.0579994372473744 False True -0.08613849791834757 309.20118472627627 -154.59985202277832 -1.0238321903841872 81.45037456279873 -40.714666130958335
206 99 760.0 764 59.395614697999974 7.92 0.0017816814105292254 0.0579994372473744 False True -0.08613849791834757 309.20118472627627 -154.59985202277832 -1.0238321903841872 81.45037456279873 -40.714666130958335
206 100 764.0 768 60.07526075699997 8.18 0.0579994372473744 0.0017816814105292254 False True -0.08613849791834757 309.20118472627627 -154.59985202277832 -1.0238321903841872 81.45037456279873 -40.714666130958335
206 101 768.0 772 60.775345603999966 8.18 0.0579994372473744 0.0017816814105292254 False True -0.08613849791834757 309.20118472627627 -154.59985202277832 -1.0238321903841872 81.45037456279873 -40.714666130958335
206 102 772.0 776 61.45442683199997 8.18 0.0579994372473744 0.010686367185567952 False True -0.08613849791834757 309.20118472627627 -154.59985202277832 -1.0238321903841872 81.45037456279873 -40.714666130958335
206 103 776.0 780 62.14177096599997 8.18 0.0579994372473744 0.010686367185567952 False True -0.08613849791834757 309.20118472627627 -154.59985202277832 -1.0238321903841872 81.45037456279873 -40.714666130958335
206 104 780.0 784 62.81782451199999 8.18 0.0579994372473744 0.010686367185567952 False True -0.08613849791834757 309.20118472627627 -154.59985202277832 -1.0238321903841872 81.45037456279873 -40.714666130958335
206 105 784.0 788 63.552196415 7.7299999999999995 0.010686367185567952 0.002461266567463264 False True -0.08613849791834757 309.20118472627627 -154.59985202277832 -1.0238321903841872 81.45037456279873 -40.714666130958335
206 106 788.0 792 64.23283311400002 7.8 0.002461266567463264 0.010686367185567952 False True -0.08613849791834757 309.20118472627627 -154.59985202277832 -1.0238321903841872 81.45037456279873 -40.714666130958335
206 107 792.0 796 64.87947215700001 7.8 0.002461266567463264 0.010686367185567952 False True -0.08613849791834757 309.20118472627627 -154.59985202277832 -1.0238321903841872 81.45037456279873 -40.714666130958335
206 108 796.0 800 65.60072569000002 7.8 0.002461266567463264 0.010686367185567952 False True -0.08613849791834757 309.20118472627627 -154.59985202277832 -1.0238321903841872 81.45037456279873 -40.714666130958335
206 109 800.0 804 66.28121839200003 7.8 0.002461266567463264 0.010686367185567952 False True -0.08613849791834757 309.20118472627627 -154.59985202277832 -1.0238321903841872 81.45037456279873 -40.714666130958335
206 110 804.0 808 66.99484433400002 7.8 0.002461266567463264 0.010686367185567952 False True -0.08613849791834757 309.20118472627627 -154.59985202277832 -1.0238321903841872 81.45037456279873 -40.714666130958335
206 111 808.0 812 67.67660043500001 7.8 0.002461266567463264 0.010686367185567952 False True -0.08613849791834757 309.20118472627627 -154.59985202277832 -1.0238321903841872 81.45037456279873 -40.714666130958335
206 112 812.0 816 68.398402769 7.8 0.002461266567463264 0.010686367185567952 False True -0.08613849791834757 309.20118472627627 -154.59985202277832 -1.0238321903841872 81.45037456279873 -40.714666130958335
206 113 816.0 820 69.07697352299999 7.8 0.002461266567463264 0.010686367185567952 False True -0.08613849791834757 309.20118472627627 -154.59985202277832 -1.0238321903841872 81.45037456279873 -40.714666130958335
206 114 820.0 824 69.77753224099999 7.8 0.002461266567463264 0.003283781234397184 True False -0.08613849791834757 309.20118472627627 -154.59985202277832 -1.0238321903841872 81.45037456279873 -40.714666130958335
206 115 820.0 825 70.19810574499999 7.8 0.002461266567463264 0.003283781234397184 False True -0.08613849791834757 309.20118472627627 -154.59985202277832 -1.0238321903841872 81.45037456279873 -40.714666130958335
206 116 832.0 837 70.87239314499999 7.79 0.003283781234397184 0.002461266567463264 False True -0.08613849791834757 309.20118472627627 -154.59985202277832 -1.0238321903841872 81.45037456279873 -40.714666130958335
206 117 836.0 841 71.59186014599999 7.79 0.003283781234397184 0.002461266567463264 False True -0.08613849791834757 309.20118472627627 -154.59985202277832 -1.0238321903841872 81.45037456279873 -40.714666130958335
206 118 840.0 845 72.258516378 7.79 0.003283781234397184 0.2913796022622733 True False -0.08613849791834757 309.20118472627627 -154.59985202277832 -1.0238321903841872 81.45037456279873 -40.714666130958335
206 119 840.0 845 72.67200633600001 7.79 0.003283781234397184 0.2913796022622733 False True -0.08613849791834757 309.20118472627627 -154.59985202277832 -1.0238321903841872 81.45037456279873 -40.714666130958335
206 120 852.0 857 73.357900508 7.79 0.003283781234397184 0.3562951448726362 True False -0.08613849791834757 309.20118472627627 -154.59985202277832 -1.0238321903841872 81.45037456279873 -40.714666130958335
206 121 852.0 857 73.79144813800002 7.79 0.003283781234397184 0.3562951448726362 False True -0.08613849791834757 309.20118472627627 -154.59985202277832 -1.0238321903841872 81.45037456279873 -40.714666130958335
206 122 864.0 869 74.45841282400002 7.79 0.003283781234397184 0.002461266567463264 False True -0.08613849791834757 309.20118472627627 -154.59985202277832 -1.0238321903841872 81.45037456279873 -40.714666130958335
206 123 868.0 873 75.19094842700002 7.79 0.003283781234397184 0.002461266567463264 False True -0.08613849791834757 309.20118472627627 -154.59985202277832 -1.0238321903841872 81.45037456279873 -40.714666130958335
206 124 872.0 877 75.85911342800003 7.79 0.003283781234397184 0.002461266567463264 False True -0.08613849791834757 309.20118472627627 -154.59985202277832 -1.0238321903841872 81.45037456279873 -40.714666130958335
206 125 876.0 881 76.55500190100003 7.79 0.003283781234397184 0.002461266567463264 False True -0.08613849791834757 309.20118472627627 -154.59985202277832 -1.0238321903841872 81.45037456279873 -40.714666130958335
206 126 880.0 885 77.231555283 7.79 0.003283781234397184 0.002461266567463264 False True -0.08613849791834757 309.20118472627627 -154.59985202277832 -1.0238321903841872 81.45037456279873 -40.714666130958335
206 127 884.0 889 77.93000831199998 7.79 0.003283781234397184 0.002461266567463264 False True -0.08613849791834757 309.20118472627627 -154.59985202277832 -1.0238321903841872 81.45037456279873 -40.714666130958335
206 128 888.0 893 78.59235156699998 7.79 0.003283781234397184 0.002461266567463264 False True -0.08613849791834757 309.20118472627627 -154.59985202277832 -1.0238321903841872 81.45037456279873 -40.714666130958335
206 129 892.0 897 79.23264853599997 7.79 0.003283781234397184 0.002461266567463264 False True -0.08613849791834757 309.20118472627627 -154.59985202277832 -1.0238321903841872 81.45037456279873 -40.714666130958335
206 130 896.0 901 79.89836221899998 7.79 0.003283781234397184 0.002461266567463264 False True -0.08613849791834757 309.20118472627627 -154.59985202277832 -1.0238321903841872 81.45037456279873 -40.714666130958335
206 131 900.0 905 80.57455094099996 7.79 0.003283781234397184 0.002461266567463264 False True -0.08613849791834757 309.20118472627627 -154.59985202277832 -1.0238321903841872 81.45037456279873 -40.714666130958335
206 132 904.0 909 81.29688103699993 7.79 0.003283781234397184 0.002461266567463264 False True -0.08613849791834757 309.20118472627627 -154.59985202277832 -1.0238321903841872 81.45037456279873 -40.714666130958335
206 133 908.0 913 81.97238718499992 7.79 0.003283781234397184 0.002461266567463264 False True -0.08613849791834757 309.20118472627627 -154.59985202277832 -1.0238321903841872 81.45037456279873 -40.714666130958335
206 134 912.0 917 82.61766879899992 7.79 0.003283781234397184 0.002461266567463264 False True -0.08613849791834757 309.20118472627627 -154.59985202277832 -1.0238321903841872 81.45037456279873 -40.714666130958335
206 135 916.0 921 83.3355527299999 7.79 0.003283781234397184 0.002461266567463264 False True -0.08613849791834757 309.20118472627627 -154.59985202277832 -1.0238321903841872 81.45037456279873 -40.714666130958335
206 136 920.0 925 84.0132583619999 7.79 0.003283781234397184 0.002461266567463264 False True -0.08613849791834757 309.20118472627627 -154.59985202277832 -1.0238321903841872 81.45037456279873 -40.714666130958335
206 137 924.0 929 84.65736435199989 7.79 0.003283781234397184 0.002461266567463264 False True -0.08613849791834757 309.20118472627627 -154.59985202277832 -1.0238321903841872 81.45037456279873 -40.714666130958335
206 138 928.0 933 85.2980657599999 7.79 0.003283781234397184 0.2524465634711624 True False -0.08613849791834757 309.20118472627627 -154.59985202277832 -1.0238321903841872 81.45037456279873 -40.714666130958335
206 139 928.0 933 85.7136988899999 7.79 0.003283781234397184 0.2524465634711624 False True -0.08613849791834757 309.20118472627627 -154.59985202277832 -1.0238321903841872 81.45037456279873 -40.714666130958335
206 140 940.0 945 86.3939592269999 7.79 0.003283781234397184 0.002461266567463264 False True -0.08613849791834757 309.20118472627627 -154.59985202277832 -1.0238321903841872 81.45037456279873 -40.714666130958335
206 141 944.0 949 87.07480836399989 7.79 0.003283781234397184 0.002461266567463264 False True -0.08613849791834757 309.20118472627627 -154.59985202277832 -1.0238321903841872 81.45037456279873 -40.714666130958335
206 142 948.0 953 87.8109147269999 7.79 0.003283781234397184 0.002461266567463264 False True -0.08613849791834757 309.20118472627627 -154.59985202277832 -1.0238321903841872 81.45037456279873 -40.714666130958335
206 143 952.0 957 88.49097664699991 7.79 0.003283781234397184 0.002461266567463264 False True -0.08613849791834757 309.20118472627627 -154.59985202277832 -1.0238321903841872 81.45037456279873 -40.714666130958335
206 144 956.0 961 89.1370717069999 7.79 0.003283781234397184 0.002461266567463264 False True -0.08613849791834757 309.20118472627627 -154.59985202277832 -1.0238321903841872 81.45037456279873 -40.714666130958335
206 145 960.0 965 89.83101841399989 7.79 0.003283781234397184 0.002461266567463264 False True -0.08613849791834757 309.20118472627627 -154.59985202277832 -1.0238321903841872 81.45037456279873 -40.714666130958335
206 146 964.0 969 90.5125896479999 7.79 0.003283781234397184 0.002461266567463264 False True -0.08613849791834757 309.20118472627627 -154.59985202277832 -1.0238321903841872 81.45037456279873 -40.714666130958335
206 147 968.0 973 91.15768346299993 7.8 0.002461266567463264 0.003283781234397184 False True -0.08613849791834757 309.20118472627627 -154.59985202277832 -1.0238321903841872 81.45037456279873 -40.714666130958335
206 148 972.0 977 91.81259043199995 7.8 0.002461266567463264 0.003283781234397184 False True -0.08613849791834757 309.20118472627627 -154.59985202277832 -1.0238321903841872 81.45037456279873 -40.714666130958335
206 149 976.0 981 92.49326011499994 7.8 0.002461266567463264 0.003283781234397184 False True -0.08613849791834757 309.20118472627627 -154.59985202277832 -1.0238321903841872 81.45037456279873 -40.714666130958335
206 150 980.0 985 93.22968059399992 7.8 0.002461266567463264 0.003283781234397184 False True -0.08613849791834757 309.20118472627627 -154.59985202277832 -1.0238321903841872 81.45037456279873 -40.714666130958335
206 151 984.0 989 93.9089218279999 7.8 0.002461266567463264 0.003283781234397184 False True -0.08613849791834757 309.20118472627627 -154.59985202277832 -1.0238321903841872 81.45037456279873 -40.714666130958335
206 152 988.0 993 94.6127344549999 7.79 0.003283781234397184 0.002461266567463264 False True -0.08613849791834757 309.20118472627627 -154.59985202277832 -1.0238321903841872 81.45037456279873 -40.714666130958335
206 153 992.0 997 95.28791312699991 7.79 0.003283781234397184 0.002461266567463264 False True -0.08613849791834757 309.20118472627627 -154.59985202277832 -1.0238321903841872 81.45037456279873 -40.714666130958335
206 154 996.0 1001 95.94536058299991 7.79 0.003283781234397184 0.002461266567463264 False True -0.08613849791834757 309.20118472627627 -154.59985202277832 -1.0238321903841872 81.45037456279873 -40.714666130958335
206 155 1000.0 1005 96.60300672299991 7.79 0.003283781234397184 0.002461266567463264 False True -0.08613849791834757 309.20118472627627 -154.59985202277832 -1.0238321903841872 81.45037456279873 -40.714666130958335
206 156 1004.0 1009 97.3272611479999 7.79 0.003283781234397184 0.002461266567463264 False True -0.08613849791834757 309.20118472627627 -154.59985202277832 -1.0238321903841872 81.45037456279873 -40.714666130958335
206 157 1008.0 1013 98.06373031399991 7.79 0.003283781234397184 0.002461266567463264 False True -0.08613849791834757 309.20118472627627 -154.59985202277832 -1.0238321903841872 81.45037456279873 -40.714666130958335
206 158 1012.0 1017 98.74421278499992 7.79 0.003283781234397184 0.002461266567463264 False True -0.08613849791834757 309.20118472627627 -154.59985202277832 -1.0238321903841872 81.45037456279873 -40.714666130958335
206 159 1016.0 1021 99.4441583569999 7.79 0.003283781234397184 0.002461266567463264 False True -0.08613849791834757 309.20118472627627 -154.59985202277832 -1.0238321903841872 81.45037456279873 -40.714666130958335
206 160 1020.0 1025 100.12790880499992 7.79 0.003283781234397184 0.002461266567463264 False True -0.08613849791834757 309.20118472627627 -154.59985202277832 -1.0238321903841872 81.45037456279873 -40.714666130958335
206 161 1024.0 1029 100.81079897599992 7.79 0.003283781234397184 0.002461266567463264 False True -0.08613849791834757 309.20118472627627 -154.59985202277832 -1.0238321903841872 81.45037456279873 -40.714666130958335
206 162 1028.0 1033 101.48501994399993 7.79 0.003283781234397184 0.002461266567463264 False True -0.08613849791834757 309.20118472627627 -154.59985202277832 -1.0238321903841872 81.45037456279873 -40.714666130958335
206 163 1032.0 1037 102.23081350399994 7.79 0.003283781234397184 0.002461266567463264 False True -0.08613849791834757 309.20118472627627 -154.59985202277832 -1.0238321903841872 81.45037456279873 -40.714666130958335
206 164 1036.0 1041 102.89966143599995 7.79 0.003283781234397184 0.002461266567463264 False True -0.08613849791834757 309.20118472627627 -154.59985202277832 -1.0238321903841872 81.45037456279873 -40.714666130958335
206 165 1040.0 1045 103.59686167799995 7.79 0.003283781234397184 0.002461266567463264 False True -0.08613849791834757 309.20118472627627 -154.59985202277832 -1.0238321903841872 81.45037456279873 -40.714666130958335
206 166 1044.0 1049 104.31552337799994 7.79 0.003283781234397184 0.002461266567463264 False True -0.08613849791834757 309.20118472627627 -154.59985202277832 -1.0238321903841872 81.45037456279873 -40.714666130958335
206 167 1048.0 1053 104.99286571199991 7.79 0.003283781234397184 0.002461266567463264 False True -0.08613849791834757 309.20118472627627 -154.59985202277832 -1.0238321903841872 81.45037456279873 -40.714666130958335
206 168 1052.0 1057 105.6891929389999 7.79 0.003283781234397184 0.002461266567463264 False True -0.08613849791834757 309.20118472627627 -154.59985202277832 -1.0238321903841872 81.45037456279873 -40.714666130958335
206 169 1056.0 1061 106.3515898529999 7.79 0.003283781234397184 0.002461266567463264 False True -0.08613849791834757 309.20118472627627 -154.59985202277832 -1.0238321903841872 81.45037456279873 -40.714666130958335
206 170 1060.0 1065 107.03190022999988 7.79 0.003283781234397184 0.002461266567463264 False True -0.08613849791834757 309.20118472627627 -154.59985202277832 -1.0238321903841872 81.45037456279873 -40.714666130958335
206 171 1064.0 1069 107.69315717799986 7.79 0.003283781234397184 0.002461266567463264 False True -0.08613849791834757 309.20118472627627 -154.59985202277832 -1.0238321903841872 81.45037456279873 -40.714666130958335
206 172 1068.0 1073 108.39528202599988 7.79 0.003283781234397184 0.002461266567463264 False True -0.08613849791834757 309.20118472627627 -154.59985202277832 -1.0238321903841872 81.45037456279873 -40.714666130958335
206 173 1072.0 1077 109.09732349899986 7.79 0.003283781234397184 0.002461266567463264 False True -0.08613849791834757 309.20118472627627 -154.59985202277832 -1.0238321903841872 81.45037456279873 -40.714666130958335
206 174 1076.0 1081 109.78068487899986 7.8 0.002461266567463264 0.003283781234397184 False True -0.08613849791834757 309.20118472627627 -154.59985202277832 -1.0238321903841872 81.45037456279873 -40.714666130958335
206 175 1080.0 1085 110.45152022099984 7.79 0.003283781234397184 0.002461266567463264 False True -0.08613849791834757 309.20118472627627 -154.59985202277832 -1.0238321903841872 81.45037456279873 -40.714666130958335
206 176 1084.0 1089 111.11593862999985 7.8 0.002461266567463264 0.003283781234397184 False True -0.08613849791834757 309.20118472627627 -154.59985202277832 -1.0238321903841872 81.45037456279873 -40.714666130958335
206 177 1088.0 1093 111.77541103799985 7.79 0.003283781234397184 0.002461266567463264 False True -0.08613849791834757 309.20118472627627 -154.59985202277832 -1.0238321903841872 81.45037456279873 -40.714666130958335
206 178 1092.0 1097 112.47941851399986 7.79 0.003283781234397184 0.002461266567463264 False True -0.08613849791834757 309.20118472627627 -154.59985202277832 -1.0238321903841872 81.45037456279873 -40.714666130958335
206 179 1096.0 1101 113.13916476599985 7.79 0.003283781234397184 0.002461266567463264 False True -0.08613849791834757 309.20118472627627 -154.59985202277832 -1.0238321903841872 81.45037456279873 -40.714666130958335
206 180 1100.0 1105 113.77652052999986 7.79 0.003283781234397184 0.002461266567463264 False True -0.08613849791834757 309.20118472627627 -154.59985202277832 -1.0238321903841872 81.45037456279873 -40.714666130958335
206 181 1104.0 1109 114.48045668599985 7.79 0.003283781234397184 0.002461266567463264 False True -0.08613849791834757 309.20118472627627 -154.59985202277832 -1.0238321903841872 81.45037456279873 -40.714666130958335
206 182 1108.0 1113 115.15313102799988 7.79 0.003283781234397184 0.002461266567463264 False True -0.08613849791834757 309.20118472627627 -154.59985202277832 -1.0238321903841872 81.45037456279873 -40.714666130958335
206 183 1112.0 1117 115.8156835769999 7.8 0.002461266567463264 0.009159376948542323 True False -0.08613849791834757 309.20118472627627 -154.59985202277832 -1.0238321903841872 81.45037456279873 -40.714666130958335
206 184 1112.0 1117 116.2318657509999 7.8 0.002461266567463264 0.009159376948542323 False True -0.08613849791834757 309.20118472627627 -154.59985202277832 -1.0238321903841872 81.45037456279873 -40.714666130958335
206 185 1124.0 1129 116.8915710549999 7.8 0.002461266567463264 0.003283781234397184 False True -0.08613849791834757 309.20118472627627 -154.59985202277832 -1.0238321903841872 81.45037456279873 -40.714666130958335
206 186 1128.0 1133 117.5725316189999 7.8 0.002461266567463264 0.003283781234397184 False True -0.08613849791834757 309.20118472627627 -154.59985202277832 -1.0238321903841872 81.45037456279873 -40.714666130958335
206 187 1132.0 1137 118.23171743799989 7.8 0.002461266567463264 0.003283781234397184 False True -0.08613849791834757 309.20118472627627 -154.59985202277832 -1.0238321903841872 81.45037456279873 -40.714666130958335
206 188 1136.0 1141 118.89848769299988 7.8 0.002461266567463264 0.003283781234397184 False True -0.08613849791834757 309.20118472627627 -154.59985202277832 -1.0238321903841872 81.45037456279873 -40.714666130958335
206 189 1140.0 1145 119.55632205199987 7.8 0.002461266567463264 0.003283781234397184 False True -0.08613849791834757 309.20118472627627 -154.59985202277832 -1.0238321903841872 81.45037456279873 -40.714666130958335
206 190 1144.0 1149 120.19291275599986 7.8 0.002461266567463264 0.003283781234397184 False True -0.08613849791834757 309.20118472627627 -154.59985202277832 -1.0238321903841872 81.45037456279873 -40.714666130958335
206 191 1148.0 1153 120.89537725799985 7.8 0.002461266567463264 0.07816423275396253 False True -0.08613849791834757 309.20118472627627 -154.59985202277832 -1.0238321903841872 81.45037456279873 -40.714666130958335
206 192 1152.0 1157 121.55589064799986 7.8 0.002461266567463264 0.003283781234397184 False True -0.08613849791834757 309.20118472627627 -154.59985202277832 -1.0238321903841872 81.45037456279873 -40.714666130958335
206 193 1156.0 1161 122.23564198499986 7.8 0.002461266567463264 0.003283781234397184 False True -0.08613849791834757 309.20118472627627 -154.59985202277832 -1.0238321903841872 81.45037456279873 -40.714666130958335
206 194 1160.0 1165 122.89228507899986 7.8 0.002461266567463264 0.003283781234397184 False True -0.08613849791834757 309.20118472627627 -154.59985202277832 -1.0238321903841872 81.45037456279873 -40.714666130958335
206 195 1164.0 1169 123.55920237899986 7.8 0.002461266567463264 0.014091169446894133 True False -0.08613849791834757 309.20118472627627 -154.59985202277832 -1.0238321903841872 81.45037456279873 -40.714666130958335
206 196 1164.0 1169 123.97643553599985 7.8 0.002461266567463264 0.014091169446894133 False True -0.08613849791834757 309.20118472627627 -154.59985202277832 -1.0238321903841872 81.45037456279873 -40.714666130958335
206 197 1176.0 1181 124.63261353299987 7.8 0.002461266567463264 0.15894098635562526 True False -0.08613849791834757 309.20118472627627 -154.59985202277832 -1.0238321903841872 81.45037456279873 -40.714666130958335
206 198 1176.0 1181 125.01359337599987 7.8 0.002461266567463264 0.15894098635562526 False True -0.08613849791834757 309.20118472627627 -154.59985202277832 -1.0238321903841872 81.45037456279873 -40.714666130958335
206 199 1188.0 1193 125.76306759299987 7.8 0.002461266567463264 0.08628406879857256 True False -0.08613849791834757 309.20118472627627 -154.59985202277832 -1.0238321903841872 81.45037456279873 -40.714666130958335
206 200 1188.0 1193 126.18060873599987 7.8 0.002461266567463264 0.08628406879857256 False True -0.08613849791834757 309.20118472627627 -154.59985202277832 -1.0238321903841872 81.45037456279873 -40.714666130958335
206 201 1200.0 1205 126.87773053099986 7.8 0.002461266567463264 0.001169468288711402 False True -0.08613849791834757 309.20118472627627 -154.59985202277832 -1.0238321903841872 81.45037456279873 -40.714666130958335
206 202 1204.0 1209 127.53643990899985 7.8 0.002461266567463264 0.004223950840589254 True False -0.08613849791834757 309.20118472627627 -154.59985202277832 -1.0238321903841872 81.45037456279873 -40.714666130958335
206 203 1204.0 1209 127.91769798099986 7.8 0.002461266567463264 0.004223950840589254 False True -0.08613849791834757 309.20118472627627 -154.59985202277832 -1.0238321903841872 81.45037456279873 -40.714666130958335
206 204 1216.0 1221 128.57723689599985 7.78 0.004223950840589254 0.002461266567463264 False True -0.08613849791834757 309.20118472627627 -154.59985202277832 -1.0238321903841872 81.45037456279873 -40.714666130958335
206 205 1220.0 1225 129.24618805099985 7.78 0.004223950840589254 0.002461266567463264 False True -0.08613849791834757 309.20118472627627 -154.59985202277832 -1.0238321903841872 81.45037456279873 -40.714666130958335
206 206 1224.0 1229 129.95189001999984 7.78 0.004223950840589254 0.002461266567463264 False True -0.08613849791834757 309.20118472627627 -154.59985202277832 -1.0238321903841872 81.45037456279873 -40.714666130958335
206 207 1228.0 1233 130.63398660499985 7.78 0.004223950840589254 0.002461266567463264 False True -0.08613849791834757 309.20118472627627 -154.59985202277832 -1.0238321903841872 81.45037456279873 -40.714666130958335
206 208 1232.0 1237 131.27316165799985 7.78 0.004223950840589254 0.002461266567463264 False True -0.08613849791834757 309.20118472627627 -154.59985202277832 -1.0238321903841872 81.45037456279873 -40.714666130958335
206 209 1236.0 1241 131.93158806799985 7.78 0.004223950840589254 0.002461266567463264 False True -0.08613849791834757 309.20118472627627 -154.59985202277832 -1.0238321903841872 81.45037456279873 -40.714666130958335
206 210 1240.0 1245 132.61509236899985 7.78 0.004223950840589254 0.002461266567463264 False True -0.08613849791834757 309.20118472627627 -154.59985202277832 -1.0238321903841872 81.45037456279873 -40.714666130958335
206 211 1244.0 1249 133.25428115499986 7.78 0.004223950840589254 0.002461266567463264 False True -0.08613849791834757 309.20118472627627 -154.59985202277832 -1.0238321903841872 81.45037456279873 -40.714666130958335
206 212 1248.0 1253 133.91668901599988 7.78 0.004223950840589254 0.002461266567463264 False True -0.08613849791834757 309.20118472627627 -154.59985202277832 -1.0238321903841872 81.45037456279873 -40.714666130958335
206 213 1252.0 1257 134.5539947619999 7.78 0.004223950840589254 0.002461266567463264 False True -0.08613849791834757 309.20118472627627 -154.59985202277832 -1.0238321903841872 81.45037456279873 -40.714666130958335
206 214 1256.0 1261 135.2111326939999 7.78 0.004223950840589254 0.002461266567463264 False True -0.08613849791834757 309.20118472627627 -154.59985202277832 -1.0238321903841872 81.45037456279873 -40.714666130958335
206 215 1260.0 1265 135.84964890599989 7.78 0.004223950840589254 0.002461266567463264 False True -0.08613849791834757 309.20118472627627 -154.59985202277832 -1.0238321903841872 81.45037456279873 -40.714666130958335
206 216 1264.0 1269 136.5116113649999 7.78 0.004223950840589254 0.002461266567463264 False True -0.08613849791834757 309.20118472627627 -154.59985202277832 -1.0238321903841872 81.45037456279873 -40.714666130958335
206 217 1268.0 1273 137.1944426139999 7.78 0.004223950840589254 0.002461266567463264 False True -0.08613849791834757 309.20118472627627 -154.59985202277832 -1.0238321903841872 81.45037456279873 -40.714666130958335
206 218 1272.0 1277 137.8376021809999 7.78 0.004223950840589254 0.002461266567463264 False True -0.08613849791834757 309.20118472627627 -154.59985202277832 -1.0238321903841872 81.45037456279873 -40.714666130958335
206 219 1276.0 1281 138.5113200509999 7.78 0.004223950840589254 0.002461266567463264 False True -0.08613849791834757 309.20118472627627 -154.59985202277832 -1.0238321903841872 81.45037456279873 -40.714666130958335
206 220 1280.0 1285 139.15358763499992 7.78 0.004223950840589254 0.002461266567463264 False True -0.08613849791834757 309.20118472627627 -154.59985202277832 -1.0238321903841872 81.45037456279873 -40.714666130958335
206 221 1284.0 1289 139.81590454799993 7.78 0.004223950840589254 0.002461266567463264 False True -0.08613849791834757 309.20118472627627 -154.59985202277832 -1.0238321903841872 81.45037456279873 -40.714666130958335
206 222 1288.0 1293 140.49738989399992 7.78 0.004223950840589254 0.002461266567463264 False True -0.08613849791834757 309.20118472627627 -154.59985202277832 -1.0238321903841872 81.45037456279873 -40.714666130958335
206 223 1292.0 1297 141.15073249899993 7.78 0.004223950840589254 0.003283781234397184 False True -0.08613849791834757 309.20118472627627 -154.59985202277832 -1.0238321903841872 81.45037456279873 -40.714666130958335
206 224 1296.0 1301 141.81431340999993 7.78 0.004223950840589254 0.002461266567463264 False True -0.08613849791834757 309.20118472627627 -154.59985202277832 -1.0238321903841872 81.45037456279873 -40.714666130958335
206 225 1300.0 1305 142.45682409899993 7.78 0.004223950840589254 0.003283781234397184 False True -0.08613849791834757 309.20118472627627 -154.59985202277832 -1.0238321903841872 81.45037456279873 -40.714666130958335
206 226 1304.0 1309 143.08815887399993 7.78 0.004223950840589254 0.003283781234397184 False True -0.08613849791834757 309.20118472627627 -154.59985202277832 -1.0238321903841872 81.45037456279873 -40.714666130958335
206 227 1308.0 1313 143.70816529599992 7.78 0.004223950840589254 0.002461266567463264 False True -0.08613849791834757 309.20118472627627 -154.59985202277832 -1.0238321903841872 81.45037456279873 -40.714666130958335
206 228 1312.0 1317 144.34935421599994 7.78 0.004223950840589254 0.002461266567463264 False True -0.08613849791834757 309.20118472627627 -154.59985202277832 -1.0238321903841872 81.45037456279873 -40.714666130958335
206 229 1316.0 1321 144.99164467499995 7.78 0.004223950840589254 0.002461266567463264 False True -0.08613849791834757 309.20118472627627 -154.59985202277832 -1.0238321903841872 81.45037456279873 -40.714666130958335
206 230 1320.0 1325 145.65504361999996 7.78 0.004223950840589254 0.002461266567463264 False True -0.08613849791834757 309.20118472627627 -154.59985202277832 -1.0238321903841872 81.45037456279873 -40.714666130958335
206 231 1324.0 1329 146.29598406599996 7.78 0.004223950840589254 0.002461266567463264 False True -0.08613849791834757 309.20118472627627 -154.59985202277832 -1.0238321903841872 81.45037456279873 -40.714666130958335
206 232 1328.0 1333 146.96727114399997 7.78 0.004223950840589254 0.002461266567463264 False True -0.08613849791834757 309.20118472627627 -154.59985202277832 -1.0238321903841872 81.45037456279873 -40.714666130958335
206 233 1332.0 1337 147.65053098599998 7.78 0.004223950840589254 0.002461266567463264 False True -0.08613849791834757 309.20118472627627 -154.59985202277832 -1.0238321903841872 81.45037456279873 -40.714666130958335
206 234 1336.0 1341 148.29260928999997 7.78 0.004223950840589254 0.002461266567463264 False True -0.08613849791834757 309.20118472627627 -154.59985202277832 -1.0238321903841872 81.45037456279873 -40.714666130958335
206 235 1340.0 1345 148.969784937 7.78 0.004223950840589254 0.002461266567463264 False True -0.08613849791834757 309.20118472627627 -154.59985202277832 -1.0238321903841872 81.45037456279873 -40.714666130958335
206 236 1344.0 1349 149.627114233 7.78 0.004223950840589254 0.002461266567463264 False True -0.08613849791834757 309.20118472627627 -154.59985202277832 -1.0238321903841872 81.45037456279873 -40.714666130958335
206 237 1348.0 1353 150.248065087 7.78 0.004223950840589254 0.002461266567463264 False True -0.08613849791834757 309.20118472627627 -154.59985202277832 -1.0238321903841872 81.45037456279873 -40.714666130958335
206 238 1352.0 1357 150.932075723 7.78 0.004223950840589254 0.002461266567463264 False True -0.08613849791834757 309.20118472627627 -154.59985202277832 -1.0238321903841872 81.45037456279873 -40.714666130958335
206 239 1356.0 1361 151.575432874 7.78 0.004223950840589254 0.002461266567463264 False True -0.08613849791834757 309.20118472627627 -154.59985202277832 -1.0238321903841872 81.45037456279873 -40.714666130958335
206 240 1360.0 1365 152.234663425 7.78 0.004223950840589254 0.002461266567463264 False True -0.08613849791834757 309.20118472627627 -154.59985202277832 -1.0238321903841872 81.45037456279873 -40.714666130958335
206 241 1364.0 1369 152.875185998 7.78 0.004223950840589254 0.002461266567463264 False True -0.08613849791834757 309.20118472627627 -154.59985202277832 -1.0238321903841872 81.45037456279873 -40.714666130958335
206 242 1368.0 1373 153.569357161 7.78 0.004223950840589254 0.002461266567463264 False True -0.08613849791834757 309.20118472627627 -154.59985202277832 -1.0238321903841872 81.45037456279873 -40.714666130958335
206 243 1372.0 1377 154.211747593 7.78 0.004223950840589254 0.002461266567463264 False True -0.08613849791834757 309.20118472627627 -154.59985202277832 -1.0238321903841872 81.45037456279873 -40.714666130958335
206 244 1376.0 1381 154.873764934 7.78 0.004223950840589254 0.002461266567463264 False True -0.08613849791834757 309.20118472627627 -154.59985202277832 -1.0238321903841872 81.45037456279873 -40.714666130958335
206 245 1380.0 1385 155.52291686200002 7.8 0.002461266567463264 0.004223950840589254 False True -0.08613849791834757 309.20118472627627 -154.59985202277832 -1.0238321903841872 81.45037456279873 -40.714666130958335
206 246 1384.0 1389 156.18478680700002 7.8 0.002461266567463264 0.004223950840589254 False True -0.08613849791834757 309.20118472627627 -154.59985202277832 -1.0238321903841872 81.45037456279873 -40.714666130958335
206 247 1388.0 1393 156.82932568800004 7.8 0.002461266567463264 0.004223950840589254 False True -0.08613849791834757 309.20118472627627 -154.59985202277832 -1.0238321903841872 81.45037456279873 -40.714666130958335
206 248 1392.0 1397 157.50323077900003 7.8 0.002461266567463264 0.14560958170393226 False True -0.08613849791834757 309.20118472627627 -154.59985202277832 -1.0238321903841872 81.45037456279873 -40.714666130958335
206 249 1396.0 1401 158.18858542100003 7.8 0.002461266567463264 0.14560958170393226 False True -0.08613849791834757 309.20118472627627 -154.59985202277832 -1.0238321903841872 81.45037456279873 -40.714666130958335
206 250 1400.0 1405 158.84184349600002 7.8 0.002461266567463264 0.010686367185567952 False True -0.08613849791834757 309.20118472627627 -154.59985202277832 -1.0238321903841872 81.45037456279873 -40.714666130958335
206 251 1404.0 1409 159.507752032 7.7299999999999995 0.010686367185567952 0.002461266567463264 False True -0.08613849791834757 309.20118472627627 -154.59985202277832 -1.0238321903841872 81.45037456279873 -40.714666130958335
206 252 1408.0 1413 160.149498606 7.7299999999999995 0.010686367185567952 0.002461266567463264 False True -0.08613849791834757 309.20118472627627 -154.59985202277832 -1.0238321903841872 81.45037456279873 -40.714666130958335
206 253 1412.0 1417 160.809630787 7.8 0.002461266567463264 0.004223950840589254 False True -0.08613849791834757 309.20118472627627 -154.59985202277832 -1.0238321903841872 81.45037456279873 -40.714666130958335
206 254 1416.0 1421 161.50390550400002 7.8 0.002461266567463264 0.004223950840589254 False True -0.08613849791834757 309.20118472627627 -154.59985202277832 -1.0238321903841872 81.45037456279873 -40.714666130958335
206 255 1420.0 1425 162.14600814 7.8 0.002461266567463264 0.1089941920543215 False True -0.08613849791834757 309.20118472627627 -154.59985202277832 -1.0238321903841872 81.45037456279873 -40.714666130958335
206 256 1424.0 1429 162.766595406 7.8 0.002461266567463264 0.010686367185567952 False True -0.08613849791834757 309.20118472627627 -154.59985202277832 -1.0238321903841872 81.45037456279873 -40.714666130958335
206 257 1428.0 1433 163.448667581 7.8 0.002461266567463264 0.004223950840589254 False True -0.08613849791834757 309.20118472627627 -154.59985202277832 -1.0238321903841872 81.45037456279873 -40.714666130958335
206 258 1432.0 1437 164.10089190899998 7.7299999999999995 0.010686367185567952 0.002461266567463264 False True -0.08613849791834757 309.20118472627627 -154.59985202277832 -1.0238321903841872 81.45037456279873 -40.714666130958335
206 259 1436.0 1441 164.719759353 7.8 0.002461266567463264 0.004223950840589254 False True -0.08613849791834757 309.20118472627627 -154.59985202277832 -1.0238321903841872 81.45037456279873 -40.714666130958335
206 260 1440.0 1445 165.401540441 7.8 0.002461266567463264 0.004223950840589254 False True -0.08613849791834757 309.20118472627627 -154.59985202277832 -1.0238321903841872 81.45037456279873 -40.714666130958335
206 261 1444.0 1449 166.043005809 7.8 0.002461266567463264 0.004223950840589254 False True -0.08613849791834757 309.20118472627627 -154.59985202277832 -1.0238321903841872 81.45037456279873 -40.714666130958335
206 262 1448.0 1453 166.707280788 7.78 0.004223950840589254 0.002461266567463264 False True -0.08613849791834757 309.20118472627627 -154.59985202277832 -1.0238321903841872 81.45037456279873 -40.714666130958335
206 263 1452.0 1457 167.36228108499998 7.8 0.002461266567463264 0.004223950840589254 False True -0.08613849791834757 309.20118472627627 -154.59985202277832 -1.0238321903841872 81.45037456279873 -40.714666130958335
206 264 1456.0 1461 168.02565943099998 7.8 0.002461266567463264 0.003283781234397184 False True -0.08613849791834757 309.20118472627627 -154.59985202277832 -1.0238321903841872 81.45037456279873 -40.714666130958335
206 265 1460.0 1465 168.71961493399996 7.7299999999999995 0.010686367185567952 0.002461266567463264 False True -0.08613849791834757 309.20118472627627 -154.59985202277832 -1.0238321903841872 81.45037456279873 -40.714666130958335
206 266 1464.0 1469 169.362019359 7.8 0.002461266567463264 0.004223950840589254 False True -0.08613849791834757 309.20118472627627 -154.59985202277832 -1.0238321903841872 81.45037456279873 -40.714666130958335
206 267 1468.0 1473 170.02518708999997 7.8 0.002461266567463264 0.004223950840589254 False True -0.08613849791834757 309.20118472627627 -154.59985202277832 -1.0238321903841872 81.45037456279873 -40.714666130958335
206 268 1472.0 1477 170.67912433099997 7.78 0.004223950840589254 0.003283781234397184 False True -0.08613849791834757 309.20118472627627 -154.59985202277832 -1.0238321903841872 81.45037456279873 -40.714666130958335
206 269 1476.0 1481 171.34237129299996 7.8 0.002461266567463264 0.004223950840589254 False True -0.08613849791834757 309.20118472627627 -154.59985202277832 -1.0238321903841872 81.45037456279873 -40.714666130958335
206 270 1480.0 1485 171.98417937899995 7.78 0.004223950840589254 0.002461266567463264 False True -0.08613849791834757 309.20118472627627 -154.59985202277832 -1.0238321903841872 81.45037456279873 -40.714666130958335
206 271 1484.0 1489 172.64619823099997 7.8 0.002461266567463264 0.0011902854592723072 True False -0.08613849791834757 309.20118472627627 -154.59985202277832 -1.0238321903841872 81.45037456279873 -40.714666130958335
206 272 1484.0 1489 173.05914796299996 7.8 0.002461266567463264 0.0011902854592723072 False True -0.08613849791834757 309.20118472627627 -154.59985202277832 -1.0238321903841872 81.45037456279873 -40.714666130958335
206 273 1496.0 1501 173.70183912899998 7.8 0.002461266567463264 0.0011902854592723072 False True -0.08613849791834757 309.20118472627627 -154.59985202277832 -1.0238321903841872 81.45037456279873 -40.714666130958335
206 274 1500.0 1505 174.36482536699998 7.8 0.002461266567463264 0.04116117031532689 True False -0.08613849791834757 309.20118472627627 -154.59985202277832 -1.0238321903841872 81.45037456279873 -40.714666130958335
206 275 1500.0 1506 174.76821469999996 7.8 0.002461266567463264 0.04116117031532689 False True -0.08613849791834757 309.20118472627627 -154.59985202277832 -1.0238321903841872 81.45037456279873 -40.714666130958335
206 276 1512.0 1518 175.46066718299997 7.8 0.002461266567463264 0.04116117031532689 False True -0.08613849791834757 309.20118472627627 -154.59985202277832 -1.0238321903841872 81.45037456279873 -40.714666130958335
206 277 1516.0 1522 176.10107251 8.13 0.04116117031532689 0.002461266567463264 False True -0.08613849791834757 309.20118472627627 -154.59985202277832 -1.0238321903841872 81.45037456279873 -40.714666130958335
206 278 1520.0 1526 176.76192533 7.8 0.002461266567463264 0.04116117031532689 False True -0.08613849791834757 309.20118472627627 -154.59985202277832 -1.0238321903841872 81.45037456279873 -40.714666130958335
206 279 1524.0 1530 177.405232908 7.8 0.002461266567463264 0.0011902854592723072 False True -0.08613849791834757 309.20118472627627 -154.59985202277832 -1.0238321903841872 81.45037456279873 -40.714666130958335
206 280 1528.0 1534 178.06530166299999 7.91 0.0011902854592723072 0.002461266567463264 False True -0.08613849791834757 309.20118472627627 -154.59985202277832 -1.0238321903841872 81.45037456279873 -40.714666130958335
206 281 1532.0 1538 178.705001756 7.91 0.0011902854592723072 0.002461266567463264 False True -0.08613849791834757 309.20118472627627 -154.59985202277832 -1.0238321903841872 81.45037456279873 -40.714666130958335
206 282 1536.0 1542 179.359939644 7.8 0.002461266567463264 0.04116117031532689 False True -0.08613849791834757 309.20118472627627 -154.59985202277832 -1.0238321903841872 81.45037456279873 -40.714666130958335
206 283 1540.0 1546 180.000236478 7.8 0.002461266567463264 0.0024907166857758073 False True -0.08613849791834757 309.20118472627627 -154.59985202277832 -1.0238321903841872 81.45037456279873 -40.714666130958335
206 284 1544.0 1550 180.68152619000003 7.8 0.002461266567463264 0.0024907166857758073 False True -0.08613849791834757 309.20118472627627 -154.59985202277832 -1.0238321903841872 81.45037456279873 -40.714666130958335
206 285 1548.0 1554 181.32485525 7.8 0.002461266567463264 0.004223950840589254 False True -0.08613849791834757 309.20118472627627 -154.59985202277832 -1.0238321903841872 81.45037456279873 -40.714666130958335
206 286 1552.0 1558 181.983226844 7.8 0.002461266567463264 0.004223950840589254 False True -0.08613849791834757 309.20118472627627 -154.59985202277832 -1.0238321903841872 81.45037456279873 -40.714666130958335
206 287 1556.0 1562 182.622311325 7.8 0.002461266567463264 0.0 False True -0.08613849791834757 309.20118472627627 -154.59985202277832 -1.0238321903841872 81.45037456279873 -40.714666130958335
206 288 1560.0 1566 183.282895418 7.8 0.002461266567463264 0.0011902854592723072 False True -0.08613849791834757 309.20118472627627 -154.59985202277832 -1.0238321903841872 81.45037456279873 -40.714666130958335
206 289 1564.0 1570 183.966421123 7.8 0.002461266567463264 0.004223950840589254 False True -0.08613849791834757 309.20118472627627 -154.59985202277832 -1.0238321903841872 81.45037456279873 -40.714666130958335
206 290 1568.0 1574 184.61849342 7.8 0.002461266567463264 0.004261358781251699 False True -0.08613849791834757 309.20118472627627 -154.59985202277832 -1.0238321903841872 81.45037456279873 -40.714666130958335
206 291 1572.0 1578 185.279574226 7.95 0.004261358781251699 0.002461266567463264 False True -0.08613849791834757 309.20118472627627 -154.59985202277832 -1.0238321903841872 81.45037456279873 -40.714666130958335
206 292 1576.0 1582 185.918133873 7.8 0.002461266567463264 0.004261358781251699 False True -0.08613849791834757 309.20118472627627 -154.59985202277832 -1.0238321903841872 81.45037456279873 -40.714666130958335
206 293 1580.0 1586 186.56526220199999 7.95 0.004261358781251699 0.002461266567463264 False True -0.08613849791834757 309.20118472627627 -154.59985202277832 -1.0238321903841872 81.45037456279873 -40.714666130958335
206 294 1584.0 1590 187.204201898 7.95 0.004261358781251699 0.003283781234397184 False True -0.08613849791834757 309.20118472627627 -154.59985202277832 -1.0238321903841872 81.45037456279873 -40.714666130958335
206 295 1588.0 1594 187.858645594 7.8 0.002461266567463264 0.004261358781251699 False True -0.08613849791834757 309.20118472627627 -154.59985202277832 -1.0238321903841872 81.45037456279873 -40.714666130958335
206 296 1592.0 1598 188.48664004799997 7.8 0.002461266567463264 0.003283781234397184 False True -0.08613849791834757 309.20118472627627 -154.59985202277832 -1.0238321903841872 81.45037456279873 -40.714666130958335
206 297 1596.0 1602 189.164218463 7.79 0.003283781234397184 0.004261358781251699 False True -0.08613849791834757 309.20118472627627 -154.59985202277832 -1.0238321903841872 81.45037456279873 -40.714666130958335
206 298 1600.0 1606 189.82121207900002 7.79 0.003283781234397184 0.004261358781251699 False True -0.08613849791834757 309.20118472627627 -154.59985202277832 -1.0238321903841872 81.45037456279873 -40.714666130958335
206 299 1604.0 1610 190.499385099 7.79 0.003283781234397184 0.03236191119419878 True False -0.08613849791834757 309.20118472627627 -154.59985202277832 -1.0238321903841872 81.45037456279873 -40.714666130958335
206 300 1604.0 1610 190.897722557 7.79 0.003283781234397184 0.03236191119419878 False True -0.08613849791834757 309.20118472627627 -154.59985202277832 -1.0238321903841872 81.45037456279873 -40.714666130958335
206 301 1616.0 1622 191.53602820100002 7.63 0.03236191119419878 0.003283781234397184 False True -0.08613849791834757 309.20118472627627 -154.59985202277832 -1.0238321903841872 81.45037456279873 -40.714666130958335
206 302 1620.0 1626 192.18164960500002 7.63 0.03236191119419878 0.003283781234397184 False True -0.08613849791834757 309.20118472627627 -154.59985202277832 -1.0238321903841872 81.45037456279873 -40.714666130958335
206 303 1624.0 1630 192.81975478000004 7.79 0.003283781234397184 0.03236191119419878 False True -0.08613849791834757 309.20118472627627 -154.59985202277832 -1.0238321903841872 81.45037456279873 -40.714666130958335
206 304 1628.0 1634 193.47563924400004 7.79 0.003283781234397184 0.035165540774766316 True False -0.08613849791834757 309.20118472627627 -154.59985202277832 -1.0238321903841872 81.45037456279873 -40.714666130958335
206 305 1628.0 1634 193.86200374700002 7.79 0.003283781234397184 0.035165540774766316 False True -0.08613849791834757 309.20118472627627 -154.59985202277832 -1.0238321903841872 81.45037456279873 -40.714666130958335
206 306 1640.0 1646 194.496928744 7.62 0.035165540774766316 0.038083853666957726 True False -0.08613849791834757 309.20118472627627 -154.59985202277832 -1.0238321903841872 81.45037456279873 -40.714666130958335
206 307 1640.0 1646 194.877299059 7.62 0.035165540774766316 0.038083853666957726 False True -0.08613849791834757 309.20118472627627 -154.59985202277832 -1.0238321903841872 81.45037456279873 -40.714666130958335
206 308 1652.0 1658 195.522034761 7.62 0.035165540774766316 0.038083853666957726 False True -0.08613849791834757 309.20118472627627 -154.59985202277832 -1.0238321903841872 81.45037456279873 -40.714666130958335
206 309 1656.0 1662 196.134983669 7.62 0.035165540774766316 0.038083853666957726 False True -0.08613849791834757 309.20118472627627 -154.59985202277832 -1.0238321903841872 81.45037456279873 -40.714666130958335
206 310 1660.0 1666 196.74057212400004 7.62 0.035165540774766316 0.038083853666957726 False True -0.08613849791834757 309.20118472627627 -154.59985202277832 -1.0238321903841872 81.45037456279873 -40.714666130958335
206 311 1664.0 1670 197.419198978 7.62 0.035165540774766316 0.038083853666957726 False True -0.08613849791834757 309.20118472627627 -154.59985202277832 -1.0238321903841872 81.45037456279873 -40.714666130958335
206 312 1668.0 1674 198.060608441 7.62 0.035165540774766316 0.04111657076703013 True False -0.08613849791834757 309.20118472627627 -154.59985202277832 -1.0238321903841872 81.45037456279873 -40.714666130958335
206 313 1668.0 1674 198.43826299299997 7.62 0.035165540774766316 0.04111657076703013 False True -0.08613849791834757 309.20118472627627 -154.59985202277832 -1.0238321903841872 81.45037456279873 -40.714666130958335
206 314 1680.0 1686 199.09522382199998 7.62 0.035165540774766316 0.038083853666957726 False True -0.08613849791834757 309.20118472627627 -154.59985202277832 -1.0238321903841872 81.45037456279873 -40.714666130958335
206 315 1684.0 1690 199.72034463199998 7.62 0.035165540774766316 0.038083853666957726 False True -0.08613849791834757 309.20118472627627 -154.59985202277832 -1.0238321903841872 81.45037456279873 -40.714666130958335
206 316 1688.0 1694 200.374689138 7.62 0.035165540774766316 0.003283781234397184 False True -0.08613849791834757 309.20118472627627 -154.59985202277832 -1.0238321903841872 81.45037456279873 -40.714666130958335
206 317 1692.0 1698 201.000538808 7.62 0.035165540774766316 0.003283781234397184 False True -0.08613849791834757 309.20118472627627 -154.59985202277832 -1.0238321903841872 81.45037456279873 -40.714666130958335
206 318 1696.0 1702 201.65400853199998 7.62 0.035165540774766316 0.003283781234397184 False True -0.08613849791834757 309.20118472627627 -154.59985202277832 -1.0238321903841872 81.45037456279873 -40.714666130958335
206 319 1700.0 1706 202.279313662 7.62 0.035165540774766316 0.003283781234397184 False True -0.08613849791834757 309.20118472627627 -154.59985202277832 -1.0238321903841872 81.45037456279873 -40.714666130958335
206 320 1704.0 1710 202.95659233699996 7.62 0.035165540774766316 0.038083853666957726 False True -0.08613849791834757 309.20118472627627 -154.59985202277832 -1.0238321903841872 81.45037456279873 -40.714666130958335
206 321 1708.0 1714 203.59351317099998 7.62 0.035165540774766316 0.03236191119419878 False True -0.08613849791834757 309.20118472627627 -154.59985202277832 -1.0238321903841872 81.45037456279873 -40.714666130958335
206 322 1712.0 1718 204.235114652 7.62 0.035165540774766316 0.03236191119419878 False True -0.08613849791834757 309.20118472627627 -154.59985202277832 -1.0238321903841872 81.45037456279873 -40.714666130958335
206 323 1716.0 1722 204.86061300199998 7.62 0.035165540774766316 0.003283781234397184 False True -0.08613849791834757 309.20118472627627 -154.59985202277832 -1.0238321903841872 81.45037456279873 -40.714666130958335
206 324 1720.0 1726 205.536066598 7.62 0.035165540774766316 0.003283781234397184 False True -0.08613849791834757 309.20118472627627 -154.59985202277832 -1.0238321903841872 81.45037456279873 -40.714666130958335
206 325 1724.0 1730 206.17407081700003 7.62 0.035165540774766316 0.003283781234397184 False True -0.08613849791834757 309.20118472627627 -154.59985202277832 -1.0238321903841872 81.45037456279873 -40.714666130958335
206 326 1728.0 1734 206.81992150700006 7.62 0.035165540774766316 0.003283781234397184 False True -0.08613849791834757 309.20118472627627 -154.59985202277832 -1.0238321903841872 81.45037456279873 -40.714666130958335
206 327 1732.0 1738 207.45706685700003 7.62 0.035165540774766316 0.003283781234397184 False True -0.08613849791834757 309.20118472627627 -154.59985202277832 -1.0238321903841872 81.45037456279873 -40.714666130958335
206 328 1736.0 1742 208.112650977 7.62 0.035165540774766316 0.003283781234397184 False True -0.08613849791834757 309.20118472627627 -154.59985202277832 -1.0238321903841872 81.45037456279873 -40.714666130958335
206 329 1740.0 1746 208.781450254 7.62 0.035165540774766316 0.029673232559491648 True False -0.08613849791834757 309.20118472627627 -154.59985202277832 -1.0238321903841872 81.45037456279873 -40.714666130958335
206 330 1740.0 1746 209.19161656400001 7.62 0.035165540774766316 0.029673232559491648 False True -0.08613849791834757 309.20118472627627 -154.59985202277832 -1.0238321903841872 81.45037456279873 -40.714666130958335
206 331 1752.0 1758 209.83406536900003 7.62 0.035165540774766316 0.029673232559491648 False True -0.08613849791834757 309.20118472627627 -154.59985202277832 -1.0238321903841872 81.45037456279873 -40.714666130958335
206 332 1756.0 1762 210.49180675600002 7.62 0.035165540774766316 0.029673232559491648 False True -0.08613849791834757 309.20118472627627 -154.59985202277832 -1.0238321903841872 81.45037456279873 -40.714666130958335
206 333 1760.0 1766 211.11997829 7.62 0.035165540774766316 0.029673232559491648 False True -0.08613849791834757 309.20118472627627 -154.59985202277832 -1.0238321903841872 81.45037456279873 -40.714666130958335
206 334 1764.0 1770 211.774331151 7.62 0.035165540774766316 0.029673232559491648 False True -0.08613849791834757 309.20118472627627 -154.59985202277832 -1.0238321903841872 81.45037456279873 -40.714666130958335
206 335 1768.0 1774 212.41321156300006 7.62 0.035165540774766316 0.029673232559491648 False True -0.08613849791834757 309.20118472627627 -154.59985202277832 -1.0238321903841872 81.45037456279873 -40.714666130958335
206 336 1772.0 1778 213.09445322500005 7.62 0.035165540774766316 0.003283781234397184 False True -0.08613849791834757 309.20118472627627 -154.59985202277832 -1.0238321903841872 81.45037456279873 -40.714666130958335
206 337 1776.0 1782 213.73511408000007 7.62 0.035165540774766316 0.003283781234397184 False True -0.08613849791834757 309.20118472627627 -154.59985202277832 -1.0238321903841872 81.45037456279873 -40.714666130958335
206 338 1780.0 1786 214.3524979120001 7.62 0.035165540774766316 0.003283781234397184 False True -0.08613849791834757 309.20118472627627 -154.59985202277832 -1.0238321903841872 81.45037456279873 -40.714666130958335
206 339 1784.0 1790 215.01243892700012 7.62 0.035165540774766316 0.003283781234397184 False True -0.08613849791834757 309.20118472627627 -154.59985202277832 -1.0238321903841872 81.45037456279873 -40.714666130958335
206 340 1788.0 1794 215.66824407400014 7.62 0.035165540774766316 0.003283781234397184 False True -0.08613849791834757 309.20118472627627 -154.59985202277832 -1.0238321903841872 81.45037456279873 -40.714666130958335
206 341 1792.0 1798 216.32869281600017 7.62 0.035165540774766316 0.003283781234397184 False True -0.08613849791834757 309.20118472627627 -154.59985202277832 -1.0238321903841872 81.45037456279873 -40.714666130958335
206 342 1796.0 1802 216.97112727700016 7.62 0.035165540774766316 0.003283781234397184 False True -0.08613849791834757 309.20118472627627 -154.59985202277832 -1.0238321903841872 81.45037456279873 -40.714666130958335
206 343 1800.0 1806 217.5910103140002 7.62 0.035165540774766316 0.003283781234397184 False True -0.08613849791834757 309.20118472627627 -154.59985202277832 -1.0238321903841872 81.45037456279873 -40.714666130958335
206 344 1804.0 1810 218.2068873670002 7.62 0.035165540774766316 0.003283781234397184 False True -0.08613849791834757 309.20118472627627 -154.59985202277832 -1.0238321903841872 81.45037456279873 -40.714666130958335
206 345 1808.0 1814 218.82979196200017 7.62 0.035165540774766316 0.003283781234397184 False True -0.08613849791834757 309.20118472627627 -154.59985202277832 -1.0238321903841872 81.45037456279873 -40.714666130958335
206 346 1812.0 1818 219.4663943330002 7.62 0.035165540774766316 0.003283781234397184 False True -0.08613849791834757 309.20118472627627 -154.59985202277832 -1.0238321903841872 81.45037456279873 -40.714666130958335
206 347 1816.0 1822 220.14654644500024 7.79 0.003283781234397184 0.035165540774766316 False True -0.08613849791834757 309.20118472627627 -154.59985202277832 -1.0238321903841872 81.45037456279873 -40.714666130958335
206 348 1820.0 1826 220.78985859400024 7.79 0.003283781234397184 0.035165540774766316 False True -0.08613849791834757 309.20118472627627 -154.59985202277832 -1.0238321903841872 81.45037456279873 -40.714666130958335
206 349 1824.0 1830 221.45182690500025 7.79 0.003283781234397184 0.035165540774766316 False True -0.08613849791834757 309.20118472627627 -154.59985202277832 -1.0238321903841872 81.45037456279873 -40.714666130958335
206 350 1828.0 1834 222.09218847900024 7.79 0.003283781234397184 0.035165540774766316 False True -0.08613849791834757 309.20118472627627 -154.59985202277832 -1.0238321903841872 81.45037456279873 -40.714666130958335
206 351 1832.0 1838 222.74687570900022 7.79 0.003283781234397184 0.035165540774766316 False True -0.08613849791834757 309.20118472627627 -154.59985202277832 -1.0238321903841872 81.45037456279873 -40.714666130958335
206 352 1836.0 1842 223.38488463500022 7.62 0.035165540774766316 0.003283781234397184 False True -0.08613849791834757 309.20118472627627 -154.59985202277832 -1.0238321903841872 81.45037456279873 -40.714666130958335
206 353 1840.0 1846 224.05344812300018 7.62 0.035165540774766316 0.003283781234397184 False True -0.08613849791834757 309.20118472627627 -154.59985202277832 -1.0238321903841872 81.45037456279873 -40.714666130958335
206 354 1844.0 1850 224.70533187800015 7.8 0.002461266567463264 0.10634993367119637 True False -0.08613849791834757 309.20118472627627 -154.59985202277832 -1.0238321903841872 81.45037456279873 -40.714666130958335
206 355 1844.0 1850 225.07358818200015 7.8 0.002461266567463264 0.10634993367119637 False True -0.08613849791834757 309.20118472627627 -154.59985202277832 -1.0238321903841872 81.45037456279873 -40.714666130958335
206 356 1856.0 1862 225.73095383300017 7.8 0.002461266567463264 0.035165540774766316 False True -0.08613849791834757 309.20118472627627 -154.59985202277832 -1.0238321903841872 81.45037456279873 -40.714666130958335
206 357 1860.0 1866 226.3709714430002 7.8 0.002461266567463264 0.07792593954992327 True False -0.08613849791834757 309.20118472627627 -154.59985202277832 -1.0238321903841872 81.45037456279873 -40.714666130958335
206 358 1860.0 1866 226.75132821400018 7.8 0.002461266567463264 0.07792593954992327 False True -0.08613849791834757 309.20118472627627 -154.59985202277832 -1.0238321903841872 81.45037456279873 -40.714666130958335
206 359 1872.0 1878 227.40813511400017 1.56 0.07792593954992327 0.002461266567463264 False True -0.08613849791834757 309.20118472627627 -154.59985202277832 -1.0238321903841872 81.45037456279873 -40.714666130958335
206 360 1876.0 1882 228.04730178100016 1.56 0.07792593954992327 0.002461266567463264 False True -0.08613849791834757 309.20118472627627 -154.59985202277832 -1.0238321903841872 81.45037456279873 -40.714666130958335
206 361 1880.0 1886 228.7064144920002 1.56 0.07792593954992327 0.07823194315216281 True False -0.08613849791834757 309.20118472627627 -154.59985202277832 -1.0238321903841872 81.45037456279873 -40.714666130958335
206 362 1880.0 1886 229.0929032250002 1.56 0.07792593954992327 0.07823194315216281 False True -0.08613849791834757 309.20118472627627 -154.59985202277832 -1.0238321903841872 81.45037456279873 -40.714666130958335
206 363 1892.0 1898 229.73034269900023 1.56 0.07792593954992327 0.07823194315216281 False True -0.08613849791834757 309.20118472627627 -154.59985202277832 -1.0238321903841872 81.45037456279873 -40.714666130958335
206 364 1896.0 1902 230.38802306700023 1.56 0.07792593954992327 0.07823194315216281 False True -0.08613849791834757 309.20118472627627 -154.59985202277832 -1.0238321903841872 81.45037456279873 -40.714666130958335
206 365 1900.0 1906 231.06592054600026 1.56 0.07792593954992327 0.003283781234397184 False True -0.08613849791834757 309.20118472627627 -154.59985202277832 -1.0238321903841872 81.45037456279873 -40.714666130958335
206 366 1904.0 1910 231.70382374100024 1.56 0.07792593954992327 0.003283781234397184 False True -0.08613849791834757 309.20118472627627 -154.59985202277832 -1.0238321903841872 81.45037456279873 -40.714666130958335
206 367 1908.0 1914 232.35037848000024 1.56 0.07792593954992327 0.003283781234397184 False True -0.08613849791834757 309.20118472627627 -154.59985202277832 -1.0238321903841872 81.45037456279873 -40.714666130958335
206 368 1912.0 1918 232.98719818500024 1.56 0.07792593954992327 0.003283781234397184 False True -0.08613849791834757 309.20118472627627 -154.59985202277832 -1.0238321903841872 81.45037456279873 -40.714666130958335
206 369 1916.0 1922 233.63083978200024 1.56 0.07792593954992327 0.003283781234397184 False True -0.08613849791834757 309.20118472627627 -154.59985202277832 -1.0238321903841872 81.45037456279873 -40.714666130958335
206 370 1920.0 1926 234.30852280600027 1.56 0.07792593954992327 0.003283781234397184 False True -0.08613849791834757 309.20118472627627 -154.59985202277832 -1.0238321903841872 81.45037456279873 -40.714666130958335
206 371 1924.0 1930 234.94780721800026 1.56 0.07792593954992327 0.002461266567463264 False True -0.08613849791834757 309.20118472627627 -154.59985202277832 -1.0238321903841872 81.45037456279873 -40.714666130958335
206 372 1928.0 1934 235.6052785350003 1.56 0.07792593954992327 0.003283781234397184 False True -0.08613849791834757 309.20118472627627 -154.59985202277832 -1.0238321903841872 81.45037456279873 -40.714666130958335
206 373 1932.0 1938 236.2327406260003 1.56 0.07792593954992327 0.003283781234397184 False True -0.08613849791834757 309.20118472627627 -154.59985202277832 -1.0238321903841872 81.45037456279873 -40.714666130958335
206 374 1936.0 1942 236.88341025200026 1.56 0.07792593954992327 0.002461266567463264 False True -0.08613849791834757 309.20118472627627 -154.59985202277832 -1.0238321903841872 81.45037456279873 -40.714666130958335
206 375 1940.0 1946 237.50983354100026 1.56 0.07792593954992327 0.002461266567463264 False True -0.08613849791834757 309.20118472627627 -154.59985202277832 -1.0238321903841872 81.45037456279873 -40.714666130958335
206 376 1944.0 1950 238.18689174500025 1.56 0.07792593954992327 0.002461266567463264 False True -0.08613849791834757 309.20118472627627 -154.59985202277832 -1.0238321903841872 81.45037456279873 -40.714666130958335
206 377 1948.0 1954 238.82394827700023 1.56 0.07792593954992327 0.002461266567463264 False True -0.08613849791834757 309.20118472627627 -154.59985202277832 -1.0238321903841872 81.45037456279873 -40.714666130958335
206 378 1952.0 1958 239.46747596900025 1.56 0.07792593954992327 0.002461266567463264 False True -0.08613849791834757 309.20118472627627 -154.59985202277832 -1.0238321903841872 81.45037456279873 -40.714666130958335
206 379 1956.0 1962 240.09145260000025 1.56 0.07792593954992327 0.002461266567463264 False True -0.08613849791834757 309.20118472627627 -154.59985202277832 -1.0238321903841872 81.45037456279873 -40.714666130958335
206 380 1960.0 1966 240.74863215500022 1.56 0.07792593954992327 0.002461266567463264 False True -0.08613849791834757 309.20118472627627 -154.59985202277832 -1.0238321903841872 81.45037456279873 -40.714666130958335
206 381 1964.0 1970 241.38491043400023 1.56 0.07792593954992327 0.002461266567463264 False True -0.08613849791834757 309.20118472627627 -154.59985202277832 -1.0238321903841872 81.45037456279873 -40.714666130958335
206 382 1968.0 1974 241.98889924700018 1.56 0.07792593954992327 0.002461266567463264 False True -0.08613849791834757 309.20118472627627 -154.59985202277832 -1.0238321903841872 81.45037456279873 -40.714666130958335
206 383 1972.0 1978 242.6030479100002 1.56 0.07792593954992327 0.002461266567463264 False True -0.08613849791834757 309.20118472627627 -154.59985202277832 -1.0238321903841872 81.45037456279873 -40.714666130958335
206 384 1976.0 1982 243.26901479200023 1.56 0.07792593954992327 0.002461266567463264 False True -0.08613849791834757 309.20118472627627 -154.59985202277832 -1.0238321903841872 81.45037456279873 -40.714666130958335
206 385 1980.0 1986 243.9056960860002 1.56 0.07792593954992327 0.002461266567463264 False True -0.08613849791834757 309.20118472627627 -154.59985202277832 -1.0238321903841872 81.45037456279873 -40.714666130958335
206 386 1984.0 1990 244.5458056010002 1.56 0.07792593954992327 0.002461266567463264 False True -0.08613849791834757 309.20118472627627 -154.59985202277832 -1.0238321903841872 81.45037456279873 -40.714666130958335
206 387 1988.0 1994 245.18352026200017 1.56 0.07792593954992327 0.004223950840589254 False True -0.08613849791834757 309.20118472627627 -154.59985202277832 -1.0238321903841872 81.45037456279873 -40.714666130958335
206 388 1992.0 1998 245.84827838800015 1.56 0.07792593954992327 0.002461266567463264 False True -0.08613849791834757 309.20118472627627 -154.59985202277832 -1.0238321903841872 81.45037456279873 -40.714666130958335
