567 0 200.0 201 0.6817126090000016 7.71 0.015313556595752708 0.47493675290334375 False True -0.1232836751386793 130.8665400913942 -65.42407847017104 -1.186038229427906 21.068354249979258 -10.519399678203916
567 1 212.0 213 1.3656150930000024 7.71 0.015313556595752708 0.7904588797326901 False True -0.1232836751386793 130.8665400913942 -65.42407847017104 -1.186038229427906 21.068354249979258 -10.519399678203916
567 2 224.0 225 2.058638947999995 7.71 0.015313556595752708 0.01345993185178622 True False -0.1232836751386793 130.8665400913942 -65.42407847017104 -1.186038229427906 21.068354249979258 -10.519399678203916
567 3 224.0 225 2.4868992179999907 7.71 0.015313556595752708 0.01345993185178622 False True -0.1232836751386793 130.8665400913942 -65.42407847017104 -1.186038229427906 21.068354249979258 -10.519399678203916
567 4 236.0 237 3.1828303229999904 8.01 0.01345993185178622 0.038272592954209685 True False -0.1232836751386793 130.8665400913942 -65.42407847017104 -1.186038229427906 21.068354249979258 -10.519399678203916
567 5 236.0 237 3.598788094999989 8.01 0.01345993185178622 0.038272592954209685 False True -0.1232836751386793 130.8665400913942 -65.42407847017104 -1.186038229427906 21.068354249979258 -10.519399678203916
567 6 248.0 249 4.28181958899998 8.01 0.01345993185178622 0.004631025062713233 True False -0.1232836751386793 130.8665400913942 -65.42407847017104 -1.186038229427906 21.068354249979258 -10.519399678203916
567 7 248.0 249 4.718478164999979 8.01 0.01345993185178622 0.004631025062713233 False True -0.1232836751386793 130.8665400913942 -65.42407847017104 -1.186038229427906 21.068354249979258 -10.519399678203916
567 8 260.0 261 5.403721721999972 8.01 0.01345993185178622 0.015375451672993284 True False -0.1232836751386793 130.8665400913942 -65.42407847017104 -1.186038229427906 21.068354249979258 -10.519399678203916
567 9 260.0 261 5.809007135999977 8.01 0.01345993185178622 0.015375451672993284 False True -0.1232836751386793 130.8665400913942 -65.42407847017104 -1.186038229427906 21.068354249979258 -10.519399678203916
567 10 272.0 273 6.4841803969999745 8.01 0.01345993185178622 0.10367984157528096 True False -0.1232836751386793 130.8665400913942 -65.42407847017104 -1.186038229427906 21.068354249979258 -10.519399678203916
567 11 272.0 273 6.918451576999971 8.01 0.01345993185178622 0.10367984157528096 False True -0.1232836751386793 130.8665400913942 -65.42407847017104 -1.186038229427906 21.068354249979258 -10.519399678203916
567 12 284.0 285 7.599531968999969 8.01 0.01345993185178622 0.055313523617147656 True False -0.1232836751386793 130.8665400913942 -65.42407847017104 -1.186038229427906 21.068354249979258 -10.519399678203916
567 13 284.0 285 8.00586648499997 8.01 0.01345993185178622 0.055313523617147656 False True -0.1232836751386793 130.8665400913942 -65.42407847017104 -1.186038229427906 21.068354249979258 -10.519399678203916
567 14 296.0 297 8.699201956999971 8.01 0.01345993185178622 0.19936578690824153 True False -0.1232836751386793 130.8665400913942 -65.42407847017104 -1.186038229427906 21.068354249979258 -10.519399678203916
567 15 296.0 297 9.125810149999964 8.01 0.01345993185178622 0.19936578690824153 False True -0.1232836751386793 130.8665400913942 -65.42407847017104 -1.186038229427906 21.068354249979258 -10.519399678203916
567 16 308.0 309 9.816906041999957 8.01 0.01345993185178622 0.21334063459095776 True False -0.1232836751386793 130.8665400913942 -65.42407847017104 -1.186038229427906 21.068354249979258 -10.519399678203916
567 17 308.0 310 10.217985101999957 8.01 0.01345993185178622 0.21334063459095776 False True -0.1232836751386793 130.8665400913942 -65.42407847017104 -1.186038229427906 21.068354249979258 -10.519399678203916
567 18 320.0 322 10.896978298999969 8.01 0.01345993185178622 0.19254146167727293 True False -0.1232836751386793 130.8665400913942 -65.42407847017104 -1.186038229427906 21.068354249979258 -10.519399678203916
567 19 320.0 322 11.319599970999974 8.01 0.01345993185178622 0.19254146167727293 False True -0.1232836751386793 130.8665400913942 -65.42407847017104 -1.186038229427906 21.068354249979258 -10.519399678203916
567 20 332.0 334 11.999343447999976 8.01 0.01345993185178622 0.19936578690824153 False True -0.1232836751386793 130.8665400913942 -65.42407847017104 -1.186038229427906 21.068354249979258 -10.519399678203916
567 21 336.0 338 12.677920101999973 8.01 0.01345993185178622 0.2814698500157608 True False -0.1232836751386793 130.8665400913942 -65.42407847017104 -1.186038229427906 21.068354249979258 -10.519399678203916
567 22 336.0 338 13.096665190999971 8.01 0.01345993185178622 0.2814698500157608 False True -0.1232836751386793 130.8665400913942 -65.42407847017104 -1.186038229427906 21.068354249979258 -10.519399678203916
567 23 348.0 350 13.760346018999982 8.01 0.01345993185178622 0.011670979126926514 True False -0.1232836751386793 130.8665400913942 -65.42407847017104 -1.186038229427906 21.068354249979258 -10.519399678203916
567 24 348.0 350 14.161926134999973 8.01 0.01345993185178622 0.011670979126926514 False True -0.1232836751386793 130.8665400913942 -65.42407847017104 -1.186038229427906 21.068354249979258 -10.519399678203916
567 25 360.0 362 14.833521180999966 8.01 0.01345993185178622 0.00037924337848824755 True False -0.1232836751386793 130.8665400913942 -65.42407847017104 -1.186038229427906 21.068354249979258 -10.519399678203916
567 26 360.0 362 15.278781838999961 8.01 0.01345993185178622 0.00037924337848824755 False True -0.1232836751386793 130.8665400913942 -65.42407847017104 -1.186038229427906 21.068354249979258 -10.519399678203916
567 27 372.0 374 15.92416234499997 8.01 0.01345993185178622 0.001908847947771169 True False -0.1232836751386793 130.8665400913942 -65.42407847017104 -1.186038229427906 21.068354249979258 -10.519399678203916
567 28 372.0 374 16.323129394999967 8.01 0.01345993185178622 0.001908847947771169 False True -0.1232836751386793 130.8665400913942 -65.42407847017104 -1.186038229427906 21.068354249979258 -10.519399678203916
567 29 384.0 386 16.981208290999973 8.01 0.01345993185178622 0.003568644176093965 True False -0.1232836751386793 130.8665400913942 -65.42407847017104 -1.186038229427906 21.068354249979258 -10.519399678203916
567 30 384.0 386 17.385935402999976 8.01 0.01345993185178622 0.003568644176093965 False True -0.1232836751386793 130.8665400913942 -65.42407847017104 -1.186038229427906 21.068354249979258 -10.519399678203916
567 31 396.0 398 18.04006985899997 8.01 0.01345993185178622 0.0 True False -0.1232836751386793 130.8665400913942 -65.42407847017104 -1.186038229427906 21.068354249979258 -10.519399678203916
567 32 396.0 398 18.437503645999982 8.01 0.01345993185178622 0.0 False True -0.1232836751386793 130.8665400913942 -65.42407847017104 -1.186038229427906 21.068354249979258 -10.519399678203916
567 33 408.0 410 19.09779283499998 8.01 0.01345993185178622 0.17232607048764048 True False -0.1232836751386793 130.8665400913942 -65.42407847017104 -1.186038229427906 21.068354249979258 -10.519399678203916
567 34 408.0 410 19.499534055999973 8.01 0.01345993185178622 0.17232607048764048 False True -0.1232836751386793 130.8665400913942 -65.42407847017104 -1.186038229427906 21.068354249979258 -10.519399678203916
567 35 420.0 422 20.160535407999973 8.01 0.01345993185178622 0.21271402703559303 True False -0.1232836751386793 130.8665400913942 -65.42407847017104 -1.186038229427906 21.068354249979258 -10.519399678203916
567 36 420.0 422 20.559945086999974 8.01 0.01345993185178622 0.21271402703559303 False True -0.1232836751386793 130.8665400913942 -65.42407847017104 -1.186038229427906 21.068354249979258 -10.519399678203916
567 37 432.0 434 21.217569075999975 8.01 0.01345993185178622 0.13590243038913596 True False -0.1232836751386793 130.8665400913942 -65.42407847017104 -1.186038229427906 21.068354249979258 -10.519399678203916
567 38 432.0 435 21.62293428499997 8.01 0.01345993185178622 0.13590243038913596 False True -0.1232836751386793 130.8665400913942 -65.42407847017104 -1.186038229427906 21.068354249979258 -10.519399678203916
567 39 444.0 447 22.277071029999973 8.01 0.01345993185178622 0.1853552809598948 True False -0.1232836751386793 130.8665400913942 -65.42407847017104 -1.186038229427906 21.068354249979258 -10.519399678203916
567 40 444.0 447 22.67641324699997 8.01 0.01345993185178622 0.1853552809598948 False True -0.1232836751386793 130.8665400913942 -65.42407847017104 -1.186038229427906 21.068354249979258 -10.519399678203916
567 41 456.0 459 23.335095592999963 8.01 0.01345993185178622 0.001908847947771169 False True -0.1232836751386793 130.8665400913942 -65.42407847017104 -1.186038229427906 21.068354249979258 -10.519399678203916
567 42 460.0 463 23.99575905199997 8.01 0.01345993185178622 0.24929233479672824 True False -0.1232836751386793 130.8665400913942 -65.42407847017104 -1.186038229427906 21.068354249979258 -10.519399678203916
567 43 460.0 463 24.376675829999968 8.01 0.01345993185178622 0.24929233479672824 False True -0.1232836751386793 130.8665400913942 -65.42407847017104 -1.186038229427906 21.068354249979258 -10.519399678203916
567 44 472.0 475 25.021979067999965 8.01 0.01345993185178622 0.19936578690824153 False True -0.1232836751386793 130.8665400913942 -65.42407847017104 -1.186038229427906 21.068354249979258 -10.519399678203916
567 45 476.0 479 25.661739239999974 8.01 0.01345993185178622 0.1478768109580263 True False -0.1232836751386793 130.8665400913942 -65.42407847017104 -1.186038229427906 21.068354249979258 -10.519399678203916
567 46 476.0 479 26.056153775999974 8.01 0.01345993185178622 0.1478768109580263 False True -0.1232836751386793 130.8665400913942 -65.42407847017104 -1.186038229427906 21.068354249979258 -10.519399678203916
567 47 488.0 491 26.710798126999975 8.01 0.01345993185178622 0.03821609703184199 True False -0.1232836751386793 130.8665400913942 -65.42407847017104 -1.186038229427906 21.068354249979258 -10.519399678203916
567 48 488.0 491 27.13988877699998 8.01 0.01345993185178622 0.03821609703184199 False True -0.1232836751386793 130.8665400913942 -65.42407847017104 -1.186038229427906 21.068354249979258 -10.519399678203916
567 49 500.0 503 27.781146057999976 8.01 0.01345993185178622 0.19936578690824153 False True -0.1232836751386793 130.8665400913942 -65.42407847017104 -1.186038229427906 21.068354249979258 -10.519399678203916
567 50 504.0 507 28.42083830699997 8.01 0.01345993185178622 0.07548511808079482 True False -0.1232836751386793 130.8665400913942 -65.42407847017104 -1.186038229427906 21.068354249979258 -10.519399678203916
567 51 504.0 507 28.83667636499996 8.01 0.01345993185178622 0.07548511808079482 False True -0.1232836751386793 130.8665400913942 -65.42407847017104 -1.186038229427906 21.068354249979258 -10.519399678203916
567 52 516.0 519 29.476168862999955 8.01 0.01345993185178622 0.17232607048764048 False True -0.1232836751386793 130.8665400913942 -65.42407847017104 -1.186038229427906 21.068354249979258 -10.519399678203916
567 53 520.0 523 30.101494644999946 8.01 0.01345993185178622 0.00037924337848824755 False True -0.1232836751386793 130.8665400913942 -65.42407847017104 -1.186038229427906 21.068354249979258 -10.519399678203916
567 54 524.0 527 30.736545388999943 8.01 0.01345993185178622 0.08468589424548986 True False -0.1232836751386793 130.8665400913942 -65.42407847017104 -1.186038229427906 21.068354249979258 -10.519399678203916
567 55 524.0 527 31.11342373899994 8.01 0.01345993185178622 0.08468589424548986 False True -0.1232836751386793 130.8665400913942 -65.42407847017104 -1.186038229427906 21.068354249979258 -10.519399678203916
567 56 536.0 539 31.73364829599994 1.56 0.08468589424548986 0.09376907827547241 True False -0.1232836751386793 130.8665400913942 -65.42407847017104 -1.186038229427906 21.068354249979258 -10.519399678203916
567 57 536.0 539 32.13290605199994 1.56 0.08468589424548986 0.09376907827547241 False True -0.1232836751386793 130.8665400913942 -65.42407847017104 -1.186038229427906 21.068354249979258 -10.519399678203916
567 58 548.0 551 32.75676838799994 1.46 0.09376907827547241 0.1102044643090749 True False -0.1232836751386793 130.8665400913942 -65.42407847017104 -1.186038229427906 21.068354249979258 -10.519399678203916
567 59 548.0 551 33.135457550999945 1.46 0.09376907827547241 0.1102044643090749 False True -0.1232836751386793 130.8665400913942 -65.42407847017104 -1.186038229427906 21.068354249979258 -10.519399678203916
567 60 560.0 563 33.757949322999934 1.46 0.09376907827547241 0.08860178439429703 True False -0.1232836751386793 130.8665400913942 -65.42407847017104 -1.186038229427906 21.068354249979258 -10.519399678203916
567 61 560.0 563 34.15741452399993 1.46 0.09376907827547241 0.08860178439429703 False True -0.1232836751386793 130.8665400913942 -65.42407847017104 -1.186038229427906 21.068354249979258 -10.519399678203916
567 62 572.0 575 34.78204130299993 8.01 0.01345993185178622 0.08538086647036257 True False -0.1232836751386793 130.8665400913942 -65.42407847017104 -1.186038229427906 21.068354249979258 -10.519399678203916
567 63 572.0 576 35.15772064599993 8.01 0.01345993185178622 0.08538086647036257 False True -0.1232836751386793 130.8665400913942 -65.42407847017104 -1.186038229427906 21.068354249979258 -10.519399678203916
567 64 584.0 588 35.78149016899992 8.01 0.01345993185178622 0.09711725384180539 True False -0.1232836751386793 130.8665400913942 -65.42407847017104 -1.186038229427906 21.068354249979258 -10.519399678203916
567 65 584.0 588 36.17933476799992 8.01 0.01345993185178622 0.09711725384180539 False True -0.1232836751386793 130.8665400913942 -65.42407847017104 -1.186038229427906 21.068354249979258 -10.519399678203916
567 66 596.0 600 36.81301525799991 1.44 0.09711725384180539 0.09376907827547241 False True -0.1232836751386793 130.8665400913942 -65.42407847017104 -1.186038229427906 21.068354249979258 -10.519399678203916
567 67 600.0 604 37.4537550849999 1.44 0.09711725384180539 0.09376907827547241 False True -0.1232836751386793 130.8665400913942 -65.42407847017104 -1.186038229427906 21.068354249979258 -10.519399678203916
567 68 604.0 608 38.091853336999904 1.46 0.09376907827547241 0.09711725384180539 False True -0.1232836751386793 130.8665400913942 -65.42407847017104 -1.186038229427906 21.068354249979258 -10.519399678203916
567 69 608.0 612 38.72026406499991 1.46 0.09376907827547241 0.09711725384180539 False True -0.1232836751386793 130.8665400913942 -65.42407847017104 -1.186038229427906 21.068354249979258 -10.519399678203916
567 70 612.0 616 39.35579466599991 1.44 0.09711725384180539 0.09376907827547241 False True -0.1232836751386793 130.8665400913942 -65.42407847017104 -1.186038229427906 21.068354249979258 -10.519399678203916
567 71 616.0 620 39.99380346799991 8.01 0.01345993185178622 0.09537957074797336 True False -0.1232836751386793 130.8665400913942 -65.42407847017104 -1.186038229427906 21.068354249979258 -10.519399678203916
567 72 616.0 620 40.39345000199991 8.01 0.01345993185178622 0.09537957074797336 False True -0.1232836751386793 130.8665400913942 -65.42407847017104 -1.186038229427906 21.068354249979258 -10.519399678203916
567 73 628.0 632 41.01546687799991 1.45 0.09537957074797336 0.1499006395201444 True False -0.1232836751386793 130.8665400913942 -65.42407847017104 -1.186038229427906 21.068354249979258 -10.519399678203916
567 74 628.0 632 41.39351980899991 1.45 0.09537957074797336 0.1499006395201444 False True -0.1232836751386793 130.8665400913942 -65.42407847017104 -1.186038229427906 21.068354249979258 -10.519399678203916
567 75 640.0 644 42.01353689699991 1.45 0.09537957074797336 0.1625931326989896 True False -0.1232836751386793 130.8665400913942 -65.42407847017104 -1.186038229427906 21.068354249979258 -10.519399678203916
567 76 640.0 644 42.3948955179999 1.45 0.09537957074797336 0.1625931326989896 False True -0.1232836751386793 130.8665400913942 -65.42407847017104 -1.186038229427906 21.068354249979258 -10.519399678203916
567 77 652.0 656 42.99992238599991 1.45 0.09537957074797336 0.14204822066632383 True False -0.1232836751386793 130.8665400913942 -65.42407847017104 -1.186038229427906 21.068354249979258 -10.519399678203916
567 78 652.0 656 43.37484835099991 1.45 0.09537957074797336 0.14204822066632383 False True -0.1232836751386793 130.8665400913942 -65.42407847017104 -1.186038229427906 21.068354249979258 -10.519399678203916
567 79 664.0 668 43.99544921099992 1.26 0.1499006395201444 0.09537957074797336 False True -0.1232836751386793 130.8665400913942 -65.42407847017104 -1.186038229427906 21.068354249979258 -10.519399678203916
567 80 668.0 672 44.615819255999924 8.01 0.01345993185178622 0.1499006395201444 False True -0.1232836751386793 130.8665400913942 -65.42407847017104 -1.186038229427906 21.068354249979258 -10.519399678203916
567 81 672.0 676 45.239598034999915 8.01 0.01345993185178622 0.09898196679164928 True False -0.1232836751386793 130.8665400913942 -65.42407847017104 -1.186038229427906 21.068354249979258 -10.519399678203916
567 82 672.0 676 45.63575378499992 8.01 0.01345993185178622 0.09898196679164928 False True -0.1232836751386793 130.8665400913942 -65.42407847017104 -1.186038229427906 21.068354249979258 -10.519399678203916
567 83 684.0 688 46.25725055199992 1.46 0.09376907827547241 0.08468589424548986 False True -0.1232836751386793 130.8665400913942 -65.42407847017104 -1.186038229427906 21.068354249979258 -10.519399678203916
567 84 688.0 692 46.87676727899992 1.46 0.09376907827547241 0.12457131101029431 True False -0.1232836751386793 130.8665400913942 -65.42407847017104 -1.186038229427906 21.068354249979258 -10.519399678203916
567 85 688.0 692 47.27574830299993 1.46 0.09376907827547241 0.12457131101029431 False True -0.1232836751386793 130.8665400913942 -65.42407847017104 -1.186038229427906 21.068354249979258 -10.519399678203916
567 86 700.0 704 47.89792345799994 8.01 0.01345993185178622 0.09711725384180539 False True -0.1232836751386793 130.8665400913942 -65.42407847017104 -1.186038229427906 21.068354249979258 -10.519399678203916
567 87 704.0 708 48.53091881699993 1.44 0.09711725384180539 0.09376907827547241 False True -0.1232836751386793 130.8665400913942 -65.42407847017104 -1.186038229427906 21.068354249979258 -10.519399678203916
567 88 708.0 712 49.15125194499993 1.44 0.09711725384180539 0.01345993185178622 False True -0.1232836751386793 130.8665400913942 -65.42407847017104 -1.186038229427906 21.068354249979258 -10.519399678203916
567 89 712.0 716 49.76998729299993 8.01 0.01345993185178622 0.13119104960545172 True False -0.1232836751386793 130.8665400913942 -65.42407847017104 -1.186038229427906 21.068354249979258 -10.519399678203916
567 90 712.0 716 50.13914555799994 8.01 0.01345993185178622 0.13119104960545172 False True -0.1232836751386793 130.8665400913942 -65.42407847017104 -1.186038229427906 21.068354249979258 -10.519399678203916
567 91 724.0 728 50.75397533699996 8.01 0.01345993185178622 0.09537957074797336 False True -0.1232836751386793 130.8665400913942 -65.42407847017104 -1.186038229427906 21.068354249979258 -10.519399678203916
567 92 728.0 732 51.35943137999993 8.01 0.01345993185178622 0.09228592446937052 True False -0.1232836751386793 130.8665400913942 -65.42407847017104 -1.186038229427906 21.068354249979258 -10.519399678203916
567 93 728.0 732 51.75642668699993 8.01 0.01345993185178622 0.09228592446937052 False True -0.1232836751386793 130.8665400913942 -65.42407847017104 -1.186038229427906 21.068354249979258 -10.519399678203916
567 94 740.0 744 52.37424120999995 8.01 0.01345993185178622 0.11844926958848542 True False -0.1232836751386793 130.8665400913942 -65.42407847017104 -1.186038229427906 21.068354249979258 -10.519399678203916
567 95 740.0 745 52.73687539399995 8.01 0.01345993185178622 0.11844926958848542 False True -0.1232836751386793 130.8665400913942 -65.42407847017104 -1.186038229427906 21.068354249979258 -10.519399678203916
567 96 752.0 757 53.35738646899995 8.01 0.01345993185178622 0.08547908876664449 True False -0.1232836751386793 130.8665400913942 -65.42407847017104 -1.186038229427906 21.068354249979258 -10.519399678203916
567 97 752.0 757 53.81183066599996 8.01 0.01345993185178622 0.08547908876664449 False True -0.1232836751386793 130.8665400913942 -65.42407847017104 -1.186038229427906 21.068354249979258 -10.519399678203916
567 98 764.0 769 54.51468316699996 8.01 0.01345993185178622 0.14204822066632383 False True -0.1232836751386793 130.8665400913942 -65.42407847017104 -1.186038229427906 21.068354249979258 -10.519399678203916
567 99 768.0 773 55.21745964899998 8.01 0.01345993185178622 0.10533648666666505 True False -0.1232836751386793 130.8665400913942 -65.42407847017104 -1.186038229427906 21.068354249979258 -10.519399678203916
567 100 768.0 773 55.65365037799995 8.01 0.01345993185178622 0.10533648666666505 False True -0.1232836751386793 130.8665400913942 -65.42407847017104 -1.186038229427906 21.068354249979258 -10.519399678203916
567 101 780.0 785 56.352667270999945 8.01 0.01345993185178622 0.10533648666666505 False True -0.1232836751386793 130.8665400913942 -65.42407847017104 -1.186038229427906 21.068354249979258 -10.519399678203916
567 102 784.0 789 57.03834700599995 8.01 0.01345993185178622 0.10533648666666505 False True -0.1232836751386793 130.8665400913942 -65.42407847017104 -1.186038229427906 21.068354249979258 -10.519399678203916
567 103 788.0 793 57.732133507999976 8.01 0.01345993185178622 0.10533648666666505 False True -0.1232836751386793 130.8665400913942 -65.42407847017104 -1.186038229427906 21.068354249979258 -10.519399678203916
567 104 792.0 797 58.41844379499997 8.01 0.01345993185178622 0.09711725384180539 False True -0.1232836751386793 130.8665400913942 -65.42407847017104 -1.186038229427906 21.068354249979258 -10.519399678203916
567 105 796.0 801 59.11397462899998 8.01 0.01345993185178622 0.09711725384180539 False True -0.1232836751386793 130.8665400913942 -65.42407847017104 -1.186038229427906 21.068354249979258 -10.519399678203916
567 106 800.0 805 59.79772941599998 8.01 0.01345993185178622 0.09711725384180539 False True -0.1232836751386793 130.8665400913942 -65.42407847017104 -1.186038229427906 21.068354249979258 -10.519399678203916
567 107 804.0 809 60.491229583999996 8.01 0.01345993185178622 0.09376907827547241 False True -0.1232836751386793 130.8665400913942 -65.42407847017104 -1.186038229427906 21.068354249979258 -10.519399678203916
567 108 808.0 813 61.17601561799998 1.46 0.09376907827547241 0.01345993185178622 False True -0.1232836751386793 130.8665400913942 -65.42407847017104 -1.186038229427906 21.068354249979258 -10.519399678203916
567 109 812.0 817 61.868652250999986 1.46 0.09376907827547241 0.01345993185178622 False True -0.1232836751386793 130.8665400913942 -65.42407847017104 -1.186038229427906 21.068354249979258 -10.519399678203916
567 110 816.0 821 62.536484394999974 8.01 0.01345993185178622 0.09376907827547241 False True -0.1232836751386793 130.8665400913942 -65.42407847017104 -1.186038229427906 21.068354249979258 -10.519399678203916
567 111 820.0 825 63.21506514599997 8.01 0.01345993185178622 0.09711725384180539 False True -0.1232836751386793 130.8665400913942 -65.42407847017104 -1.186038229427906 21.068354249979258 -10.519399678203916
567 112 824.0 829 63.89325643799995 8.01 0.01345993185178622 0.09711725384180539 False True -0.1232836751386793 130.8665400913942 -65.42407847017104 -1.186038229427906 21.068354249979258 -10.519399678203916
567 113 828.0 833 64.57237421599993 8.01 0.01345993185178622 0.005739872909857499 True False -0.1232836751386793 130.8665400913942 -65.42407847017104 -1.186038229427906 21.068354249979258 -10.519399678203916
567 114 828.0 833 64.98781433799994 8.01 0.01345993185178622 0.005739872909857499 False True -0.1232836751386793 130.8665400913942 -65.42407847017104 -1.186038229427906 21.068354249979258 -10.519399678203916
567 115 840.0 845 65.67111916699994 8.01 0.01345993185178622 0.09537957074797336 False True -0.1232836751386793 130.8665400913942 -65.42407847017104 -1.186038229427906 21.068354249979258 -10.519399678203916
567 116 844.0 849 66.35337267199995 8.01 0.01345993185178622 0.12457131101029431 False True -0.1232836751386793 130.8665400913942 -65.42407847017104 -1.186038229427906 21.068354249979258 -10.519399678203916
567 117 848.0 853 67.03644307799996 8.01 0.01345993185178622 0.1102044643090749 False True -0.1232836751386793 130.8665400913942 -65.42407847017104 -1.186038229427906 21.068354249979258 -10.519399678203916
567 118 852.0 857 67.71634372199998 1.46 0.09376907827547241 0.01345993185178622 False True -0.1232836751386793 130.8665400913942 -65.42407847017104 -1.186038229427906 21.068354249979258 -10.519399678203916
567 119 856.0 861 68.39650015699996 8.01 0.01345993185178622 0.13043257261806893 True False -0.1232836751386793 130.8665400913942 -65.42407847017104 -1.186038229427906 21.068354249979258 -10.519399678203916
567 120 856.0 861 68.83370942999997 8.01 0.01345993185178622 0.13043257261806893 False True -0.1232836751386793 130.8665400913942 -65.42407847017104 -1.186038229427906 21.068354249979258 -10.519399678203916
567 121 868.0 873 69.51451237399999 7.41 0.13043257261806893 0.01345993185178622 False True -0.1232836751386793 130.8665400913942 -65.42407847017104 -1.186038229427906 21.068354249979258 -10.519399678203916
567 122 872.0 877 70.19155392899998 7.41 0.13043257261806893 0.01345993185178622 False True -0.1232836751386793 130.8665400913942 -65.42407847017104 -1.186038229427906 21.068354249979258 -10.519399678203916
567 123 876.0 881 70.85628784099998 7.41 0.13043257261806893 0.12484848201940321 True False -0.1232836751386793 130.8665400913942 -65.42407847017104 -1.186038229427906 21.068354249979258 -10.519399678203916
567 124 876.0 881 71.27340605199998 7.41 0.13043257261806893 0.12484848201940321 False True -0.1232836751386793 130.8665400913942 -65.42407847017104 -1.186038229427906 21.068354249979258 -10.519399678203916
567 125 888.0 893 71.95463447699998 7.41 0.13043257261806893 0.01345993185178622 False True -0.1232836751386793 130.8665400913942 -65.42407847017104 -1.186038229427906 21.068354249979258 -10.519399678203916
567 126 892.0 897 72.635436148 7.41 0.13043257261806893 0.09376907827547241 False True -0.1232836751386793 130.8665400913942 -65.42407847017104 -1.186038229427906 21.068354249979258 -10.519399678203916
567 127 896.0 901 73.32623224399998 7.41 0.13043257261806893 0.09376907827547241 False True -0.1232836751386793 130.8665400913942 -65.42407847017104 -1.186038229427906 21.068354249979258 -10.519399678203916
567 128 900.0 905 74.00316246299997 1.46 0.09376907827547241 0.1361323636762594 True False -0.1232836751386793 130.8665400913942 -65.42407847017104 -1.186038229427906 21.068354249979258 -10.519399678203916
567 129 900.0 905 74.40434555599995 1.46 0.09376907827547241 0.1361323636762594 False True -0.1232836751386793 130.8665400913942 -65.42407847017104 -1.186038229427906 21.068354249979258 -10.519399678203916
567 130 912.0 917 75.08597170699997 1.46 0.09376907827547241 0.22410500976009493 True False -0.1232836751386793 130.8665400913942 -65.42407847017104 -1.186038229427906 21.068354249979258 -10.519399678203916
567 131 912.0 917 75.52218959199996 1.46 0.09376907827547241 0.22410500976009493 False True -0.1232836751386793 130.8665400913942 -65.42407847017104 -1.186038229427906 21.068354249979258 -10.519399678203916
567 132 924.0 929 76.20081561599994 1.46 0.09376907827547241 0.08468589424548986 False True -0.1232836751386793 130.8665400913942 -65.42407847017104 -1.186038229427906 21.068354249979258 -10.519399678203916
567 133 928.0 933 76.88328888699994 1.46 0.09376907827547241 0.1663469579073996 True False -0.1232836751386793 130.8665400913942 -65.42407847017104 -1.186038229427906 21.068354249979258 -10.519399678203916
567 134 928.0 933 77.30691414399993 1.46 0.09376907827547241 0.1663469579073996 False True -0.1232836751386793 130.8665400913942 -65.42407847017104 -1.186038229427906 21.068354249979258 -10.519399678203916
567 135 940.0 945 77.98771558399991 1.46 0.09376907827547241 0.1663469579073996 False True -0.1232836751386793 130.8665400913942 -65.42407847017104 -1.186038229427906 21.068354249979258 -10.519399678203916
567 136 944.0 949 78.66778380699992 1.46 0.09376907827547241 0.21271402703559303 False True -0.1232836751386793 130.8665400913942 -65.42407847017104 -1.186038229427906 21.068354249979258 -10.519399678203916
567 137 948.0 953 79.34583799599994 1.46 0.09376907827547241 0.09537957074797336 False True -0.1232836751386793 130.8665400913942 -65.42407847017104 -1.186038229427906 21.068354249979258 -10.519399678203916
567 138 952.0 957 80.02494141099996 1.46 0.09376907827547241 0.0007610372871724091 True False -0.1232836751386793 130.8665400913942 -65.42407847017104 -1.186038229427906 21.068354249979258 -10.519399678203916
567 139 952.0 957 80.46078903499998 1.46 0.09376907827547241 0.0007610372871724091 False True -0.1232836751386793 130.8665400913942 -65.42407847017104 -1.186038229427906 21.068354249979258 -10.519399678203916
567 140 964.0 969 81.14297516799999 1.46 0.09376907827547241 0.10097353612799877 True False -0.1232836751386793 130.8665400913942 -65.42407847017104 -1.186038229427906 21.068354249979258 -10.519399678203916
567 141 964.0 970 81.54568464999997 1.46 0.09376907827547241 0.10097353612799877 False True -0.1232836751386793 130.8665400913942 -65.42407847017104 -1.186038229427906 21.068354249979258 -10.519399678203916
567 142 976.0 982 82.22198390699998 1.42 0.10097353612799877 0.09376907827547241 False True -0.1232836751386793 130.8665400913942 -65.42407847017104 -1.186038229427906 21.068354249979258 -10.519399678203916
567 143 980.0 986 82.89870711399996 8.01 0.01345993185178622 0.10097353612799877 False True -0.1232836751386793 130.8665400913942 -65.42407847017104 -1.186038229427906 21.068354249979258 -10.519399678203916
567 144 984.0 990 83.56726200899996 8.01 0.01345993185178622 0.10097353612799877 False True -0.1232836751386793 130.8665400913942 -65.42407847017104 -1.186038229427906 21.068354249979258 -10.519399678203916
567 145 988.0 994 84.24696499199996 8.01 0.01345993185178622 0.10097353612799877 False True -0.1232836751386793 130.8665400913942 -65.42407847017104 -1.186038229427906 21.068354249979258 -10.519399678203916
567 146 992.0 998 84.92406545799994 8.01 0.01345993185178622 0.09711725384180539 False True -0.1232836751386793 130.8665400913942 -65.42407847017104 -1.186038229427906 21.068354249979258 -10.519399678203916
567 147 996.0 1002 85.60248968899995 8.01 0.01345993185178622 0.09711725384180539 False True -0.1232836751386793 130.8665400913942 -65.42407847017104 -1.186038229427906 21.068354249979258 -10.519399678203916
567 148 1000.0 1006 86.28083360899996 8.01 0.01345993185178622 0.09711725384180539 False True -0.1232836751386793 130.8665400913942 -65.42407847017104 -1.186038229427906 21.068354249979258 -10.519399678203916
567 149 1004.0 1010 86.95839775799996 8.01 0.01345993185178622 0.09711725384180539 False True -0.1232836751386793 130.8665400913942 -65.42407847017104 -1.186038229427906 21.068354249979258 -10.519399678203916
567 150 1008.0 1014 87.63832688599996 1.44 0.09711725384180539 0.01345993185178622 False True -0.1232836751386793 130.8665400913942 -65.42407847017104 -1.186038229427906 21.068354249979258 -10.519399678203916
567 151 1012.0 1018 88.30626914999996 1.44 0.09711725384180539 0.01345993185178622 False True -0.1232836751386793 130.8665400913942 -65.42407847017104 -1.186038229427906 21.068354249979258 -10.519399678203916
567 152 1016.0 1022 88.98420141199998 1.44 0.09711725384180539 0.01345993185178622 False True -0.1232836751386793 130.8665400913942 -65.42407847017104 -1.186038229427906 21.068354249979258 -10.519399678203916
567 153 1020.0 1026 89.66283417099996 1.44 0.09711725384180539 0.01345993185178622 False True -0.1232836751386793 130.8665400913942 -65.42407847017104 -1.186038229427906 21.068354249979258 -10.519399678203916
567 154 1024.0 1030 90.35759017899997 1.44 0.09711725384180539 0.1122765943359115 True False -0.1232836751386793 130.8665400913942 -65.42407847017104 -1.186038229427906 21.068354249979258 -10.519399678203916
567 155 1024.0 1030 90.79710536299999 1.44 0.09711725384180539 0.1122765943359115 False True -0.1232836751386793 130.8665400913942 -65.42407847017104 -1.186038229427906 21.068354249979258 -10.519399678203916
567 156 1036.0 1042 91.49649226799997 1.79 0.1122765943359115 0.10721517904385969 True False -0.1232836751386793 130.8665400913942 -65.42407847017104 -1.186038229427906 21.068354249979258 -10.519399678203916
567 157 1036.0 1042 91.90332447099996 1.79 0.1122765943359115 0.10721517904385969 False True -0.1232836751386793 130.8665400913942 -65.42407847017104 -1.186038229427906 21.068354249979258 -10.519399678203916
567 158 1048.0 1054 92.59785056799996 1.79 0.1122765943359115 0.12080590961195446 True False -0.1232836751386793 130.8665400913942 -65.42407847017104 -1.186038229427906 21.068354249979258 -10.519399678203916
567 159 1048.0 1054 93.03787346699997 1.79 0.1122765943359115 0.12080590961195446 False True -0.1232836751386793 130.8665400913942 -65.42407847017104 -1.186038229427906 21.068354249979258 -10.519399678203916
567 160 1060.0 1066 93.72418634099998 1.79 0.1122765943359115 0.1026561125271704 True False -0.1232836751386793 130.8665400913942 -65.42407847017104 -1.186038229427906 21.068354249979258 -10.519399678203916
567 161 1060.0 1066 94.13886149999996 1.79 0.1122765943359115 0.1026561125271704 False True -0.1232836751386793 130.8665400913942 -65.42407847017104 -1.186038229427906 21.068354249979258 -10.519399678203916
567 162 1072.0 1078 94.82040168599997 1.75 0.1026561125271704 0.1122765943359115 False True -0.1232836751386793 130.8665400913942 -65.42407847017104 -1.186038229427906 21.068354249979258 -10.519399678203916
567 163 1076.0 1082 95.50097892599996 1.75 0.1026561125271704 0.1122765943359115 False True -0.1232836751386793 130.8665400913942 -65.42407847017104 -1.186038229427906 21.068354249979258 -10.519399678203916
567 164 1080.0 1086 96.19723794999996 1.75 0.1026561125271704 0.1122765943359115 False True -0.1232836751386793 130.8665400913942 -65.42407847017104 -1.186038229427906 21.068354249979258 -10.519399678203916
567 165 1084.0 1090 96.88207708299998 1.75 0.1026561125271704 0.10721517904385969 False True -0.1232836751386793 130.8665400913942 -65.42407847017104 -1.186038229427906 21.068354249979258 -10.519399678203916
567 166 1088.0 1094 97.56472339999999 1.77 0.10721517904385969 0.1026561125271704 False True -0.1232836751386793 130.8665400913942 -65.42407847017104 -1.186038229427906 21.068354249979258 -10.519399678203916
567 167 1092.0 1098 98.25929529800001 1.77 0.10721517904385969 0.1026561125271704 False True -0.1232836751386793 130.8665400913942 -65.42407847017104 -1.186038229427906 21.068354249979258 -10.519399678203916
567 168 1096.0 1102 98.93992649300003 1.75 0.1026561125271704 0.10721517904385969 False True -0.1232836751386793 130.8665400913942 -65.42407847017104 -1.186038229427906 21.068354249979258 -10.519399678203916
567 169 1100.0 1106 99.637877309 1.75 0.1026561125271704 0.09711725384180539 False True -0.1232836751386793 130.8665400913942 -65.42407847017104 -1.186038229427906 21.068354249979258 -10.519399678203916
567 170 1104.0 1110 100.335327482 1.75 0.1026561125271704 0.09860132268952035 True False -0.1232836751386793 130.8665400913942 -65.42407847017104 -1.186038229427906 21.068354249979258 -10.519399678203916
567 171 1104.0 1110 100.78027957199998 1.75 0.1026561125271704 0.09860132268952035 False True -0.1232836751386793 130.8665400913942 -65.42407847017104 -1.186038229427906 21.068354249979258 -10.519399678203916
567 172 1116.0 1122 101.47982326799996 1.75 0.1026561125271704 0.09711725384180539 False True -0.1232836751386793 130.8665400913942 -65.42407847017104 -1.186038229427906 21.068354249979258 -10.519399678203916
567 173 1120.0 1126 102.18363647199996 1.75 0.1026561125271704 0.1122765943359115 False True -0.1232836751386793 130.8665400913942 -65.42407847017104 -1.186038229427906 21.068354249979258 -10.519399678203916
567 174 1124.0 1130 102.89631407999997 1.44 0.09711725384180539 0.10487272697533273 True False -0.1232836751386793 130.8665400913942 -65.42407847017104 -1.186038229427906 21.068354249979258 -10.519399678203916
567 175 1124.0 1130 103.31649225499996 1.44 0.09711725384180539 0.10487272697533273 False True -0.1232836751386793 130.8665400913942 -65.42407847017104 -1.186038229427906 21.068354249979258 -10.519399678203916
567 176 1136.0 1142 104.00243059899995 1.44 0.09711725384180539 0.1026561125271704 False True -0.1232836751386793 130.8665400913942 -65.42407847017104 -1.186038229427906 21.068354249979258 -10.519399678203916
567 177 1140.0 1146 104.69662496399994 1.44 0.09711725384180539 0.1026561125271704 False True -0.1232836751386793 130.8665400913942 -65.42407847017104 -1.186038229427906 21.068354249979258 -10.519399678203916
567 178 1144.0 1150 105.38026632499995 1.44 0.09711725384180539 0.1122765943359115 False True -0.1232836751386793 130.8665400913942 -65.42407847017104 -1.186038229427906 21.068354249979258 -10.519399678203916
567 179 1148.0 1154 106.07638873799996 1.44 0.09711725384180539 0.1026561125271704 False True -0.1232836751386793 130.8665400913942 -65.42407847017104 -1.186038229427906 21.068354249979258 -10.519399678203916
567 180 1152.0 1158 106.78186405899996 1.44 0.09711725384180539 0.1026561125271704 False True -0.1232836751386793 130.8665400913942 -65.42407847017104 -1.186038229427906 21.068354249979258 -10.519399678203916
567 181 1156.0 1162 107.47847221899997 1.44 0.09711725384180539 0.1026561125271704 False True -0.1232836751386793 130.8665400913942 -65.42407847017104 -1.186038229427906 21.068354249979258 -10.519399678203916
567 182 1160.0 1166 108.17369534299996 1.44 0.09711725384180539 0.10487272697533273 False True -0.1232836751386793 130.8665400913942 -65.42407847017104 -1.186038229427906 21.068354249979258 -10.519399678203916
567 183 1164.0 1170 108.87227258699997 1.44 0.09711725384180539 0.10968322144628567 True False -0.1232836751386793 130.8665400913942 -65.42407847017104 -1.186038229427906 21.068354249979258 -10.519399678203916
567 184 1164.0 1170 109.29349899299999 1.44 0.09711725384180539 0.10968322144628567 False True -0.1232836751386793 130.8665400913942 -65.42407847017104 -1.186038229427906 21.068354249979258 -10.519399678203916
567 185 1176.0 1182 109.993173284 1.78 0.10968322144628567 0.35210483116670277 True False -0.1232836751386793 130.8665400913942 -65.42407847017104 -1.186038229427906 21.068354249979258 -10.519399678203916
567 186 1176.0 1182 110.417284978 1.78 0.10968322144628567 0.35210483116670277 False True -0.1232836751386793 130.8665400913942 -65.42407847017104 -1.186038229427906 21.068354249979258 -10.519399678203916
567 187 1188.0 1194 111.100703321 1.78 0.10968322144628567 0.09711725384180539 False True -0.1232836751386793 130.8665400913942 -65.42407847017104 -1.186038229427906 21.068354249979258 -10.519399678203916
567 188 1192.0 1198 111.79366287299999 1.78 0.10968322144628567 0.09711725384180539 False True -0.1232836751386793 130.8665400913942 -65.42407847017104 -1.186038229427906 21.068354249979258 -10.519399678203916
567 189 1196.0 1202 112.474687811 1.78 0.10968322144628567 0.09711725384180539 False True -0.1232836751386793 130.8665400913942 -65.42407847017104 -1.186038229427906 21.068354249979258 -10.519399678203916
567 190 1200.0 1206 113.15697076999999 1.78 0.10968322144628567 0.09711725384180539 False True -0.1232836751386793 130.8665400913942 -65.42407847017104 -1.186038229427906 21.068354249979258 -10.519399678203916
567 191 1204.0 1210 113.85124084899999 1.78 0.10968322144628567 0.09711725384180539 False True -0.1232836751386793 130.8665400913942 -65.42407847017104 -1.186038229427906 21.068354249979258 -10.519399678203916
567 192 1208.0 1214 114.533974073 1.44 0.09711725384180539 0.10968322144628567 False True -0.1232836751386793 130.8665400913942 -65.42407847017104 -1.186038229427906 21.068354249979258 -10.519399678203916
567 193 1212.0 1218 115.219428612 1.44 0.09711725384180539 0.10968322144628567 False True -0.1232836751386793 130.8665400913942 -65.42407847017104 -1.186038229427906 21.068354249979258 -10.519399678203916
567 194 1216.0 1222 115.914241183 1.44 0.09711725384180539 0.1026561125271704 False True -0.1232836751386793 130.8665400913942 -65.42407847017104 -1.186038229427906 21.068354249979258 -10.519399678203916
567 195 1220.0 1226 116.59992159900003 1.44 0.09711725384180539 0.1122765943359115 False True -0.1232836751386793 130.8665400913942 -65.42407847017104 -1.186038229427906 21.068354249979258 -10.519399678203916
567 196 1224.0 1230 117.29281939700002 8.01 0.01345993185178622 0.1122765943359115 False True -0.1232836751386793 130.8665400913942 -65.42407847017104 -1.186038229427906 21.068354249979258 -10.519399678203916
567 197 1228.0 1234 117.97538064 1.44 0.09711725384180539 0.1026561125271704 False True -0.1232836751386793 130.8665400913942 -65.42407847017104 -1.186038229427906 21.068354249979258 -10.519399678203916
567 198 1232.0 1238 118.659541803 1.44 0.09711725384180539 0.10968322144628567 False True -0.1232836751386793 130.8665400913942 -65.42407847017104 -1.186038229427906 21.068354249979258 -10.519399678203916
567 199 1236.0 1242 119.35331279100001 1.44 0.09711725384180539 0.10968322144628567 False True -0.1232836751386793 130.8665400913942 -65.42407847017104 -1.186038229427906 21.068354249979258 -10.519399678203916
567 200 1240.0 1246 120.03826665700001 1.44 0.09711725384180539 0.10968322144628567 False True -0.1232836751386793 130.8665400913942 -65.42407847017104 -1.186038229427906 21.068354249979258 -10.519399678203916
567 201 1244.0 1250 120.73498328900001 1.44 0.09711725384180539 0.13043257261806893 False True -0.1232836751386793 130.8665400913942 -65.42407847017104 -1.186038229427906 21.068354249979258 -10.519399678203916
567 202 1248.0 1254 121.41884293500001 1.44 0.09711725384180539 0.1663469579073996 False True -0.1232836751386793 130.8665400913942 -65.42407847017104 -1.186038229427906 21.068354249979258 -10.519399678203916
567 203 1252.0 1258 122.11429096500001 1.44 0.09711725384180539 0.21982055922103116 True False -0.1232836751386793 130.8665400913942 -65.42407847017104 -1.186038229427906 21.068354249979258 -10.519399678203916
567 204 1252.0 1258 122.53479850900001 1.44 0.09711725384180539 0.21982055922103116 False True -0.1232836751386793 130.8665400913942 -65.42407847017104 -1.186038229427906 21.068354249979258 -10.519399678203916
567 205 1264.0 1270 123.23639545500001 1.44 0.09711725384180539 0.10721517904385969 False True -0.1232836751386793 130.8665400913942 -65.42407847017104 -1.186038229427906 21.068354249979258 -10.519399678203916
567 206 1268.0 1274 123.95099245100002 1.44 0.09711725384180539 0.1122765943359115 False True -0.1232836751386793 130.8665400913942 -65.42407847017104 -1.186038229427906 21.068354249979258 -10.519399678203916
567 207 1272.0 1278 124.65534297200003 1.44 0.09711725384180539 0.1122765943359115 False True -0.1232836751386793 130.8665400913942 -65.42407847017104 -1.186038229427906 21.068354249979258 -10.519399678203916
567 208 1276.0 1282 125.36889061000002 1.44 0.09711725384180539 0.003568644176093965 False True -0.1232836751386793 130.8665400913942 -65.42407847017104 -1.186038229427906 21.068354249979258 -10.519399678203916
567 209 1280.0 1286 126.07370187700002 1.44 0.09711725384180539 0.09376907827547241 False True -0.1232836751386793 130.8665400913942 -65.42407847017104 -1.186038229427906 21.068354249979258 -10.519399678203916
567 210 1284.0 1290 126.77745797700001 1.46 0.09376907827547241 0.09711725384180539 False True -0.1232836751386793 130.8665400913942 -65.42407847017104 -1.186038229427906 21.068354249979258 -10.519399678203916
567 211 1288.0 1294 127.489028034 1.46 0.09376907827547241 0.09711725384180539 False True -0.1232836751386793 130.8665400913942 -65.42407847017104 -1.186038229427906 21.068354249979258 -10.519399678203916
567 212 1292.0 1298 128.188060091 1.46 0.09376907827547241 0.09711725384180539 False True -0.1232836751386793 130.8665400913942 -65.42407847017104 -1.186038229427906 21.068354249979258 -10.519399678203916
567 213 1296.0 1302 128.888916906 1.46 0.09376907827547241 0.09711725384180539 False True -0.1232836751386793 130.8665400913942 -65.42407847017104 -1.186038229427906 21.068354249979258 -10.519399678203916
567 214 1300.0 1306 129.588225852 1.44 0.09711725384180539 0.22048978713783648 True False -0.1232836751386793 130.8665400913942 -65.42407847017104 -1.186038229427906 21.068354249979258 -10.519399678203916
567 215 1300.0 1307 130.00789915599998 1.44 0.09711725384180539 0.22048978713783648 False True -0.1232836751386793 130.8665400913942 -65.42407847017104 -1.186038229427906 21.068354249979258 -10.519399678203916
567 216 1312.0 1319 130.69323147199998 1.46 0.09376907827547241 0.09711725384180539 False True -0.1232836751386793 130.8665400913942 -65.42407847017104 -1.186038229427906 21.068354249979258 -10.519399678203916
567 217 1316.0 1323 131.39090039199996 1.44 0.09711725384180539 0.09376907827547241 False True -0.1232836751386793 130.8665400913942 -65.42407847017104 -1.186038229427906 21.068354249979258 -10.519399678203916
567 218 1320.0 1327 132.08851112399998 1.46 0.09376907827547241 0.09711725384180539 False True -0.1232836751386793 130.8665400913942 -65.42407847017104 -1.186038229427906 21.068354249979258 -10.519399678203916
567 219 1324.0 1331 132.789881098 1.46 0.09376907827547241 0.296552945816311 True False -0.1232836751386793 130.8665400913942 -65.42407847017104 -1.186038229427906 21.068354249979258 -10.519399678203916
567 220 1324.0 1331 133.213273746 1.46 0.09376907827547241 0.296552945816311 False True -0.1232836751386793 130.8665400913942 -65.42407847017104 -1.186038229427906 21.068354249979258 -10.519399678203916
567 221 1336.0 1343 133.924991876 1.46 0.09376907827547241 0.17232607048764048 False True -0.1232836751386793 130.8665400913942 -65.42407847017104 -1.186038229427906 21.068354249979258 -10.519399678203916
567 222 1340.0 1347 134.62445009200002 1.46 0.09376907827547241 0.17232607048764048 False True -0.1232836751386793 130.8665400913942 -65.42407847017104 -1.186038229427906 21.068354249979258 -10.519399678203916
567 223 1344.0 1351 135.328677764 1.46 0.09376907827547241 0.001293540881355702 True False -0.1232836751386793 130.8665400913942 -65.42407847017104 -1.186038229427906 21.068354249979258 -10.519399678203916
567 224 1344.0 1351 135.767940961 1.46 0.09376907827547241 0.001293540881355702 False True -0.1232836751386793 130.8665400913942 -65.42407847017104 -1.186038229427906 21.068354249979258 -10.519399678203916
567 225 1356.0 1363 136.466970998 7.91 0.001293540881355702 0.0007787647395028777 True False -0.1232836751386793 130.8665400913942 -65.42407847017104 -1.186038229427906 21.068354249979258 -10.519399678203916
567 226 1356.0 1363 136.901134599 7.91 0.001293540881355702 0.0007787647395028777 False True -0.1232836751386793 130.8665400913942 -65.42407847017104 -1.186038229427906 21.068354249979258 -10.519399678203916
567 227 1368.0 1375 137.60321901 7.91 0.001293540881355702 0.0007787647395028777 False True -0.1232836751386793 130.8665400913942 -65.42407847017104 -1.186038229427906 21.068354249979258 -10.519399678203916
567 228 1372.0 1379 138.322802999 7.9 0.0007787647395028777 0.001293540881355702 False True -0.1232836751386793 130.8665400913942 -65.42407847017104 -1.186038229427906 21.068354249979258 -10.519399678203916
567 229 1376.0 1383 139.027823509 7.9 0.0007787647395028777 0.001293540881355702 False True -0.1232836751386793 130.8665400913942 -65.42407847017104 -1.186038229427906 21.068354249979258 -10.519399678203916
567 230 1380.0 1387 139.74281941700002 7.91 0.001293540881355702 0.0007787647395028777 False True -0.1232836751386793 130.8665400913942 -65.42407847017104 -1.186038229427906 21.068354249979258 -10.519399678203916
567 231 1384.0 1391 140.44726855500002 7.91 0.001293540881355702 0.0007787647395028777 False True -0.1232836751386793 130.8665400913942 -65.42407847017104 -1.186038229427906 21.068354249979258 -10.519399678203916
567 232 1388.0 1395 141.15949900200002 7.91 0.001293540881355702 0.0007787647395028777 False True -0.1232836751386793 130.8665400913942 -65.42407847017104 -1.186038229427906 21.068354249979258 -10.519399678203916
567 233 1392.0 1399 141.86333047500003 7.91 0.001293540881355702 0.0007787647395028777 False True -0.1232836751386793 130.8665400913942 -65.42407847017104 -1.186038229427906 21.068354249979258 -10.519399678203916
567 234 1396.0 1403 142.56761799400002 7.91 0.001293540881355702 0.0007787647395028777 False True -0.1232836751386793 130.8665400913942 -65.42407847017104 -1.186038229427906 21.068354249979258 -10.519399678203916
567 235 1400.0 1407 143.281131254 7.91 0.001293540881355702 0.0007787647395028777 False True -0.1232836751386793 130.8665400913942 -65.42407847017104 -1.186038229427906 21.068354249979258 -10.519399678203916
567 236 1404.0 1411 143.983681452 7.91 0.001293540881355702 0.0007787647395028777 False True -0.1232836751386793 130.8665400913942 -65.42407847017104 -1.186038229427906 21.068354249979258 -10.519399678203916
567 237 1408.0 1415 144.687427586 7.91 0.001293540881355702 0.0007787647395028777 False True -0.1232836751386793 130.8665400913942 -65.42407847017104 -1.186038229427906 21.068354249979258 -10.519399678203916
567 238 1412.0 1419 145.402029023 7.91 0.001293540881355702 0.0007787647395028777 False True -0.1232836751386793 130.8665400913942 -65.42407847017104 -1.186038229427906 21.068354249979258 -10.519399678203916
567 239 1416.0 1423 146.103461782 7.91 0.001293540881355702 0.0007787647395028777 False True -0.1232836751386793 130.8665400913942 -65.42407847017104 -1.186038229427906 21.068354249979258 -10.519399678203916
567 240 1420.0 1427 146.805892084 7.91 0.001293540881355702 0.0007787647395028777 False True -0.1232836751386793 130.8665400913942 -65.42407847017104 -1.186038229427906 21.068354249979258 -10.519399678203916
567 241 1424.0 1431 147.520198135 7.91 0.001293540881355702 0.0007787647395028777 False True -0.1232836751386793 130.8665400913942 -65.42407847017104 -1.186038229427906 21.068354249979258 -10.519399678203916
567 242 1428.0 1435 148.223313363 7.91 0.001293540881355702 0.0007787647395028777 False True -0.1232836751386793 130.8665400913942 -65.42407847017104 -1.186038229427906 21.068354249979258 -10.519399678203916
567 243 1432.0 1439 148.92636859399997 7.91 0.001293540881355702 0.0019362395164266165 True False -0.1232836751386793 130.8665400913942 -65.42407847017104 -1.186038229427906 21.068354249979258 -10.519399678203916
567 244 1432.0 1439 149.36759400599996 7.91 0.001293540881355702 0.0019362395164266165 False True -0.1232836751386793 130.8665400913942 -65.42407847017104 -1.186038229427906 21.068354249979258 -10.519399678203916
567 245 1444.0 1451 150.08015026199996 7.91 0.001293540881355702 0.0019362395164266165 False True -0.1232836751386793 130.8665400913942 -65.42407847017104 -1.186038229427906 21.068354249979258 -10.519399678203916
567 246 1448.0 1455 150.78235077099998 7.91 0.001293540881355702 0.0007787647395028777 False True -0.1232836751386793 130.8665400913942 -65.42407847017104 -1.186038229427906 21.068354249979258 -10.519399678203916
567 247 1452.0 1459 151.484055762 7.91 0.001293540881355702 0.0007787647395028777 False True -0.1232836751386793 130.8665400913942 -65.42407847017104 -1.186038229427906 21.068354249979258 -10.519399678203916
567 248 1456.0 1463 152.183887209 7.91 0.001293540881355702 0.0007787647395028777 False True -0.1232836751386793 130.8665400913942 -65.42407847017104 -1.186038229427906 21.068354249979258 -10.519399678203916
567 249 1460.0 1467 152.884416886 7.91 0.001293540881355702 0.0007787647395028777 False True -0.1232836751386793 130.8665400913942 -65.42407847017104 -1.186038229427906 21.068354249979258 -10.519399678203916
567 250 1464.0 1471 153.586839727 7.91 0.001293540881355702 0.0007787647395028777 False True -0.1232836751386793 130.8665400913942 -65.42407847017104 -1.186038229427906 21.068354249979258 -10.519399678203916
567 251 1468.0 1475 154.299038531 7.91 0.001293540881355702 0.0007787647395028777 False True -0.1232836751386793 130.8665400913942 -65.42407847017104 -1.186038229427906 21.068354249979258 -10.519399678203916
567 252 1472.0 1479 154.9993273 7.91 0.001293540881355702 0.0007787647395028777 False True -0.1232836751386793 130.8665400913942 -65.42407847017104 -1.186038229427906 21.068354249979258 -10.519399678203916
567 253 1476.0 1483 155.701300194 7.91 0.001293540881355702 0.0007787647395028777 False True -0.1232836751386793 130.8665400913942 -65.42407847017104 -1.186038229427906 21.068354249979258 -10.519399678203916
567 254 1480.0 1487 156.402912377 7.91 0.001293540881355702 0.0007787647395028777 False True -0.1232836751386793 130.8665400913942 -65.42407847017104 -1.186038229427906 21.068354249979258 -10.519399678203916
567 255 1484.0 1491 157.10453773300003 7.91 0.001293540881355702 0.0007787647395028777 False True -0.1232836751386793 130.8665400913942 -65.42407847017104 -1.186038229427906 21.068354249979258 -10.519399678203916
567 256 1488.0 1495 157.804014136 7.91 0.001293540881355702 0.0007787647395028777 False True -0.1232836751386793 130.8665400913942 -65.42407847017104 -1.186038229427906 21.068354249979258 -10.519399678203916
567 257 1492.0 1499 158.50371551199999 7.91 0.001293540881355702 0.0007787647395028777 False True -0.1232836751386793 130.8665400913942 -65.42407847017104 -1.186038229427906 21.068354249979258 -10.519399678203916
567 258 1496.0 1503 159.20437660399998 7.91 0.001293540881355702 0.0007787647395028777 False True -0.1232836751386793 130.8665400913942 -65.42407847017104 -1.186038229427906 21.068354249979258 -10.519399678203916
567 259 1500.0 1507 159.90422582799997 7.91 0.001293540881355702 0.0019362395164266165 False True -0.1232836751386793 130.8665400913942 -65.42407847017104 -1.186038229427906 21.068354249979258 -10.519399678203916
567 260 1504.0 1511 160.60437634799996 7.91 0.001293540881355702 0.0003919764372166048 True False -0.1232836751386793 130.8665400913942 -65.42407847017104 -1.186038229427906 21.068354249979258 -10.519399678203916
567 261 1504.0 1511 161.05950059799994 7.91 0.001293540881355702 0.0003919764372166048 False True -0.1232836751386793 130.8665400913942 -65.42407847017104 -1.186038229427906 21.068354249979258 -10.519399678203916
567 262 1516.0 1523 161.77630377099993 7.89 0.0003919764372166048 0.001293540881355702 False True -0.1232836751386793 130.8665400913942 -65.42407847017104 -1.186038229427906 21.068354249979258 -10.519399678203916
567 263 1520.0 1527 162.48160298999994 7.89 0.0003919764372166048 0.001293540881355702 False True -0.1232836751386793 130.8665400913942 -65.42407847017104 -1.186038229427906 21.068354249979258 -10.519399678203916
567 264 1524.0 1531 163.19828430799996 7.89 0.0003919764372166048 0.001293540881355702 False True -0.1232836751386793 130.8665400913942 -65.42407847017104 -1.186038229427906 21.068354249979258 -10.519399678203916
567 265 1528.0 1535 163.90483843099997 7.89 0.0003919764372166048 0.001293540881355702 False True -0.1232836751386793 130.8665400913942 -65.42407847017104 -1.186038229427906 21.068354249979258 -10.519399678203916
567 266 1532.0 1539 164.62006812599998 7.89 0.0003919764372166048 0.001293540881355702 False True -0.1232836751386793 130.8665400913942 -65.42407847017104 -1.186038229427906 21.068354249979258 -10.519399678203916
567 267 1536.0 1543 165.32511272699998 7.91 0.001293540881355702 0.0003919764372166048 False True -0.1232836751386793 130.8665400913942 -65.42407847017104 -1.186038229427906 21.068354249979258 -10.519399678203916
567 268 1540.0 1547 166.04069789099998 7.91 0.001293540881355702 0.0003919764372166048 False True -0.1232836751386793 130.8665400913942 -65.42407847017104 -1.186038229427906 21.068354249979258 -10.519399678203916
567 269 1544.0 1551 166.75549512199999 7.91 0.001293540881355702 0.0003919764372166048 False True -0.1232836751386793 130.8665400913942 -65.42407847017104 -1.186038229427906 21.068354249979258 -10.519399678203916
567 270 1548.0 1555 167.46234086999996 7.91 0.001293540881355702 0.0003919764372166048 False True -0.1232836751386793 130.8665400913942 -65.42407847017104 -1.186038229427906 21.068354249979258 -10.519399678203916
567 271 1552.0 1559 168.16191034999997 7.91 0.001293540881355702 0.0003919764372166048 False True -0.1232836751386793 130.8665400913942 -65.42407847017104 -1.186038229427906 21.068354249979258 -10.519399678203916
567 272 1556.0 1563 168.904536733 7.91 0.001293540881355702 0.0003919764372166048 False True -0.1232836751386793 130.8665400913942 -65.42407847017104 -1.186038229427906 21.068354249979258 -10.519399678203916
567 273 1560.0 1567 169.62179606299998 7.91 0.001293540881355702 0.25923865837786814 True False -0.1232836751386793 130.8665400913942 -65.42407847017104 -1.186038229427906 21.068354249979258 -10.519399678203916
567 274 1560.0 1567 170.04307015899997 7.91 0.001293540881355702 0.25923865837786814 False True -0.1232836751386793 130.8665400913942 -65.42407847017104 -1.186038229427906 21.068354249979258 -10.519399678203916
567 275 1572.0 1579 170.77996648199996 7.91 0.001293540881355702 0.08898937331099725 True False -0.1232836751386793 130.8665400913942 -65.42407847017104 -1.186038229427906 21.068354249979258 -10.519399678203916
567 276 1572.0 1579 171.22322065199998 7.91 0.001293540881355702 0.08898937331099725 False True -0.1232836751386793 130.8665400913942 -65.42407847017104 -1.186038229427906 21.068354249979258 -10.519399678203916
567 277 1584.0 1591 171.93878406499996 7.91 0.001293540881355702 0.2880172510806274 True False -0.1232836751386793 130.8665400913942 -65.42407847017104 -1.186038229427906 21.068354249979258 -10.519399678203916
567 278 1584.0 1591 172.36133624899998 7.91 0.001293540881355702 0.2880172510806274 False True -0.1232836751386793 130.8665400913942 -65.42407847017104 -1.186038229427906 21.068354249979258 -10.519399678203916
567 279 1596.0 1603 173.10029724199998 7.91 0.001293540881355702 0.6248694848285195 True False -0.1232836751386793 130.8665400913942 -65.42407847017104 -1.186038229427906 21.068354249979258 -10.519399678203916
567 280 1596.0 1603 173.55784020099998 7.91 0.001293540881355702 0.6248694848285195 False True -0.1232836751386793 130.8665400913942 -65.42407847017104 -1.186038229427906 21.068354249979258 -10.519399678203916
567 281 1608.0 1615 174.280094962 7.91 0.001293540881355702 0.06705629296242584 True False -0.1232836751386793 130.8665400913942 -65.42407847017104 -1.186038229427906 21.068354249979258 -10.519399678203916
567 282 1608.0 1616 174.720560079 7.91 0.001293540881355702 0.06705629296242584 False True -0.1232836751386793 130.8665400913942 -65.42407847017104 -1.186038229427906 21.068354249979258 -10.519399678203916
567 283 1620.0 1628 175.47865546399998 7.91 0.001293540881355702 0.07120274460075737 True False -0.1232836751386793 130.8665400913942 -65.42407847017104 -1.186038229427906 21.068354249979258 -10.519399678203916
567 284 1620.0 1628 175.941509834 7.91 0.001293540881355702 0.07120274460075737 False True -0.1232836751386793 130.8665400913942 -65.42407847017104 -1.186038229427906 21.068354249979258 -10.519399678203916
567 285 1632.0 1640 176.675007644 7.91 0.001293540881355702 0.5082956971776486 True False -0.1232836751386793 130.8665400913942 -65.42407847017104 -1.186038229427906 21.068354249979258 -10.519399678203916
567 286 1632.0 1640 177.09871783300002 7.91 0.001293540881355702 0.5082956971776486 False True -0.1232836751386793 130.8665400913942 -65.42407847017104 -1.186038229427906 21.068354249979258 -10.519399678203916
567 287 1644.0 1652 177.84147038300006 7.91 0.001293540881355702 0.0003919764372166048 False True -0.1232836751386793 130.8665400913942 -65.42407847017104 -1.186038229427906 21.068354249979258 -10.519399678203916
567 288 1648.0 1656 178.57380561200006 7.91 0.001293540881355702 0.0003919764372166048 False True -0.1232836751386793 130.8665400913942 -65.42407847017104 -1.186038229427906 21.068354249979258 -10.519399678203916
567 289 1652.0 1660 179.32118166300006 7.91 0.001293540881355702 0.09346837739180672 True False -0.1232836751386793 130.8665400913942 -65.42407847017104 -1.186038229427906 21.068354249979258 -10.519399678203916
567 290 1652.0 1660 179.77764176000005 7.91 0.001293540881355702 0.09346837739180672 False True -0.1232836751386793 130.8665400913942 -65.42407847017104 -1.186038229427906 21.068354249979258 -10.519399678203916
567 291 1664.0 1672 180.51351727400004 7.91 0.001293540881355702 0.09346837739180672 False True -0.1232836751386793 130.8665400913942 -65.42407847017104 -1.186038229427906 21.068354249979258 -10.519399678203916
567 292 1668.0 1676 181.26069997000008 7.91 0.001293540881355702 0.10867487696501588 True False -0.1232836751386793 130.8665400913942 -65.42407847017104 -1.186038229427906 21.068354249979258 -10.519399678203916
567 293 1668.0 1676 181.7132998020001 7.91 0.001293540881355702 0.10867487696501588 False True -0.1232836751386793 130.8665400913942 -65.42407847017104 -1.186038229427906 21.068354249979258 -10.519399678203916
567 294 1680.0 1688 182.42002901800015 8.28 0.10867487696501588 0.001293540881355702 False True -0.1232836751386793 130.8665400913942 -65.42407847017104 -1.186038229427906 21.068354249979258 -10.519399678203916
567 295 1684.0 1692 183.16188454800016 7.91 0.001293540881355702 0.10867487696501588 False True -0.1232836751386793 130.8665400913942 -65.42407847017104 -1.186038229427906 21.068354249979258 -10.519399678203916
567 296 1688.0 1696 183.8791971340002 7.91 0.001293540881355702 0.10867487696501588 False True -0.1232836751386793 130.8665400913942 -65.42407847017104 -1.186038229427906 21.068354249979258 -10.519399678203916
567 297 1692.0 1700 184.63258547200024 7.91 0.001293540881355702 0.10867487696501588 False True -0.1232836751386793 130.8665400913942 -65.42407847017104 -1.186038229427906 21.068354249979258 -10.519399678203916
567 298 1696.0 1704 185.39427806400022 7.91 0.001293540881355702 0.10867487696501588 False True -0.1232836751386793 130.8665400913942 -65.42407847017104 -1.186038229427906 21.068354249979258 -10.519399678203916
567 299 1700.0 1708 186.11260853300024 7.91 0.001293540881355702 0.10867487696501588 False True -0.1232836751386793 130.8665400913942 -65.42407847017104 -1.186038229427906 21.068354249979258 -10.519399678203916
567 300 1704.0 1712 186.85689367700024 7.91 0.001293540881355702 0.10867487696501588 False True -0.1232836751386793 130.8665400913942 -65.42407847017104 -1.186038229427906 21.068354249979258 -10.519399678203916
567 301 1708.0 1716 187.61965789200025 7.91 0.001293540881355702 0.10867487696501588 False True -0.1232836751386793 130.8665400913942 -65.42407847017104 -1.186038229427906 21.068354249979258 -10.519399678203916
567 302 1712.0 1720 188.33857085900024 7.91 0.001293540881355702 0.10867487696501588 False True -0.1232836751386793 130.8665400913942 -65.42407847017104 -1.186038229427906 21.068354249979258 -10.519399678203916
567 303 1716.0 1724 189.07960767300023 7.91 0.001293540881355702 0.10867487696501588 False True -0.1232836751386793 130.8665400913942 -65.42407847017104 -1.186038229427906 21.068354249979258 -10.519399678203916
567 304 1720.0 1728 189.85302993700026 7.91 0.001293540881355702 0.10867487696501588 False True -0.1232836751386793 130.8665400913942 -65.42407847017104 -1.186038229427906 21.068354249979258 -10.519399678203916
567 305 1724.0 1732 190.57448266800026 7.91 0.001293540881355702 0.10867487696501588 False True -0.1232836751386793 130.8665400913942 -65.42407847017104 -1.186038229427906 21.068354249979258 -10.519399678203916
567 306 1728.0 1736 191.31954657800026 7.91 0.001293540881355702 0.10867487696501588 False True -0.1232836751386793 130.8665400913942 -65.42407847017104 -1.186038229427906 21.068354249979258 -10.519399678203916
567 307 1732.0 1740 192.05104760500024 7.91 0.001293540881355702 0.10867487696501588 False True -0.1232836751386793 130.8665400913942 -65.42407847017104 -1.186038229427906 21.068354249979258 -10.519399678203916
567 308 1736.0 1744 192.79432264000025 8.28 0.10867487696501588 0.001293540881355702 False True -0.1232836751386793 130.8665400913942 -65.42407847017104 -1.186038229427906 21.068354249979258 -10.519399678203916
567 309 1740.0 1748 193.51170891300023 8.28 0.10867487696501588 0.001293540881355702 False True -0.1232836751386793 130.8665400913942 -65.42407847017104 -1.186038229427906 21.068354249979258 -10.519399678203916
567 310 1744.0 1752 194.26615832900023 7.91 0.001293540881355702 0.10867487696501588 False True -0.1232836751386793 130.8665400913942 -65.42407847017104 -1.186038229427906 21.068354249979258 -10.519399678203916
567 311 1748.0 1756 194.98705626200024 7.91 0.001293540881355702 0.10867487696501588 False True -0.1232836751386793 130.8665400913942 -65.42407847017104 -1.186038229427906 21.068354249979258 -10.519399678203916
567 312 1752.0 1760 195.73252959200022 8.28 0.10867487696501588 0.001293540881355702 False True -0.1232836751386793 130.8665400913942 -65.42407847017104 -1.186038229427906 21.068354249979258 -10.519399678203916
567 313 1756.0 1764 196.50829499300022 7.91 0.001293540881355702 0.10867487696501588 False True -0.1232836751386793 130.8665400913942 -65.42407847017104 -1.186038229427906 21.068354249979258 -10.519399678203916
567 314 1760.0 1768 197.22900746400023 7.91 0.001293540881355702 0.10357720103449507 True False -0.1232836751386793 130.8665400913942 -65.42407847017104 -1.186038229427906 21.068354249979258 -10.519399678203916
567 315 1760.0 1768 197.6681581900002 7.91 0.001293540881355702 0.10357720103449507 False True -0.1232836751386793 130.8665400913942 -65.42407847017104 -1.186038229427906 21.068354249979258 -10.519399678203916
567 316 1772.0 1780 198.42895613600018 8.27 0.10357720103449507 0.001293540881355702 False True -0.1232836751386793 130.8665400913942 -65.42407847017104 -1.186038229427906 21.068354249979258 -10.519399678203916
567 317 1776.0 1784 199.1646207950002 8.27 0.10357720103449507 0.001293540881355702 False True -0.1232836751386793 130.8665400913942 -65.42407847017104 -1.186038229427906 21.068354249979258 -10.519399678203916
567 318 1780.0 1788 199.92880001400022 8.27 0.10357720103449507 0.001293540881355702 False True -0.1232836751386793 130.8665400913942 -65.42407847017104 -1.186038229427906 21.068354249979258 -10.519399678203916
567 319 1784.0 1792 200.66854970200023 8.27 0.10357720103449507 0.001293540881355702 False True -0.1232836751386793 130.8665400913942 -65.42407847017104 -1.186038229427906 21.068354249979258 -10.519399678203916
567 320 1788.0 1796 201.42940466400023 8.27 0.10357720103449507 0.001293540881355702 False True -0.1232836751386793 130.8665400913942 -65.42407847017104 -1.186038229427906 21.068354249979258 -10.519399678203916
567 321 1792.0 1800 202.17048262700024 8.27 0.10357720103449507 0.10867487696501588 False True -0.1232836751386793 130.8665400913942 -65.42407847017104 -1.186038229427906 21.068354249979258 -10.519399678203916
567 322 1796.0 1804 202.94175278600022 8.27 0.10357720103449507 0.001293540881355702 False True -0.1232836751386793 130.8665400913942 -65.42407847017104 -1.186038229427906 21.068354249979258 -10.519399678203916
567 323 1800.0 1808 203.6815444890002 8.27 0.10357720103449507 0.001293540881355702 False True -0.1232836751386793 130.8665400913942 -65.42407847017104 -1.186038229427906 21.068354249979258 -10.519399678203916
567 324 1804.0 1812 204.42523840100023 8.27 0.10357720103449507 0.09859671910181818 True False -0.1232836751386793 130.8665400913942 -65.42407847017104 -1.186038229427906 21.068354249979258 -10.519399678203916
567 325 1804.0 1812 204.88779147700023 8.27 0.10357720103449507 0.09859671910181818 False True -0.1232836751386793 130.8665400913942 -65.42407847017104 -1.186038229427906 21.068354249979258 -10.519399678203916
567 326 1816.0 1824 205.61070221000023 8.27 0.10357720103449507 0.001293540881355702 False True -0.1232836751386793 130.8665400913942 -65.42407847017104 -1.186038229427906 21.068354249979258 -10.519399678203916
567 327 1820.0 1828 206.40137236800024 8.27 0.10357720103449507 0.001293540881355702 False True -0.1232836751386793 130.8665400913942 -65.42407847017104 -1.186038229427906 21.068354249979258 -10.519399678203916
567 328 1824.0 1832 207.12559728900027 7.91 0.001293540881355702 0.10867487696501588 False True -0.1232836751386793 130.8665400913942 -65.42407847017104 -1.186038229427906 21.068354249979258 -10.519399678203916
567 329 1828.0 1836 207.8825961300003 7.91 0.001293540881355702 0.0007787647395028777 False True -0.1232836751386793 130.8665400913942 -65.42407847017104 -1.186038229427906 21.068354249979258 -10.519399678203916
567 330 1832.0 1840 208.6052918350003 7.91 0.001293540881355702 0.09376907827547241 False True -0.1232836751386793 130.8665400913942 -65.42407847017104 -1.186038229427906 21.068354249979258 -10.519399678203916
567 331 1836.0 1844 209.36229638300028 1.46 0.09376907827547241 0.001293540881355702 False True -0.1232836751386793 130.8665400913942 -65.42407847017104 -1.186038229427906 21.068354249979258 -10.519399678203916
567 332 1840.0 1848 210.0868277120003 1.46 0.09376907827547241 0.001293540881355702 False True -0.1232836751386793 130.8665400913942 -65.42407847017104 -1.186038229427906 21.068354249979258 -10.519399678203916
567 333 1844.0 1852 210.8090993270003 1.46 0.09376907827547241 0.0003919764372166048 False True -0.1232836751386793 130.8665400913942 -65.42407847017104 -1.186038229427906 21.068354249979258 -10.519399678203916
567 334 1848.0 1856 211.5211331300003 1.46 0.09376907827547241 0.001293540881355702 False True -0.1232836751386793 130.8665400913942 -65.42407847017104 -1.186038229427906 21.068354249979258 -10.519399678203916
567 335 1852.0 1860 212.30076379900032 1.46 0.09376907827547241 0.001293540881355702 False True -0.1232836751386793 130.8665400913942 -65.42407847017104 -1.186038229427906 21.068354249979258 -10.519399678203916
567 336 1856.0 1864 213.02404192500035 7.91 0.001293540881355702 0.10357720103449507 False True -0.1232836751386793 130.8665400913942 -65.42407847017104 -1.186038229427906 21.068354249979258 -10.519399678203916
567 337 1860.0 1868 213.76948462000036 7.91 0.001293540881355702 0.11388922320946511 True False -0.1232836751386793 130.8665400913942 -65.42407847017104 -1.186038229427906 21.068354249979258 -10.519399678203916
567 338 1860.0 1868 214.22437629000035 7.91 0.001293540881355702 0.11388922320946511 False True -0.1232836751386793 130.8665400913942 -65.42407847017104 -1.186038229427906 21.068354249979258 -10.519399678203916
567 339 1872.0 1880 214.9442618810004 7.91 0.001293540881355702 0.11388922320946511 False True -0.1232836751386793 130.8665400913942 -65.42407847017104 -1.186038229427906 21.068354249979258 -10.519399678203916
567 340 1876.0 1884 215.64732746000038 7.91 0.001293540881355702 0.10357720103449507 False True -0.1232836751386793 130.8665400913942 -65.42407847017104 -1.186038229427906 21.068354249979258 -10.519399678203916
567 341 1880.0 1888 216.36600511900036 1.46 0.09376907827547241 0.0007787647395028777 False True -0.1232836751386793 130.8665400913942 -65.42407847017104 -1.186038229427906 21.068354249979258 -10.519399678203916
567 342 1884.0 1892 217.0800068040004 1.46 0.09376907827547241 0.10867487696501588 False True -0.1232836751386793 130.8665400913942 -65.42407847017104 -1.186038229427906 21.068354249979258 -10.519399678203916
567 343 1888.0 1896 217.7681907530004 1.46 0.09376907827547241 0.10867487696501588 False True -0.1232836751386793 130.8665400913942 -65.42407847017104 -1.186038229427906 21.068354249979258 -10.519399678203916
567 344 1892.0 1900 218.48681065400035 8.28 0.10867487696501588 0.001293540881355702 False True -0.1232836751386793 130.8665400913942 -65.42407847017104 -1.186038229427906 21.068354249979258 -10.519399678203916
567 345 1896.0 1904 219.20011972400033 8.28 0.10867487696501588 0.001293540881355702 False True -0.1232836751386793 130.8665400913942 -65.42407847017104 -1.186038229427906 21.068354249979258 -10.519399678203916
567 346 1900.0 1908 219.92521421100037 8.28 0.10867487696501588 0.001293540881355702 False True -0.1232836751386793 130.8665400913942 -65.42407847017104 -1.186038229427906 21.068354249979258 -10.519399678203916
567 347 1904.0 1912 220.62721988200036 8.28 0.10867487696501588 0.001293540881355702 False True -0.1232836751386793 130.8665400913942 -65.42407847017104 -1.186038229427906 21.068354249979258 -10.519399678203916
567 348 1908.0 1916 221.3259422230003 8.28 0.10867487696501588 0.001293540881355702 False True -0.1232836751386793 130.8665400913942 -65.42407847017104 -1.186038229427906 21.068354249979258 -10.519399678203916
567 349 1912.0 1920 222.02407497800027 8.28 0.10867487696501588 0.001293540881355702 False True -0.1232836751386793 130.8665400913942 -65.42407847017104 -1.186038229427906 21.068354249979258 -10.519399678203916
567 350 1916.0 1924 222.7451086020003 8.28 0.10867487696501588 0.001293540881355702 False True -0.1232836751386793 130.8665400913942 -65.42407847017104 -1.186038229427906 21.068354249979258 -10.519399678203916
567 351 1920.0 1928 223.44424021400033 7.91 0.001293540881355702 0.0003919764372166048 False True -0.1232836751386793 130.8665400913942 -65.42407847017104 -1.186038229427906 21.068354249979258 -10.519399678203916
567 352 1924.0 1932 224.18087120800033 7.91 0.001293540881355702 0.0003919764372166048 False True -0.1232836751386793 130.8665400913942 -65.42407847017104 -1.186038229427906 21.068354249979258 -10.519399678203916
567 353 1928.0 1936 224.90544321500033 7.91 0.001293540881355702 0.0003919764372166048 False True -0.1232836751386793 130.8665400913942 -65.42407847017104 -1.186038229427906 21.068354249979258 -10.519399678203916
567 354 1932.0 1940 225.60188500600037 7.91 0.001293540881355702 0.0007787647395028777 False True -0.1232836751386793 130.8665400913942 -65.42407847017104 -1.186038229427906 21.068354249979258 -10.519399678203916
567 355 1936.0 1944 226.30172757700035 7.91 0.001293540881355702 0.0007787647395028777 False True -0.1232836751386793 130.8665400913942 -65.42407847017104 -1.186038229427906 21.068354249979258 -10.519399678203916
567 356 1940.0 1948 227.02364296100035 7.91 0.001293540881355702 0.0007787647395028777 False True -0.1232836751386793 130.8665400913942 -65.42407847017104 -1.186038229427906 21.068354249979258 -10.519399678203916
567 357 1944.0 1952 227.7376615950003 7.91 0.001293540881355702 0.0007787647395028777 False True -0.1232836751386793 130.8665400913942 -65.42407847017104 -1.186038229427906 21.068354249979258 -10.519399678203916
567 358 1948.0 1956 228.44532150500032 7.91 0.001293540881355702 0.0007787647395028777 False True -0.1232836751386793 130.8665400913942 -65.42407847017104 -1.186038229427906 21.068354249979258 -10.519399678203916
567 359 1952.0 1960 229.16058491100034 7.91 0.001293540881355702 0.0007787647395028777 False True -0.1232836751386793 130.8665400913942 -65.42407847017104 -1.186038229427906 21.068354249979258 -10.519399678203916
567 360 1956.0 1964 229.93738809100034 7.9 0.0007787647395028777 0.001293540881355702 False True -0.1232836751386793 130.8665400913942 -65.42407847017104 -1.186038229427906 21.068354249979258 -10.519399678203916
567 361 1960.0 1968 230.65881667600036 7.9 0.0007787647395028777 0.001293540881355702 False True -0.1232836751386793 130.8665400913942 -65.42407847017104 -1.186038229427906 21.068354249979258 -10.519399678203916
567 362 1964.0 1972 231.43775104500037 7.9 0.0007787647395028777 0.001293540881355702 False True -0.1232836751386793 130.8665400913942 -65.42407847017104 -1.186038229427906 21.068354249979258 -10.519399678203916
567 363 1968.0 1976 232.15823207100038 7.9 0.0007787647395028777 0.001293540881355702 False True -0.1232836751386793 130.8665400913942 -65.42407847017104 -1.186038229427906 21.068354249979258 -10.519399678203916
567 364 1972.0 1980 232.92603795500037 7.9 0.0007787647395028777 0.001293540881355702 False True -0.1232836751386793 130.8665400913942 -65.42407847017104 -1.186038229427906 21.068354249979258 -10.519399678203916
567 365 1976.0 1984 233.65709586400033 7.9 0.0007787647395028777 0.001293540881355702 False True -0.1232836751386793 130.8665400913942 -65.42407847017104 -1.186038229427906 21.068354249979258 -10.519399678203916
567 366 1980.0 1988 234.40281650800029 7.9 0.0007787647395028777 0.001293540881355702 False True -0.1232836751386793 130.8665400913942 -65.42407847017104 -1.186038229427906 21.068354249979258 -10.519399678203916
567 367 1984.0 1992 235.12489519400026 7.91 0.001293540881355702 0.0007787647395028777 False True -0.1232836751386793 130.8665400913942 -65.42407847017104 -1.186038229427906 21.068354249979258 -10.519399678203916
567 368 1988.0 1996 235.90295068800026 7.9 0.0007787647395028777 0.001293540881355702 False True -0.1232836751386793 130.8665400913942 -65.42407847017104 -1.186038229427906 21.068354249979258 -10.519399678203916
