419 0 200.0 201 0.5715530700000073 7.88 0.0001194140118680349 0.03157584736355414 True False 0.04509566588885857 190.93330599570595 -95.46194517914175 -1.070492267432655 219.63334753314402 -109.80782596114143
419 1 200.0 201 0.9489896220000134 7.88 0.0001194140118680349 0.03714343801900107 True False 0.04509566588885857 190.93330599570595 -95.46194517914175 -1.070492267432655 219.63334753314402 -109.80782596114143
419 2 200.0 201 1.3132140140000104 7.88 0.0001194140118680349 0.034304095268792766 True False 0.04509566588885857 190.93330599570595 -95.46194517914175 -1.070492267432655 219.63334753314402 -109.80782596114143
419 3 200.0 201 1.6914542000000097 7.88 0.0001194140118680349 0.026453766062687557 True False 0.04509566588885857 190.93330599570595 -95.46194517914175 -1.070492267432655 219.63334753314402 -109.80782596114143
419 4 200.0 201 2.054021408000011 7.88 0.0001194140118680349 0.028958979581751972 True False 0.04509566588885857 190.93330599570595 -95.46194517914175 -1.070492267432655 219.63334753314402 -109.80782596114143
419 5 200.0 201 2.4335612270000127 7.88 0.0001194140118680349 0.03157584736355414 False True 0.04509566588885857 190.93330599570595 -95.46194517914175 -1.070492267432655 219.63334753314402 -109.80782596114143
419 6 212.0 213 3.032316857000012 7.88 0.0001194140118680349 0.1448152787367145 True False 0.04509566588885857 190.93330599570595 -95.46194517914175 -1.070492267432655 219.63334753314402 -109.80782596114143
419 7 212.0 213 3.3908528840000116 7.88 0.0001194140118680349 0.14094882141630954 True False 0.04509566588885857 190.93330599570595 -95.46194517914175 -1.070492267432655 219.63334753314402 -109.80782596114143
419 8 212.0 213 3.752729696000003 7.88 0.0001194140118680349 0.1448152787367145 False True 0.04509566588885857 190.93330599570595 -95.46194517914175 -1.070492267432655 219.63334753314402 -109.80782596114143
419 9 224.0 225 4.351430050000005 7.88 0.0001194140118680349 0.00897097195168565 True False 0.04509566588885857 190.93330599570595 -95.46194517914175 -1.070492267432655 219.63334753314402 -109.80782596114143
419 10 224.0 226 4.714572258000004 7.88 0.0001194140118680349 0.07157641666668685 True False 0.04509566588885857 190.93330599570595 -95.46194517914175 -1.070492267432655 219.63334753314402 -109.80782596114143
419 11 224.0 226 5.093250921999996 7.88 0.0001194140118680349 0.012064267114265274 True False 0.04509566588885857 190.93330599570595 -95.46194517914175 -1.070492267432655 219.63334753314402 -109.80782596114143
419 12 224.0 226 5.4575620319999985 7.88 0.0001194140118680349 0.010460811482754327 True False 0.04509566588885857 190.93330599570595 -95.46194517914175 -1.070492267432655 219.63334753314402 -109.80782596114143
419 13 224.0 226 5.833907927999988 7.88 0.0001194140118680349 0.06381970871705048 True False 0.04509566588885857 190.93330599570595 -95.46194517914175 -1.070492267432655 219.63334753314402 -109.80782596114143
419 14 224.0 226 6.20920401399998 7.88 0.0001194140118680349 0.30863261259484615 True False 0.04509566588885857 190.93330599570595 -95.46194517914175 -1.070492267432655 219.63334753314402 -109.80782596114143
419 15 224.0 226 6.577533054999975 7.88 0.0001194140118680349 0.30863261259484615 False True 0.04509566588885857 190.93330599570595 -95.46194517914175 -1.070492267432655 219.63334753314402 -109.80782596114143
419 16 236.0 238 7.188501769999974 7.88 0.0001194140118680349 0.06764424457697159 True False 0.04509566588885857 190.93330599570595 -95.46194517914175 -1.070492267432655 219.63334753314402 -109.80782596114143
419 17 236.0 238 7.553358381999971 7.88 0.0001194140118680349 0.07561581930260058 True False 0.04509566588885857 190.93330599570595 -95.46194517914175 -1.070492267432655 219.63334753314402 -109.80782596114143
419 18 236.0 238 7.968331740999972 7.88 0.0001194140118680349 0.06764424457697159 False True 0.04509566588885857 190.93330599570595 -95.46194517914175 -1.070492267432655 219.63334753314402 -109.80782596114143
419 19 248.0 250 18.182010550999962 8.209999999999999 0.06764424457697159 0.0075949099460290055 True False 0.04509566588885857 190.93330599570595 -95.46194517914175 -1.070492267432655 219.63334753314402 -109.80782596114143
419 20 248.0 250 20.029125026999964 8.209999999999999 0.06764424457697159 0.00897097195168565 False True 0.04509566588885857 190.93330599570595 -95.46194517914175 -1.070492267432655 219.63334753314402 -109.80782596114143
419 21 260.0 262 22.11734609499996 7.88 0.0001194140118680349 0.07838802973062922 True False 0.04509566588885857 190.93330599570595 -95.46194517914175 -1.070492267432655 219.63334753314402 -109.80782596114143
419 22 260.0 262 23.22282630199996 7.88 0.0001194140118680349 0.07838802973062922 False True 0.04509566588885857 190.93330599570595 -95.46194517914175 -1.070492267432655 219.63334753314402 -109.80782596114143
419 23 272.0 274 24.777033711999962 2.04 0.19434662821179255 0.08673013170498063 True False 0.04509566588885857 190.93330599570595 -95.46194517914175 -1.070492267432655 219.63334753314402 -109.80782596114143
419 24 272.0 275 25.599420169999973 2.04 0.19434662821179255 0.08519650718281806 True False 0.04509566588885857 190.93330599570595 -95.46194517914175 -1.070492267432655 219.63334753314402 -109.80782596114143
419 25 272.0 275 26.39773601299997 2.04 0.19434662821179255 0.08673013170498063 False True 0.04509566588885857 190.93330599570595 -95.46194517914175 -1.070492267432655 219.63334753314402 -109.80782596114143
419 26 284.0 287 27.67529157399997 2.04 0.19434662821179255 0.07941463638179475 True False 0.04509566588885857 190.93330599570595 -95.46194517914175 -1.070492267432655 219.63334753314402 -109.80782596114143
419 27 284.0 287 28.443645109999977 2.04 0.19434662821179255 0.07941463638179475 False True 0.04509566588885857 190.93330599570595 -95.46194517914175 -1.070492267432655 219.63334753314402 -109.80782596114143
419 28 296.0 299 29.65761612599998 2.04 0.19434662821179255 0.008921811564768622 True False 0.04509566588885857 190.93330599570595 -95.46194517914175 -1.070492267432655 219.63334753314402 -109.80782596114143
419 29 296.0 299 30.376807110999977 2.04 0.19434662821179255 0.008921811564768622 False True 0.04509566588885857 190.93330599570595 -95.46194517914175 -1.070492267432655 219.63334753314402 -109.80782596114143
419 30 308.0 311 31.50301715999997 7.74 0.008921811564768622 0.0196106248196004 True False 0.04509566588885857 190.93330599570595 -95.46194517914175 -1.070492267432655 219.63334753314402 -109.80782596114143
419 31 308.0 311 32.15423570899996 7.74 0.008921811564768622 0.002426115341311863 True False 0.04509566588885857 190.93330599570595 -95.46194517914175 -1.070492267432655 219.63334753314402 -109.80782596114143
419 32 308.0 311 32.77868727499995 7.74 0.008921811564768622 0.102080012392695 True False 0.04509566588885857 190.93330599570595 -95.46194517914175 -1.070492267432655 219.63334753314402 -109.80782596114143
419 33 308.0 311 33.394873224999955 7.74 0.008921811564768622 0.0217793425107909 True False 0.04509566588885857 190.93330599570595 -95.46194517914175 -1.070492267432655 219.63334753314402 -109.80782596114143
419 34 308.0 311 34.003411379999946 7.74 0.008921811564768622 0.01755454602519861 True False 0.04509566588885857 190.93330599570595 -95.46194517914175 -1.070492267432655 219.63334753314402 -109.80782596114143
419 35 308.0 311 34.60323784599994 7.74 0.008921811564768622 0.0196106248196004 False True 0.04509566588885857 190.93330599570595 -95.46194517914175 -1.070492267432655 219.63334753314402 -109.80782596114143
419 36 320.0 323 35.58064562199995 2.04 0.19434662821179255 0.001139135965412587 True False 0.04509566588885857 190.93330599570595 -95.46194517914175 -1.070492267432655 219.63334753314402 -109.80782596114143
419 37 320.0 323 36.19497551699996 2.04 0.19434662821179255 0.0006821250818699597 True False 0.04509566588885857 190.93330599570595 -95.46194517914175 -1.070492267432655 219.63334753314402 -109.80782596114143
419 38 320.0 324 36.77923536699997 2.04 0.19434662821179255 0.0017109188795315035 True False 0.04509566588885857 190.93330599570595 -95.46194517914175 -1.070492267432655 219.63334753314402 -109.80782596114143
419 39 320.0 324 37.37737707599997 2.04 0.19434662821179255 0.001139135965412587 False True 0.04509566588885857 190.93330599570595 -95.46194517914175 -1.070492267432655 219.63334753314402 -109.80782596114143
419 40 332.0 336 38.315153138999975 2.04 0.19434662821179255 0.09740634341635815 True False 0.04509566588885857 190.93330599570595 -95.46194517914175 -1.070492267432655 219.63334753314402 -109.80782596114143
419 41 332.0 336 38.85439230399999 2.04 0.19434662821179255 0.10685777425854183 True False 0.04509566588885857 190.93330599570595 -95.46194517914175 -1.070492267432655 219.63334753314402 -109.80782596114143
419 42 332.0 336 39.39650361999999 2.04 0.19434662821179255 0.102080012392695 False True 0.04509566588885857 190.93330599570595 -95.46194517914175 -1.070492267432655 219.63334753314402 -109.80782596114143
419 43 344.0 348 40.280306423 7.88 0.0001194140118680349 0.10063459753465873 True False 0.04509566588885857 190.93330599570595 -95.46194517914175 -1.070492267432655 219.63334753314402 -109.80782596114143
419 44 344.0 348 40.82101859299999 7.88 0.0001194140118680349 0.10307115353116113 True False 0.04509566588885857 190.93330599570595 -95.46194517914175 -1.070492267432655 219.63334753314402 -109.80782596114143
419 45 344.0 348 41.374087867 7.88 0.0001194140118680349 0.10307115353116113 False True 0.04509566588885857 190.93330599570595 -95.46194517914175 -1.070492267432655 219.63334753314402 -109.80782596114143
419 46 356.0 360 42.23626780400001 7.88 0.0001194140118680349 0.05648168637073654 True False 0.04509566588885857 190.93330599570595 -95.46194517914175 -1.070492267432655 219.63334753314402 -109.80782596114143
419 47 356.0 360 42.75447971700001 7.88 0.0001194140118680349 0.05648168637073654 False True 0.04509566588885857 190.93330599570595 -95.46194517914175 -1.070492267432655 219.63334753314402 -109.80782596114143
419 48 368.0 372 43.59758622400001 8.36 0.13768211956254797 0.03152254516573504 True False 0.04509566588885857 190.93330599570595 -95.46194517914175 -1.070492267432655 219.63334753314402 -109.80782596114143
419 49 368.0 372 44.11861323800001 8.36 0.13768211956254797 0.034253457427099676 True False 0.04509566588885857 190.93330599570595 -95.46194517914175 -1.070492267432655 219.63334753314402 -109.80782596114143
419 50 368.0 372 44.658993885 8.36 0.13768211956254797 0.02890360238481871 True False 0.04509566588885857 190.93330599570595 -95.46194517914175 -1.070492267432655 219.63334753314402 -109.80782596114143
419 51 368.0 372 45.212917328 8.36 0.13768211956254797 0.03152254516573504 False True 0.04509566588885857 190.93330599570595 -95.46194517914175 -1.070492267432655 219.63334753314402 -109.80782596114143
419 52 380.0 384 46.02003805199999 7.63 0.03152254516573504 0.1119029020709895 True False 0.04509566588885857 190.93330599570595 -95.46194517914175 -1.070492267432655 219.63334753314402 -109.80782596114143
419 53 380.0 385 46.49891268999998 7.63 0.03152254516573504 0.1119029020709895 False True 0.04509566588885857 190.93330599570595 -95.46194517914175 -1.070492267432655 219.63334753314402 -109.80782596114143
419 54 392.0 397 47.318510085999975 7.63 0.03152254516573504 0.021721029731219543 True False 0.04509566588885857 190.93330599570595 -95.46194517914175 -1.070492267432655 219.63334753314402 -109.80782596114143
419 55 392.0 397 47.83946836799997 7.63 0.03152254516573504 0.19065763997667518 True False 0.04509566588885857 190.93330599570595 -95.46194517914175 -1.070492267432655 219.63334753314402 -109.80782596114143
419 56 392.0 397 48.35815938299997 7.63 0.03152254516573504 0.019552347469156572 True False 0.04509566588885857 190.93330599570595 -95.46194517914175 -1.070492267432655 219.63334753314402 -109.80782596114143
419 57 392.0 397 48.840231442999965 7.63 0.03152254516573504 0.04311534833447679 True False 0.04509566588885857 190.93330599570595 -95.46194517914175 -1.070492267432655 219.63334753314402 -109.80782596114143
419 58 392.0 397 49.35309601099996 7.63 0.03152254516573504 0.021721029731219543 False True 0.04509566588885857 190.93330599570595 -95.46194517914175 -1.070492267432655 219.63334753314402 -109.80782596114143
419 59 404.0 409 50.11450206999996 7.63 0.03152254516573504 0.04960566365803825 True False 0.04509566588885857 190.93330599570595 -95.46194517914175 -1.070492267432655 219.63334753314402 -109.80782596114143
419 60 404.0 409 50.57133289199996 7.63 0.03152254516573504 0.0032312671081829673 True False 0.04509566588885857 190.93330599570595 -95.46194517914175 -1.070492267432655 219.63334753314402 -109.80782596114143
419 61 404.0 409 51.01486298399996 7.63 0.03152254516573504 0.16613573123277772 True False 0.04509566588885857 190.93330599570595 -95.46194517914175 -1.070492267432655 219.63334753314402 -109.80782596114143
419 62 404.0 409 51.47173670899997 7.63 0.03152254516573504 0.0032312671081829673 False True 0.04509566588885857 190.93330599570595 -95.46194517914175 -1.070492267432655 219.63334753314402 -109.80782596114143
419 63 416.0 421 52.23690450299996 7.63 0.03152254516573504 0.04632501607414885 True False 0.04509566588885857 190.93330599570595 -95.46194517914175 -1.070492267432655 219.63334753314402 -109.80782596114143
419 64 416.0 421 52.73078198799996 7.63 0.03152254516573504 0.16024755812566693 True False 0.04509566588885857 190.93330599570595 -95.46194517914175 -1.070492267432655 219.63334753314402 -109.80782596114143
419 65 416.0 421 53.21729982299996 7.63 0.03152254516573504 0.052995813644372364 True False 0.04509566588885857 190.93330599570595 -95.46194517914175 -1.070492267432655 219.63334753314402 -109.80782596114143
419 66 416.0 422 53.69729872599996 7.63 0.03152254516573504 0.17212144187283362 True False 0.04509566588885857 190.93330599570595 -95.46194517914175 -1.070492267432655 219.63334753314402 -109.80782596114143
419 67 416.0 422 54.19185162499997 7.63 0.03152254516573504 0.04960566365803825 False True 0.04509566588885857 190.93330599570595 -95.46194517914175 -1.070492267432655 219.63334753314402 -109.80782596114143
419 68 428.0 434 54.91928058499997 8.36 0.13768211956254797 0.04005013644856018 True False 0.04509566588885857 190.93330599570595 -95.46194517914175 -1.070492267432655 219.63334753314402 -109.80782596114143
419 69 428.0 434 55.354665678999964 8.36 0.13768211956254797 0.04311534833447679 False True 0.04509566588885857 190.93330599570595 -95.46194517914175 -1.070492267432655 219.63334753314402 -109.80782596114143
419 70 440.0 446 56.09596470499997 7.59 0.04311534833447679 0.1748670728836127 True False 0.04509566588885857 190.93330599570595 -95.46194517914175 -1.070492267432655 219.63334753314402 -109.80782596114143
419 71 440.0 446 56.576519624999975 7.59 0.04311534833447679 0.2154648099945308 True False 0.04509566588885857 190.93330599570595 -95.46194517914175 -1.070492267432655 219.63334753314402 -109.80782596114143
419 72 440.0 446 57.05132035699998 7.59 0.04311534833447679 0.22099640059892312 True False 0.04509566588885857 190.93330599570595 -95.46194517914175 -1.070492267432655 219.63334753314402 -109.80782596114143
419 73 440.0 446 57.537130829999995 7.59 0.04311534833447679 0.1795815499345426 True False 0.04509566588885857 190.93330599570595 -95.46194517914175 -1.070492267432655 219.63334753314402 -109.80782596114143
419 74 440.0 446 58.013915835999995 7.59 0.04311534833447679 0.2154648099945308 False True 0.04509566588885857 190.93330599570595 -95.46194517914175 -1.070492267432655 219.63334753314402 -109.80782596114143
419 75 452.0 458 58.713728642999996 1.83 0.11105075688769056 0.026396878578900197 True False 0.04509566588885857 190.93330599570595 -95.46194517914175 -1.070492267432655 219.63334753314402 -109.80782596114143
419 76 452.0 458 59.13461295900001 1.83 0.11105075688769056 0.02890360238481871 False True 0.04509566588885857 190.93330599570595 -95.46194517914175 -1.070492267432655 219.63334753314402 -109.80782596114143
419 77 464.0 470 59.86223523300001 7.64 0.02890360238481871 0.15385984948854728 True False 0.04509566588885857 190.93330599570595 -95.46194517914175 -1.070492267432655 219.63334753314402 -109.80782596114143
419 78 464.0 470 60.360779905000015 7.64 0.02890360238481871 0.15385984948854728 False True 0.04509566588885857 190.93330599570595 -95.46194517914175 -1.070492267432655 219.63334753314402 -109.80782596114143
419 79 476.0 482 61.02868133800001 7.64 0.02890360238481871 0.12072105306291259 True False 0.04509566588885857 190.93330599570595 -95.46194517914175 -1.070492267432655 219.63334753314402 -109.80782596114143
419 80 476.0 482 61.447524191000014 7.64 0.02890360238481871 0.12396495312714359 True False 0.04509566588885857 190.93330599570595 -95.46194517914175 -1.070492267432655 219.63334753314402 -109.80782596114143
419 81 476.0 483 61.860631442 7.64 0.02890360238481871 0.12072105306291259 False True 0.04509566588885857 190.93330599570595 -95.46194517914175 -1.070492267432655 219.63334753314402 -109.80782596114143
419 82 488.0 495 62.560301304999996 7.64 0.02890360238481871 0.2169974713609213 True False 0.04509566588885857 190.93330599570595 -95.46194517914175 -1.070492267432655 219.63334753314402 -109.80782596114143
419 83 488.0 495 63.018798812 7.64 0.02890360238481871 0.2169974713609213 False True 0.04509566588885857 190.93330599570595 -95.46194517914175 -1.070492267432655 219.63334753314402 -109.80782596114143
419 84 500.0 507 63.699671282 7.64 0.02890360238481871 0.21669992465824406 True False 0.04509566588885857 190.93330599570595 -95.46194517914175 -1.070492267432655 219.63334753314402 -109.80782596114143
419 85 500.0 507 64.099437145 7.64 0.02890360238481871 0.17820407898513707 True False 0.04509566588885857 190.93330599570595 -95.46194517914175 -1.070492267432655 219.63334753314402 -109.80782596114143
419 86 500.0 507 64.50202996299998 7.64 0.02890360238481871 0.07613689879272324 True False 0.04509566588885857 190.93330599570595 -95.46194517914175 -1.070492267432655 219.63334753314402 -109.80782596114143
419 87 500.0 507 64.903652682 7.64 0.02890360238481871 0.18438302181516852 True False 0.04509566588885857 190.93330599570595 -95.46194517914175 -1.070492267432655 219.63334753314402 -109.80782596114143
419 88 500.0 507 65.30631500000001 7.64 0.02890360238481871 0.07652769649121029 True False 0.04509566588885857 190.93330599570595 -95.46194517914175 -1.070492267432655 219.63334753314402 -109.80782596114143
419 89 500.0 507 65.704930375 7.64 0.02890360238481871 0.17820407898513707 False True 0.04509566588885857 190.93330599570595 -95.46194517914175 -1.070492267432655 219.63334753314402 -109.80782596114143
419 90 512.0 519 66.386366259 7.64 0.02890360238481871 0.015554489567713362 True False 0.04509566588885857 190.93330599570595 -95.46194517914175 -1.070492267432655 219.63334753314402 -109.80782596114143
419 91 512.0 519 66.828266735 7.64 0.02890360238481871 0.07613689879272324 False True 0.04509566588885857 190.93330599570595 -95.46194517914175 -1.070492267432655 219.63334753314402 -109.80782596114143
419 92 524.0 531 67.50017413199998 1.61 0.07613689879272324 0.02890360238481871 False True 0.04509566588885857 190.93330599570595 -95.46194517914175 -1.070492267432655 219.63334753314402 -109.80782596114143
419 93 528.0 535 68.20745948799998 7.64 0.02890360238481871 0.07652769649121029 False True 0.04509566588885857 190.93330599570595 -95.46194517914175 -1.070492267432655 219.63334753314402 -109.80782596114143
419 94 540.0 547 68.87930461299999 7.64 0.02890360238481871 0.07569959518222485 True False 0.04509566588885857 190.93330599570595 -95.46194517914175 -1.070492267432655 219.63334753314402 -109.80782596114143
419 95 540.0 547 69.262764044 7.64 0.02890360238481871 0.07586085193088726 True False 0.04509566588885857 190.93330599570595 -95.46194517914175 -1.070492267432655 219.63334753314402 -109.80782596114143
419 96 540.0 547 69.66079901999998 7.64 0.02890360238481871 0.07586085193088726 False True 0.04509566588885857 190.93330599570595 -95.46194517914175 -1.070492267432655 219.63334753314402 -109.80782596114143
419 97 552.0 559 70.33872137899999 7.64 0.02890360238481871 0.07565315634317246 True False 0.04509566588885857 190.93330599570595 -95.46194517914175 -1.070492267432655 219.63334753314402 -109.80782596114143
419 98 552.0 560 70.759799018 7.64 0.02890360238481871 0.07569959518222485 False True 0.04509566588885857 190.93330599570595 -95.46194517914175 -1.070492267432655 219.63334753314402 -109.80782596114143
419 99 564.0 572 71.40187085400001 7.64 0.02890360238481871 0.2380634919835049 True False 0.04509566588885857 190.93330599570595 -95.46194517914175 -1.070492267432655 219.63334753314402 -109.80782596114143
419 100 564.0 572 71.786140187 7.64 0.02890360238481871 0.23109056902943567 True False 0.04509566588885857 190.93330599570595 -95.46194517914175 -1.070492267432655 219.63334753314402 -109.80782596114143
419 101 564.0 572 72.167707955 7.64 0.02890360238481871 0.2380634919835049 False True 0.04509566588885857 190.93330599570595 -95.46194517914175 -1.070492267432655 219.63334753314402 -109.80782596114143
419 102 576.0 584 72.863309375 7.64 0.02890360238481871 0.19121927438961117 True False 0.04509566588885857 190.93330599570595 -95.46194517914175 -1.070492267432655 219.63334753314402 -109.80782596114143
419 103 576.0 584 73.300180522 7.64 0.02890360238481871 0.1976271289698503 True False 0.04509566588885857 190.93330599570595 -95.46194517914175 -1.070492267432655 219.63334753314402 -109.80782596114143
419 104 576.0 584 73.72376186600002 7.64 0.02890360238481871 0.1849078528839051 True False 0.04509566588885857 190.93330599570595 -95.46194517914175 -1.070492267432655 219.63334753314402 -109.80782596114143
419 105 576.0 584 74.16016444600001 7.64 0.02890360238481871 0.19121927438961117 False True 0.04509566588885857 190.93330599570595 -95.46194517914175 -1.070492267432655 219.63334753314402 -109.80782596114143
419 106 588.0 596 74.80268859899999 1.61 0.07613689879272324 0.02890360238481871 False True 0.04509566588885857 190.93330599570595 -95.46194517914175 -1.070492267432655 219.63334753314402 -109.80782596114143
419 107 592.0 600 75.42604496299998 1.61 0.07613689879272324 0.02890360238481871 False True 0.04509566588885857 190.93330599570595 -95.46194517914175 -1.070492267432655 219.63334753314402 -109.80782596114143
419 108 596.0 604 76.11919867199998 1.61 0.07613689879272324 0.02890360238481871 False True 0.04509566588885857 190.93330599570595 -95.46194517914175 -1.070492267432655 219.63334753314402 -109.80782596114143
419 109 600.0 608 76.760225292 7.64 0.02890360238481871 0.34499904890505284 True False 0.04509566588885857 190.93330599570595 -95.46194517914175 -1.070492267432655 219.63334753314402 -109.80782596114143
419 110 600.0 608 77.142740998 7.64 0.02890360238481871 0.32869676282689436 True False 0.04509566588885857 190.93330599570595 -95.46194517914175 -1.070492267432655 219.63334753314402 -109.80782596114143
419 111 600.0 608 77.520815508 7.64 0.02890360238481871 0.3616265843660321 True False 0.04509566588885857 190.93330599570595 -95.46194517914175 -1.070492267432655 219.63334753314402 -109.80782596114143
419 112 600.0 608 77.88592926599998 7.64 0.02890360238481871 0.3532725669550305 True False 0.04509566588885857 190.93330599570595 -95.46194517914175 -1.070492267432655 219.63334753314402 -109.80782596114143
419 113 600.0 608 78.26400794499997 7.64 0.02890360238481871 0.33680684523393073 True False 0.04509566588885857 190.93330599570595 -95.46194517914175 -1.070492267432655 219.63334753314402 -109.80782596114143
419 114 600.0 609 78.64236615299995 7.64 0.02890360238481871 0.3532725669550305 False True 0.04509566588885857 190.93330599570595 -95.46194517914175 -1.070492267432655 219.63334753314402 -109.80782596114143
419 115 612.0 621 79.26192933599995 7.64 0.02890360238481871 0.5259819690838964 True False 0.04509566588885857 190.93330599570595 -95.46194517914175 -1.070492267432655 219.63334753314402 -109.80782596114143
419 116 612.0 621 79.64534444499995 7.64 0.02890360238481871 0.5169329716007416 True False 0.04509566588885857 190.93330599570595 -95.46194517914175 -1.070492267432655 219.63334753314402 -109.80782596114143
419 117 612.0 621 80.02053890999994 7.64 0.02890360238481871 0.5169329716007416 False True 0.04509566588885857 190.93330599570595 -95.46194517914175 -1.070492267432655 219.63334753314402 -109.80782596114143
419 118 624.0 633 80.62493880499994 7.64 0.02890360238481871 0.01749676969721489 True False 0.04509566588885857 190.93330599570595 -95.46194517914175 -1.070492267432655 219.63334753314402 -109.80782596114143
419 119 624.0 633 81.04034655199996 7.64 0.02890360238481871 0.015554489567713362 False True 0.04509566588885857 190.93330599570595 -95.46194517914175 -1.070492267432655 219.63334753314402 -109.80782596114143
419 120 636.0 645 81.69991390199996 7.7 0.015554489567713362 0.02890360238481871 False True 0.04509566588885857 190.93330599570595 -95.46194517914175 -1.070492267432655 219.63334753314402 -109.80782596114143
419 121 640.0 649 82.33950400799998 7.7 0.015554489567713362 0.026396878578900197 False True 0.04509566588885857 190.93330599570595 -95.46194517914175 -1.070492267432655 219.63334753314402 -109.80782596114143
419 122 652.0 661 82.95256450399998 7.7 0.015554489567713362 0.02890360238481871 False True 0.04509566588885857 190.93330599570595 -95.46194517914175 -1.070492267432655 219.63334753314402 -109.80782596114143
419 123 656.0 665 83.57905970199997 7.7 0.015554489567713362 0.02890360238481871 False True 0.04509566588885857 190.93330599570595 -95.46194517914175 -1.070492267432655 219.63334753314402 -109.80782596114143
419 124 660.0 669 84.21365599399996 7.7 0.015554489567713362 0.02890360238481871 False True 0.04509566588885857 190.93330599570595 -95.46194517914175 -1.070492267432655 219.63334753314402 -109.80782596114143
419 125 664.0 673 84.87674719299997 1.61 0.07613689879272324 0.01749676969721489 False True 0.04509566588885857 190.93330599570595 -95.46194517914175 -1.070492267432655 219.63334753314402 -109.80782596114143
419 126 676.0 685 85.51428255099998 1.61 0.07613689879272324 0.02890360238481871 False True 0.04509566588885857 190.93330599570595 -95.46194517914175 -1.070492267432655 219.63334753314402 -109.80782596114143
419 127 680.0 689 86.17484288199998 7.64 0.02890360238481871 0.08020076984060447 True False 0.04509566588885857 190.93330599570595 -95.46194517914175 -1.070492267432655 219.63334753314402 -109.80782596114143
419 128 680.0 689 86.57843010199997 7.64 0.02890360238481871 0.17025701761203127 True False 0.04509566588885857 190.93330599570595 -95.46194517914175 -1.070492267432655 219.63334753314402 -109.80782596114143
419 129 680.0 689 86.99498300899995 7.64 0.02890360238481871 0.1748670728836127 False True 0.04509566588885857 190.93330599570595 -95.46194517914175 -1.070492267432655 219.63334753314402 -109.80782596114143
419 130 692.0 701 87.63349612299993 7.64 0.02890360238481871 0.08020076984060447 False True 0.04509566588885857 190.93330599570595 -95.46194517914175 -1.070492267432655 219.63334753314402 -109.80782596114143
419 131 704.0 713 88.23526618399993 1.6700000000000002 0.08020076984060447 0.02890360238481871 False True 0.04509566588885857 190.93330599570595 -95.46194517914175 -1.070492267432655 219.63334753314402 -109.80782596114143
419 132 708.0 717 88.86282338299995 7.64 0.02890360238481871 0.07923720857040714 True False 0.04509566588885857 190.93330599570595 -95.46194517914175 -1.070492267432655 219.63334753314402 -109.80782596114143
419 133 708.0 717 89.25871089799995 7.64 0.02890360238481871 0.08127860550682547 True False 0.04509566588885857 190.93330599570595 -95.46194517914175 -1.070492267432655 219.63334753314402 -109.80782596114143
419 134 708.0 717 89.66112235699993 7.64 0.02890360238481871 0.07923720857040714 False True 0.04509566588885857 190.93330599570595 -95.46194517914175 -1.070492267432655 219.63334753314402 -109.80782596114143
419 135 720.0 729 90.31921139899993 7.64 0.02890360238481871 0.07160096881315639 True False 0.04509566588885857 190.93330599570595 -95.46194517914175 -1.070492267432655 219.63334753314402 -109.80782596114143
419 136 720.0 729 90.73319334099992 7.64 0.02890360238481871 0.06765804148983949 True False 0.04509566588885857 190.93330599570595 -95.46194517914175 -1.070492267432655 219.63334753314402 -109.80782596114143
419 137 720.0 729 91.14069514399992 7.64 0.02890360238481871 0.07565200648182324 True False 0.04509566588885857 190.93330599570595 -95.46194517914175 -1.070492267432655 219.63334753314402 -109.80782596114143
419 138 720.0 730 91.53981638899992 7.64 0.02890360238481871 0.07160096881315639 False True 0.04509566588885857 190.93330599570595 -95.46194517914175 -1.070492267432655 219.63334753314402 -109.80782596114143
419 139 732.0 742 92.17391344999993 7.64 0.02890360238481871 0.037096078476265074 True False 0.04509566588885857 190.93330599570595 -95.46194517914175 -1.070492267432655 219.63334753314402 -109.80782596114143
419 140 732.0 742 92.55783824099993 7.64 0.02890360238481871 0.034253457427099676 False True 0.04509566588885857 190.93330599570595 -95.46194517914175 -1.070492267432655 219.63334753314402 -109.80782596114143
419 141 744.0 754 93.17431837699993 7.64 0.02890360238481871 0.06009803465597249 True False 0.04509566588885857 190.93330599570595 -95.46194517914175 -1.070492267432655 219.63334753314402 -109.80782596114143
419 142 744.0 754 93.55377023399993 7.64 0.02890360238481871 0.052974910808361954 True False 0.04509566588885857 190.93330599570595 -95.46194517914175 -1.070492267432655 219.63334753314402 -109.80782596114143
419 143 744.0 754 93.93739127499992 7.64 0.02890360238481871 0.06382360641864615 True False 0.04509566588885857 190.93330599570595 -95.46194517914175 -1.070492267432655 219.63334753314402 -109.80782596114143
419 144 744.0 754 94.31511378699992 7.64 0.02890360238481871 0.049578046255853284 True False 0.04509566588885857 190.93330599570595 -95.46194517914175 -1.070492267432655 219.63334753314402 -109.80782596114143
419 145 744.0 754 94.69857029999991 7.64 0.02890360238481871 0.06009803465597249 False True 0.04509566588885857 190.93330599570595 -95.46194517914175 -1.070492267432655 219.63334753314402 -109.80782596114143
419 146 756.0 766 95.32096659699991 7.64 0.02890360238481871 0.12324273260683495 True False 0.04509566588885857 190.93330599570595 -95.46194517914175 -1.070492267432655 219.63334753314402 -109.80782596114143
419 147 756.0 766 95.69748318799992 7.64 0.02890360238481871 0.08401463989924349 True False 0.04509566588885857 190.93330599570595 -95.46194517914175 -1.070492267432655 219.63334753314402 -109.80782596114143
419 148 756.0 766 96.07932413999993 7.64 0.02890360238481871 0.08247059610616303 True False 0.04509566588885857 190.93330599570595 -95.46194517914175 -1.070492267432655 219.63334753314402 -109.80782596114143
419 149 756.0 766 96.4560000319999 7.64 0.02890360238481871 0.037096078476265074 False True 0.04509566588885857 190.93330599570595 -95.46194517914175 -1.070492267432655 219.63334753314402 -109.80782596114143
419 150 768.0 778 97.07777824399992 7.64 0.02890360238481871 0.08127860550682547 False True 0.04509566588885857 190.93330599570595 -95.46194517914175 -1.070492267432655 219.63334753314402 -109.80782596114143
419 151 780.0 790 97.6997935929999 7.64 0.02890360238481871 0.07976203607691132 True False 0.04509566588885857 190.93330599570595 -95.46194517914175 -1.070492267432655 219.63334753314402 -109.80782596114143
419 152 780.0 790 98.09422062099992 7.64 0.02890360238481871 0.12181066291764307 True False 0.04509566588885857 190.93330599570595 -95.46194517914175 -1.070492267432655 219.63334753314402 -109.80782596114143
419 153 780.0 791 98.47597261899992 7.64 0.02890360238481871 0.08401463989924349 False True 0.04509566588885857 190.93330599570595 -95.46194517914175 -1.070492267432655 219.63334753314402 -109.80782596114143
419 154 792.0 803 99.07861818299992 7.64 0.02890360238481871 0.1265658863942543 True False 0.04509566588885857 190.93330599570595 -95.46194517914175 -1.070492267432655 219.63334753314402 -109.80782596114143
419 155 792.0 803 99.46084587399992 7.64 0.02890360238481871 0.12324273260683495 False True 0.04509566588885857 190.93330599570595 -95.46194517914175 -1.070492267432655 219.63334753314402 -109.80782596114143
419 156 804.0 815 100.09697932999993 7.64 0.02890360238481871 0.08407683120649236 True False 0.04509566588885857 190.93330599570595 -95.46194517914175 -1.070492267432655 219.63334753314402 -109.80782596114143
419 157 804.0 815 100.46064250699993 7.64 0.02890360238481871 0.11672360528996745 True False 0.04509566588885857 190.93330599570595 -95.46194517914175 -1.070492267432655 219.63334753314402 -109.80782596114143
419 158 804.0 815 100.85591541499994 7.64 0.02890360238481871 0.0798107617768902 True False 0.04509566588885857 190.93330599570595 -95.46194517914175 -1.070492267432655 219.63334753314402 -109.80782596114143
419 159 804.0 815 101.23733273899995 7.64 0.02890360238481871 0.12181066291764307 False True 0.04509566588885857 190.93330599570595 -95.46194517914175 -1.070492267432655 219.63334753314402 -109.80782596114143
419 160 816.0 827 101.87274582499995 7.64 0.02890360238481871 0.1269997904601743 True False 0.04509566588885857 190.93330599570595 -95.46194517914175 -1.070492267432655 219.63334753314402 -109.80782596114143
419 161 816.0 827 102.27407446299995 7.64 0.02890360238481871 0.11672360528996745 False True 0.04509566588885857 190.93330599570595 -95.46194517914175 -1.070492267432655 219.63334753314402 -109.80782596114143
419 162 828.0 839 102.91311699699995 1.6700000000000002 0.08020076984060447 0.02890360238481871 False True 0.04509566588885857 190.93330599570595 -95.46194517914175 -1.070492267432655 219.63334753314402 -109.80782596114143
419 163 832.0 843 103.57155900599994 7.64 0.02890360238481871 0.08407683120649236 False True 0.04509566588885857 190.93330599570595 -95.46194517914175 -1.070492267432655 219.63334753314402 -109.80782596114143
419 164 844.0 855 104.21618322899994 7.64 0.02890360238481871 0.2501382587793972 True False 0.04509566588885857 190.93330599570595 -95.46194517914175 -1.070492267432655 219.63334753314402 -109.80782596114143
419 165 844.0 855 104.59372939899993 7.64 0.02890360238481871 0.16135205279381498 True False 0.04509566588885857 190.93330599570595 -95.46194517914175 -1.070492267432655 219.63334753314402 -109.80782596114143
419 166 844.0 855 104.97648793599993 7.64 0.02890360238481871 0.0924021557432764 True False 0.04509566588885857 190.93330599570595 -95.46194517914175 -1.070492267432655 219.63334753314402 -109.80782596114143
419 167 844.0 855 105.35571004699992 7.64 0.02890360238481871 0.26686654840636825 True False 0.04509566588885857 190.93330599570595 -95.46194517914175 -1.070492267432655 219.63334753314402 -109.80782596114143
419 168 844.0 855 105.73810476799991 7.64 0.02890360238481871 0.18439996560219332 True False 0.04509566588885857 190.93330599570595 -95.46194517914175 -1.070492267432655 219.63334753314402 -109.80782596114143
419 169 844.0 856 106.1158098839999 7.64 0.02890360238481871 0.09441411190029506 True False 0.04509566588885857 190.93330599570595 -95.46194517914175 -1.070492267432655 219.63334753314402 -109.80782596114143
419 170 844.0 856 106.50020117199989 7.64 0.02890360238481871 0.006289445921607448 True False 0.04509566588885857 190.93330599570595 -95.46194517914175 -1.070492267432655 219.63334753314402 -109.80782596114143
419 171 844.0 856 106.8920225839999 7.64 0.02890360238481871 0.24411399869613848 True False 0.04509566588885857 190.93330599570595 -95.46194517914175 -1.070492267432655 219.63334753314402 -109.80782596114143
419 172 844.0 856 107.28048404099991 7.64 0.02890360238481871 0.012010538172578255 True False 0.04509566588885857 190.93330599570595 -95.46194517914175 -1.070492267432655 219.63334753314402 -109.80782596114143
419 173 844.0 856 107.65961579899991 7.64 0.02890360238481871 0.14573379757234636 True False 0.04509566588885857 190.93330599570595 -95.46194517914175 -1.070492267432655 219.63334753314402 -109.80782596114143
419 174 844.0 856 108.0557322649999 7.64 0.02890360238481871 0.09050355713044958 True False 0.04509566588885857 190.93330599570595 -95.46194517914175 -1.070492267432655 219.63334753314402 -109.80782596114143
419 175 844.0 856 108.43841420899992 7.64 0.02890360238481871 0.1657518568391574 True False 0.04509566588885857 190.93330599570595 -95.46194517914175 -1.070492267432655 219.63334753314402 -109.80782596114143
419 176 844.0 856 108.83491863899991 7.64 0.02890360238481871 0.0924021557432764 False True 0.04509566588885857 190.93330599570595 -95.46194517914175 -1.070492267432655 219.63334753314402 -109.80782596114143
419 177 856.0 868 109.45589655799989 7.7 0.015554489567713362 0.02890360238481871 False True 0.04509566588885857 190.93330599570595 -95.46194517914175 -1.070492267432655 219.63334753314402 -109.80782596114143
419 178 860.0 872 110.0938201599999 8.33 0.12181066291764307 0.02890360238481871 False True 0.04509566588885857 190.93330599570595 -95.46194517914175 -1.070492267432655 219.63334753314402 -109.80782596114143
419 179 864.0 876 110.7169545779999 7.64 0.02890360238481871 0.07703319427367122 True False 0.04509566588885857 190.93330599570595 -95.46194517914175 -1.070492267432655 219.63334753314402 -109.80782596114143
419 180 864.0 876 111.0960752819999 7.64 0.02890360238481871 0.18439996560219332 False True 0.04509566588885857 190.93330599570595 -95.46194517914175 -1.070492267432655 219.63334753314402 -109.80782596114143
419 181 876.0 888 111.71162334499991 7.64 0.02890360238481871 0.07703319427367122 False True 0.04509566588885857 190.93330599570595 -95.46194517914175 -1.070492267432655 219.63334753314402 -109.80782596114143
419 182 888.0 900 112.3327681399999 1.61 0.07613689879272324 0.02890360238481871 False True 0.04509566588885857 190.93330599570595 -95.46194517914175 -1.070492267432655 219.63334753314402 -109.80782596114143
419 183 892.0 904 112.9397139219999 7.64 0.02890360238481871 0.16241566897818427 True False 0.04509566588885857 190.93330599570595 -95.46194517914175 -1.070492267432655 219.63334753314402 -109.80782596114143
419 184 892.0 904 113.3374337759999 7.64 0.02890360238481871 0.049578046255853284 False True 0.04509566588885857 190.93330599570595 -95.46194517914175 -1.070492267432655 219.63334753314402 -109.80782596114143
419 185 904.0 916 113.97027005899989 7.64 0.02890360238481871 0.14974290120819417 True False 0.04509566588885857 190.93330599570595 -95.46194517914175 -1.070492267432655 219.63334753314402 -109.80782596114143
419 186 904.0 917 114.35349623399989 7.64 0.02890360238481871 0.15808424234864413 True False 0.04509566588885857 190.93330599570595 -95.46194517914175 -1.070492267432655 219.63334753314402 -109.80782596114143
419 187 904.0 917 114.73986695699989 7.64 0.02890360238481871 0.14573379757234636 False True 0.04509566588885857 190.93330599570595 -95.46194517914175 -1.070492267432655 219.63334753314402 -109.80782596114143
419 188 916.0 929 115.3790555039999 7.64 0.02890360238481871 0.27429161498878185 True False 0.04509566588885857 190.93330599570595 -95.46194517914175 -1.070492267432655 219.63334753314402 -109.80782596114143
419 189 916.0 929 115.75803185199987 7.64 0.02890360238481871 0.25953048604913476 True False 0.04509566588885857 190.93330599570595 -95.46194517914175 -1.070492267432655 219.63334753314402 -109.80782596114143
419 190 916.0 929 116.15229589899988 7.64 0.02890360238481871 0.24411399869613848 False True 0.04509566588885857 190.93330599570595 -95.46194517914175 -1.070492267432655 219.63334753314402 -109.80782596114143
419 191 928.0 941 116.79676645799987 1.61 0.07613689879272324 0.02890360238481871 False True 0.04509566588885857 190.93330599570595 -95.46194517914175 -1.070492267432655 219.63334753314402 -109.80782596114143
419 192 932.0 945 117.45018885599987 1.61 0.07613689879272324 0.02890360238481871 False True 0.04509566588885857 190.93330599570595 -95.46194517914175 -1.070492267432655 219.63334753314402 -109.80782596114143
419 193 936.0 949 118.11626217499986 1.61 0.07613689879272324 0.02890360238481871 False True 0.04509566588885857 190.93330599570595 -95.46194517914175 -1.070492267432655 219.63334753314402 -109.80782596114143
419 194 940.0 953 118.77216301099986 1.61 0.07613689879272324 0.02890360238481871 False True 0.04509566588885857 190.93330599570595 -95.46194517914175 -1.070492267432655 219.63334753314402 -109.80782596114143
419 195 944.0 957 119.43668181099986 1.61 0.07613689879272324 0.02890360238481871 False True 0.04509566588885857 190.93330599570595 -95.46194517914175 -1.070492267432655 219.63334753314402 -109.80782596114143
419 196 948.0 961 120.09357293299985 7.64 0.02890360238481871 0.26686654840636825 False True 0.04509566588885857 190.93330599570595 -95.46194517914175 -1.070492267432655 219.63334753314402 -109.80782596114143
419 197 960.0 973 120.71302789799984 7.64 0.02890360238481871 0.06765804148983949 False True 0.04509566588885857 190.93330599570595 -95.46194517914175 -1.070492267432655 219.63334753314402 -109.80782596114143
419 198 972.0 985 121.35393385299983 7.64 0.02890360238481871 0.026396878578900197 False True 0.04509566588885857 190.93330599570595 -95.46194517914175 -1.070492267432655 219.63334753314402 -109.80782596114143
419 199 976.0 989 121.97769911699984 7.64 0.02890360238481871 0.005144703609867563 True False 0.04509566588885857 190.93330599570595 -95.46194517914175 -1.070492267432655 219.63334753314402 -109.80782596114143
419 200 976.0 989 122.37198805999984 7.64 0.02890360238481871 0.006289445921607448 False True 0.04509566588885857 190.93330599570595 -95.46194517914175 -1.070492267432655 219.63334753314402 -109.80782596114143
419 201 988.0 1001 122.98970055799984 7.76 0.006289445921607448 0.005144703609867563 False True 0.04509566588885857 190.93330599570595 -95.46194517914175 -1.070492267432655 219.63334753314402 -109.80782596114143
419 202 1000.0 1013 123.61632866099984 7.76 0.006289445921607448 0.0075485197378755645 True False 0.04509566588885857 190.93330599570595 -95.46194517914175 -1.070492267432655 219.63334753314402 -109.80782596114143
419 203 1000.0 1013 124.01176025999982 7.76 0.006289445921607448 0.0075485197378755645 False True 0.04509566588885857 190.93330599570595 -95.46194517914175 -1.070492267432655 219.63334753314402 -109.80782596114143
419 204 1012.0 1025 124.65485524199983 7.76 0.006289445921607448 0.0075485197378755645 False True 0.04509566588885857 190.93330599570595 -95.46194517914175 -1.070492267432655 219.63334753314402 -109.80782596114143
419 205 1016.0 1029 125.29765936299981 7.76 0.006289445921607448 0.0075485197378755645 False True 0.04509566588885857 190.93330599570595 -95.46194517914175 -1.070492267432655 219.63334753314402 -109.80782596114143
419 206 1020.0 1033 125.97214263199982 7.76 0.006289445921607448 0.0075485197378755645 False True 0.04509566588885857 190.93330599570595 -95.46194517914175 -1.070492267432655 219.63334753314402 -109.80782596114143
419 207 1024.0 1037 126.6180139419998 7.76 0.006289445921607448 0.0075485197378755645 False True 0.04509566588885857 190.93330599570595 -95.46194517914175 -1.070492267432655 219.63334753314402 -109.80782596114143
419 208 1028.0 1041 127.29311686399978 7.76 0.006289445921607448 0.010409196485437505 True False 0.04509566588885857 190.93330599570595 -95.46194517914175 -1.070492267432655 219.63334753314402 -109.80782596114143
419 209 1028.0 1041 127.6956241649998 7.76 0.006289445921607448 0.010409196485437505 False True 0.04509566588885857 190.93330599570595 -95.46194517914175 -1.070492267432655 219.63334753314402 -109.80782596114143
419 210 1040.0 1053 128.33762228299977 7.76 0.006289445921607448 0.026396878578900197 False True 0.04509566588885857 190.93330599570595 -95.46194517914175 -1.070492267432655 219.63334753314402 -109.80782596114143
419 211 1044.0 1057 128.99788918399977 7.76 0.006289445921607448 0.02890360238481871 False True 0.04509566588885857 190.93330599570595 -95.46194517914175 -1.070492267432655 219.63334753314402 -109.80782596114143
419 212 1048.0 1061 129.65007219299977 7.76 0.006289445921607448 0.02890360238481871 False True 0.04509566588885857 190.93330599570595 -95.46194517914175 -1.070492267432655 219.63334753314402 -109.80782596114143
419 213 1052.0 1065 130.31006712799976 7.76 0.006289445921607448 0.02890360238481871 False True 0.04509566588885857 190.93330599570595 -95.46194517914175 -1.070492267432655 219.63334753314402 -109.80782596114143
419 214 1056.0 1069 130.95016615899974 7.76 0.006289445921607448 0.004114394862259797 True False 0.04509566588885857 190.93330599570595 -95.46194517914175 -1.070492267432655 219.63334753314402 -109.80782596114143
419 215 1056.0 1069 131.33653866899974 7.76 0.006289445921607448 0.02890360238481871 False True 0.04509566588885857 190.93330599570595 -95.46194517914175 -1.070492267432655 219.63334753314402 -109.80782596114143
419 216 1060.0 1073 132.00841359199975 7.76 0.006289445921607448 0.02890360238481871 False True 0.04509566588885857 190.93330599570595 -95.46194517914175 -1.070492267432655 219.63334753314402 -109.80782596114143
419 217 1064.0 1077 132.65697049699975 7.76 0.006289445921607448 0.02890360238481871 False True 0.04509566588885857 190.93330599570595 -95.46194517914175 -1.070492267432655 219.63334753314402 -109.80782596114143
419 218 1068.0 1081 133.33674065599976 7.76 0.006289445921607448 0.02890360238481871 False True 0.04509566588885857 190.93330599570595 -95.46194517914175 -1.070492267432655 219.63334753314402 -109.80782596114143
419 219 1072.0 1085 134.0109204499998 7.76 0.006289445921607448 0.3932222590010156 True False 0.04509566588885857 190.93330599570595 -95.46194517914175 -1.070492267432655 219.63334753314402 -109.80782596114143
419 220 1072.0 1085 134.4085821559998 7.76 0.006289445921607448 0.3932222590010156 False True 0.04509566588885857 190.93330599570595 -95.46194517914175 -1.070492267432655 219.63334753314402 -109.80782596114143
419 221 1084.0 1097 135.0544249689998 7.76 0.006289445921607448 0.026396878578900197 False True 0.04509566588885857 190.93330599570595 -95.46194517914175 -1.070492267432655 219.63334753314402 -109.80782596114143
419 222 1088.0 1101 135.69762986699982 7.76 0.006289445921607448 0.026396878578900197 False True 0.04509566588885857 190.93330599570595 -95.46194517914175 -1.070492267432655 219.63334753314402 -109.80782596114143
419 223 1092.0 1105 136.33440472999982 7.76 0.006289445921607448 0.026396878578900197 False True 0.04509566588885857 190.93330599570595 -95.46194517914175 -1.070492267432655 219.63334753314402 -109.80782596114143
419 224 1096.0 1109 136.9982835769998 7.76 0.006289445921607448 0.026396878578900197 False True 0.04509566588885857 190.93330599570595 -95.46194517914175 -1.070492267432655 219.63334753314402 -109.80782596114143
419 225 1100.0 1113 137.65658881599978 7.76 0.006289445921607448 0.026396878578900197 False True 0.04509566588885857 190.93330599570595 -95.46194517914175 -1.070492267432655 219.63334753314402 -109.80782596114143
419 226 1104.0 1117 138.32088005799977 7.76 0.006289445921607448 0.02890360238481871 False True 0.04509566588885857 190.93330599570595 -95.46194517914175 -1.070492267432655 219.63334753314402 -109.80782596114143
419 227 1108.0 1121 138.97829091899976 7.76 0.006289445921607448 0.02890360238481871 False True 0.04509566588885857 190.93330599570595 -95.46194517914175 -1.070492267432655 219.63334753314402 -109.80782596114143
419 228 1112.0 1125 139.65522626199976 7.76 0.006289445921607448 0.02890360238481871 False True 0.04509566588885857 190.93330599570595 -95.46194517914175 -1.070492267432655 219.63334753314402 -109.80782596114143
419 229 1116.0 1129 140.31646603099975 7.76 0.006289445921607448 0.02890360238481871 False True 0.04509566588885857 190.93330599570595 -95.46194517914175 -1.070492267432655 219.63334753314402 -109.80782596114143
419 230 1120.0 1133 140.98957024099974 7.76 0.006289445921607448 0.02890360238481871 False True 0.04509566588885857 190.93330599570595 -95.46194517914175 -1.070492267432655 219.63334753314402 -109.80782596114143
419 231 1124.0 1137 141.63452314899973 7.76 0.006289445921607448 0.03152254516573504 False True 0.04509566588885857 190.93330599570595 -95.46194517914175 -1.070492267432655 219.63334753314402 -109.80782596114143
419 232 1128.0 1141 142.31061261999974 7.76 0.006289445921607448 0.03152254516573504 False True 0.04509566588885857 190.93330599570595 -95.46194517914175 -1.070492267432655 219.63334753314402 -109.80782596114143
419 233 1132.0 1145 142.96680296699975 7.76 0.006289445921607448 0.03152254516573504 False True 0.04509566588885857 190.93330599570595 -95.46194517914175 -1.070492267432655 219.63334753314402 -109.80782596114143
419 234 1136.0 1149 143.63458227999976 7.76 0.006289445921607448 0.03152254516573504 False True 0.04509566588885857 190.93330599570595 -95.46194517914175 -1.070492267432655 219.63334753314402 -109.80782596114143
419 235 1140.0 1153 144.29337631399977 7.76 0.006289445921607448 0.03152254516573504 False True 0.04509566588885857 190.93330599570595 -95.46194517914175 -1.070492267432655 219.63334753314402 -109.80782596114143
419 236 1144.0 1157 144.96984288899978 7.76 0.006289445921607448 0.03152254516573504 False True 0.04509566588885857 190.93330599570595 -95.46194517914175 -1.070492267432655 219.63334753314402 -109.80782596114143
419 237 1148.0 1161 145.6323572169998 7.76 0.006289445921607448 0.03152254516573504 False True 0.04509566588885857 190.93330599570595 -95.46194517914175 -1.070492267432655 219.63334753314402 -109.80782596114143
419 238 1152.0 1165 146.3114666399998 7.76 0.006289445921607448 0.03152254516573504 False True 0.04509566588885857 190.93330599570595 -95.46194517914175 -1.070492267432655 219.63334753314402 -109.80782596114143
419 239 1156.0 1169 146.9621134719998 7.76 0.006289445921607448 0.07765332991634923 True False 0.04509566588885857 190.93330599570595 -95.46194517914175 -1.070492267432655 219.63334753314402 -109.80782596114143
419 240 1156.0 1169 147.36056904899982 7.76 0.006289445921607448 0.0075485197378755645 False True 0.04509566588885857 190.93330599570595 -95.46194517914175 -1.070492267432655 219.63334753314402 -109.80782596114143
419 241 1160.0 1173 148.0413383349998 7.76 0.006289445921607448 0.03152254516573504 False True 0.04509566588885857 190.93330599570595 -95.46194517914175 -1.070492267432655 219.63334753314402 -109.80782596114143
419 242 1164.0 1177 148.7013262369998 7.76 0.006289445921607448 0.0 True False 0.04509566588885857 190.93330599570595 -95.46194517914175 -1.070492267432655 219.63334753314402 -109.80782596114143
419 243 1164.0 1178 149.0854389319998 7.76 0.006289445921607448 0.16135205279381498 False True 0.04509566588885857 190.93330599570595 -95.46194517914175 -1.070492267432655 219.63334753314402 -109.80782596114143
419 244 1176.0 1190 149.7054597689998 7.76 0.006289445921607448 0.16685370786242754 True False 0.04509566588885857 190.93330599570595 -95.46194517914175 -1.070492267432655 219.63334753314402 -109.80782596114143
419 245 1176.0 1190 150.1023616059998 7.76 0.006289445921607448 0.07765332991634923 False True 0.04509566588885857 190.93330599570595 -95.46194517914175 -1.070492267432655 219.63334753314402 -109.80782596114143
419 246 1188.0 1202 150.7487329339998 7.76 0.006289445921607448 0.16241566897818427 False True 0.04509566588885857 190.93330599570595 -95.46194517914175 -1.070492267432655 219.63334753314402 -109.80782596114143
419 247 1200.0 1214 151.4042779629998 1.19 0.16241566897818427 0.006289445921607448 False True 0.04509566588885857 190.93330599570595 -95.46194517914175 -1.070492267432655 219.63334753314402 -109.80782596114143
419 248 1204.0 1218 152.0627682249998 7.76 0.006289445921607448 0.16685370786242754 False True 0.04509566588885857 190.93330599570595 -95.46194517914175 -1.070492267432655 219.63334753314402 -109.80782596114143
419 249 1216.0 1230 152.68734802999978 7.76 0.006289445921607448 0.15808424234864413 False True 0.04509566588885857 190.93330599570595 -95.46194517914175 -1.070492267432655 219.63334753314402 -109.80782596114143
419 250 1228.0 1242 153.34294778099976 1.2 0.15808424234864413 0.006289445921607448 False True 0.04509566588885857 190.93330599570595 -95.46194517914175 -1.070492267432655 219.63334753314402 -109.80782596114143
419 251 1232.0 1246 154.46116370699977 1.2 0.15808424234864413 0.006289445921607448 False True 0.04509566588885857 190.93330599570595 -95.46194517914175 -1.070492267432655 219.63334753314402 -109.80782596114143
419 252 1236.0 1250 164.92638748999977 1.2 0.15808424234864413 0.006289445921607448 False True 0.04509566588885857 190.93330599570595 -95.46194517914175 -1.070492267432655 219.63334753314402 -109.80782596114143
419 253 1240.0 1254 167.42700566599976 7.76 0.006289445921607448 0.15808424234864413 False True 0.04509566588885857 190.93330599570595 -95.46194517914175 -1.070492267432655 219.63334753314402 -109.80782596114143
419 254 1244.0 1258 169.38772691699975 1.2 0.15808424234864413 0.006289445921607448 False True 0.04509566588885857 190.93330599570595 -95.46194517914175 -1.070492267432655 219.63334753314402 -109.80782596114143
419 255 1248.0 1262 170.97983173199975 7.76 0.006289445921607448 0.15808424234864413 False True 0.04509566588885857 190.93330599570595 -95.46194517914175 -1.070492267432655 219.63334753314402 -109.80782596114143
419 256 1252.0 1266 172.46445037399977 7.76 0.006289445921607448 0.16241566897818427 False True 0.04509566588885857 190.93330599570595 -95.46194517914175 -1.070492267432655 219.63334753314402 -109.80782596114143
419 257 1256.0 1270 173.8445366249998 7.76 0.006289445921607448 0.02400261201948887 True False 0.04509566588885857 190.93330599570595 -95.46194517914175 -1.070492267432655 219.63334753314402 -109.80782596114143
419 258 1256.0 1270 174.6186033159998 7.76 0.006289445921607448 2.2952080974937856e-06 True False 0.04509566588885857 190.93330599570595 -95.46194517914175 -1.070492267432655 219.63334753314402 -109.80782596114143
419 259 1256.0 1270 175.37832717499978 7.76 0.006289445921607448 0.004114394862259797 False True 0.04509566588885857 190.93330599570595 -95.46194517914175 -1.070492267432655 219.63334753314402 -109.80782596114143
419 260 1268.0 1282 176.56177002499976 7.76 0.006289445921607448 0.026396878578900197 False True 0.04509566588885857 190.93330599570595 -95.46194517914175 -1.070492267432655 219.63334753314402 -109.80782596114143
419 261 1272.0 1286 177.72117618799976 7.76 0.006289445921607448 0.026396878578900197 False True 0.04509566588885857 190.93330599570595 -95.46194517914175 -1.070492267432655 219.63334753314402 -109.80782596114143
419 262 1276.0 1290 178.82730951699978 7.76 0.006289445921607448 0.026396878578900197 False True 0.04509566588885857 190.93330599570595 -95.46194517914175 -1.070492267432655 219.63334753314402 -109.80782596114143
419 263 1280.0 1294 179.9647565379998 7.76 0.006289445921607448 0.02890360238481871 False True 0.04509566588885857 190.93330599570595 -95.46194517914175 -1.070492267432655 219.63334753314402 -109.80782596114143
419 264 1284.0 1298 181.0590467529998 7.76 0.006289445921607448 0.02890360238481871 False True 0.04509566588885857 190.93330599570595 -95.46194517914175 -1.070492267432655 219.63334753314402 -109.80782596114143
419 265 1288.0 1302 182.1398186419998 1.6 0.07586085193088726 0.02890360238481871 False True 0.04509566588885857 190.93330599570595 -95.46194517914175 -1.070492267432655 219.63334753314402 -109.80782596114143
419 266 1292.0 1306 183.17927767199978 1.61 0.07613689879272324 0.02890360238481871 False True 0.04509566588885857 190.93330599570595 -95.46194517914175 -1.070492267432655 219.63334753314402 -109.80782596114143
419 267 1296.0 1310 184.2028540299998 1.61 0.07613689879272324 0.006289445921607448 False True 0.04509566588885857 190.93330599570595 -95.46194517914175 -1.070492267432655 219.63334753314402 -109.80782596114143
419 268 1300.0 1314 185.19679052799984 7.76 0.006289445921607448 0.15385984948854728 False True 0.04509566588885857 190.93330599570595 -95.46194517914175 -1.070492267432655 219.63334753314402 -109.80782596114143
419 269 1304.0 1318 186.17944350699986 1.61 0.07613689879272324 0.02890360238481871 False True 0.04509566588885857 190.93330599570595 -95.46194517914175 -1.070492267432655 219.63334753314402 -109.80782596114143
419 270 1308.0 1322 187.1205417629999 1.6700000000000002 0.08020076984060447 0.02890360238481871 False True 0.04509566588885857 190.93330599570595 -95.46194517914175 -1.070492267432655 219.63334753314402 -109.80782596114143
419 271 1312.0 1326 188.06520332999992 7.21 0.2380634919835049 0.006289445921607448 False True 0.04509566588885857 190.93330599570595 -95.46194517914175 -1.070492267432655 219.63334753314402 -109.80782596114143
419 272 1316.0 1330 188.99692700299994 7.7 0.015554489567713362 0.006289445921607448 False True 0.04509566588885857 190.93330599570595 -95.46194517914175 -1.070492267432655 219.63334753314402 -109.80782596114143
419 273 1320.0 1334 189.92146292699994 7.7 0.015554489567713362 0.006289445921607448 False True 0.04509566588885857 190.93330599570595 -95.46194517914175 -1.070492267432655 219.63334753314402 -109.80782596114143
419 274 1324.0 1338 190.82204563599998 7.75 0.0075485197378755645 0.02890360238481871 False True 0.04509566588885857 190.93330599570595 -95.46194517914175 -1.070492267432655 219.63334753314402 -109.80782596114143
419 275 1328.0 1342 191.722945047 7.75 0.0075485197378755645 0.006289445921607448 False True 0.04509566588885857 190.93330599570595 -95.46194517914175 -1.070492267432655 219.63334753314402 -109.80782596114143
419 276 1332.0 1346 192.601053821 7.75 0.0075485197378755645 0.006289445921607448 False True 0.04509566588885857 190.93330599570595 -95.46194517914175 -1.070492267432655 219.63334753314402 -109.80782596114143
419 277 1336.0 1350 193.48231488099998 7.75 0.0075485197378755645 0.006289445921607448 False True 0.04509566588885857 190.93330599570595 -95.46194517914175 -1.070492267432655 219.63334753314402 -109.80782596114143
419 278 1340.0 1354 194.33940780799998 7.75 0.0075485197378755645 0.02890360238481871 False True 0.04509566588885857 190.93330599570595 -95.46194517914175 -1.070492267432655 219.63334753314402 -109.80782596114143
419 279 1344.0 1358 195.19772410499996 7.75 0.0075485197378755645 0.00035133227219509257 True False 0.04509566588885857 190.93330599570595 -95.46194517914175 -1.070492267432655 219.63334753314402 -109.80782596114143
419 280 1344.0 1358 195.71482942 7.75 0.0075485197378755645 0.034253457427099676 False True 0.04509566588885857 190.93330599570595 -95.46194517914175 -1.070492267432655 219.63334753314402 -109.80782596114143
419 281 1348.0 1362 196.520146011 7.62 0.034253457427099676 0.0075485197378755645 False True 0.04509566588885857 190.93330599570595 -95.46194517914175 -1.070492267432655 219.63334753314402 -109.80782596114143
419 282 1352.0 1366 197.34212944999996 7.62 0.034253457427099676 0.006289445921607448 False True 0.04509566588885857 190.93330599570595 -95.46194517914175 -1.070492267432655 219.63334753314402 -109.80782596114143
419 283 1356.0 1370 198.13960293999992 7.62 0.034253457427099676 0.006289445921607448 False True 0.04509566588885857 190.93330599570595 -95.46194517914175 -1.070492267432655 219.63334753314402 -109.80782596114143
419 284 1360.0 1374 198.95843935499994 7.62 0.034253457427099676 0.006289445921607448 False True 0.04509566588885857 190.93330599570595 -95.46194517914175 -1.070492267432655 219.63334753314402 -109.80782596114143
419 285 1364.0 1378 199.73285271499992 7.62 0.034253457427099676 0.006289445921607448 False True 0.04509566588885857 190.93330599570595 -95.46194517914175 -1.070492267432655 219.63334753314402 -109.80782596114143
419 286 1368.0 1382 200.53382854599994 7.76 0.006289445921607448 2.2952080974937856e-06 False True 0.04509566588885857 190.93330599570595 -95.46194517914175 -1.070492267432655 219.63334753314402 -109.80782596114143
419 287 1380.0 1394 201.31085785899995 7.87 2.2952080974937856e-06 0.006289445921607448 False True 0.04509566588885857 190.93330599570595 -95.46194517914175 -1.070492267432655 219.63334753314402 -109.80782596114143
419 288 1384.0 1398 202.09645214799997 7.76 0.006289445921607448 0.00035133227219509257 False True 0.04509566588885857 190.93330599570595 -95.46194517914175 -1.070492267432655 219.63334753314402 -109.80782596114143
419 289 1396.0 1410 202.85560755699998 7.89 0.00035133227219509257 0.006289445921607448 False True 0.04509566588885857 190.93330599570595 -95.46194517914175 -1.070492267432655 219.63334753314402 -109.80782596114143
419 290 1400.0 1414 203.63829653 7.89 0.00035133227219509257 0.006289445921607448 False True 0.04509566588885857 190.93330599570595 -95.46194517914175 -1.070492267432655 219.63334753314402 -109.80782596114143
419 291 1404.0 1418 204.39065262100002 7.89 0.00035133227219509257 0.006289445921607448 False True 0.04509566588885857 190.93330599570595 -95.46194517914175 -1.070492267432655 219.63334753314402 -109.80782596114143
419 292 1408.0 1422 205.15445914600002 7.89 0.00035133227219509257 0.006289445921607448 False True 0.04509566588885857 190.93330599570595 -95.46194517914175 -1.070492267432655 219.63334753314402 -109.80782596114143
419 293 1412.0 1426 205.89497303600007 7.89 0.00035133227219509257 0.006289445921607448 False True 0.04509566588885857 190.93330599570595 -95.46194517914175 -1.070492267432655 219.63334753314402 -109.80782596114143
419 294 1416.0 1430 206.65601127900004 7.89 0.00035133227219509257 0.006289445921607448 False True 0.04509566588885857 190.93330599570595 -95.46194517914175 -1.070492267432655 219.63334753314402 -109.80782596114143
419 295 1420.0 1434 207.39116501300003 7.89 0.00035133227219509257 0.000698014368868229 True False 0.04509566588885857 190.93330599570595 -95.46194517914175 -1.070492267432655 219.63334753314402 -109.80782596114143
419 296 1420.0 1434 207.83658406800004 7.89 0.00035133227219509257 0.03152254516573504 False True 0.04509566588885857 190.93330599570595 -95.46194517914175 -1.070492267432655 219.63334753314402 -109.80782596114143
419 297 1424.0 1438 208.59499070000004 7.89 0.00035133227219509257 0.006289445921607448 False True 0.04509566588885857 190.93330599570595 -95.46194517914175 -1.070492267432655 219.63334753314402 -109.80782596114143
419 298 1428.0 1442 209.33015933600007 7.89 0.00035133227219509257 0.000698014368868229 False True 0.04509566588885857 190.93330599570595 -95.46194517914175 -1.070492267432655 219.63334753314402 -109.80782596114143
419 299 1440.0 1454 210.01569070600004 7.89 0.00035133227219509257 0.006289445921607448 False True 0.04509566588885857 190.93330599570595 -95.46194517914175 -1.070492267432655 219.63334753314402 -109.80782596114143
419 300 1444.0 1458 210.73117115900004 7.89 0.00035133227219509257 0.006289445921607448 False True 0.04509566588885857 190.93330599570595 -95.46194517914175 -1.070492267432655 219.63334753314402 -109.80782596114143
419 301 1448.0 1462 211.43013858500007 7.89 0.00035133227219509257 0.006289445921607448 False True 0.04509566588885857 190.93330599570595 -95.46194517914175 -1.070492267432655 219.63334753314402 -109.80782596114143
419 302 1452.0 1466 212.16737068600003 7.89 0.00035133227219509257 0.006289445921607448 False True 0.04509566588885857 190.93330599570595 -95.46194517914175 -1.070492267432655 219.63334753314402 -109.80782596114143
419 303 1456.0 1470 212.872980424 7.89 0.00035133227219509257 0.006289445921607448 False True 0.04509566588885857 190.93330599570595 -95.46194517914175 -1.070492267432655 219.63334753314402 -109.80782596114143
419 304 1460.0 1474 213.60877989999994 7.89 0.00035133227219509257 0.006289445921607448 False True 0.04509566588885857 190.93330599570595 -95.46194517914175 -1.070492267432655 219.63334753314402 -109.80782596114143
419 305 1464.0 1478 214.31298764799993 7.89 0.00035133227219509257 0.0 False True 0.04509566588885857 190.93330599570595 -95.46194517914175 -1.070492267432655 219.63334753314402 -109.80782596114143
419 306 1476.0 1490 214.98863222599994 7.89 0.00035133227219509257 0.0 False True 0.04509566588885857 190.93330599570595 -95.46194517914175 -1.070492267432655 219.63334753314402 -109.80782596114143
419 307 1480.0 1494 215.67156696399996 7.89 0.00035133227219509257 0.0001194140118680349 False True 0.04509566588885857 190.93330599570595 -95.46194517914175 -1.070492267432655 219.63334753314402 -109.80782596114143
419 308 1484.0 1498 216.349112355 7.89 0.00035133227219509257 0.13354001619016748 True False 0.04509566588885857 190.93330599570595 -95.46194517914175 -1.070492267432655 219.63334753314402 -109.80782596114143
419 309 1484.0 1498 216.753927321 7.89 0.00035133227219509257 2.2952080974937856e-06 False True 0.04509566588885857 190.93330599570595 -95.46194517914175 -1.070492267432655 219.63334753314402 -109.80782596114143
419 310 1488.0 1502 217.45591978599998 7.89 0.00035133227219509257 0.12999843257421592 True False 0.04509566588885857 190.93330599570595 -95.46194517914175 -1.070492267432655 219.63334753314402 -109.80782596114143
419 311 1488.0 1502 217.90678887099995 7.89 0.00035133227219509257 0.028958979581751972 False True 0.04509566588885857 190.93330599570595 -95.46194517914175 -1.070492267432655 219.63334753314402 -109.80782596114143
419 312 1500.0 1514 218.59194999399995 7.89 0.00035133227219509257 2.2952080974937856e-06 False True 0.04509566588885857 190.93330599570595 -95.46194517914175 -1.070492267432655 219.63334753314402 -109.80782596114143
419 313 1504.0 1518 219.30934068299996 7.89 0.00035133227219509257 0.012064267114265274 False True 0.04509566588885857 190.93330599570595 -95.46194517914175 -1.070492267432655 219.63334753314402 -109.80782596114143
419 314 1516.0 1530 220.00780413799993 7.89 0.00035133227219509257 0.11692596729982714 True False 0.04509566588885857 190.93330599570595 -95.46194517914175 -1.070492267432655 219.63334753314402 -109.80782596114143
419 315 1516.0 1530 220.4117056519999 7.89 0.00035133227219509257 0.12999843257421592 False True 0.04509566588885857 190.93330599570595 -95.46194517914175 -1.070492267432655 219.63334753314402 -109.80782596114143
419 316 1528.0 1542 221.0529140879999 1.8900000000000001 0.12999843257421592 0.00035133227219509257 False True 0.04509566588885857 190.93330599570595 -95.46194517914175 -1.070492267432655 219.63334753314402 -109.80782596114143
419 317 1532.0 1546 221.7157949999999 7.89 0.00035133227219509257 0.12999843257421592 False True 0.04509566588885857 190.93330599570595 -95.46194517914175 -1.070492267432655 219.63334753314402 -109.80782596114143
419 318 1536.0 1550 222.3711196399999 7.89 0.00035133227219509257 0.12999843257421592 False True 0.04509566588885857 190.93330599570595 -95.46194517914175 -1.070492267432655 219.63334753314402 -109.80782596114143
419 319 1540.0 1554 223.0665996329999 7.89 0.00035133227219509257 0.5151338290340629 True False 0.04509566588885857 190.93330599570595 -95.46194517914175 -1.070492267432655 219.63334753314402 -109.80782596114143
419 320 1540.0 1554 223.4921682569999 7.89 0.00035133227219509257 0.11692596729982714 False True 0.04509566588885857 190.93330599570595 -95.46194517914175 -1.070492267432655 219.63334753314402 -109.80782596114143
419 321 1552.0 1566 224.1672231689999 7.89 0.00035133227219509257 0.12002931522818942 True False 0.04509566588885857 190.93330599570595 -95.46194517914175 -1.070492267432655 219.63334753314402 -109.80782596114143
419 322 1552.0 1567 224.56585916599988 7.89 0.00035133227219509257 0.11692596729982714 False True 0.04509566588885857 190.93330599570595 -95.46194517914175 -1.070492267432655 219.63334753314402 -109.80782596114143
419 323 1556.0 1571 225.22959237699985 7.89 0.00035133227219509257 0.11393301085524175 True False 0.04509566588885857 190.93330599570595 -95.46194517914175 -1.070492267432655 219.63334753314402 -109.80782596114143
419 324 1556.0 1571 225.64731092499983 7.89 0.00035133227219509257 0.12002931522818942 False True 0.04509566588885857 190.93330599570595 -95.46194517914175 -1.070492267432655 219.63334753314402 -109.80782596114143
419 325 1568.0 1583 226.30936921799986 7.89 0.00035133227219509257 0.11393301085524175 False True 0.04509566588885857 190.93330599570595 -95.46194517914175 -1.070492267432655 219.63334753314402 -109.80782596114143
419 326 1580.0 1595 226.93238146299984 1.84 0.11393301085524175 0.00035133227219509257 False True 0.04509566588885857 190.93330599570595 -95.46194517914175 -1.070492267432655 219.63334753314402 -109.80782596114143
419 327 1584.0 1599 227.57334063199983 1.84 0.11393301085524175 0.10827950531911455 True False 0.04509566588885857 190.93330599570595 -95.46194517914175 -1.070492267432655 219.63334753314402 -109.80782596114143
419 328 1584.0 1599 227.9510350719998 1.84 0.11393301085524175 0.11105075688769056 False True 0.04509566588885857 190.93330599570595 -95.46194517914175 -1.070492267432655 219.63334753314402 -109.80782596114143
419 329 1588.0 1603 228.57057011699976 1.84 0.11393301085524175 0.00035133227219509257 False True 0.04509566588885857 190.93330599570595 -95.46194517914175 -1.070492267432655 219.63334753314402 -109.80782596114143
419 330 1592.0 1607 229.2298068119997 1.84 0.11393301085524175 0.00035133227219509257 False True 0.04509566588885857 190.93330599570595 -95.46194517914175 -1.070492267432655 219.63334753314402 -109.80782596114143
419 331 1596.0 1611 229.88407315899968 1.84 0.11393301085524175 0.00035133227219509257 False True 0.04509566588885857 190.93330599570595 -95.46194517914175 -1.070492267432655 219.63334753314402 -109.80782596114143
419 332 1600.0 1615 230.5423574839997 1.84 0.11393301085524175 0.00035133227219509257 False True 0.04509566588885857 190.93330599570595 -95.46194517914175 -1.070492267432655 219.63334753314402 -109.80782596114143
419 333 1604.0 1619 231.18334316399967 1.84 0.11393301085524175 0.00035133227219509257 False True 0.04509566588885857 190.93330599570595 -95.46194517914175 -1.070492267432655 219.63334753314402 -109.80782596114143
419 334 1608.0 1623 231.82899986899963 1.84 0.11393301085524175 0.00035133227219509257 False True 0.04509566588885857 190.93330599570595 -95.46194517914175 -1.070492267432655 219.63334753314402 -109.80782596114143
419 335 1612.0 1627 232.46588260899966 1.84 0.11393301085524175 0.00035133227219509257 False True 0.04509566588885857 190.93330599570595 -95.46194517914175 -1.070492267432655 219.63334753314402 -109.80782596114143
419 336 1616.0 1631 233.12340434399965 1.84 0.11393301085524175 0.00035133227219509257 False True 0.04509566588885857 190.93330599570595 -95.46194517914175 -1.070492267432655 219.63334753314402 -109.80782596114143
419 337 1620.0 1635 233.75512595199962 1.84 0.11393301085524175 0.00035133227219509257 False True 0.04509566588885857 190.93330599570595 -95.46194517914175 -1.070492267432655 219.63334753314402 -109.80782596114143
419 338 1624.0 1639 234.40148317799964 7.89 0.00035133227219509257 0.11393301085524175 False True 0.04509566588885857 190.93330599570595 -95.46194517914175 -1.070492267432655 219.63334753314402 -109.80782596114143
419 339 1628.0 1643 235.03820578899968 7.89 0.00035133227219509257 0.11393301085524175 False True 0.04509566588885857 190.93330599570595 -95.46194517914175 -1.070492267432655 219.63334753314402 -109.80782596114143
419 340 1632.0 1647 235.69579388799968 7.89 0.00035133227219509257 0.11393301085524175 False True 0.04509566588885857 190.93330599570595 -95.46194517914175 -1.070492267432655 219.63334753314402 -109.80782596114143
419 341 1636.0 1651 236.33777204499972 7.89 0.00035133227219509257 0.11692596729982714 False True 0.04509566588885857 190.93330599570595 -95.46194517914175 -1.070492267432655 219.63334753314402 -109.80782596114143
419 342 1640.0 1655 236.98160463199974 7.89 0.00035133227219509257 0.11692596729982714 False True 0.04509566588885857 190.93330599570595 -95.46194517914175 -1.070492267432655 219.63334753314402 -109.80782596114143
419 343 1644.0 1659 237.61821004399974 7.89 0.00035133227219509257 0.11393301085524175 False True 0.04509566588885857 190.93330599570595 -95.46194517914175 -1.070492267432655 219.63334753314402 -109.80782596114143
419 344 1648.0 1663 238.26017965599976 7.89 0.00035133227219509257 0.11393301085524175 False True 0.04509566588885857 190.93330599570595 -95.46194517914175 -1.070492267432655 219.63334753314402 -109.80782596114143
419 345 1652.0 1667 238.89746678199975 7.89 0.00035133227219509257 0.09399843960308948 True False 0.04509566588885857 190.93330599570595 -95.46194517914175 -1.070492267432655 219.63334753314402 -109.80782596114143
419 346 1652.0 1667 239.28021690999975 7.89 0.00035133227219509257 0.13354001619016748 False True 0.04509566588885857 190.93330599570595 -95.46194517914175 -1.070492267432655 219.63334753314402 -109.80782596114143
419 347 1664.0 1679 239.89979770399975 7.89 0.00035133227219509257 0.09201166663228717 True False 0.04509566588885857 190.93330599570595 -95.46194517914175 -1.070492267432655 219.63334753314402 -109.80782596114143
419 348 1664.0 1679 240.27923044999972 7.89 0.00035133227219509257 0.09399843960308948 False True 0.04509566588885857 190.93330599570595 -95.46194517914175 -1.070492267432655 219.63334753314402 -109.80782596114143
419 349 1676.0 1691 240.91241543399968 7.89 0.00035133227219509257 0.0901378935030492 True False 0.04509566588885857 190.93330599570595 -95.46194517914175 -1.070492267432655 219.63334753314402 -109.80782596114143
419 350 1676.0 1691 241.29479418999972 7.89 0.00035133227219509257 0.09609800205022939 True False 0.04509566588885857 190.93330599570595 -95.46194517914175 -1.070492267432655 219.63334753314402 -109.80782596114143
419 351 1676.0 1691 241.6617632429997 7.89 0.00035133227219509257 0.09201166663228717 False True 0.04509566588885857 190.93330599570595 -95.46194517914175 -1.070492267432655 219.63334753314402 -109.80782596114143
419 352 1688.0 1703 242.29606187699972 7.89 0.00035133227219509257 0.02400261201948887 False True 0.04509566588885857 190.93330599570595 -95.46194517914175 -1.070492267432655 219.63334753314402 -109.80782596114143
419 353 1700.0 1715 242.93249704299973 7.89 0.00035133227219509257 0.28940583135634934 True False 0.04509566588885857 190.93330599570595 -95.46194517914175 -1.070492267432655 219.63334753314402 -109.80782596114143
419 354 1700.0 1715 243.31706137299972 7.89 0.00035133227219509257 0.09292924488045633 True False 0.04509566588885857 190.93330599570595 -95.46194517914175 -1.070492267432655 219.63334753314402 -109.80782596114143
419 355 1700.0 1715 243.6995686789997 7.89 0.00035133227219509257 0.034253457427099676 False True 0.04509566588885857 190.93330599570595 -95.46194517914175 -1.070492267432655 219.63334753314402 -109.80782596114143
419 356 1704.0 1719 244.3572156029997 7.89 0.00035133227219509257 0.034304095268792766 False True 0.04509566588885857 190.93330599570595 -95.46194517914175 -1.070492267432655 219.63334753314402 -109.80782596114143
419 357 1716.0 1731 244.99403313499965 8.11 0.034304095268792766 0.03714343801900107 False True 0.04509566588885857 190.93330599570595 -95.46194517914175 -1.070492267432655 219.63334753314402 -109.80782596114143
419 358 1728.0 1743 245.59460647599968 8.11 0.034304095268792766 0.00035133227219509257 False True 0.04509566588885857 190.93330599570595 -95.46194517914175 -1.070492267432655 219.63334753314402 -109.80782596114143
419 359 1732.0 1747 246.29585544199966 8.11 0.034304095268792766 0.00035133227219509257 False True 0.04509566588885857 190.93330599570595 -95.46194517914175 -1.070492267432655 219.63334753314402 -109.80782596114143
419 360 1736.0 1751 246.89976410799966 7.89 0.00035133227219509257 0.2818049556353152 True False 0.04509566588885857 190.93330599570595 -95.46194517914175 -1.070492267432655 219.63334753314402 -109.80782596114143
419 361 1736.0 1751 247.28073741999964 7.89 0.00035133227219509257 0.0001194140118680349 False True 0.04509566588885857 190.93330599570595 -95.46194517914175 -1.070492267432655 219.63334753314402 -109.80782596114143
419 362 1740.0 1755 247.93444888599964 7.89 0.00035133227219509257 0.0001194140118680349 False True 0.04509566588885857 190.93330599570595 -95.46194517914175 -1.070492267432655 219.63334753314402 -109.80782596114143
419 363 1744.0 1759 248.5634129639996 7.89 0.00035133227219509257 0.0001194140118680349 False True 0.04509566588885857 190.93330599570595 -95.46194517914175 -1.070492267432655 219.63334753314402 -109.80782596114143
419 364 1748.0 1763 249.2196525059996 7.89 0.00035133227219509257 0.0001194140118680349 False True 0.04509566588885857 190.93330599570595 -95.46194517914175 -1.070492267432655 219.63334753314402 -109.80782596114143
419 365 1752.0 1767 249.85756579999958 7.89 0.00035133227219509257 0.0001194140118680349 False True 0.04509566588885857 190.93330599570595 -95.46194517914175 -1.070492267432655 219.63334753314402 -109.80782596114143
419 366 1756.0 1771 250.5028655479996 7.89 0.00035133227219509257 0.0001194140118680349 False True 0.04509566588885857 190.93330599570595 -95.46194517914175 -1.070492267432655 219.63334753314402 -109.80782596114143
419 367 1760.0 1775 251.14302187799956 7.89 0.00035133227219509257 0.0001194140118680349 False True 0.04509566588885857 190.93330599570595 -95.46194517914175 -1.070492267432655 219.63334753314402 -109.80782596114143
419 368 1764.0 1779 251.8002539019996 7.89 0.00035133227219509257 0.0001194140118680349 False True 0.04509566588885857 190.93330599570595 -95.46194517914175 -1.070492267432655 219.63334753314402 -109.80782596114143
419 369 1768.0 1783 252.44191648999958 7.89 0.00035133227219509257 0.0001194140118680349 False True 0.04509566588885857 190.93330599570595 -95.46194517914175 -1.070492267432655 219.63334753314402 -109.80782596114143
419 370 1772.0 1787 253.09848618799958 7.89 0.00035133227219509257 0.0001194140118680349 False True 0.04509566588885857 190.93330599570595 -95.46194517914175 -1.070492267432655 219.63334753314402 -109.80782596114143
419 371 1776.0 1791 253.73700367899954 7.89 0.00035133227219509257 0.0001194140118680349 False True 0.04509566588885857 190.93330599570595 -95.46194517914175 -1.070492267432655 219.63334753314402 -109.80782596114143
419 372 1780.0 1795 254.38076034099953 7.89 0.00035133227219509257 0.0001194140118680349 False True 0.04509566588885857 190.93330599570595 -95.46194517914175 -1.070492267432655 219.63334753314402 -109.80782596114143
419 373 1784.0 1799 255.02025974199955 7.89 0.00035133227219509257 0.0001194140118680349 False True 0.04509566588885857 190.93330599570595 -95.46194517914175 -1.070492267432655 219.63334753314402 -109.80782596114143
419 374 1788.0 1803 255.67649765899955 7.88 0.0001194140118680349 0.00035133227219509257 False True 0.04509566588885857 190.93330599570595 -95.46194517914175 -1.070492267432655 219.63334753314402 -109.80782596114143
419 375 1792.0 1807 256.3142434519996 7.88 0.0001194140118680349 0.00035133227219509257 False True 0.04509566588885857 190.93330599570595 -95.46194517914175 -1.070492267432655 219.63334753314402 -109.80782596114143
419 376 1796.0 1811 256.96036935899957 7.88 0.0001194140118680349 0.00035133227219509257 False True 0.04509566588885857 190.93330599570595 -95.46194517914175 -1.070492267432655 219.63334753314402 -109.80782596114143
419 377 1800.0 1815 257.5995820699996 7.88 0.0001194140118680349 0.00035133227219509257 False True 0.04509566588885857 190.93330599570595 -95.46194517914175 -1.070492267432655 219.63334753314402 -109.80782596114143
419 378 1804.0 1819 258.25707820499963 7.88 0.0001194140118680349 0.00035133227219509257 False True 0.04509566588885857 190.93330599570595 -95.46194517914175 -1.070492267432655 219.63334753314402 -109.80782596114143
419 379 1808.0 1823 258.8963897309996 7.88 0.0001194140118680349 0.00035133227219509257 False True 0.04509566588885857 190.93330599570595 -95.46194517914175 -1.070492267432655 219.63334753314402 -109.80782596114143
419 380 1812.0 1827 259.55175278299964 7.88 0.0001194140118680349 0.544288226328446 True False 0.04509566588885857 190.93330599570595 -95.46194517914175 -1.070492267432655 219.63334753314402 -109.80782596114143
419 381 1812.0 1828 259.94805129499963 7.88 0.0001194140118680349 0.4865602084304235 True False 0.04509566588885857 190.93330599570595 -95.46194517914175 -1.070492267432655 219.63334753314402 -109.80782596114143
419 382 1812.0 1828 260.35047720199964 7.88 0.0001194140118680349 0.5247886994392676 True False 0.04509566588885857 190.93330599570595 -95.46194517914175 -1.070492267432655 219.63334753314402 -109.80782596114143
419 383 1812.0 1828 260.74978672299966 7.88 0.0001194140118680349 0.5055434936753246 True False 0.04509566588885857 190.93330599570595 -95.46194517914175 -1.070492267432655 219.63334753314402 -109.80782596114143
419 384 1812.0 1828 261.1522527379996 7.88 0.0001194140118680349 0.5345071517156211 True False 0.04509566588885857 190.93330599570595 -95.46194517914175 -1.070492267432655 219.63334753314402 -109.80782596114143
419 385 1812.0 1828 261.54783887699966 7.88 0.0001194140118680349 0.5151338290340629 False True 0.04509566588885857 190.93330599570595 -95.46194517914175 -1.070492267432655 219.63334753314402 -109.80782596114143
419 386 1824.0 1840 262.17321430899966 7.88 0.0001194140118680349 0.39005099729119713 True False 0.04509566588885857 190.93330599570595 -95.46194517914175 -1.070492267432655 219.63334753314402 -109.80782596114143
419 387 1824.0 1840 262.55452283399967 7.88 0.0001194140118680349 0.3979632093803114 True False 0.04509566588885857 190.93330599570595 -95.46194517914175 -1.070492267432655 219.63334753314402 -109.80782596114143
419 388 1824.0 1840 262.9332811719996 7.88 0.0001194140118680349 0.38222128966934266 True False 0.04509566588885857 190.93330599570595 -95.46194517914175 -1.070492267432655 219.63334753314402 -109.80782596114143
419 389 1824.0 1840 263.3171778729996 7.88 0.0001194140118680349 0.39005099729119713 False True 0.04509566588885857 190.93330599570595 -95.46194517914175 -1.070492267432655 219.63334753314402 -109.80782596114143
419 390 1836.0 1852 263.9311215419996 7.88 0.0001194140118680349 0.41403192689556945 True False 0.04509566588885857 190.93330599570595 -95.46194517914175 -1.070492267432655 219.63334753314402 -109.80782596114143
419 391 1836.0 1852 264.3082677649996 7.88 0.0001194140118680349 0.36681255838367466 True False 0.04509566588885857 190.93330599570595 -95.46194517914175 -1.070492267432655 219.63334753314402 -109.80782596114143
419 392 1836.0 1852 264.68913805299957 7.88 0.0001194140118680349 0.42218680194230473 True False 0.04509566588885857 190.93330599570595 -95.46194517914175 -1.070492267432655 219.63334753314402 -109.80782596114143
419 393 1836.0 1853 265.0674278519996 7.88 0.0001194140118680349 0.40595712296331365 True False 0.04509566588885857 190.93330599570595 -95.46194517914175 -1.070492267432655 219.63334753314402 -109.80782596114143
419 394 1836.0 1853 265.44860617299963 7.88 0.0001194140118680349 0.41403192689556945 False True 0.04509566588885857 190.93330599570595 -95.46194517914175 -1.070492267432655 219.63334753314402 -109.80782596114143
419 395 1848.0 1865 266.0881949559996 7.88 0.0001194140118680349 0.00011254104318464863 True False 0.04509566588885857 190.93330599570595 -95.46194517914175 -1.070492267432655 219.63334753314402 -109.80782596114143
419 396 1848.0 1865 266.4870111569996 7.88 0.0001194140118680349 0.07620285299649847 True False 0.04509566588885857 190.93330599570595 -95.46194517914175 -1.070492267432655 219.63334753314402 -109.80782596114143
419 397 1848.0 1865 266.8902663069996 7.88 0.0001194140118680349 0.1760478830677528 True False 0.04509566588885857 190.93330599570595 -95.46194517914175 -1.070492267432655 219.63334753314402 -109.80782596114143
419 398 1848.0 1865 267.29267925799957 7.88 0.0001194140118680349 2.2952080974937856e-06 False True 0.04509566588885857 190.93330599570595 -95.46194517914175 -1.070492267432655 219.63334753314402 -109.80782596114143
419 399 1852.0 1869 267.91583403799956 7.88 0.0001194140118680349 0.00035133227219509257 False True 0.04509566588885857 190.93330599570595 -95.46194517914175 -1.070492267432655 219.63334753314402 -109.80782596114143
419 400 1856.0 1873 268.5888024099996 7.88 0.0001194140118680349 0.00035133227219509257 False True 0.04509566588885857 190.93330599570595 -95.46194517914175 -1.070492267432655 219.63334753314402 -109.80782596114143
419 401 1860.0 1877 269.2162486349996 7.88 0.0001194140118680349 0.00035133227219509257 False True 0.04509566588885857 190.93330599570595 -95.46194517914175 -1.070492267432655 219.63334753314402 -109.80782596114143
419 402 1864.0 1881 269.88934456799956 7.88 0.0001194140118680349 0.00035133227219509257 False True 0.04509566588885857 190.93330599570595 -95.46194517914175 -1.070492267432655 219.63334753314402 -109.80782596114143
419 403 1868.0 1885 270.5267331609996 7.88 0.0001194140118680349 0.00035133227219509257 False True 0.04509566588885857 190.93330599570595 -95.46194517914175 -1.070492267432655 219.63334753314402 -109.80782596114143
419 404 1872.0 1889 271.1885982159996 7.88 0.0001194140118680349 0.00035133227219509257 False True 0.04509566588885857 190.93330599570595 -95.46194517914175 -1.070492267432655 219.63334753314402 -109.80782596114143
419 405 1876.0 1893 271.8147077399996 7.88 0.0001194140118680349 0.00035133227219509257 False True 0.04509566588885857 190.93330599570595 -95.46194517914175 -1.070492267432655 219.63334753314402 -109.80782596114143
419 406 1880.0 1897 272.4692186239996 7.88 0.0001194140118680349 0.00035133227219509257 False True 0.04509566588885857 190.93330599570595 -95.46194517914175 -1.070492267432655 219.63334753314402 -109.80782596114143
419 407 1884.0 1901 273.0952714849996 7.89 0.00035133227219509257 0.0001194140118680349 False True 0.04509566588885857 190.93330599570595 -95.46194517914175 -1.070492267432655 219.63334753314402 -109.80782596114143
419 408 1888.0 1905 273.75124126099956 7.89 0.00035133227219509257 0.0001194140118680349 False True 0.04509566588885857 190.93330599570595 -95.46194517914175 -1.070492267432655 219.63334753314402 -109.80782596114143
419 409 1892.0 1909 274.3890682429996 7.89 0.00035133227219509257 0.0001194140118680349 False True 0.04509566588885857 190.93330599570595 -95.46194517914175 -1.070492267432655 219.63334753314402 -109.80782596114143
419 410 1896.0 1913 275.0359086819996 7.88 0.0001194140118680349 0.00035133227219509257 False True 0.04509566588885857 190.93330599570595 -95.46194517914175 -1.070492267432655 219.63334753314402 -109.80782596114143
419 411 1900.0 1917 275.67393626699965 7.88 0.0001194140118680349 0.00035133227219509257 False True 0.04509566588885857 190.93330599570595 -95.46194517914175 -1.070492267432655 219.63334753314402 -109.80782596114143
419 412 1904.0 1921 276.33082263499966 7.88 0.0001194140118680349 0.00035133227219509257 False True 0.04509566588885857 190.93330599570595 -95.46194517914175 -1.070492267432655 219.63334753314402 -109.80782596114143
419 413 1908.0 1925 276.9683706719997 7.88 0.0001194140118680349 0.013781166058493208 True False 0.04509566588885857 190.93330599570595 -95.46194517914175 -1.070492267432655 219.63334753314402 -109.80782596114143
419 414 1908.0 1925 277.35027075599976 7.88 0.0001194140118680349 0.2818049556353152 False True 0.04509566588885857 190.93330599570595 -95.46194517914175 -1.070492267432655 219.63334753314402 -109.80782596114143
419 415 1920.0 1937 277.9536802969998 7.88 0.0001194140118680349 0.00035133227219509257 False True 0.04509566588885857 190.93330599570595 -95.46194517914175 -1.070492267432655 219.63334753314402 -109.80782596114143
419 416 1924.0 1941 278.5869182929998 7.88 0.0001194140118680349 0.00035133227219509257 False True 0.04509566588885857 190.93330599570595 -95.46194517914175 -1.070492267432655 219.63334753314402 -109.80782596114143
419 417 1928.0 1945 279.2065422109998 7.88 0.0001194140118680349 0.00035133227219509257 False True 0.04509566588885857 190.93330599570595 -95.46194517914175 -1.070492267432655 219.63334753314402 -109.80782596114143
419 418 1932.0 1949 279.86655594299987 7.88 0.0001194140118680349 0.00035133227219509257 False True 0.04509566588885857 190.93330599570595 -95.46194517914175 -1.070492267432655 219.63334753314402 -109.80782596114143
419 419 1936.0 1953 280.50696402699987 7.88 0.0001194140118680349 0.09292924488045633 False True 0.04509566588885857 190.93330599570595 -95.46194517914175 -1.070492267432655 219.63334753314402 -109.80782596114143
419 420 1948.0 1965 281.1125532029999 7.88 0.0001194140118680349 0.09831013232845577 True False 0.04509566588885857 190.93330599570595 -95.46194517914175 -1.070492267432655 219.63334753314402 -109.80782596114143
419 421 1948.0 1965 281.4885616219999 7.88 0.0001194140118680349 0.07561581930260058 False True 0.04509566588885857 190.93330599570595 -95.46194517914175 -1.070492267432655 219.63334753314402 -109.80782596114143
419 422 1960.0 1977 282.10610341599994 7.88 0.0001194140118680349 0.010460811482754327 False True 0.04509566588885857 190.93330599570595 -95.46194517914175 -1.070492267432655 219.63334753314402 -109.80782596114143
419 423 1972.0 1989 282.72550555999993 8.0 0.010460811482754327 0.0001194140118680349 False True 0.04509566588885857 190.93330599570595 -95.46194517914175 -1.070492267432655 219.63334753314402 -109.80782596114143
419 424 1976.0 1993 283.34705590899995 8.0 0.010460811482754327 0.0001194140118680349 False True 0.04509566588885857 190.93330599570595 -95.46194517914175 -1.070492267432655 219.63334753314402 -109.80782596114143
419 425 1980.0 1997 283.9923043229999 8.0 0.010460811482754327 0.0001194140118680349 False True 0.04509566588885857 190.93330599570595 -95.46194517914175 -1.070492267432655 219.63334753314402 -109.80782596114143
