363 0 200.0 201 0.6039885859999998 1.72 0.09374792584907878 0.16185939215039327 False True 0.017037485435357224 164.48304466593444 -82.23689824660526 -1.0528478261022833 30.81248821660256 -15.38412716805433
363 1 212.0 213 1.224962430000005 1.72 0.09374792584907878 0.15235373680278197 True False 0.017037485435357224 164.48304466593444 -82.23689824660526 -1.0528478261022833 30.81248821660256 -15.38412716805433
363 2 212.0 213 1.6022173960000146 1.72 0.09374792584907878 0.15235373680278197 False True 0.017037485435357224 164.48304466593444 -82.23689824660526 -1.0528478261022833 30.81248821660256 -15.38412716805433
363 3 224.0 225 2.25655543000002 1.9200000000000002 0.15235373680278197 0.11141118626784478 True False 0.017037485435357224 164.48304466593444 -82.23689824660526 -1.0528478261022833 30.81248821660256 -15.38412716805433
363 4 224.0 225 2.6398835080000254 1.9200000000000002 0.15235373680278197 0.11141118626784478 False True 0.017037485435357224 164.48304466593444 -82.23689824660526 -1.0528478261022833 30.81248821660256 -15.38412716805433
363 5 236.0 237 3.260667660000024 1.9200000000000002 0.15235373680278197 0.2100722428577993 True False 0.017037485435357224 164.48304466593444 -82.23689824660526 -1.0528478261022833 30.81248821660256 -15.38412716805433
363 6 236.0 237 3.637966755000022 1.9200000000000002 0.15235373680278197 0.2100722428577993 False True 0.017037485435357224 164.48304466593444 -82.23689824660526 -1.0528478261022833 30.81248821660256 -15.38412716805433
363 7 248.0 249 4.259182796000019 2.04 0.2100722428577993 0.14434544592028642 True False 0.017037485435357224 164.48304466593444 -82.23689824660526 -1.0528478261022833 30.81248821660256 -15.38412716805433
363 8 248.0 249 4.641438425000018 2.04 0.2100722428577993 0.14434544592028642 False True 0.017037485435357224 164.48304466593444 -82.23689824660526 -1.0528478261022833 30.81248821660256 -15.38412716805433
363 9 260.0 261 5.2784837890000205 1.9200000000000002 0.15235373680278197 0.21561434292952597 True False 0.017037485435357224 164.48304466593444 -82.23689824660526 -1.0528478261022833 30.81248821660256 -15.38412716805433
363 10 260.0 261 5.664532905000016 1.9200000000000002 0.15235373680278197 0.21561434292952597 False True 0.017037485435357224 164.48304466593444 -82.23689824660526 -1.0528478261022833 30.81248821660256 -15.38412716805433
363 11 272.0 273 6.3000207200000204 1.9200000000000002 0.15235373680278197 0.08326635787030738 True False 0.017037485435357224 164.48304466593444 -82.23689824660526 -1.0528478261022833 30.81248821660256 -15.38412716805433
363 12 272.0 273 6.675943073000013 1.9200000000000002 0.15235373680278197 0.08326635787030738 False True 0.017037485435357224 164.48304466593444 -82.23689824660526 -1.0528478261022833 30.81248821660256 -15.38412716805433
363 13 284.0 285 7.291285381000023 2.04 0.2100722428577993 0.08914372867308704 True False 0.017037485435357224 164.48304466593444 -82.23689824660526 -1.0528478261022833 30.81248821660256 -15.38412716805433
363 14 284.0 285 7.6791572060000135 2.04 0.2100722428577993 0.08914372867308704 False True 0.017037485435357224 164.48304466593444 -82.23689824660526 -1.0528478261022833 30.81248821660256 -15.38412716805433
363 15 296.0 297 8.325474559000014 2.04 0.2100722428577993 0.09945681773014599 True False 0.017037485435357224 164.48304466593444 -82.23689824660526 -1.0528478261022833 30.81248821660256 -15.38412716805433
363 16 296.0 298 8.718255310000004 2.04 0.2100722428577993 0.09945681773014599 False True 0.017037485435357224 164.48304466593444 -82.23689824660526 -1.0528478261022833 30.81248821660256 -15.38412716805433
363 17 308.0 310 9.337592192000002 2.04 0.2100722428577993 0.09945681773014599 False True 0.017037485435357224 164.48304466593444 -82.23689824660526 -1.0528478261022833 30.81248821660256 -15.38412716805433
363 18 312.0 314 9.944247372999996 2.04 0.2100722428577993 0.09945681773014599 False True 0.017037485435357224 164.48304466593444 -82.23689824660526 -1.0528478261022833 30.81248821660256 -15.38412716805433
363 19 316.0 318 10.559931605999992 2.04 0.2100722428577993 0.023478593247553747 True False 0.017037485435357224 164.48304466593444 -82.23689824660526 -1.0528478261022833 30.81248821660256 -15.38412716805433
363 20 316.0 318 10.939451150999986 2.04 0.2100722428577993 0.023478593247553747 False True 0.017037485435357224 164.48304466593444 -82.23689824660526 -1.0528478261022833 30.81248821660256 -15.38412716805433
363 21 328.0 330 11.563603328999989 7.67 0.023478593247553747 0.0 True False 0.017037485435357224 164.48304466593444 -82.23689824660526 -1.0528478261022833 30.81248821660256 -15.38412716805433
363 22 328.0 330 11.962182516999988 7.67 0.023478593247553747 0.0 False True 0.017037485435357224 164.48304466593444 -82.23689824660526 -1.0528478261022833 30.81248821660256 -15.38412716805433
363 23 340.0 342 12.580551157999977 7.86 0.0 0.07739458228716738 True False 0.017037485435357224 164.48304466593444 -82.23689824660526 -1.0528478261022833 30.81248821660256 -15.38412716805433
363 24 340.0 342 12.957781653999973 7.86 0.0 0.07739458228716738 False True 0.017037485435357224 164.48304466593444 -82.23689824660526 -1.0528478261022833 30.81248821660256 -15.38412716805433
363 25 352.0 354 13.563297358999975 7.51 0.07739458228716738 0.0034574267876312263 True False 0.017037485435357224 164.48304466593444 -82.23689824660526 -1.0528478261022833 30.81248821660256 -15.38412716805433
363 26 352.0 354 13.94019877499997 7.51 0.07739458228716738 0.0034574267876312263 False True 0.017037485435357224 164.48304466593444 -82.23689824660526 -1.0528478261022833 30.81248821660256 -15.38412716805433
363 27 364.0 366 14.56158973799998 7.51 0.07739458228716738 0.006845193907040336 True False 0.017037485435357224 164.48304466593444 -82.23689824660526 -1.0528478261022833 30.81248821660256 -15.38412716805433
363 28 364.0 366 14.961951160999988 7.51 0.07739458228716738 0.006845193907040336 False True 0.017037485435357224 164.48304466593444 -82.23689824660526 -1.0528478261022833 30.81248821660256 -15.38412716805433
363 29 376.0 378 15.677734602000001 7.51 0.07739458228716738 0.12636761982892986 True False 0.017037485435357224 164.48304466593444 -82.23689824660526 -1.0528478261022833 30.81248821660256 -15.38412716805433
363 30 376.0 378 16.221287026000013 7.51 0.07739458228716738 0.12636761982892986 False True 0.017037485435357224 164.48304466593444 -82.23689824660526 -1.0528478261022833 30.81248821660256 -15.38412716805433
363 31 388.0 390 17.176017570000013 7.51 0.07739458228716738 0.0535896684666169 True False 0.017037485435357224 164.48304466593444 -82.23689824660526 -1.0528478261022833 30.81248821660256 -15.38412716805433
363 32 388.0 390 17.744270127000007 7.51 0.07739458228716738 0.0535896684666169 False True 0.017037485435357224 164.48304466593444 -82.23689824660526 -1.0528478261022833 30.81248821660256 -15.38412716805433
363 33 400.0 402 18.68152005600001 7.51 0.07739458228716738 0.00037976042644753016 True False 0.017037485435357224 164.48304466593444 -82.23689824660526 -1.0528478261022833 30.81248821660256 -15.38412716805433
363 34 400.0 402 19.257104843000008 7.51 0.07739458228716738 0.00037976042644753016 False True 0.017037485435357224 164.48304466593444 -82.23689824660526 -1.0528478261022833 30.81248821660256 -15.38412716805433
363 35 412.0 414 20.220815883000014 7.89 0.00037976042644753016 0.09087993275950622 True False 0.017037485435357224 164.48304466593444 -82.23689824660526 -1.0528478261022833 30.81248821660256 -15.38412716805433
363 36 412.0 414 20.82159982100002 7.89 0.00037976042644753016 0.09087993275950622 False True 0.017037485435357224 164.48304466593444 -82.23689824660526 -1.0528478261022833 30.81248821660256 -15.38412716805433
363 37 424.0 426 21.83488127200002 7.89 0.00037976042644753016 0.07739458228716738 False True 0.017037485435357224 164.48304466593444 -82.23689824660526 -1.0528478261022833 30.81248821660256 -15.38412716805433
363 38 428.0 430 22.741064857000012 7.89 0.00037976042644753016 0.07739458228716738 False True 0.017037485435357224 164.48304466593444 -82.23689824660526 -1.0528478261022833 30.81248821660256 -15.38412716805433
363 39 432.0 434 23.47610779300001 7.51 0.07739458228716738 0.0 False True 0.017037485435357224 164.48304466593444 -82.23689824660526 -1.0528478261022833 30.81248821660256 -15.38412716805433
363 40 436.0 438 24.18224810000001 7.51 0.07739458228716738 0.0007544944070515276 True False 0.017037485435357224 164.48304466593444 -82.23689824660526 -1.0528478261022833 30.81248821660256 -15.38412716805433
363 41 436.0 439 24.61790188900001 7.51 0.07739458228716738 0.0007544944070515276 False True 0.017037485435357224 164.48304466593444 -82.23689824660526 -1.0528478261022833 30.81248821660256 -15.38412716805433
363 42 448.0 451 25.32294450900001 7.51 0.07739458228716738 0.18003544204231947 True False 0.017037485435357224 164.48304466593444 -82.23689824660526 -1.0528478261022833 30.81248821660256 -15.38412716805433
363 43 448.0 451 25.773980069000018 7.51 0.07739458228716738 0.18003544204231947 False True 0.017037485435357224 164.48304466593444 -82.23689824660526 -1.0528478261022833 30.81248821660256 -15.38412716805433
363 44 460.0 463 26.460296485000015 7.51 0.07739458228716738 0.2136181863006199 True False 0.017037485435357224 164.48304466593444 -82.23689824660526 -1.0528478261022833 30.81248821660256 -15.38412716805433
363 45 460.0 463 26.874351382000015 7.51 0.07739458228716738 0.2136181863006199 False True 0.017037485435357224 164.48304466593444 -82.23689824660526 -1.0528478261022833 30.81248821660256 -15.38412716805433
363 46 472.0 475 27.54002642800002 7.51 0.07739458228716738 0.16116272733571174 True False 0.017037485435357224 164.48304466593444 -82.23689824660526 -1.0528478261022833 30.81248821660256 -15.38412716805433
363 47 472.0 475 27.96101021300001 7.51 0.07739458228716738 0.16116272733571174 False True 0.017037485435357224 164.48304466593444 -82.23689824660526 -1.0528478261022833 30.81248821660256 -15.38412716805433
363 48 484.0 487 28.636559538000014 7.51 0.07739458228716738 0.03413081635030321 True False 0.017037485435357224 164.48304466593444 -82.23689824660526 -1.0528478261022833 30.81248821660256 -15.38412716805433
363 49 484.0 487 29.039941847000023 7.51 0.07739458228716738 0.03413081635030321 False True 0.017037485435357224 164.48304466593444 -82.23689824660526 -1.0528478261022833 30.81248821660256 -15.38412716805433
363 50 496.0 499 29.692791195000012 8.1 0.03413081635030321 0.01897497728566291 True False 0.017037485435357224 164.48304466593444 -82.23689824660526 -1.0528478261022833 30.81248821660256 -15.38412716805433
363 51 496.0 499 30.078642836000014 8.1 0.03413081635030321 0.01897497728566291 False True 0.017037485435357224 164.48304466593444 -82.23689824660526 -1.0528478261022833 30.81248821660256 -15.38412716805433
363 52 508.0 511 30.732563362000008 8.1 0.03413081635030321 0.057283985509720005 True False 0.017037485435357224 164.48304466593444 -82.23689824660526 -1.0528478261022833 30.81248821660256 -15.38412716805433
363 53 508.0 511 31.115664753000004 8.1 0.03413081635030321 0.057283985509720005 False True 0.017037485435357224 164.48304466593444 -82.23689824660526 -1.0528478261022833 30.81248821660256 -15.38412716805433
363 54 520.0 523 31.7412061 8.1 0.03413081635030321 0.04664604714021798 True False 0.017037485435357224 164.48304466593444 -82.23689824660526 -1.0528478261022833 30.81248821660256 -15.38412716805433
363 55 520.0 523 32.133727410000006 8.1 0.03413081635030321 0.04664604714021798 False True 0.017037485435357224 164.48304466593444 -82.23689824660526 -1.0528478261022833 30.81248821660256 -15.38412716805433
363 56 532.0 535 32.739597712999995 8.14 0.04664604714021798 0.03413081635030321 False True 0.017037485435357224 164.48304466593444 -82.23689824660526 -1.0528478261022833 30.81248821660256 -15.38412716805433
363 57 536.0 539 33.37664094099999 7.51 0.07739458228716738 0.07311769854437693 True False 0.017037485435357224 164.48304466593444 -82.23689824660526 -1.0528478261022833 30.81248821660256 -15.38412716805433
363 58 536.0 539 33.75599433499998 7.51 0.07739458228716738 0.07311769854437693 False True 0.017037485435357224 164.48304466593444 -82.23689824660526 -1.0528478261022833 30.81248821660256 -15.38412716805433
363 59 548.0 551 34.373482266999986 7.51 0.07739458228716738 0.00037976042644753016 False True 0.017037485435357224 164.48304466593444 -82.23689824660526 -1.0528478261022833 30.81248821660256 -15.38412716805433
363 60 552.0 555 34.99728406599999 7.51 0.07739458228716738 0.1004486420924414 True False 0.017037485435357224 164.48304466593444 -82.23689824660526 -1.0528478261022833 30.81248821660256 -15.38412716805433
363 61 552.0 555 35.37830685399999 7.51 0.07739458228716738 0.1004486420924414 False True 0.017037485435357224 164.48304466593444 -82.23689824660526 -1.0528478261022833 30.81248821660256 -15.38412716805433
363 62 564.0 567 35.996959829999994 7.51 0.07739458228716738 0.24235219776476996 True False 0.017037485435357224 164.48304466593444 -82.23689824660526 -1.0528478261022833 30.81248821660256 -15.38412716805433
363 63 564.0 568 36.37588515799999 7.51 0.07739458228716738 0.24235219776476996 False True 0.017037485435357224 164.48304466593444 -82.23689824660526 -1.0528478261022833 30.81248821660256 -15.38412716805433
363 64 576.0 580 37.017953258999995 7.51 0.07739458228716738 0.04014891024298074 True False 0.017037485435357224 164.48304466593444 -82.23689824660526 -1.0528478261022833 30.81248821660256 -15.38412716805433
363 65 576.0 580 37.414996641 7.51 0.07739458228716738 0.04014891024298074 False True 0.017037485435357224 164.48304466593444 -82.23689824660526 -1.0528478261022833 30.81248821660256 -15.38412716805433
363 66 588.0 592 38.05358619500001 7.51 0.07739458228716738 0.04014891024298074 False True 0.017037485435357224 164.48304466593444 -82.23689824660526 -1.0528478261022833 30.81248821660256 -15.38412716805433
363 67 592.0 596 38.67334658700001 7.51 0.07739458228716738 0.04014891024298074 False True 0.017037485435357224 164.48304466593444 -82.23689824660526 -1.0528478261022833 30.81248821660256 -15.38412716805433
363 68 596.0 600 39.31012416300001 7.51 0.07739458228716738 0.057283985509720005 False True 0.017037485435357224 164.48304466593444 -82.23689824660526 -1.0528478261022833 30.81248821660256 -15.38412716805433
363 69 600.0 604 39.933075938000016 7.51 0.07739458228716738 0.057283985509720005 False True 0.017037485435357224 164.48304466593444 -82.23689824660526 -1.0528478261022833 30.81248821660256 -15.38412716805433
363 70 604.0 608 40.60700972000002 7.51 0.07739458228716738 0.057283985509720005 False True 0.017037485435357224 164.48304466593444 -82.23689824660526 -1.0528478261022833 30.81248821660256 -15.38412716805433
363 71 608.0 612 41.24942012000001 8.17 0.057283985509720005 0.07739458228716738 False True 0.017037485435357224 164.48304466593444 -82.23689824660526 -1.0528478261022833 30.81248821660256 -15.38412716805433
363 72 612.0 616 41.887332547000014 7.51 0.07739458228716738 0.057283985509720005 False True 0.017037485435357224 164.48304466593444 -82.23689824660526 -1.0528478261022833 30.81248821660256 -15.38412716805433
363 73 616.0 620 42.530124787000005 8.17 0.057283985509720005 0.07739458228716738 False True 0.017037485435357224 164.48304466593444 -82.23689824660526 -1.0528478261022833 30.81248821660256 -15.38412716805433
363 74 620.0 624 43.192825528 7.51 0.07739458228716738 0.053619520539031455 True False 0.017037485435357224 164.48304466593444 -82.23689824660526 -1.0528478261022833 30.81248821660256 -15.38412716805433
363 75 620.0 624 43.605340419 7.51 0.07739458228716738 0.053619520539031455 False True 0.017037485435357224 164.48304466593444 -82.23689824660526 -1.0528478261022833 30.81248821660256 -15.38412716805433
363 76 632.0 636 44.26882810000001 8.17 0.057283985509720005 0.03413081635030321 False True 0.017037485435357224 164.48304466593444 -82.23689824660526 -1.0528478261022833 30.81248821660256 -15.38412716805433
363 77 636.0 640 44.92367922000001 8.17 0.057283985509720005 0.03413081635030321 False True 0.017037485435357224 164.48304466593444 -82.23689824660526 -1.0528478261022833 30.81248821660256 -15.38412716805433
363 78 640.0 644 45.54849975100001 7.51 0.07739458228716738 0.0 False True 0.017037485435357224 164.48304466593444 -82.23689824660526 -1.0528478261022833 30.81248821660256 -15.38412716805433
363 79 644.0 648 46.168603597 7.51 0.07739458228716738 0.1865408750449617 True False 0.017037485435357224 164.48304466593444 -82.23689824660526 -1.0528478261022833 30.81248821660256 -15.38412716805433
363 80 644.0 648 46.552708196 7.51 0.07739458228716738 0.1865408750449617 False True 0.017037485435357224 164.48304466593444 -82.23689824660526 -1.0528478261022833 30.81248821660256 -15.38412716805433
363 81 656.0 660 47.24339789 7.51 0.07739458228716738 0.1865408750449617 False True 0.017037485435357224 164.48304466593444 -82.23689824660526 -1.0528478261022833 30.81248821660256 -15.38412716805433
363 82 660.0 664 47.885151771 7.51 0.07739458228716738 0.0018758962903078873 True False 0.017037485435357224 164.48304466593444 -82.23689824660526 -1.0528478261022833 30.81248821660256 -15.38412716805433
363 83 660.0 664 48.266741192 7.51 0.07739458228716738 0.0018758962903078873 False True 0.017037485435357224 164.48304466593444 -82.23689824660526 -1.0528478261022833 30.81248821660256 -15.38412716805433
363 84 672.0 676 48.88510837599999 7.92 0.0018758962903078873 0.003492726037669652 True False 0.017037485435357224 164.48304466593444 -82.23689824660526 -1.0528478261022833 30.81248821660256 -15.38412716805433
363 85 672.0 676 49.268290840999995 7.92 0.0018758962903078873 0.003492726037669652 False True 0.017037485435357224 164.48304466593444 -82.23689824660526 -1.0528478261022833 30.81248821660256 -15.38412716805433
363 86 684.0 688 49.909250973 7.92 0.0018758962903078873 0.003492726037669652 False True 0.017037485435357224 164.48304466593444 -82.23689824660526 -1.0528478261022833 30.81248821660256 -15.38412716805433
363 87 688.0 692 50.529541846 7.92 0.0018758962903078873 0.003492726037669652 False True 0.017037485435357224 164.48304466593444 -82.23689824660526 -1.0528478261022833 30.81248821660256 -15.38412716805433
363 88 692.0 696 51.165076998 7.92 0.0018758962903078873 0.0026224251785098543 True False 0.017037485435357224 164.48304466593444 -82.23689824660526 -1.0528478261022833 30.81248821660256 -15.38412716805433
363 89 692.0 696 51.549552155 7.92 0.0018758962903078873 0.0026224251785098543 False True 0.017037485435357224 164.48304466593444 -82.23689824660526 -1.0528478261022833 30.81248821660256 -15.38412716805433
363 90 704.0 708 52.171594876 7.92 0.0018758962903078873 0.0026224251785098543 False True 0.017037485435357224 164.48304466593444 -82.23689824660526 -1.0528478261022833 30.81248821660256 -15.38412716805433
363 91 708.0 712 52.82548579 7.92 0.0018758962903078873 0.0012532274649445327 True False 0.017037485435357224 164.48304466593444 -82.23689824660526 -1.0528478261022833 30.81248821660256 -15.38412716805433
363 92 708.0 712 53.210009461 7.92 0.0018758962903078873 0.0012532274649445327 False True 0.017037485435357224 164.48304466593444 -82.23689824660526 -1.0528478261022833 30.81248821660256 -15.38412716805433
363 93 720.0 724 53.842388961 7.92 0.0018758962903078873 0.10528800637463168 True False 0.017037485435357224 164.48304466593444 -82.23689824660526 -1.0528478261022833 30.81248821660256 -15.38412716805433
363 94 720.0 724 54.22225229200001 7.92 0.0018758962903078873 0.10528800637463168 False True 0.017037485435357224 164.48304466593444 -82.23689824660526 -1.0528478261022833 30.81248821660256 -15.38412716805433
363 95 732.0 736 54.865934632000005 7.92 0.0018758962903078873 0.084898231898789 True False 0.017037485435357224 164.48304466593444 -82.23689824660526 -1.0528478261022833 30.81248821660256 -15.38412716805433
363 96 732.0 736 55.27769455400001 7.92 0.0018758962903078873 0.084898231898789 False True 0.017037485435357224 164.48304466593444 -82.23689824660526 -1.0528478261022833 30.81248821660256 -15.38412716805433
363 97 744.0 748 55.949978645 7.92 0.0018758962903078873 0.1004486420924414 False True 0.017037485435357224 164.48304466593444 -82.23689824660526 -1.0528478261022833 30.81248821660256 -15.38412716805433
363 98 748.0 752 56.60739447900001 7.92 0.0018758962903078873 0.09087993275950622 False True 0.017037485435357224 164.48304466593444 -82.23689824660526 -1.0528478261022833 30.81248821660256 -15.38412716805433
363 99 752.0 756 57.250389944000005 7.92 0.0018758962903078873 0.09087993275950622 False True 0.017037485435357224 164.48304466593444 -82.23689824660526 -1.0528478261022833 30.81248821660256 -15.38412716805433
363 100 756.0 760 57.92494240900001 7.92 0.0018758962903078873 0.003492726037669652 False True 0.017037485435357224 164.48304466593444 -82.23689824660526 -1.0528478261022833 30.81248821660256 -15.38412716805433
363 101 760.0 764 58.581493514 7.92 0.0018758962903078873 0.006845193907040336 False True 0.017037485435357224 164.48304466593444 -82.23689824660526 -1.0528478261022833 30.81248821660256 -15.38412716805433
363 102 764.0 768 59.227065123 7.92 0.0018758962903078873 0.09081270922431944 True False 0.017037485435357224 164.48304466593444 -82.23689824660526 -1.0528478261022833 30.81248821660256 -15.38412716805433
363 103 764.0 769 59.62934185099999 7.92 0.0018758962903078873 0.09081270922431944 False True 0.017037485435357224 164.48304466593444 -82.23689824660526 -1.0528478261022833 30.81248821660256 -15.38412716805433
363 104 776.0 781 60.282819270999994 7.92 0.0018758962903078873 0.1865408750449617 False True 0.017037485435357224 164.48304466593444 -82.23689824660526 -1.0528478261022833 30.81248821660256 -15.38412716805433
363 105 780.0 785 60.924760916 7.92 0.0018758962903078873 0.1865408750449617 False True 0.017037485435357224 164.48304466593444 -82.23689824660526 -1.0528478261022833 30.81248821660256 -15.38412716805433
363 106 784.0 789 61.570141637000006 7.92 0.0018758962903078873 0.1865408750449617 False True 0.017037485435357224 164.48304466593444 -82.23689824660526 -1.0528478261022833 30.81248821660256 -15.38412716805433
363 107 788.0 793 62.243019825000005 7.92 0.0018758962903078873 0.021134431421699903 True False 0.017037485435357224 164.48304466593444 -82.23689824660526 -1.0528478261022833 30.81248821660256 -15.38412716805433
363 108 788.0 793 62.64841207700002 7.92 0.0018758962903078873 0.021134431421699903 False True 0.017037485435357224 164.48304466593444 -82.23689824660526 -1.0528478261022833 30.81248821660256 -15.38412716805433
363 109 800.0 805 63.30584961600002 7.92 0.0018758962903078873 0.10540516162600491 True False 0.017037485435357224 164.48304466593444 -82.23689824660526 -1.0528478261022833 30.81248821660256 -15.38412716805433
363 110 800.0 805 63.687182921000016 7.92 0.0018758962903078873 0.10540516162600491 False True 0.017037485435357224 164.48304466593444 -82.23689824660526 -1.0528478261022833 30.81248821660256 -15.38412716805433
363 111 812.0 817 64.32733235 7.92 0.0018758962903078873 0.09087993275950622 False True 0.017037485435357224 164.48304466593444 -82.23689824660526 -1.0528478261022833 30.81248821660256 -15.38412716805433
363 112 816.0 821 64.967518694 7.92 0.0018758962903078873 0.0026224251785098543 False True 0.017037485435357224 164.48304466593444 -82.23689824660526 -1.0528478261022833 30.81248821660256 -15.38412716805433
363 113 820.0 825 65.60866063399999 7.92 0.0018758962903078873 0.1840334143233107 True False 0.017037485435357224 164.48304466593444 -82.23689824660526 -1.0528478261022833 30.81248821660256 -15.38412716805433
363 114 820.0 825 66.02710442399999 7.92 0.0018758962903078873 0.1840334143233107 False True 0.017037485435357224 164.48304466593444 -82.23689824660526 -1.0528478261022833 30.81248821660256 -15.38412716805433
363 115 832.0 837 66.68174146399997 7.92 0.0018758962903078873 0.3188494000579712 True False 0.017037485435357224 164.48304466593444 -82.23689824660526 -1.0528478261022833 30.81248821660256 -15.38412716805433
363 116 832.0 837 67.06706421099994 7.92 0.0018758962903078873 0.3188494000579712 False True 0.017037485435357224 164.48304466593444 -82.23689824660526 -1.0528478261022833 30.81248821660256 -15.38412716805433
363 117 844.0 849 67.70945981199995 7.92 0.0018758962903078873 0.3487544952989029 True False 0.017037485435357224 164.48304466593444 -82.23689824660526 -1.0528478261022833 30.81248821660256 -15.38412716805433
363 118 844.0 849 68.12377006999995 7.92 0.0018758962903078873 0.3487544952989029 False True 0.017037485435357224 164.48304466593444 -82.23689824660526 -1.0528478261022833 30.81248821660256 -15.38412716805433
363 119 856.0 861 68.76741072599995 7.92 0.0018758962903078873 0.29053805181433456 True False 0.017037485435357224 164.48304466593444 -82.23689824660526 -1.0528478261022833 30.81248821660256 -15.38412716805433
363 120 856.0 861 69.14877659299995 7.92 0.0018758962903078873 0.29053805181433456 False True 0.017037485435357224 164.48304466593444 -82.23689824660526 -1.0528478261022833 30.81248821660256 -15.38412716805433
363 121 868.0 873 69.80152587299997 7.92 0.0018758962903078873 0.2136181863006199 False True 0.017037485435357224 164.48304466593444 -82.23689824660526 -1.0528478261022833 30.81248821660256 -15.38412716805433
363 122 872.0 877 70.44026721899999 7.92 0.0018758962903078873 0.18003544204231947 False True 0.017037485435357224 164.48304466593444 -82.23689824660526 -1.0528478261022833 30.81248821660256 -15.38412716805433
363 123 876.0 881 71.08126425 7.92 0.0018758962903078873 0.11566011911941038 True False 0.017037485435357224 164.48304466593444 -82.23689824660526 -1.0528478261022833 30.81248821660256 -15.38412716805433
363 124 876.0 881 71.50708194499998 7.92 0.0018758962903078873 0.11566011911941038 False True 0.017037485435357224 164.48304466593444 -82.23689824660526 -1.0528478261022833 30.81248821660256 -15.38412716805433
363 125 888.0 893 72.18279164399999 7.92 0.0018758962903078873 0.006845193907040336 False True 0.017037485435357224 164.48304466593444 -82.23689824660526 -1.0528478261022833 30.81248821660256 -15.38412716805433
363 126 892.0 897 72.84039721699997 7.92 0.0018758962903078873 0.04664604714021798 False True 0.017037485435357224 164.48304466593444 -82.23689824660526 -1.0528478261022833 30.81248821660256 -15.38412716805433
363 127 896.0 901 73.48534253299997 7.92 0.0018758962903078873 0.0 False True 0.017037485435357224 164.48304466593444 -82.23689824660526 -1.0528478261022833 30.81248821660256 -15.38412716805433
363 128 900.0 905 74.14316533799996 7.92 0.0018758962903078873 0.0 False True 0.017037485435357224 164.48304466593444 -82.23689824660526 -1.0528478261022833 30.81248821660256 -15.38412716805433
363 129 904.0 909 74.80148192899995 7.92 0.0018758962903078873 0.0 False True 0.017037485435357224 164.48304466593444 -82.23689824660526 -1.0528478261022833 30.81248821660256 -15.38412716805433
363 130 908.0 913 75.44660320499995 7.92 0.0018758962903078873 0.0 False True 0.017037485435357224 164.48304466593444 -82.23689824660526 -1.0528478261022833 30.81248821660256 -15.38412716805433
363 131 912.0 917 76.10072891699994 7.92 0.0018758962903078873 2.48092553651335e-06 True False 0.017037485435357224 164.48304466593444 -82.23689824660526 -1.0528478261022833 30.81248821660256 -15.38412716805433
363 132 912.0 917 76.50585536099993 7.92 0.0018758962903078873 2.48092553651335e-06 False True 0.017037485435357224 164.48304466593444 -82.23689824660526 -1.0528478261022833 30.81248821660256 -15.38412716805433
363 133 924.0 929 77.15965792699993 7.92 0.0018758962903078873 0.126168330180601 True False 0.017037485435357224 164.48304466593444 -82.23689824660526 -1.0528478261022833 30.81248821660256 -15.38412716805433
363 134 924.0 929 77.54597758699992 7.92 0.0018758962903078873 0.126168330180601 False True 0.017037485435357224 164.48304466593444 -82.23689824660526 -1.0528478261022833 30.81248821660256 -15.38412716805433
363 135 936.0 941 78.20170065099992 7.92 0.0018758962903078873 0.06496647245489734 True False 0.017037485435357224 164.48304466593444 -82.23689824660526 -1.0528478261022833 30.81248821660256 -15.38412716805433
363 136 936.0 942 78.60606063699993 7.92 0.0018758962903078873 0.06496647245489734 False True 0.017037485435357224 164.48304466593444 -82.23689824660526 -1.0528478261022833 30.81248821660256 -15.38412716805433
363 137 948.0 954 79.27858262399991 7.92 0.0018758962903078873 0.03413081635030321 False True 0.017037485435357224 164.48304466593444 -82.23689824660526 -1.0528478261022833 30.81248821660256 -15.38412716805433
363 138 952.0 958 79.92015000399994 7.92 0.0018758962903078873 0.1004486420924414 False True 0.017037485435357224 164.48304466593444 -82.23689824660526 -1.0528478261022833 30.81248821660256 -15.38412716805433
363 139 956.0 962 80.56258636399994 7.92 0.0018758962903078873 0.0817734108615992 True False 0.017037485435357224 164.48304466593444 -82.23689824660526 -1.0528478261022833 30.81248821660256 -15.38412716805433
363 140 956.0 962 80.96651827699995 7.92 0.0018758962903078873 0.0817734108615992 False True 0.017037485435357224 164.48304466593444 -82.23689824660526 -1.0528478261022833 30.81248821660256 -15.38412716805433
363 141 968.0 974 81.62158507499996 7.92 0.0018758962903078873 0.003492726037669652 False True 0.017037485435357224 164.48304466593444 -82.23689824660526 -1.0528478261022833 30.81248821660256 -15.38412716805433
363 142 972.0 978 82.28018465299996 7.92 0.0018758962903078873 0.04014891024298074 False True 0.017037485435357224 164.48304466593444 -82.23689824660526 -1.0528478261022833 30.81248821660256 -15.38412716805433
363 143 976.0 982 82.92384836899996 7.92 0.0018758962903078873 0.04014891024298074 False True 0.017037485435357224 164.48304466593444 -82.23689824660526 -1.0528478261022833 30.81248821660256 -15.38412716805433
363 144 980.0 986 83.58266000399993 8.12 0.04014891024298074 0.0018758962903078873 False True 0.017037485435357224 164.48304466593444 -82.23689824660526 -1.0528478261022833 30.81248821660256 -15.38412716805433
363 145 984.0 990 84.22677944199992 7.86 0.0 0.04014891024298074 False True 0.017037485435357224 164.48304466593444 -82.23689824660526 -1.0528478261022833 30.81248821660256 -15.38412716805433
363 146 988.0 994 84.88277213199993 8.12 0.04014891024298074 0.0018758962903078873 False True 0.017037485435357224 164.48304466593444 -82.23689824660526 -1.0528478261022833 30.81248821660256 -15.38412716805433
363 147 992.0 998 85.5264941609999 7.86 0.0 0.0018758962903078873 False True 0.017037485435357224 164.48304466593444 -82.23689824660526 -1.0528478261022833 30.81248821660256 -15.38412716805433
363 148 996.0 1002 86.18153519099991 7.51 0.07739458228716738 0.1004486420924414 False True 0.017037485435357224 164.48304466593444 -82.23689824660526 -1.0528478261022833 30.81248821660256 -15.38412716805433
363 149 1000.0 1006 86.82689544699991 7.51 0.07739458228716738 0.12636761982892986 False True 0.017037485435357224 164.48304466593444 -82.23689824660526 -1.0528478261022833 30.81248821660256 -15.38412716805433
363 150 1004.0 1010 87.49799730999993 7.51 0.07739458228716738 0.12636761982892986 False True 0.017037485435357224 164.48304466593444 -82.23689824660526 -1.0528478261022833 30.81248821660256 -15.38412716805433
363 151 1008.0 1014 88.14101675599991 7.51 0.07739458228716738 0.12636761982892986 False True 0.017037485435357224 164.48304466593444 -82.23689824660526 -1.0528478261022833 30.81248821660256 -15.38412716805433
363 152 1012.0 1018 88.76247256199991 7.41 0.12636761982892986 0.07739458228716738 False True 0.017037485435357224 164.48304466593444 -82.23689824660526 -1.0528478261022833 30.81248821660256 -15.38412716805433
363 153 1016.0 1022 89.4044215019999 7.41 0.12636761982892986 0.07739458228716738 False True 0.017037485435357224 164.48304466593444 -82.23689824660526 -1.0528478261022833 30.81248821660256 -15.38412716805433
363 154 1020.0 1026 90.04091306099991 7.41 0.12636761982892986 0.07739458228716738 False True 0.017037485435357224 164.48304466593444 -82.23689824660526 -1.0528478261022833 30.81248821660256 -15.38412716805433
363 155 1024.0 1030 90.70297110099989 7.41 0.12636761982892986 0.10540516162600491 False True 0.017037485435357224 164.48304466593444 -82.23689824660526 -1.0528478261022833 30.81248821660256 -15.38412716805433
363 156 1028.0 1034 91.3585517349999 7.41 0.12636761982892986 0.07739458228716738 False True 0.017037485435357224 164.48304466593444 -82.23689824660526 -1.0528478261022833 30.81248821660256 -15.38412716805433
363 157 1032.0 1038 92.0049218899999 7.51 0.07739458228716738 0.12636761982892986 False True 0.017037485435357224 164.48304466593444 -82.23689824660526 -1.0528478261022833 30.81248821660256 -15.38412716805433
363 158 1036.0 1042 92.66379432799991 7.51 0.07739458228716738 0.12636761982892986 False True 0.017037485435357224 164.48304466593444 -82.23689824660526 -1.0528478261022833 30.81248821660256 -15.38412716805433
363 159 1040.0 1046 93.31714438299991 7.51 0.07739458228716738 0.12636761982892986 False True 0.017037485435357224 164.48304466593444 -82.23689824660526 -1.0528478261022833 30.81248821660256 -15.38412716805433
363 160 1044.0 1050 93.9622178999999 7.51 0.07739458228716738 0.04014891024298074 False True 0.017037485435357224 164.48304466593444 -82.23689824660526 -1.0528478261022833 30.81248821660256 -15.38412716805433
363 161 1048.0 1054 94.61903355099989 7.51 0.07739458228716738 0.057283985509720005 False True 0.017037485435357224 164.48304466593444 -82.23689824660526 -1.0528478261022833 30.81248821660256 -15.38412716805433
363 162 1052.0 1058 95.2626362199999 8.17 0.057283985509720005 0.07739458228716738 False True 0.017037485435357224 164.48304466593444 -82.23689824660526 -1.0528478261022833 30.81248821660256 -15.38412716805433
363 163 1056.0 1062 95.92070455399991 7.51 0.07739458228716738 0.003492726037669652 False True 0.017037485435357224 164.48304466593444 -82.23689824660526 -1.0528478261022833 30.81248821660256 -15.38412716805433
363 164 1060.0 1066 96.57678335599991 7.51 0.07739458228716738 0.19315251904665756 True False 0.017037485435357224 164.48304466593444 -82.23689824660526 -1.0528478261022833 30.81248821660256 -15.38412716805433
363 165 1060.0 1066 96.9603327429999 7.51 0.07739458228716738 0.19315251904665756 False True 0.017037485435357224 164.48304466593444 -82.23689824660526 -1.0528478261022833 30.81248821660256 -15.38412716805433
363 166 1072.0 1078 97.60228330999988 7.51 0.07739458228716738 0.1004486420924414 False True 0.017037485435357224 164.48304466593444 -82.23689824660526 -1.0528478261022833 30.81248821660256 -15.38412716805433
363 167 1076.0 1082 98.25610693099986 7.46 0.1004486420924414 0.07739458228716738 False True 0.017037485435357224 164.48304466593444 -82.23689824660526 -1.0528478261022833 30.81248821660256 -15.38412716805433
363 168 1080.0 1086 98.91144722599986 7.51 0.07739458228716738 0.1004486420924414 False True 0.017037485435357224 164.48304466593444 -82.23689824660526 -1.0528478261022833 30.81248821660256 -15.38412716805433
363 169 1084.0 1090 99.57369981199986 7.51 0.07739458228716738 0.1004486420924414 False True 0.017037485435357224 164.48304466593444 -82.23689824660526 -1.0528478261022833 30.81248821660256 -15.38412716805433
363 170 1088.0 1094 100.23553677799984 7.51 0.07739458228716738 0.1004486420924414 False True 0.017037485435357224 164.48304466593444 -82.23689824660526 -1.0528478261022833 30.81248821660256 -15.38412716805433
363 171 1092.0 1098 100.87082571099984 7.51 0.07739458228716738 0.10528800637463168 False True 0.017037485435357224 164.48304466593444 -82.23689824660526 -1.0528478261022833 30.81248821660256 -15.38412716805433
363 172 1096.0 1102 101.49341737499984 7.51 0.07739458228716738 0.17916371713998103 True False 0.017037485435357224 164.48304466593444 -82.23689824660526 -1.0528478261022833 30.81248821660256 -15.38412716805433
363 173 1096.0 1102 101.87930482199985 7.51 0.07739458228716738 0.17916371713998103 False True 0.017037485435357224 164.48304466593444 -82.23689824660526 -1.0528478261022833 30.81248821660256 -15.38412716805433
363 174 1108.0 1114 102.55246169899985 7.51 0.07739458228716738 0.0007544944070515276 False True 0.017037485435357224 164.48304466593444 -82.23689824660526 -1.0528478261022833 30.81248821660256 -15.38412716805433
363 175 1112.0 1118 103.19683421899984 7.51 0.07739458228716738 0.3188494000579712 False True 0.017037485435357224 164.48304466593444 -82.23689824660526 -1.0528478261022833 30.81248821660256 -15.38412716805433
363 176 1116.0 1122 103.83923295799985 7.51 0.07739458228716738 0.03413081635030321 False True 0.017037485435357224 164.48304466593444 -82.23689824660526 -1.0528478261022833 30.81248821660256 -15.38412716805433
363 177 1120.0 1126 104.49375320999985 7.51 0.07739458228716738 0.006845193907040336 False True 0.017037485435357224 164.48304466593444 -82.23689824660526 -1.0528478261022833 30.81248821660256 -15.38412716805433
363 178 1124.0 1130 105.15148322099984 7.51 0.07739458228716738 0.006845193907040336 False True 0.017037485435357224 164.48304466593444 -82.23689824660526 -1.0528478261022833 30.81248821660256 -15.38412716805433
363 179 1128.0 1134 105.81955119899985 7.51 0.07739458228716738 0.006845193907040336 False True 0.017037485435357224 164.48304466593444 -82.23689824660526 -1.0528478261022833 30.81248821660256 -15.38412716805433
363 180 1132.0 1138 106.47159597099986 7.51 0.07739458228716738 0.006845193907040336 False True 0.017037485435357224 164.48304466593444 -82.23689824660526 -1.0528478261022833 30.81248821660256 -15.38412716805433
363 181 1136.0 1142 107.09829187299985 7.51 0.07739458228716738 0.006845193907040336 False True 0.017037485435357224 164.48304466593444 -82.23689824660526 -1.0528478261022833 30.81248821660256 -15.38412716805433
363 182 1140.0 1146 107.77316208099984 7.51 0.07739458228716738 0.005604229419198185 True False 0.017037485435357224 164.48304466593444 -82.23689824660526 -1.0528478261022833 30.81248821660256 -15.38412716805433
363 183 1140.0 1146 108.17541638599982 7.51 0.07739458228716738 0.005604229419198185 False True 0.017037485435357224 164.48304466593444 -82.23689824660526 -1.0528478261022833 30.81248821660256 -15.38412716805433
363 184 1152.0 1158 108.81796211699981 7.51 0.07739458228716738 0.057283985509720005 False True 0.017037485435357224 164.48304466593444 -82.23689824660526 -1.0528478261022833 30.81248821660256 -15.38412716805433
363 185 1156.0 1162 109.47226728299981 7.51 0.07739458228716738 0.057283985509720005 False True 0.017037485435357224 164.48304466593444 -82.23689824660526 -1.0528478261022833 30.81248821660256 -15.38412716805433
363 186 1160.0 1166 110.11386532499981 7.51 0.07739458228716738 0.1004486420924414 False True 0.017037485435357224 164.48304466593444 -82.23689824660526 -1.0528478261022833 30.81248821660256 -15.38412716805433
363 187 1164.0 1170 110.7562136539998 7.51 0.07739458228716738 0.13188977595211562 True False 0.017037485435357224 164.48304466593444 -82.23689824660526 -1.0528478261022833 30.81248821660256 -15.38412716805433
363 188 1164.0 1170 111.17552582599978 7.51 0.07739458228716738 0.13188977595211562 False True 0.017037485435357224 164.48304466593444 -82.23689824660526 -1.0528478261022833 30.81248821660256 -15.38412716805433
363 189 1176.0 1182 111.82932430699978 7.4 0.13188977595211562 0.07739458228716738 False True 0.017037485435357224 164.48304466593444 -82.23689824660526 -1.0528478261022833 30.81248821660256 -15.38412716805433
363 190 1180.0 1186 112.45895840099976 7.51 0.07739458228716738 0.13188977595211562 False True 0.017037485435357224 164.48304466593444 -82.23689824660526 -1.0528478261022833 30.81248821660256 -15.38412716805433
363 191 1184.0 1190 113.11321009799977 7.92 0.0018758962903078873 0.07739458228716738 False True 0.017037485435357224 164.48304466593444 -82.23689824660526 -1.0528478261022833 30.81248821660256 -15.38412716805433
363 192 1188.0 1194 113.75699495299978 7.51 0.07739458228716738 0.18003544204231947 False True 0.017037485435357224 164.48304466593444 -82.23689824660526 -1.0528478261022833 30.81248821660256 -15.38412716805433
363 193 1192.0 1198 114.41231663899978 7.51 0.07739458228716738 0.12636761982892986 False True 0.017037485435357224 164.48304466593444 -82.23689824660526 -1.0528478261022833 30.81248821660256 -15.38412716805433
363 194 1196.0 1202 115.07831298199977 7.51 0.07739458228716738 0.0018758962903078873 False True 0.017037485435357224 164.48304466593444 -82.23689824660526 -1.0528478261022833 30.81248821660256 -15.38412716805433
363 195 1200.0 1206 115.73237734399976 7.51 0.07739458228716738 0.1941124439242531 True False 0.017037485435357224 164.48304466593444 -82.23689824660526 -1.0528478261022833 30.81248821660256 -15.38412716805433
363 196 1200.0 1206 116.13303143899975 7.51 0.07739458228716738 0.1941124439242531 False True 0.017037485435357224 164.48304466593444 -82.23689824660526 -1.0528478261022833 30.81248821660256 -15.38412716805433
363 197 1212.0 1218 116.77359137599973 7.51 0.07739458228716738 0.04014891024298074 False True 0.017037485435357224 164.48304466593444 -82.23689824660526 -1.0528478261022833 30.81248821660256 -15.38412716805433
363 198 1216.0 1222 117.41571150799973 7.51 0.07739458228716738 0.04014891024298074 False True 0.017037485435357224 164.48304466593444 -82.23689824660526 -1.0528478261022833 30.81248821660256 -15.38412716805433
363 199 1220.0 1226 118.05784780199974 8.12 0.04014891024298074 0.0018758962903078873 False True 0.017037485435357224 164.48304466593444 -82.23689824660526 -1.0528478261022833 30.81248821660256 -15.38412716805433
363 200 1224.0 1230 118.69269321599975 8.12 0.04014891024298074 0.0018758962903078873 False True 0.017037485435357224 164.48304466593444 -82.23689824660526 -1.0528478261022833 30.81248821660256 -15.38412716805433
363 201 1228.0 1234 119.34807431699974 8.12 0.04014891024298074 0.0018758962903078873 False True 0.017037485435357224 164.48304466593444 -82.23689824660526 -1.0528478261022833 30.81248821660256 -15.38412716805433
363 202 1232.0 1238 120.01747578399974 7.51 0.07739458228716738 0.037079821238111155 True False 0.017037485435357224 164.48304466593444 -82.23689824660526 -1.0528478261022833 30.81248821660256 -15.38412716805433
363 203 1232.0 1238 120.43514925599973 7.51 0.07739458228716738 0.037079821238111155 False True 0.017037485435357224 164.48304466593444 -82.23689824660526 -1.0528478261022833 30.81248821660256 -15.38412716805433
363 204 1244.0 1250 121.09503406099972 7.92 0.0018758962903078873 0.10540516162600491 False True 0.017037485435357224 164.48304466593444 -82.23689824660526 -1.0528478261022833 30.81248821660256 -15.38412716805433
363 205 1248.0 1254 121.76861887399974 7.51 0.07739458228716738 0.0026224251785098543 False True 0.017037485435357224 164.48304466593444 -82.23689824660526 -1.0528478261022833 30.81248821660256 -15.38412716805433
363 206 1252.0 1258 122.52787525899973 8.17 0.057283985509720005 0.0018758962903078873 False True 0.017037485435357224 164.48304466593444 -82.23689824660526 -1.0528478261022833 30.81248821660256 -15.38412716805433
363 207 1256.0 1262 123.19128556299972 7.67 0.023478593247553747 0.0018758962903078873 False True 0.017037485435357224 164.48304466593444 -82.23689824660526 -1.0528478261022833 30.81248821660256 -15.38412716805433
363 208 1260.0 1266 123.8537593799997 7.51 0.07739458228716738 0.0026224251785098543 False True 0.017037485435357224 164.48304466593444 -82.23689824660526 -1.0528478261022833 30.81248821660256 -15.38412716805433
363 209 1264.0 1270 124.5121353129997 7.93 0.0026224251785098543 0.04014891024298074 False True 0.017037485435357224 164.48304466593444 -82.23689824660526 -1.0528478261022833 30.81248821660256 -15.38412716805433
363 210 1268.0 1274 125.17027352299971 8.12 0.04014891024298074 0.0026224251785098543 False True 0.017037485435357224 164.48304466593444 -82.23689824660526 -1.0528478261022833 30.81248821660256 -15.38412716805433
363 211 1272.0 1278 125.82960294599971 7.51 0.07739458228716738 0.0026224251785098543 False True 0.017037485435357224 164.48304466593444 -82.23689824660526 -1.0528478261022833 30.81248821660256 -15.38412716805433
363 212 1276.0 1282 126.4894328069997 7.93 0.0026224251785098543 0.1004486420924414 False True 0.017037485435357224 164.48304466593444 -82.23689824660526 -1.0528478261022833 30.81248821660256 -15.38412716805433
363 213 1280.0 1286 127.15105002199971 7.51 0.07739458228716738 0.0026224251785098543 False True 0.017037485435357224 164.48304466593444 -82.23689824660526 -1.0528478261022833 30.81248821660256 -15.38412716805433
363 214 1284.0 1290 127.80753473399972 7.51 0.07739458228716738 0.0026224251785098543 False True 0.017037485435357224 164.48304466593444 -82.23689824660526 -1.0528478261022833 30.81248821660256 -15.38412716805433
363 215 1288.0 1294 128.46829491699972 7.93 0.0026224251785098543 0.1004486420924414 False True 0.017037485435357224 164.48304466593444 -82.23689824660526 -1.0528478261022833 30.81248821660256 -15.38412716805433
363 216 1292.0 1298 129.12650676299972 7.93 0.0026224251785098543 0.10528800637463168 False True 0.017037485435357224 164.48304466593444 -82.23689824660526 -1.0528478261022833 30.81248821660256 -15.38412716805433
363 217 1296.0 1302 129.78759102099974 7.93 0.0026224251785098543 0.10528800637463168 False True 0.017037485435357224 164.48304466593444 -82.23689824660526 -1.0528478261022833 30.81248821660256 -15.38412716805433
363 218 1300.0 1306 130.41385967599976 7.93 0.0026224251785098543 0.10528800637463168 False True 0.017037485435357224 164.48304466593444 -82.23689824660526 -1.0528478261022833 30.81248821660256 -15.38412716805433
363 219 1304.0 1310 131.08541702699975 7.93 0.0026224251785098543 0.0007544944070515276 False True 0.017037485435357224 164.48304466593444 -82.23689824660526 -1.0528478261022833 30.81248821660256 -15.38412716805433
363 220 1308.0 1314 131.73301388899975 7.93 0.0026224251785098543 0.0007544944070515276 False True 0.017037485435357224 164.48304466593444 -82.23689824660526 -1.0528478261022833 30.81248821660256 -15.38412716805433
363 221 1312.0 1318 132.38474732099974 7.93 0.0026224251785098543 0.0007544944070515276 False True 0.017037485435357224 164.48304466593444 -82.23689824660526 -1.0528478261022833 30.81248821660256 -15.38412716805433
363 222 1316.0 1322 133.04893486899974 7.9 0.0007544944070515276 0.0026224251785098543 False True 0.017037485435357224 164.48304466593444 -82.23689824660526 -1.0528478261022833 30.81248821660256 -15.38412716805433
363 223 1320.0 1326 133.71226522599974 7.9 0.0007544944070515276 0.0026224251785098543 False True 0.017037485435357224 164.48304466593444 -82.23689824660526 -1.0528478261022833 30.81248821660256 -15.38412716805433
363 224 1324.0 1330 134.37017188399975 7.9 0.0007544944070515276 0.0026224251785098543 False True 0.017037485435357224 164.48304466593444 -82.23689824660526 -1.0528478261022833 30.81248821660256 -15.38412716805433
363 225 1328.0 1334 135.01361847399974 7.9 0.0007544944070515276 0.0026224251785098543 False True 0.017037485435357224 164.48304466593444 -82.23689824660526 -1.0528478261022833 30.81248821660256 -15.38412716805433
363 226 1332.0 1338 135.66843737399972 7.9 0.0007544944070515276 0.0026224251785098543 False True 0.017037485435357224 164.48304466593444 -82.23689824660526 -1.0528478261022833 30.81248821660256 -15.38412716805433
363 227 1336.0 1342 136.32955429799972 7.9 0.0007544944070515276 0.0026224251785098543 False True 0.017037485435357224 164.48304466593444 -82.23689824660526 -1.0528478261022833 30.81248821660256 -15.38412716805433
363 228 1340.0 1346 136.98589255699972 7.9 0.0007544944070515276 0.0026224251785098543 False True 0.017037485435357224 164.48304466593444 -82.23689824660526 -1.0528478261022833 30.81248821660256 -15.38412716805433
363 229 1344.0 1350 137.62919033699973 7.9 0.0007544944070515276 0.0026224251785098543 False True 0.017037485435357224 164.48304466593444 -82.23689824660526 -1.0528478261022833 30.81248821660256 -15.38412716805433
363 230 1348.0 1354 138.26812254299975 7.9 0.0007544944070515276 0.0026224251785098543 False True 0.017037485435357224 164.48304466593444 -82.23689824660526 -1.0528478261022833 30.81248821660256 -15.38412716805433
363 231 1352.0 1358 138.94606150199974 7.9 0.0007544944070515276 0.0026224251785098543 False True 0.017037485435357224 164.48304466593444 -82.23689824660526 -1.0528478261022833 30.81248821660256 -15.38412716805433
363 232 1356.0 1362 139.60548043199972 7.9 0.0007544944070515276 0.0026224251785098543 False True 0.017037485435357224 164.48304466593444 -82.23689824660526 -1.0528478261022833 30.81248821660256 -15.38412716805433
363 233 1360.0 1366 140.24451366299974 7.9 0.0007544944070515276 0.0026224251785098543 False True 0.017037485435357224 164.48304466593444 -82.23689824660526 -1.0528478261022833 30.81248821660256 -15.38412716805433
363 234 1364.0 1370 140.92808875599974 7.9 0.0007544944070515276 0.0026224251785098543 False True 0.017037485435357224 164.48304466593444 -82.23689824660526 -1.0528478261022833 30.81248821660256 -15.38412716805433
363 235 1368.0 1374 141.58755700399973 7.93 0.0026224251785098543 0.0007544944070515276 False True 0.017037485435357224 164.48304466593444 -82.23689824660526 -1.0528478261022833 30.81248821660256 -15.38412716805433
363 236 1372.0 1378 142.25086128699974 7.93 0.0026224251785098543 0.0007544944070515276 False True 0.017037485435357224 164.48304466593444 -82.23689824660526 -1.0528478261022833 30.81248821660256 -15.38412716805433
363 237 1376.0 1382 142.90854370699975 7.93 0.0026224251785098543 0.0007544944070515276 False True 0.017037485435357224 164.48304466593444 -82.23689824660526 -1.0528478261022833 30.81248821660256 -15.38412716805433
363 238 1380.0 1386 143.56607511699974 7.93 0.0026224251785098543 0.0007544944070515276 False True 0.017037485435357224 164.48304466593444 -82.23689824660526 -1.0528478261022833 30.81248821660256 -15.38412716805433
363 239 1384.0 1390 144.22542714399975 7.93 0.0026224251785098543 0.0007544944070515276 False True 0.017037485435357224 164.48304466593444 -82.23689824660526 -1.0528478261022833 30.81248821660256 -15.38412716805433
363 240 1388.0 1394 144.88404229099976 7.93 0.0026224251785098543 0.0007544944070515276 False True 0.017037485435357224 164.48304466593444 -82.23689824660526 -1.0528478261022833 30.81248821660256 -15.38412716805433
363 241 1392.0 1398 145.54397942799977 7.93 0.0026224251785098543 0.0007544944070515276 False True 0.017037485435357224 164.48304466593444 -82.23689824660526 -1.0528478261022833 30.81248821660256 -15.38412716805433
363 242 1396.0 1402 146.18230390999977 7.93 0.0026224251785098543 0.0007544944070515276 False True 0.017037485435357224 164.48304466593444 -82.23689824660526 -1.0528478261022833 30.81248821660256 -15.38412716805433
363 243 1400.0 1406 146.8298271459998 7.9 0.0007544944070515276 0.0026224251785098543 False True 0.017037485435357224 164.48304466593444 -82.23689824660526 -1.0528478261022833 30.81248821660256 -15.38412716805433
363 244 1404.0 1410 147.47176336799978 7.9 0.0007544944070515276 0.0026224251785098543 False True 0.017037485435357224 164.48304466593444 -82.23689824660526 -1.0528478261022833 30.81248821660256 -15.38412716805433
363 245 1408.0 1414 148.1254998979998 7.93 0.0026224251785098543 0.0007544944070515276 False True 0.017037485435357224 164.48304466593444 -82.23689824660526 -1.0528478261022833 30.81248821660256 -15.38412716805433
363 246 1412.0 1418 148.80691003799978 7.9 0.0007544944070515276 0.0026224251785098543 False True 0.017037485435357224 164.48304466593444 -82.23689824660526 -1.0528478261022833 30.81248821660256 -15.38412716805433
363 247 1416.0 1422 149.4624444959998 7.9 0.0007544944070515276 0.0026224251785098543 False True 0.017037485435357224 164.48304466593444 -82.23689824660526 -1.0528478261022833 30.81248821660256 -15.38412716805433
363 248 1420.0 1426 150.1106594829998 7.9 0.0007544944070515276 0.0026224251785098543 False True 0.017037485435357224 164.48304466593444 -82.23689824660526 -1.0528478261022833 30.81248821660256 -15.38412716805433
363 249 1424.0 1430 150.7671846699998 7.9 0.0007544944070515276 0.0026224251785098543 False True 0.017037485435357224 164.48304466593444 -82.23689824660526 -1.0528478261022833 30.81248821660256 -15.38412716805433
363 250 1428.0 1434 151.4294102399998 7.9 0.0007544944070515276 0.0026224251785098543 False True 0.017037485435357224 164.48304466593444 -82.23689824660526 -1.0528478261022833 30.81248821660256 -15.38412716805433
363 251 1432.0 1438 152.0872431609998 7.9 0.0007544944070515276 0.0026224251785098543 False True 0.017037485435357224 164.48304466593444 -82.23689824660526 -1.0528478261022833 30.81248821660256 -15.38412716805433
363 252 1436.0 1442 152.7501779919998 7.9 0.0007544944070515276 0.0026224251785098543 False True 0.017037485435357224 164.48304466593444 -82.23689824660526 -1.0528478261022833 30.81248821660256 -15.38412716805433
363 253 1440.0 1446 153.4269170239998 7.9 0.0007544944070515276 0.0026224251785098543 False True 0.017037485435357224 164.48304466593444 -82.23689824660526 -1.0528478261022833 30.81248821660256 -15.38412716805433
363 254 1444.0 1450 154.1036074489998 7.9 0.0007544944070515276 0.0026224251785098543 False True 0.017037485435357224 164.48304466593444 -82.23689824660526 -1.0528478261022833 30.81248821660256 -15.38412716805433
363 255 1448.0 1454 154.7458521949998 7.9 0.0007544944070515276 0.0026224251785098543 False True 0.017037485435357224 164.48304466593444 -82.23689824660526 -1.0528478261022833 30.81248821660256 -15.38412716805433
363 256 1452.0 1458 155.4251540179998 7.9 0.0007544944070515276 0.0026224251785098543 False True 0.017037485435357224 164.48304466593444 -82.23689824660526 -1.0528478261022833 30.81248821660256 -15.38412716805433
363 257 1456.0 1462 156.08461039899979 7.9 0.0007544944070515276 0.0026224251785098543 False True 0.017037485435357224 164.48304466593444 -82.23689824660526 -1.0528478261022833 30.81248821660256 -15.38412716805433
363 258 1460.0 1466 156.7438592249998 7.9 0.0007544944070515276 0.0026224251785098543 False True 0.017037485435357224 164.48304466593444 -82.23689824660526 -1.0528478261022833 30.81248821660256 -15.38412716805433
363 259 1464.0 1470 157.4016614059998 7.9 0.0007544944070515276 0.0026224251785098543 False True 0.017037485435357224 164.48304466593444 -82.23689824660526 -1.0528478261022833 30.81248821660256 -15.38412716805433
363 260 1468.0 1474 158.0421031439998 7.9 0.0007544944070515276 0.0026224251785098543 False True 0.017037485435357224 164.48304466593444 -82.23689824660526 -1.0528478261022833 30.81248821660256 -15.38412716805433
363 261 1472.0 1478 158.69866792299982 7.9 0.0007544944070515276 0.0026224251785098543 False True 0.017037485435357224 164.48304466593444 -82.23689824660526 -1.0528478261022833 30.81248821660256 -15.38412716805433
363 262 1476.0 1482 159.34237260699982 7.9 0.0007544944070515276 0.0026224251785098543 False True 0.017037485435357224 164.48304466593444 -82.23689824660526 -1.0528478261022833 30.81248821660256 -15.38412716805433
363 263 1480.0 1486 160.00066316499982 7.9 0.0007544944070515276 0.0026224251785098543 False True 0.017037485435357224 164.48304466593444 -82.23689824660526 -1.0528478261022833 30.81248821660256 -15.38412716805433
363 264 1484.0 1490 160.63993272599984 7.93 0.0026224251785098543 0.0007544944070515276 False True 0.017037485435357224 164.48304466593444 -82.23689824660526 -1.0528478261022833 30.81248821660256 -15.38412716805433
363 265 1488.0 1494 161.31597018499986 7.93 0.0026224251785098543 0.0007544944070515276 False True 0.017037485435357224 164.48304466593444 -82.23689824660526 -1.0528478261022833 30.81248821660256 -15.38412716805433
363 266 1492.0 1498 161.97604896099986 7.93 0.0026224251785098543 0.0007544944070515276 False True 0.017037485435357224 164.48304466593444 -82.23689824660526 -1.0528478261022833 30.81248821660256 -15.38412716805433
363 267 1496.0 1502 162.61947259199988 7.93 0.0026224251785098543 0.0007544944070515276 False True 0.017037485435357224 164.48304466593444 -82.23689824660526 -1.0528478261022833 30.81248821660256 -15.38412716805433
363 268 1500.0 1506 163.3158293849999 7.9 0.0007544944070515276 0.0026224251785098543 False True 0.017037485435357224 164.48304466593444 -82.23689824660526 -1.0528478261022833 30.81248821660256 -15.38412716805433
363 269 1504.0 1510 164.2222530089999 7.93 0.0026224251785098543 0.0007544944070515276 False True 0.017037485435357224 164.48304466593444 -82.23689824660526 -1.0528478261022833 30.81248821660256 -15.38412716805433
363 270 1508.0 1514 165.2561800949999 7.93 0.0026224251785098543 0.0007544944070515276 False True 0.017037485435357224 164.48304466593444 -82.23689824660526 -1.0528478261022833 30.81248821660256 -15.38412716805433
363 271 1512.0 1518 166.2745137949999 7.93 0.0026224251785098543 0.0007544944070515276 False True 0.017037485435357224 164.48304466593444 -82.23689824660526 -1.0528478261022833 30.81248821660256 -15.38412716805433
363 272 1516.0 1522 167.30280535299988 7.93 0.0026224251785098543 0.08184858338110054 True False 0.017037485435357224 164.48304466593444 -82.23689824660526 -1.0528478261022833 30.81248821660256 -15.38412716805433
363 273 1516.0 1522 167.91953898799989 7.93 0.0026224251785098543 0.08184858338110054 False True 0.017037485435357224 164.48304466593444 -82.23689824660526 -1.0528478261022833 30.81248821660256 -15.38412716805433
363 274 1528.0 1534 168.94183671399986 7.93 0.0026224251785098543 0.08177465376431807 True False 0.017037485435357224 164.48304466593444 -82.23689824660526 -1.0528478261022833 30.81248821660256 -15.38412716805433
363 275 1528.0 1534 169.56220084299989 7.93 0.0026224251785098543 0.08177465376431807 False True 0.017037485435357224 164.48304466593444 -82.23689824660526 -1.0528478261022833 30.81248821660256 -15.38412716805433
363 276 1540.0 1546 170.49811220899988 1.58 0.08177465376431807 0.0026224251785098543 False True 0.017037485435357224 164.48304466593444 -82.23689824660526 -1.0528478261022833 30.81248821660256 -15.38412716805433
363 277 1544.0 1550 171.2995719999999 1.58 0.08177465376431807 0.0026224251785098543 False True 0.017037485435357224 164.48304466593444 -82.23689824660526 -1.0528478261022833 30.81248821660256 -15.38412716805433
363 278 1548.0 1554 172.0561724089999 7.93 0.0026224251785098543 0.08177465376431807 False True 0.017037485435357224 164.48304466593444 -82.23689824660526 -1.0528478261022833 30.81248821660256 -15.38412716805433
363 279 1552.0 1558 172.79928374599993 7.93 0.0026224251785098543 0.08177465376431807 False True 0.017037485435357224 164.48304466593444 -82.23689824660526 -1.0528478261022833 30.81248821660256 -15.38412716805433
363 280 1556.0 1562 173.53409913899992 7.93 0.0026224251785098543 0.08177465376431807 False True 0.017037485435357224 164.48304466593444 -82.23689824660526 -1.0528478261022833 30.81248821660256 -15.38412716805433
363 281 1560.0 1566 174.24171833899993 7.93 0.0026224251785098543 0.08177465376431807 False True 0.017037485435357224 164.48304466593444 -82.23689824660526 -1.0528478261022833 30.81248821660256 -15.38412716805433
363 282 1564.0 1570 174.98074081999994 7.93 0.0026224251785098543 0.08177465376431807 False True 0.017037485435357224 164.48304466593444 -82.23689824660526 -1.0528478261022833 30.81248821660256 -15.38412716805433
363 283 1568.0 1574 175.69260854799995 1.58 0.08177465376431807 0.0026224251785098543 False True 0.017037485435357224 164.48304466593444 -82.23689824660526 -1.0528478261022833 30.81248821660256 -15.38412716805433
363 284 1572.0 1578 176.37332668999994 1.58 0.08177465376431807 0.0026224251785098543 False True 0.017037485435357224 164.48304466593444 -82.23689824660526 -1.0528478261022833 30.81248821660256 -15.38412716805433
363 285 1576.0 1582 177.05223933099992 7.93 0.0026224251785098543 0.08177465376431807 False True 0.017037485435357224 164.48304466593444 -82.23689824660526 -1.0528478261022833 30.81248821660256 -15.38412716805433
363 286 1580.0 1586 177.71912116599992 7.93 0.0026224251785098543 0.08182485021570603 True False 0.017037485435357224 164.48304466593444 -82.23689824660526 -1.0528478261022833 30.81248821660256 -15.38412716805433
363 287 1580.0 1587 178.1350386039999 7.93 0.0026224251785098543 0.08182485021570603 False True 0.017037485435357224 164.48304466593444 -82.23689824660526 -1.0528478261022833 30.81248821660256 -15.38412716805433
363 288 1592.0 1599 178.78078146599992 7.93 0.0026224251785098543 0.08184858338110054 False True 0.017037485435357224 164.48304466593444 -82.23689824660526 -1.0528478261022833 30.81248821660256 -15.38412716805433
363 289 1596.0 1603 179.43608240799992 7.93 0.0026224251785098543 0.0007544944070515276 False True 0.017037485435357224 164.48304466593444 -82.23689824660526 -1.0528478261022833 30.81248821660256 -15.38412716805433
363 290 1600.0 1607 180.0727973019999 7.93 0.0026224251785098543 0.09240705058405571 True False 0.017037485435357224 164.48304466593444 -82.23689824660526 -1.0528478261022833 30.81248821660256 -15.38412716805433
363 291 1600.0 1607 180.4785822649999 7.93 0.0026224251785098543 0.09240705058405571 False True 0.017037485435357224 164.48304466593444 -82.23689824660526 -1.0528478261022833 30.81248821660256 -15.38412716805433
363 292 1612.0 1619 181.13991760999988 7.93 0.0026224251785098543 0.08177465376431807 False True 0.017037485435357224 164.48304466593444 -82.23689824660526 -1.0528478261022833 30.81248821660256 -15.38412716805433
363 293 1616.0 1623 181.81932307799988 7.93 0.0026224251785098543 0.08177465376431807 False True 0.017037485435357224 164.48304466593444 -82.23689824660526 -1.0528478261022833 30.81248821660256 -15.38412716805433
363 294 1620.0 1627 182.47990660999986 7.93 0.0026224251785098543 0.08177465376431807 False True 0.017037485435357224 164.48304466593444 -82.23689824660526 -1.0528478261022833 30.81248821660256 -15.38412716805433
363 295 1624.0 1631 183.13885455199986 7.93 0.0026224251785098543 0.08177465376431807 False True 0.017037485435357224 164.48304466593444 -82.23689824660526 -1.0528478261022833 30.81248821660256 -15.38412716805433
363 296 1628.0 1635 183.81950084799985 1.58 0.08177465376431807 0.0026224251785098543 False True 0.017037485435357224 164.48304466593444 -82.23689824660526 -1.0528478261022833 30.81248821660256 -15.38412716805433
363 297 1632.0 1639 184.47961915799985 1.58 0.08177465376431807 0.0026224251785098543 False True 0.017037485435357224 164.48304466593444 -82.23689824660526 -1.0528478261022833 30.81248821660256 -15.38412716805433
363 298 1636.0 1643 185.13986501799985 1.58 0.08177465376431807 0.0026224251785098543 False True 0.017037485435357224 164.48304466593444 -82.23689824660526 -1.0528478261022833 30.81248821660256 -15.38412716805433
363 299 1640.0 1647 185.81784204199985 7.93 0.0026224251785098543 0.08177465376431807 False True 0.017037485435357224 164.48304466593444 -82.23689824660526 -1.0528478261022833 30.81248821660256 -15.38412716805433
363 300 1644.0 1651 186.48030054199987 7.93 0.0026224251785098543 0.0007544944070515276 False True 0.017037485435357224 164.48304466593444 -82.23689824660526 -1.0528478261022833 30.81248821660256 -15.38412716805433
363 301 1648.0 1655 187.13760969099985 7.93 0.0026224251785098543 0.0007544944070515276 False True 0.017037485435357224 164.48304466593444 -82.23689824660526 -1.0528478261022833 30.81248821660256 -15.38412716805433
363 302 1652.0 1659 187.81741561499987 7.93 0.0026224251785098543 0.08177465376431807 False True 0.017037485435357224 164.48304466593444 -82.23689824660526 -1.0528478261022833 30.81248821660256 -15.38412716805433
363 303 1656.0 1663 188.47970353899987 7.93 0.0026224251785098543 0.08177465376431807 False True 0.017037485435357224 164.48304466593444 -82.23689824660526 -1.0528478261022833 30.81248821660256 -15.38412716805433
363 304 1660.0 1667 189.1331328979999 7.93 0.0026224251785098543 0.08177465376431807 False True 0.017037485435357224 164.48304466593444 -82.23689824660526 -1.0528478261022833 30.81248821660256 -15.38412716805433
363 305 1664.0 1671 189.7737408849999 7.93 0.0026224251785098543 0.08914372867308704 False True 0.017037485435357224 164.48304466593444 -82.23689824660526 -1.0528478261022833 30.81248821660256 -15.38412716805433
363 306 1668.0 1675 190.4536078209999 7.93 0.0026224251785098543 0.009696860788607512 True False 0.017037485435357224 164.48304466593444 -82.23689824660526 -1.0528478261022833 30.81248821660256 -15.38412716805433
363 307 1668.0 1675 190.86020778199995 7.93 0.0026224251785098543 0.009696860788607512 False True 0.017037485435357224 164.48304466593444 -82.23689824660526 -1.0528478261022833 30.81248821660256 -15.38412716805433
363 308 1680.0 1687 191.51616256299994 7.99 0.009696860788607512 0.0026224251785098543 False True 0.017037485435357224 164.48304466593444 -82.23689824660526 -1.0528478261022833 30.81248821660256 -15.38412716805433
363 309 1684.0 1691 192.1785902579999 7.99 0.009696860788607512 0.0026224251785098543 False True 0.017037485435357224 164.48304466593444 -82.23689824660526 -1.0528478261022833 30.81248821660256 -15.38412716805433
363 310 1688.0 1695 192.83889272999986 7.99 0.009696860788607512 0.011307251124007312 True False 0.017037485435357224 164.48304466593444 -82.23689824660526 -1.0528478261022833 30.81248821660256 -15.38412716805433
363 311 1688.0 1695 193.23611695799983 7.99 0.009696860788607512 0.011307251124007312 False True 0.017037485435357224 164.48304466593444 -82.23689824660526 -1.0528478261022833 30.81248821660256 -15.38412716805433
363 312 1700.0 1707 193.91301136999985 7.99 0.009696860788607512 0.011307251124007312 False True 0.017037485435357224 164.48304466593444 -82.23689824660526 -1.0528478261022833 30.81248821660256 -15.38412716805433
363 313 1704.0 1711 194.57640981499983 7.99 0.009696860788607512 0.011307251124007312 False True 0.017037485435357224 164.48304466593444 -82.23689824660526 -1.0528478261022833 30.81248821660256 -15.38412716805433
363 314 1708.0 1715 195.23537306399984 7.99 0.009696860788607512 0.011307251124007312 False True 0.017037485435357224 164.48304466593444 -82.23689824660526 -1.0528478261022833 30.81248821660256 -15.38412716805433
363 315 1712.0 1719 195.89709486399985 7.99 0.009696860788607512 0.011307251124007312 False True 0.017037485435357224 164.48304466593444 -82.23689824660526 -1.0528478261022833 30.81248821660256 -15.38412716805433
363 316 1716.0 1723 196.57511979999984 7.99 0.009696860788607512 0.011307251124007312 False True 0.017037485435357224 164.48304466593444 -82.23689824660526 -1.0528478261022833 30.81248821660256 -15.38412716805433
363 317 1720.0 1727 197.23662638499988 7.99 0.009696860788607512 0.011307251124007312 False True 0.017037485435357224 164.48304466593444 -82.23689824660526 -1.0528478261022833 30.81248821660256 -15.38412716805433
363 318 1724.0 1731 197.89307927999985 7.99 0.009696860788607512 0.011307251124007312 False True 0.017037485435357224 164.48304466593444 -82.23689824660526 -1.0528478261022833 30.81248821660256 -15.38412716805433
363 319 1728.0 1735 198.55357478199986 7.99 0.009696860788607512 0.011307251124007312 False True 0.017037485435357224 164.48304466593444 -82.23689824660526 -1.0528478261022833 30.81248821660256 -15.38412716805433
363 320 1732.0 1739 199.20961724299988 7.99 0.009696860788607512 0.011307251124007312 False True 0.017037485435357224 164.48304466593444 -82.23689824660526 -1.0528478261022833 30.81248821660256 -15.38412716805433
363 321 1736.0 1743 199.86971097199987 7.99 0.009696860788607512 0.011307251124007312 False True 0.017037485435357224 164.48304466593444 -82.23689824660526 -1.0528478261022833 30.81248821660256 -15.38412716805433
363 322 1740.0 1747 200.5288577509999 7.99 0.009696860788607512 0.011307251124007312 False True 0.017037485435357224 164.48304466593444 -82.23689824660526 -1.0528478261022833 30.81248821660256 -15.38412716805433
363 323 1744.0 1751 201.21148588499992 7.99 0.009696860788607512 0.011307251124007312 False True 0.017037485435357224 164.48304466593444 -82.23689824660526 -1.0528478261022833 30.81248821660256 -15.38412716805433
363 324 1748.0 1755 201.8719297679999 7.99 0.009696860788607512 0.011307251124007312 False True 0.017037485435357224 164.48304466593444 -82.23689824660526 -1.0528478261022833 30.81248821660256 -15.38412716805433
363 325 1752.0 1759 202.5532056199999 7.99 0.009696860788607512 0.011307251124007312 False True 0.017037485435357224 164.48304466593444 -82.23689824660526 -1.0528478261022833 30.81248821660256 -15.38412716805433
363 326 1756.0 1763 203.22838401499988 7.99 0.009696860788607512 0.011307251124007312 False True 0.017037485435357224 164.48304466593444 -82.23689824660526 -1.0528478261022833 30.81248821660256 -15.38412716805433
363 327 1760.0 1767 203.86954813999986 7.99 0.009696860788607512 0.011307251124007312 False True 0.017037485435357224 164.48304466593444 -82.23689824660526 -1.0528478261022833 30.81248821660256 -15.38412716805433
363 328 1764.0 1771 204.51096837499986 7.99 0.009696860788607512 0.011307251124007312 False True 0.017037485435357224 164.48304466593444 -82.23689824660526 -1.0528478261022833 30.81248821660256 -15.38412716805433
363 329 1768.0 1775 205.18893877799988 8.0 0.011307251124007312 0.009696860788607512 False True 0.017037485435357224 164.48304466593444 -82.23689824660526 -1.0528478261022833 30.81248821660256 -15.38412716805433
363 330 1772.0 1779 205.84875872599983 7.99 0.009696860788607512 0.011307251124007312 False True 0.017037485435357224 164.48304466593444 -82.23689824660526 -1.0528478261022833 30.81248821660256 -15.38412716805433
363 331 1776.0 1783 206.49364385299978 7.93 0.0026224251785098543 0.009696860788607512 False True 0.017037485435357224 164.48304466593444 -82.23689824660526 -1.0528478261022833 30.81248821660256 -15.38412716805433
363 332 1780.0 1787 207.17331546199975 7.93 0.0026224251785098543 0.009696860788607512 False True 0.017037485435357224 164.48304466593444 -82.23689824660526 -1.0528478261022833 30.81248821660256 -15.38412716805433
363 333 1784.0 1791 207.8465141119997 7.93 0.0026224251785098543 0.009696860788607512 False True 0.017037485435357224 164.48304466593444 -82.23689824660526 -1.0528478261022833 30.81248821660256 -15.38412716805433
363 334 1788.0 1795 208.4936130179997 7.93 0.0026224251785098543 0.009696860788607512 False True 0.017037485435357224 164.48304466593444 -82.23689824660526 -1.0528478261022833 30.81248821660256 -15.38412716805433
363 335 1792.0 1799 209.15455282499974 7.93 0.0026224251785098543 0.009696860788607512 False True 0.017037485435357224 164.48304466593444 -82.23689824660526 -1.0528478261022833 30.81248821660256 -15.38412716805433
363 336 1796.0 1803 209.8132911859997 7.99 0.009696860788607512 0.0026224251785098543 False True 0.017037485435357224 164.48304466593444 -82.23689824660526 -1.0528478261022833 30.81248821660256 -15.38412716805433
363 337 1800.0 1807 210.50680750999973 7.99 0.009696860788607512 0.0026224251785098543 False True 0.017037485435357224 164.48304466593444 -82.23689824660526 -1.0528478261022833 30.81248821660256 -15.38412716805433
363 338 1804.0 1811 211.16601287899974 7.99 0.009696860788607512 0.0026224251785098543 False True 0.017037485435357224 164.48304466593444 -82.23689824660526 -1.0528478261022833 30.81248821660256 -15.38412716805433
363 339 1808.0 1815 211.8344132539997 7.99 0.009696860788607512 0.011307251124007312 False True 0.017037485435357224 164.48304466593444 -82.23689824660526 -1.0528478261022833 30.81248821660256 -15.38412716805433
363 340 1812.0 1819 212.50553009199976 8.0 0.011307251124007312 0.009696860788607512 False True 0.017037485435357224 164.48304466593444 -82.23689824660526 -1.0528478261022833 30.81248821660256 -15.38412716805433
363 341 1816.0 1823 213.18927502099976 8.0 0.011307251124007312 0.009696860788607512 False True 0.017037485435357224 164.48304466593444 -82.23689824660526 -1.0528478261022833 30.81248821660256 -15.38412716805433
363 342 1820.0 1827 213.92355712599974 8.0 0.011307251124007312 0.0026224251785098543 False True 0.017037485435357224 164.48304466593444 -82.23689824660526 -1.0528478261022833 30.81248821660256 -15.38412716805433
363 343 1824.0 1831 214.56799369599972 8.0 0.011307251124007312 0.0026224251785098543 False True 0.017037485435357224 164.48304466593444 -82.23689824660526 -1.0528478261022833 30.81248821660256 -15.38412716805433
363 344 1828.0 1835 215.2089894419997 8.0 0.011307251124007312 0.008209454320589598 True False 0.017037485435357224 164.48304466593444 -82.23689824660526 -1.0528478261022833 30.81248821660256 -15.38412716805433
363 345 1828.0 1835 215.6062355069997 8.0 0.011307251124007312 0.008209454320589598 False True 0.017037485435357224 164.48304466593444 -82.23689824660526 -1.0528478261022833 30.81248821660256 -15.38412716805433
363 346 1840.0 1847 216.2688129319997 8.0 0.011307251124007312 0.0026224251785098543 False True 0.017037485435357224 164.48304466593444 -82.23689824660526 -1.0528478261022833 30.81248821660256 -15.38412716805433
363 347 1844.0 1851 216.93991154799969 8.0 0.011307251124007312 0.0026224251785098543 False True 0.017037485435357224 164.48304466593444 -82.23689824660526 -1.0528478261022833 30.81248821660256 -15.38412716805433
363 348 1848.0 1855 217.57713555599972 8.0 0.011307251124007312 0.0026224251785098543 False True 0.017037485435357224 164.48304466593444 -82.23689824660526 -1.0528478261022833 30.81248821660256 -15.38412716805433
363 349 1852.0 1859 218.20338202099973 8.0 0.011307251124007312 0.0026224251785098543 False True 0.017037485435357224 164.48304466593444 -82.23689824660526 -1.0528478261022833 30.81248821660256 -15.38412716805433
363 350 1856.0 1863 218.8428584579997 8.0 0.011307251124007312 0.0026224251785098543 False True 0.017037485435357224 164.48304466593444 -82.23689824660526 -1.0528478261022833 30.81248821660256 -15.38412716805433
363 351 1860.0 1867 219.5008241719997 8.0 0.011307251124007312 0.0026224251785098543 False True 0.017037485435357224 164.48304466593444 -82.23689824660526 -1.0528478261022833 30.81248821660256 -15.38412716805433
363 352 1864.0 1871 220.1401220429997 7.93 0.0026224251785098543 0.011307251124007312 False True 0.017037485435357224 164.48304466593444 -82.23689824660526 -1.0528478261022833 30.81248821660256 -15.38412716805433
363 353 1868.0 1875 220.77691700499972 7.93 0.0026224251785098543 0.011307251124007312 False True 0.017037485435357224 164.48304466593444 -82.23689824660526 -1.0528478261022833 30.81248821660256 -15.38412716805433
363 354 1872.0 1879 221.41683221099973 7.93 0.0026224251785098543 0.011307251124007312 False True 0.017037485435357224 164.48304466593444 -82.23689824660526 -1.0528478261022833 30.81248821660256 -15.38412716805433
363 355 1876.0 1883 222.09670710899977 7.93 0.0026224251785098543 0.011307251124007312 False True 0.017037485435357224 164.48304466593444 -82.23689824660526 -1.0528478261022833 30.81248821660256 -15.38412716805433
363 356 1880.0 1887 222.7578653429998 7.93 0.0026224251785098543 0.011307251124007312 False True 0.017037485435357224 164.48304466593444 -82.23689824660526 -1.0528478261022833 30.81248821660256 -15.38412716805433
363 357 1884.0 1891 223.39651513399983 7.93 0.0026224251785098543 0.011307251124007312 False True 0.017037485435357224 164.48304466593444 -82.23689824660526 -1.0528478261022833 30.81248821660256 -15.38412716805433
363 358 1888.0 1895 224.0359995599998 7.93 0.0026224251785098543 0.0007544944070515276 False True 0.017037485435357224 164.48304466593444 -82.23689824660526 -1.0528478261022833 30.81248821660256 -15.38412716805433
363 359 1892.0 1899 224.66447880199976 7.9 0.0007544944070515276 0.0026224251785098543 False True 0.017037485435357224 164.48304466593444 -82.23689824660526 -1.0528478261022833 30.81248821660256 -15.38412716805433
363 360 1896.0 1903 225.31688457699974 7.9 0.0007544944070515276 0.0026224251785098543 False True 0.017037485435357224 164.48304466593444 -82.23689824660526 -1.0528478261022833 30.81248821660256 -15.38412716805433
363 361 1900.0 1907 225.94159648199977 7.9 0.0007544944070515276 0.0026224251785098543 False True 0.017037485435357224 164.48304466593444 -82.23689824660526 -1.0528478261022833 30.81248821660256 -15.38412716805433
363 362 1904.0 1911 226.62255093099972 7.9 0.0007544944070515276 0.08177465376431807 False True 0.017037485435357224 164.48304466593444 -82.23689824660526 -1.0528478261022833 30.81248821660256 -15.38412716805433
363 363 1908.0 1915 227.2813700719997 1.58 0.08177465376431807 0.0007544944070515276 False True 0.017037485435357224 164.48304466593444 -82.23689824660526 -1.0528478261022833 30.81248821660256 -15.38412716805433
363 364 1912.0 1919 227.95463152299973 7.9 0.0007544944070515276 0.08177465376431807 False True 0.017037485435357224 164.48304466593444 -82.23689824660526 -1.0528478261022833 30.81248821660256 -15.38412716805433
363 365 1916.0 1923 228.63106044799972 1.58 0.08177465376431807 0.0007544944070515276 False True 0.017037485435357224 164.48304466593444 -82.23689824660526 -1.0528478261022833 30.81248821660256 -15.38412716805433
363 366 1920.0 1927 229.29285648899972 7.9 0.0007544944070515276 0.08177465376431807 False True 0.017037485435357224 164.48304466593444 -82.23689824660526 -1.0528478261022833 30.81248821660256 -15.38412716805433
363 367 1924.0 1931 229.95417104199973 7.9 0.0007544944070515276 0.08177465376431807 False True 0.017037485435357224 164.48304466593444 -82.23689824660526 -1.0528478261022833 30.81248821660256 -15.38412716805433
363 368 1928.0 1935 230.61597322599968 1.58 0.08177465376431807 0.0007544944070515276 False True 0.017037485435357224 164.48304466593444 -82.23689824660526 -1.0528478261022833 30.81248821660256 -15.38412716805433
363 369 1932.0 1939 231.25549870999967 1.58 0.08177465376431807 0.0007544944070515276 False True 0.017037485435357224 164.48304466593444 -82.23689824660526 -1.0528478261022833 30.81248821660256 -15.38412716805433
363 370 1936.0 1943 231.9325546739997 7.9 0.0007544944070515276 0.08177465376431807 False True 0.017037485435357224 164.48304466593444 -82.23689824660526 -1.0528478261022833 30.81248821660256 -15.38412716805433
363 371 1940.0 1947 232.61909345899974 7.9 0.0007544944070515276 0.08177465376431807 False True 0.017037485435357224 164.48304466593444 -82.23689824660526 -1.0528478261022833 30.81248821660256 -15.38412716805433
363 372 1944.0 1951 233.3058667819997 1.58 0.08177465376431807 0.0007544944070515276 False True 0.017037485435357224 164.48304466593444 -82.23689824660526 -1.0528478261022833 30.81248821660256 -15.38412716805433
363 373 1948.0 1955 233.9632123329997 1.58 0.08177465376431807 0.0007544944070515276 False True 0.017037485435357224 164.48304466593444 -82.23689824660526 -1.0528478261022833 30.81248821660256 -15.38412716805433
363 374 1952.0 1959 234.6451386639997 1.58 0.08177465376431807 0.0007544944070515276 False True 0.017037485435357224 164.48304466593444 -82.23689824660526 -1.0528478261022833 30.81248821660256 -15.38412716805433
363 375 1956.0 1963 235.3084268899997 1.58 0.08177465376431807 0.0007544944070515276 False True 0.017037485435357224 164.48304466593444 -82.23689824660526 -1.0528478261022833 30.81248821660256 -15.38412716805433
363 376 1960.0 1967 235.9435235379997 1.58 0.08177465376431807 0.0007544944070515276 False True 0.017037485435357224 164.48304466593444 -82.23689824660526 -1.0528478261022833 30.81248821660256 -15.38412716805433
363 377 1964.0 1971 236.60742079999974 1.58 0.08177465376431807 0.0007544944070515276 False True 0.017037485435357224 164.48304466593444 -82.23689824660526 -1.0528478261022833 30.81248821660256 -15.38412716805433
363 378 1968.0 1975 237.25175458799973 1.58 0.08177465376431807 0.0007544944070515276 False True 0.017037485435357224 164.48304466593444 -82.23689824660526 -1.0528478261022833 30.81248821660256 -15.38412716805433
363 379 1972.0 1979 237.92513220099974 1.58 0.08177465376431807 0.0007544944070515276 False True 0.017037485435357224 164.48304466593444 -82.23689824660526 -1.0528478261022833 30.81248821660256 -15.38412716805433
363 380 1976.0 1983 238.5674150779997 1.58 0.08177465376431807 0.0007544944070515276 False True 0.017037485435357224 164.48304466593444 -82.23689824660526 -1.0528478261022833 30.81248821660256 -15.38412716805433
363 381 1980.0 1987 239.2335678209997 7.9 0.0007544944070515276 0.08177465376431807 False True 0.017037485435357224 164.48304466593444 -82.23689824660526 -1.0528478261022833 30.81248821660256 -15.38412716805433
363 382 1984.0 1991 239.94106554199968 7.9 0.0007544944070515276 0.0026224251785098543 False True 0.017037485435357224 164.48304466593444 -82.23689824660526 -1.0528478261022833 30.81248821660256 -15.38412716805433
363 383 1988.0 1995 240.59653777599968 7.9 0.0007544944070515276 0.0026224251785098543 False True 0.017037485435357224 164.48304466593444 -82.23689824660526 -1.0528478261022833 30.81248821660256 -15.38412716805433
363 384 1992.0 1999 241.2416400069997 7.93 0.0026224251785098543 0.011307251124007312 False True 0.017037485435357224 164.48304466593444 -82.23689824660526 -1.0528478261022833 30.81248821660256 -15.38412716805433
