122 0 200.0 201 0.6140755689999935 8.19 0.06150465222010676 0.1617703499834296 False True -0.051441733382713455 22.86370027927249 -11.402236734096112 -1.1125874760746526 30.728424112304143 -15.338718982739854
122 1 212.0 213 1.2390831179999964 8.19 0.06150465222010676 0.047405193281538575 True False -0.051441733382713455 22.86370027927249 -11.402236734096112 -1.1125874760746526 30.728424112304143 -15.338718982739854
122 2 212.0 213 1.6307799399999965 8.19 0.06150465222010676 0.04416045382167804 True False -0.051441733382713455 22.86370027927249 -11.402236734096112 -1.1125874760746526 30.728424112304143 -15.338718982739854
122 3 212.0 213 2.010748985999996 8.19 0.06150465222010676 0.04416045382167804 False True -0.051441733382713455 22.86370027927249 -11.402236734096112 -1.1125874760746526 30.728424112304143 -15.338718982739854
122 4 224.0 225 2.6156805399999996 8.19 0.06150465222010676 0.0773789807961235 True False -0.051441733382713455 22.86370027927249 -11.402236734096112 -1.1125874760746526 30.728424112304143 -15.338718982739854
122 5 224.0 225 2.998344094999993 8.19 0.06150465222010676 0.0024533307896644953 False True -0.051441733382713455 22.86370027927249 -11.402236734096112 -1.1125874760746526 30.728424112304143 -15.338718982739854
122 6 236.0 237 3.635386632999996 7.8 0.0024533307896644953 0.00011516520352059632 True False -0.051441733382713455 22.86370027927249 -11.402236734096112 -1.1125874760746526 30.728424112304143 -15.338718982739854
122 7 236.0 237 4.015257829999996 7.8 0.0024533307896644953 0.00011516520352059632 False True -0.051441733382713455 22.86370027927249 -11.402236734096112 -1.1125874760746526 30.728424112304143 -15.338718982739854
122 8 248.0 249 4.6344384139999875 7.8 0.0024533307896644953 0.00643609921409107 True False -0.051441733382713455 22.86370027927249 -11.402236734096112 -1.1125874760746526 30.728424112304143 -15.338718982739854
122 9 248.0 249 5.013916793999982 7.8 0.0024533307896644953 0.00643609921409107 False True -0.051441733382713455 22.86370027927249 -11.402236734096112 -1.1125874760746526 30.728424112304143 -15.338718982739854
122 10 260.0 261 5.630921793999974 7.8 0.0024533307896644953 0.004210331700043098 True False -0.051441733382713455 22.86370027927249 -11.402236734096112 -1.1125874760746526 30.728424112304143 -15.338718982739854
122 11 260.0 261 6.011527198999971 7.8 0.0024533307896644953 0.012290592248797843 True False -0.051441733382713455 22.86370027927249 -11.402236734096112 -1.1125874760746526 30.728424112304143 -15.338718982739854
122 12 260.0 261 6.39680587999996 7.8 0.0024533307896644953 0.012290592248797843 False True -0.051441733382713455 22.86370027927249 -11.402236734096112 -1.1125874760746526 30.728424112304143 -15.338718982739854
122 13 272.0 273 7.050075316999951 7.8 0.0024533307896644953 0.0042476190275590716 True False -0.051441733382713455 22.86370027927249 -11.402236734096112 -1.1125874760746526 30.728424112304143 -15.338718982739854
122 14 272.0 274 7.439575816999948 7.8 0.0024533307896644953 0.0042476190275590716 False True -0.051441733382713455 22.86370027927249 -11.402236734096112 -1.1125874760746526 30.728424112304143 -15.338718982739854
122 15 284.0 286 8.108883799999958 7.8 0.0024533307896644953 0.012345574007712051 True False -0.051441733382713455 22.86370027927249 -11.402236734096112 -1.1125874760746526 30.728424112304143 -15.338718982739854
122 16 284.0 286 8.509494488999962 7.8 0.0024533307896644953 0.010704730019477244 True False -0.051441733382713455 22.86370027927249 -11.402236734096112 -1.1125874760746526 30.728424112304143 -15.338718982739854
122 17 284.0 286 8.912647141999969 7.8 0.0024533307896644953 0.014102506507545838 True False -0.051441733382713455 22.86370027927249 -11.402236734096112 -1.1125874760746526 30.728424112304143 -15.338718982739854
122 18 284.0 286 9.330026062999963 7.8 0.0024533307896644953 0.015975339092269097 True False -0.051441733382713455 22.86370027927249 -11.402236734096112 -1.1125874760746526 30.728424112304143 -15.338718982739854
122 19 284.0 286 9.731604563999952 7.8 0.0024533307896644953 0.014102506507545838 False True -0.051441733382713455 22.86370027927249 -11.402236734096112 -1.1125874760746526 30.728424112304143 -15.338718982739854
122 20 296.0 298 10.376105494999948 7.95 0.0042476190275590716 0.0011864476624863921 True False -0.051441733382713455 22.86370027927249 -11.402236734096112 -1.1125874760746526 30.728424112304143 -15.338718982739854
122 21 296.0 298 10.77687747899995 7.95 0.0042476190275590716 0.0007142902231598962 True False -0.051441733382713455 22.86370027927249 -11.402236734096112 -1.1125874760746526 30.728424112304143 -15.338718982739854
122 22 296.0 298 11.174066997999944 7.95 0.0042476190275590716 0.0077720032168170135 True False -0.051441733382713455 22.86370027927249 -11.402236734096112 -1.1125874760746526 30.728424112304143 -15.338718982739854
122 23 296.0 298 11.582518474999944 7.95 0.0042476190275590716 0.0017759367959600163 True False -0.051441733382713455 22.86370027927249 -11.402236734096112 -1.1125874760746526 30.728424112304143 -15.338718982739854
122 24 296.0 298 11.972110529999938 7.95 0.0042476190275590716 0.024621496482515683 True False -0.051441733382713455 22.86370027927249 -11.402236734096112 -1.1125874760746526 30.728424112304143 -15.338718982739854
122 25 296.0 298 12.373296801999942 7.95 0.0042476190275590716 0.0011864476624863921 False True -0.051441733382713455 22.86370027927249 -11.402236734096112 -1.1125874760746526 30.728424112304143 -15.338718982739854
122 26 308.0 310 13.035884324999941 7.8 0.0024533307896644953 0.022287179342070893 True False -0.051441733382713455 22.86370027927249 -11.402236734096112 -1.1125874760746526 30.728424112304143 -15.338718982739854
122 27 308.0 311 13.46977952499995 7.8 0.0024533307896644953 0.027070598123896075 True False -0.051441733382713455 22.86370027927249 -11.402236734096112 -1.1125874760746526 30.728424112304143 -15.338718982739854
122 28 308.0 311 13.89329564699996 7.8 0.0024533307896644953 0.024621496482515683 False True -0.051441733382713455 22.86370027927249 -11.402236734096112 -1.1125874760746526 30.728424112304143 -15.338718982739854
122 29 320.0 323 14.570723211999962 7.8 0.0024533307896644953 0.009180151359520782 True False -0.051441733382713455 22.86370027927249 -11.402236734096112 -1.1125874760746526 30.728424112304143 -15.338718982739854
122 30 320.0 323 14.967128569999971 7.8 0.0024533307896644953 0.009180151359520782 False True -0.051441733382713455 22.86370027927249 -11.402236734096112 -1.1125874760746526 30.728424112304143 -15.338718982739854
122 31 332.0 335 15.607158679999984 8.19 0.06150465222010676 0.03231211285284259 True False -0.051441733382713455 22.86370027927249 -11.402236734096112 -1.1125874760746526 30.728424112304143 -15.338718982739854
122 32 332.0 335 16.00913715999998 8.19 0.06150465222010676 0.08207084028932847 True False -0.051441733382713455 22.86370027927249 -11.402236734096112 -1.1125874760746526 30.728424112304143 -15.338718982739854
122 33 332.0 335 16.408254300999985 8.19 0.06150465222010676 0.08207084028932847 False True -0.051441733382713455 22.86370027927249 -11.402236734096112 -1.1125874760746526 30.728424112304143 -15.338718982739854
122 34 344.0 347 17.048756223999973 8.19 0.06150465222010676 0.09415713604671877 True False -0.051441733382713455 22.86370027927249 -11.402236734096112 -1.1125874760746526 30.728424112304143 -15.338718982739854
122 35 344.0 347 17.452450854999967 8.19 0.06150465222010676 0.09415713604671877 False True -0.051441733382713455 22.86370027927249 -11.402236734096112 -1.1125874760746526 30.728424112304143 -15.338718982739854
122 36 356.0 359 18.16602006899997 7.76 0.00643609921409107 0.020067892873623257 True False -0.051441733382713455 22.86370027927249 -11.402236734096112 -1.1125874760746526 30.728424112304143 -15.338718982739854
122 37 356.0 359 18.588362264999972 7.76 0.00643609921409107 0.05423153625899806 True False -0.051441733382713455 22.86370027927249 -11.402236734096112 -1.1125874760746526 30.728424112304143 -15.338718982739854
122 38 356.0 359 19.025621733999984 7.76 0.00643609921409107 0.017963871743988273 True False -0.051441733382713455 22.86370027927249 -11.402236734096112 -1.1125874760746526 30.728424112304143 -15.338718982739854
122 39 356.0 359 19.449781049999984 7.76 0.00643609921409107 0.02963422661552319 True False -0.051441733382713455 22.86370027927249 -11.402236734096112 -1.1125874760746526 30.728424112304143 -15.338718982739854
122 40 356.0 359 19.885739185999995 7.76 0.00643609921409107 0.03510397630434741 True False -0.051441733382713455 22.86370027927249 -11.402236734096112 -1.1125874760746526 30.728424112304143 -15.338718982739854
122 41 356.0 360 20.315266112999993 7.76 0.00643609921409107 0.03231211285284259 False True -0.051441733382713455 22.86370027927249 -11.402236734096112 -1.1125874760746526 30.728424112304143 -15.338718982739854
122 42 368.0 372 20.983732357999997 8.19 0.06150465222010676 0.0011656976120181068 True False -0.051441733382713455 22.86370027927249 -11.402236734096112 -1.1125874760746526 30.728424112304143 -15.338718982739854
122 43 368.0 372 21.387487682 8.19 0.06150465222010676 0.020067892873623257 False True -0.051441733382713455 22.86370027927249 -11.402236734096112 -1.1125874760746526 30.728424112304143 -15.338718982739854
122 44 380.0 384 22.088216369999998 8.05 0.020067892873623257 0.06922152997037949 True False -0.051441733382713455 22.86370027927249 -11.402236734096112 -1.1125874760746526 30.728424112304143 -15.338718982739854
122 45 380.0 384 22.512668835 8.05 0.020067892873623257 0.07324538994337676 True False -0.051441733382713455 22.86370027927249 -11.402236734096112 -1.1125874760746526 30.728424112304143 -15.338718982739854
122 46 380.0 384 22.951885700000005 8.05 0.020067892873623257 0.08597363973986871 True False -0.051441733382713455 22.86370027927249 -11.402236734096112 -1.1125874760746526 30.728424112304143 -15.338718982739854
122 47 380.0 384 23.390056531000013 8.05 0.020067892873623257 0.08162187641128642 True False -0.051441733382713455 22.86370027927249 -11.402236734096112 -1.1125874760746526 30.728424112304143 -15.338718982739854
122 48 380.0 384 23.845967191000014 8.05 0.020067892873623257 0.0773789807961235 False True -0.051441733382713455 22.86370027927249 -11.402236734096112 -1.1125874760746526 30.728424112304143 -15.338718982739854
122 49 392.0 396 24.56461155300002 8.19 0.06150465222010676 0.024562289632547245 True False -0.051441733382713455 22.86370027927249 -11.402236734096112 -1.1125874760746526 30.728424112304143 -15.338718982739854
122 50 392.0 396 24.99760834200002 8.19 0.06150465222010676 0.024562289632547245 False True -0.051441733382713455 22.86370027927249 -11.402236734096112 -1.1125874760746526 30.728424112304143 -15.338718982739854
122 51 404.0 408 25.715168273000018 8.19 0.06150465222010676 0.1044602490782076 True False -0.051441733382713455 22.86370027927249 -11.402236734096112 -1.1125874760746526 30.728424112304143 -15.338718982739854
122 52 404.0 408 26.18134030900002 8.19 0.06150465222010676 0.05423153625899806 False True -0.051441733382713455 22.86370027927249 -11.402236734096112 -1.1125874760746526 30.728424112304143 -15.338718982739854
122 53 416.0 420 26.91558199000002 8.19 0.06150465222010676 0.06530781602019892 True False -0.051441733382713455 22.86370027927249 -11.402236734096112 -1.1125874760746526 30.728424112304143 -15.338718982739854
122 54 416.0 420 27.33523880600002 8.19 0.06150465222010676 0.06922152997037949 False True -0.051441733382713455 22.86370027927249 -11.402236734096112 -1.1125874760746526 30.728424112304143 -15.338718982739854
122 55 428.0 432 28.095170020000026 8.209999999999999 0.06922152997037949 0.06530781602019892 False True -0.051441733382713455 22.86370027927249 -11.402236734096112 -1.1125874760746526 30.728424112304143 -15.338718982739854
122 56 440.0 444 28.815000601000023 8.209999999999999 0.06922152997037949 0.057812431641182306 True False -0.051441733382713455 22.86370027927249 -11.402236734096112 -1.1125874760746526 30.728424112304143 -15.338718982739854
122 57 440.0 444 29.257626058000028 8.209999999999999 0.06922152997037949 0.0950019669463136 True False -0.051441733382713455 22.86370027927249 -11.402236734096112 -1.1125874760746526 30.728424112304143 -15.338718982739854
122 58 440.0 445 29.683802663000037 8.209999999999999 0.06922152997037949 0.057812431641182306 False True -0.051441733382713455 22.86370027927249 -11.402236734096112 -1.1125874760746526 30.728424112304143 -15.338718982739854
122 59 452.0 457 30.42835357900003 8.19 0.06150465222010676 0.05073407554825046 True False -0.051441733382713455 22.86370027927249 -11.402236734096112 -1.1125874760746526 30.728424112304143 -15.338718982739854
122 60 452.0 457 30.91751438400003 8.19 0.06150465222010676 0.05073407554825046 False True -0.051441733382713455 22.86370027927249 -11.402236734096112 -1.1125874760746526 30.728424112304143 -15.338718982739854
122 61 464.0 469 31.63586660200002 8.19 0.06150465222010676 0.08603728118439287 True False -0.051441733382713455 22.86370027927249 -11.402236734096112 -1.1125874760746526 30.728424112304143 -15.338718982739854
122 62 464.0 469 32.056596661000015 8.19 0.06150465222010676 0.08603728118439287 False True -0.051441733382713455 22.86370027927249 -11.402236734096112 -1.1125874760746526 30.728424112304143 -15.338718982739854
122 63 476.0 481 32.73492257100001 8.19 0.06150465222010676 0.124861863278082 True False -0.051441733382713455 22.86370027927249 -11.402236734096112 -1.1125874760746526 30.728424112304143 -15.338718982739854
122 64 476.0 481 33.16207392700002 8.19 0.06150465222010676 0.124861863278082 False True -0.051441733382713455 22.86370027927249 -11.402236734096112 -1.1125874760746526 30.728424112304143 -15.338718982739854
122 65 488.0 493 33.89375006000003 8.2 0.06530781602019892 0.10949702413216392 True False -0.051441733382713455 22.86370027927249 -11.402236734096112 -1.1125874760746526 30.728424112304143 -15.338718982739854
122 66 488.0 493 34.37421240200004 8.2 0.06530781602019892 0.146824322250678 True False -0.051441733382713455 22.86370027927249 -11.402236734096112 -1.1125874760746526 30.728424112304143 -15.338718982739854
122 67 488.0 493 34.85860484700004 8.2 0.06530781602019892 0.14117714168269366 True False -0.051441733382713455 22.86370027927249 -11.402236734096112 -1.1125874760746526 30.728424112304143 -15.338718982739854
122 68 488.0 493 35.33421990400004 8.2 0.06530781602019892 0.1525749686118233 True False -0.051441733382713455 22.86370027927249 -11.402236734096112 -1.1125874760746526 30.728424112304143 -15.338718982739854
122 69 488.0 493 35.81743921300003 8.2 0.06530781602019892 0.1525749686118233 False True -0.051441733382713455 22.86370027927249 -11.402236734096112 -1.1125874760746526 30.728424112304143 -15.338718982739854
122 70 500.0 505 36.59558046200003 8.2 0.06530781602019892 0.11451218263906038 True False -0.051441733382713455 22.86370027927249 -11.402236734096112 -1.1125874760746526 30.728424112304143 -15.338718982739854
122 71 500.0 505 37.073044649000025 8.2 0.06530781602019892 0.10458897552365862 True False -0.051441733382713455 22.86370027927249 -11.402236734096112 -1.1125874760746526 30.728424112304143 -15.338718982739854
122 72 500.0 505 37.523199314000024 8.2 0.06530781602019892 0.10949702413216392 False True -0.051441733382713455 22.86370027927249 -11.402236734096112 -1.1125874760746526 30.728424112304143 -15.338718982739854
122 73 512.0 517 38.23890142000003 8.2 0.06530781602019892 0.0692356485908705 True False -0.051441733382713455 22.86370027927249 -11.402236734096112 -1.1125874760746526 30.728424112304143 -15.338718982739854
122 74 512.0 518 38.659712753000036 8.2 0.06530781602019892 0.06531180460591685 True False -0.051441733382713455 22.86370027927249 -11.402236734096112 -1.1125874760746526 30.728424112304143 -15.338718982739854
122 75 512.0 518 39.09823467900003 8.2 0.06530781602019892 0.03796106119725247 True False -0.051441733382713455 22.86370027927249 -11.402236734096112 -1.1125874760746526 30.728424112304143 -15.338718982739854
122 76 512.0 518 39.53287000500002 8.2 0.06530781602019892 0.18286014401735756 True False -0.051441733382713455 22.86370027927249 -11.402236734096112 -1.1125874760746526 30.728424112304143 -15.338718982739854
122 77 512.0 518 39.96113918400002 8.2 0.06530781602019892 0.07327051458115352 True False -0.051441733382713455 22.86370027927249 -11.402236734096112 -1.1125874760746526 30.728424112304143 -15.338718982739854
122 78 512.0 518 40.39464516700002 8.2 0.06530781602019892 0.0692356485908705 False True -0.051441733382713455 22.86370027927249 -11.402236734096112 -1.1125874760746526 30.728424112304143 -15.338718982739854
122 79 524.0 530 41.12085477900001 7.4 0.124861863278082 0.017963871743988273 False True -0.051441733382713455 22.86370027927249 -11.402236734096112 -1.1125874760746526 30.728424112304143 -15.338718982739854
122 80 536.0 542 41.83636368200001 7.4 0.124861863278082 0.0006980304398917555 True False -0.051441733382713455 22.86370027927249 -11.402236734096112 -1.1125874760746526 30.728424112304143 -15.338718982739854
122 81 536.0 542 42.27547601300002 7.4 0.124861863278082 0.004210331700043098 False True -0.051441733382713455 22.86370027927249 -11.402236734096112 -1.1125874760746526 30.728424112304143 -15.338718982739854
122 82 548.0 554 43.03214710800002 7.4 0.124861863278082 0.022287179342070893 False True -0.051441733382713455 22.86370027927249 -11.402236734096112 -1.1125874760746526 30.728424112304143 -15.338718982739854
122 83 560.0 566 43.73871088000001 8.06 0.022287179342070893 0.07741718843801698 True False -0.051441733382713455 22.86370027927249 -11.402236734096112 -1.1125874760746526 30.728424112304143 -15.338718982739854
122 84 560.0 566 44.171457046000015 8.06 0.022287179342070893 0.07741718843801698 False True -0.051441733382713455 22.86370027927249 -11.402236734096112 -1.1125874760746526 30.728424112304143 -15.338718982739854
122 85 572.0 578 44.931513346 8.06 0.022287179342070893 0.07894218045028233 True False -0.051441733382713455 22.86370027927249 -11.402236734096112 -1.1125874760746526 30.728424112304143 -15.338718982739854
122 86 572.0 578 45.39226574199999 8.06 0.022287179342070893 0.07894218045028233 False True -0.051441733382713455 22.86370027927249 -11.402236734096112 -1.1125874760746526 30.728424112304143 -15.338718982739854
122 87 584.0 590 46.116166073 8.06 0.022287179342070893 0.0779122104857748 True False -0.051441733382713455 22.86370027927249 -11.402236734096112 -1.1125874760746526 30.728424112304143 -15.338718982739854
122 88 584.0 590 46.56447987599999 8.06 0.022287179342070893 0.07831212055598624 True False -0.051441733382713455 22.86370027927249 -11.402236734096112 -1.1125874760746526 30.728424112304143 -15.338718982739854
122 89 584.0 590 47.01712308799999 8.06 0.022287179342070893 0.0779122104857748 False True -0.051441733382713455 22.86370027927249 -11.402236734096112 -1.1125874760746526 30.728424112304143 -15.338718982739854
122 90 596.0 602 47.77329740399999 8.06 0.022287179342070893 0.08748302461402498 True False -0.051441733382713455 22.86370027927249 -11.402236734096112 -1.1125874760746526 30.728424112304143 -15.338718982739854
122 91 596.0 603 48.234597174 8.06 0.022287179342070893 0.08748302461402498 False True -0.051441733382713455 22.86370027927249 -11.402236734096112 -1.1125874760746526 30.728424112304143 -15.338718982739854
122 92 608.0 615 48.952865276 8.06 0.022287179342070893 0.10348621593069227 True False -0.051441733382713455 22.86370027927249 -11.402236734096112 -1.1125874760746526 30.728424112304143 -15.338718982739854
122 93 608.0 615 57.23167753900002 8.06 0.022287179342070893 0.10348621593069227 False True -0.051441733382713455 22.86370027927249 -11.402236734096112 -1.1125874760746526 30.728424112304143 -15.338718982739854
122 94 620.0 627 63.34314588900001 8.06 0.022287179342070893 0.11723688157004675 True False -0.051441733382713455 22.86370027927249 -11.402236734096112 -1.1125874760746526 30.728424112304143 -15.338718982739854
122 95 620.0 627 64.906946736 8.06 0.022287179342070893 0.11723688157004675 False True -0.051441733382713455 22.86370027927249 -11.402236734096112 -1.1125874760746526 30.728424112304143 -15.338718982739854
122 96 632.0 639 66.929126321 8.06 0.022287179342070893 0.09455673033398575 True False -0.051441733382713455 22.86370027927249 -11.402236734096112 -1.1125874760746526 30.728424112304143 -15.338718982739854
122 97 632.0 639 68.04092673000001 8.06 0.022287179342070893 0.09661560000269322 True False -0.051441733382713455 22.86370027927249 -11.402236734096112 -1.1125874760746526 30.728424112304143 -15.338718982739854
122 98 632.0 639 69.06884838 8.06 0.022287179342070893 0.09455673033398575 False True -0.051441733382713455 22.86370027927249 -11.402236734096112 -1.1125874760746526 30.728424112304143 -15.338718982739854
122 99 644.0 651 70.623036389 8.06 0.022287179342070893 0.08227565219239591 True False -0.051441733382713455 22.86370027927249 -11.402236734096112 -1.1125874760746526 30.728424112304143 -15.338718982739854
122 100 644.0 651 71.543320942 8.06 0.022287179342070893 0.09879027644969228 True False -0.051441733382713455 22.86370027927249 -11.402236734096112 -1.1125874760746526 30.728424112304143 -15.338718982739854
122 101 644.0 651 72.419453209 8.06 0.022287179342070893 0.08126637627143565 True False -0.051441733382713455 22.86370027927249 -11.402236734096112 -1.1125874760746526 30.728424112304143 -15.338718982739854
122 102 644.0 651 73.26737336700002 8.06 0.022287179342070893 0.07767468560238121 True False -0.051441733382713455 22.86370027927249 -11.402236734096112 -1.1125874760746526 30.728424112304143 -15.338718982739854
122 103 644.0 651 74.10125189800003 8.06 0.022287179342070893 0.08340206154828986 True False -0.051441733382713455 22.86370027927249 -11.402236734096112 -1.1125874760746526 30.728424112304143 -15.338718982739854
122 104 644.0 651 74.92155967200001 8.06 0.022287179342070893 0.08227565219239591 False True -0.051441733382713455 22.86370027927249 -11.402236734096112 -1.1125874760746526 30.728424112304143 -15.338718982739854
122 105 656.0 663 76.26205914699999 1.49 0.08227565219239591 0.09879027644969228 False True -0.051441733382713455 22.86370027927249 -11.402236734096112 -1.1125874760746526 30.728424112304143 -15.338718982739854
122 106 668.0 675 77.57858640199997 1.49 0.08227565219239591 0.08037432278106353 True False -0.051441733382713455 22.86370027927249 -11.402236734096112 -1.1125874760746526 30.728424112304143 -15.338718982739854
122 107 668.0 676 78.34074808799996 1.49 0.08227565219239591 0.07767468560238121 False True -0.051441733382713455 22.86370027927249 -11.402236734096112 -1.1125874760746526 30.728424112304143 -15.338718982739854
122 108 680.0 688 79.52502636799996 1.56 0.07767468560238121 0.08126637627143565 False True -0.051441733382713455 22.86370027927249 -11.402236734096112 -1.1125874760746526 30.728424112304143 -15.338718982739854
122 109 692.0 700 80.79938801499996 1.56 0.07767468560238121 0.07746471010832844 True False -0.051441733382713455 22.86370027927249 -11.402236734096112 -1.1125874760746526 30.728424112304143 -15.338718982739854
122 110 692.0 700 81.59682746599997 1.56 0.07767468560238121 0.07748717862214047 True False -0.051441733382713455 22.86370027927249 -11.402236734096112 -1.1125874760746526 30.728424112304143 -15.338718982739854
122 111 692.0 700 82.36062059499996 1.56 0.07767468560238121 0.13563397896880777 True False -0.051441733382713455 22.86370027927249 -11.402236734096112 -1.1125874760746526 30.728424112304143 -15.338718982739854
122 112 692.0 700 83.13337300399998 1.56 0.07767468560238121 0.07882940521364494 True False -0.051441733382713455 22.86370027927249 -11.402236734096112 -1.1125874760746526 30.728424112304143 -15.338718982739854
122 113 692.0 700 83.86670072799997 1.56 0.07767468560238121 0.09078717558982566 True False -0.051441733382713455 22.86370027927249 -11.402236734096112 -1.1125874760746526 30.728424112304143 -15.338718982739854
122 114 692.0 700 84.60543341399996 1.56 0.07767468560238121 0.0779797025676489 True False -0.051441733382713455 22.86370027927249 -11.402236734096112 -1.1125874760746526 30.728424112304143 -15.338718982739854
122 115 692.0 700 85.32952795199994 1.56 0.07767468560238121 0.09261386140845629 True False -0.051441733382713455 22.86370027927249 -11.402236734096112 -1.1125874760746526 30.728424112304143 -15.338718982739854
122 116 692.0 700 86.04756366299996 1.56 0.07767468560238121 0.1301953757669884 True False -0.051441733382713455 22.86370027927249 -11.402236734096112 -1.1125874760746526 30.728424112304143 -15.338718982739854
122 117 692.0 700 86.74885398399995 1.56 0.07767468560238121 0.0776297269391064 True False -0.051441733382713455 22.86370027927249 -11.402236734096112 -1.1125874760746526 30.728424112304143 -15.338718982739854
122 118 692.0 700 87.46574791899995 1.56 0.07767468560238121 0.07946400078410015 True False -0.051441733382713455 22.86370027927249 -11.402236734096112 -1.1125874760746526 30.728424112304143 -15.338718982739854
122 119 692.0 701 88.16019549099995 1.56 0.07767468560238121 0.08464550362902044 True False -0.051441733382713455 22.86370027927249 -11.402236734096112 -1.1125874760746526 30.728424112304143 -15.338718982739854
122 120 692.0 701 88.84226931999994 1.56 0.07767468560238121 0.07882940521364494 False True -0.051441733382713455 22.86370027927249 -11.402236734096112 -1.1125874760746526 30.728424112304143 -15.338718982739854
122 121 704.0 713 89.84659096499995 8.06 0.022287179342070893 0.18921941637765263 True False -0.051441733382713455 22.86370027927249 -11.402236734096112 -1.1125874760746526 30.728424112304143 -15.338718982739854
122 122 704.0 713 90.42395406099995 8.06 0.022287179342070893 0.17660080978600043 True False -0.051441733382713455 22.86370027927249 -11.402236734096112 -1.1125874760746526 30.728424112304143 -15.338718982739854
122 123 704.0 713 91.00525056499994 8.06 0.022287179342070893 0.07748717862214047 False True -0.051441733382713455 22.86370027927249 -11.402236734096112 -1.1125874760746526 30.728424112304143 -15.338718982739854
122 124 716.0 725 91.92578086099995 8.06 0.022287179342070893 0.1194452919440372 True False -0.051441733382713455 22.86370027927249 -11.402236734096112 -1.1125874760746526 30.728424112304143 -15.338718982739854
122 125 716.0 725 92.48542150499993 8.06 0.022287179342070893 0.18286014401735756 False True -0.051441733382713455 22.86370027927249 -11.402236734096112 -1.1125874760746526 30.728424112304143 -15.338718982739854
122 126 728.0 737 93.46769653799991 8.06 0.022287179342070893 0.09967760246665432 True False -0.051441733382713455 22.86370027927249 -11.402236734096112 -1.1125874760746526 30.728424112304143 -15.338718982739854
122 127 728.0 737 94.08516866399991 8.06 0.022287179342070893 0.13028794203495098 True False -0.051441733382713455 22.86370027927249 -11.402236734096112 -1.1125874760746526 30.728424112304143 -15.338718982739854
122 128 728.0 737 94.68437029399989 8.06 0.022287179342070893 0.13383297767742997 True False -0.051441733382713455 22.86370027927249 -11.402236734096112 -1.1125874760746526 30.728424112304143 -15.338718982739854
122 129 728.0 737 95.3022796469999 8.06 0.022287179342070893 0.13383297767742997 False True -0.051441733382713455 22.86370027927249 -11.402236734096112 -1.1125874760746526 30.728424112304143 -15.338718982739854
122 130 740.0 749 96.20769622099992 8.06 0.022287179342070893 0.13563397896880777 False True -0.051441733382713455 22.86370027927249 -11.402236734096112 -1.1125874760746526 30.728424112304143 -15.338718982739854
122 131 752.0 761 97.07169148899992 8.06 0.022287179342070893 0.0350521577217272 True False -0.051441733382713455 22.86370027927249 -11.402236734096112 -1.1125874760746526 30.728424112304143 -15.338718982739854
122 132 752.0 761 97.60072653799993 8.06 0.022287179342070893 0.10864276580048386 True False -0.051441733382713455 22.86370027927249 -11.402236734096112 -1.1125874760746526 30.728424112304143 -15.338718982739854
122 133 752.0 761 98.12610804999993 8.06 0.022287179342070893 0.10934941575094242 True False -0.051441733382713455 22.86370027927249 -11.402236734096112 -1.1125874760746526 30.728424112304143 -15.338718982739854
122 134 752.0 762 98.64179024899992 8.06 0.022287179342070893 0.09043382284491716 True False -0.051441733382713455 22.86370027927249 -11.402236734096112 -1.1125874760746526 30.728424112304143 -15.338718982739854
122 135 752.0 762 99.16351831199991 8.06 0.022287179342070893 0.09967760246665432 False True -0.051441733382713455 22.86370027927249 -11.402236734096112 -1.1125874760746526 30.728424112304143 -15.338718982739854
122 136 764.0 774 100.03944091499993 8.06 0.022287179342070893 0.13537512109675412 True False -0.051441733382713455 22.86370027927249 -11.402236734096112 -1.1125874760746526 30.728424112304143 -15.338718982739854
122 137 764.0 774 100.58204756099992 8.06 0.022287179342070893 0.09043382284491716 False True -0.051441733382713455 22.86370027927249 -11.402236734096112 -1.1125874760746526 30.728424112304143 -15.338718982739854
122 138 776.0 786 101.42356404099992 8.06 0.022287179342070893 0.09261386140845629 False True -0.051441733382713455 22.86370027927249 -11.402236734096112 -1.1125874760746526 30.728424112304143 -15.338718982739854
122 139 788.0 798 102.27903074399994 7.4 0.124861863278082 0.0779797025676489 False True -0.051441733382713455 22.86370027927249 -11.402236734096112 -1.1125874760746526 30.728424112304143 -15.338718982739854
122 140 800.0 810 103.11710401099997 1.55 0.0779797025676489 0.08340206154828986 False True -0.051441733382713455 22.86370027927249 -11.402236734096112 -1.1125874760746526 30.728424112304143 -15.338718982739854
122 141 812.0 822 103.91660891399998 1.55 0.0779797025676489 0.12465096634009772 True False -0.051441733382713455 22.86370027927249 -11.402236734096112 -1.1125874760746526 30.728424112304143 -15.338718982739854
122 142 812.0 822 104.43756862399998 1.55 0.0779797025676489 0.11965237250230155 True False -0.051441733382713455 22.86370027927249 -11.402236734096112 -1.1125874760746526 30.728424112304143 -15.338718982739854
122 143 812.0 822 104.94018349499997 1.55 0.0779797025676489 0.11965237250230155 False True -0.051441733382713455 22.86370027927249 -11.402236734096112 -1.1125874760746526 30.728424112304143 -15.338718982739854
122 144 824.0 834 105.73973716999997 1.55 0.0779797025676489 0.15643484357958887 True False -0.051441733382713455 22.86370027927249 -11.402236734096112 -1.1125874760746526 30.728424112304143 -15.338718982739854
122 145 824.0 834 106.23951862899999 1.55 0.0779797025676489 0.15643484357958887 False True -0.051441733382713455 22.86370027927249 -11.402236734096112 -1.1125874760746526 30.728424112304143 -15.338718982739854
122 146 836.0 846 107.05999978999999 1.55 0.0779797025676489 0.2149309146815546 True False -0.051441733382713455 22.86370027927249 -11.402236734096112 -1.1125874760746526 30.728424112304143 -15.338718982739854
122 147 836.0 846 107.57666349999998 1.55 0.0779797025676489 0.2149309146815546 False True -0.051441733382713455 22.86370027927249 -11.402236734096112 -1.1125874760746526 30.728424112304143 -15.338718982739854
122 148 848.0 858 108.364289003 1.55 0.0779797025676489 0.24980609337289525 True False -0.051441733382713455 22.86370027927249 -11.402236734096112 -1.1125874760746526 30.728424112304143 -15.338718982739854
122 149 848.0 858 108.843414847 1.55 0.0779797025676489 0.24980609337289525 False True -0.051441733382713455 22.86370027927249 -11.402236734096112 -1.1125874760746526 30.728424112304143 -15.338718982739854
122 150 860.0 870 109.67571114300002 1.55 0.0779797025676489 0.19373631204303798 True False -0.051441733382713455 22.86370027927249 -11.402236734096112 -1.1125874760746526 30.728424112304143 -15.338718982739854
122 151 860.0 870 110.16087770000003 1.55 0.0779797025676489 0.18869968650392208 True False -0.051441733382713455 22.86370027927249 -11.402236734096112 -1.1125874760746526 30.728424112304143 -15.338718982739854
122 152 860.0 870 110.66417196000005 1.55 0.0779797025676489 0.18869968650392208 False True -0.051441733382713455 22.86370027927249 -11.402236734096112 -1.1125874760746526 30.728424112304143 -15.338718982739854
122 153 872.0 882 111.45804506800003 1.55 0.0779797025676489 0.28826634918187066 True False -0.051441733382713455 22.86370027927249 -11.402236734096112 -1.1125874760746526 30.728424112304143 -15.338718982739854
122 154 872.0 883 111.92107392000004 1.55 0.0779797025676489 0.295015224080417 True False -0.051441733382713455 22.86370027927249 -11.402236734096112 -1.1125874760746526 30.728424112304143 -15.338718982739854
122 155 872.0 883 112.39610541900002 1.55 0.0779797025676489 0.28826634918187066 False True -0.051441733382713455 22.86370027927249 -11.402236734096112 -1.1125874760746526 30.728424112304143 -15.338718982739854
122 156 884.0 895 113.19900559600002 1.55 0.0779797025676489 0.22614945385334687 True False -0.051441733382713455 22.86370027927249 -11.402236734096112 -1.1125874760746526 30.728424112304143 -15.338718982739854
122 157 884.0 895 113.68176997100001 1.55 0.0779797025676489 0.13665381719850797 True False -0.051441733382713455 22.86370027927249 -11.402236734096112 -1.1125874760746526 30.728424112304143 -15.338718982739854
122 158 884.0 895 114.17881676199998 1.55 0.0779797025676489 0.13302965319243 True False -0.051441733382713455 22.86370027927249 -11.402236734096112 -1.1125874760746526 30.728424112304143 -15.338718982739854
122 159 884.0 895 114.662383112 1.55 0.0779797025676489 0.14038918671373538 True False -0.051441733382713455 22.86370027927249 -11.402236734096112 -1.1125874760746526 30.728424112304143 -15.338718982739854
122 160 884.0 895 115.15816657700002 1.55 0.0779797025676489 0.13665381719850797 False True -0.051441733382713455 22.86370027927249 -11.402236734096112 -1.1125874760746526 30.728424112304143 -15.338718982739854
122 161 896.0 907 115.919053016 1.55 0.0779797025676489 0.1299610906522514 True False -0.051441733382713455 22.86370027927249 -11.402236734096112 -1.1125874760746526 30.728424112304143 -15.338718982739854
122 162 896.0 907 116.359931051 1.55 0.0779797025676489 0.15805906598115807 True False -0.051441733382713455 22.86370027927249 -11.402236734096112 -1.1125874760746526 30.728424112304143 -15.338718982739854
122 163 896.0 907 116.81764653699999 1.55 0.0779797025676489 0.11434460080163643 True False -0.051441733382713455 22.86370027927249 -11.402236734096112 -1.1125874760746526 30.728424112304143 -15.338718982739854
122 164 896.0 907 117.265945729 1.55 0.0779797025676489 0.04098400001107548 True False -0.051441733382713455 22.86370027927249 -11.402236734096112 -1.1125874760746526 30.728424112304143 -15.338718982739854
122 165 896.0 907 117.71780777099998 1.55 0.0779797025676489 0.12465096634009772 False True -0.051441733382713455 22.86370027927249 -11.402236734096112 -1.1125874760746526 30.728424112304143 -15.338718982739854
122 166 908.0 919 118.49361576099999 1.55 0.0779797025676489 0.23191205475574606 True False -0.051441733382713455 22.86370027927249 -11.402236734096112 -1.1125874760746526 30.728424112304143 -15.338718982739854
122 167 908.0 920 118.955419918 1.55 0.0779797025676489 0.00012219843170841566 True False -0.051441733382713455 22.86370027927249 -11.402236734096112 -1.1125874760746526 30.728424112304143 -15.338718982739854
122 168 908.0 920 119.42197115100002 1.55 0.0779797025676489 0.22614945385334687 False True -0.051441733382713455 22.86370027927249 -11.402236734096112 -1.1125874760746526 30.728424112304143 -15.338718982739854
122 169 920.0 932 120.17833975100002 1.55 0.0779797025676489 0.017904748224402613 True False -0.051441733382713455 22.86370027927249 -11.402236734096112 -1.1125874760746526 30.728424112304143 -15.338718982739854
122 170 920.0 932 120.62064601600004 1.55 0.0779797025676489 0.03796106119725247 False True -0.051441733382713455 22.86370027927249 -11.402236734096112 -1.1125874760746526 30.728424112304143 -15.338718982739854
122 171 932.0 944 121.37699396200004 1.55 0.0779797025676489 0.032257567788337896 True False -0.051441733382713455 22.86370027927249 -11.402236734096112 -1.1125874760746526 30.728424112304143 -15.338718982739854
122 172 932.0 944 121.85504686000003 1.55 0.0779797025676489 0.032257567788337896 False True -0.051441733382713455 22.86370027927249 -11.402236734096112 -1.1125874760746526 30.728424112304143 -15.338718982739854
122 173 944.0 956 122.59321828800002 1.55 0.0779797025676489 0.044120684554652644 True False -0.051441733382713455 22.86370027927249 -11.402236734096112 -1.1125874760746526 30.728424112304143 -15.338718982739854
122 174 944.0 956 123.01837159700001 1.55 0.0779797025676489 0.009129844682025694 True False -0.051441733382713455 22.86370027927249 -11.402236734096112 -1.1125874760746526 30.728424112304143 -15.338718982739854
122 175 944.0 956 123.47216348900001 1.55 0.0779797025676489 0.10547450101420403 True False -0.051441733382713455 22.86370027927249 -11.402236734096112 -1.1125874760746526 30.728424112304143 -15.338718982739854
122 176 944.0 956 123.91152074100002 1.55 0.0779797025676489 0.10808231422096128 True False -0.051441733382713455 22.86370027927249 -11.402236734096112 -1.1125874760746526 30.728424112304143 -15.338718982739854
122 177 944.0 956 124.354995251 1.55 0.0779797025676489 0.10547450101420403 False True -0.051441733382713455 22.86370027927249 -11.402236734096112 -1.1125874760746526 30.728424112304143 -15.338718982739854
122 178 956.0 968 125.12008307800001 1.56 0.07767468560238121 0.04098400001107548 False True -0.051441733382713455 22.86370027927249 -11.402236734096112 -1.1125874760746526 30.728424112304143 -15.338718982739854
122 179 968.0 980 125.85758394899999 1.49 0.08227565219239591 0.027070598123896075 False True -0.051441733382713455 22.86370027927249 -11.402236734096112 -1.1125874760746526 30.728424112304143 -15.338718982739854
122 180 980.0 992 126.61719259299998 8.08 0.027070598123896075 0.03800952503962938 True False -0.051441733382713455 22.86370027927249 -11.402236734096112 -1.1125874760746526 30.728424112304143 -15.338718982739854
122 181 980.0 992 127.07360317199998 8.08 0.027070598123896075 0.11139316204721375 True False -0.051441733382713455 22.86370027927249 -11.402236734096112 -1.1125874760746526 30.728424112304143 -15.338718982739854
122 182 980.0 992 127.54938120799999 8.08 0.027070598123896075 0.0011656976120181068 False True -0.051441733382713455 22.86370027927249 -11.402236734096112 -1.1125874760746526 30.728424112304143 -15.338718982739854
122 183 992.0 1004 128.28926301299998 7.82 0.0011656976120181068 0.0017508129957991504 True False -0.051441733382713455 22.86370027927249 -11.402236734096112 -1.1125874760746526 30.728424112304143 -15.338718982739854
122 184 992.0 1005 128.72904543099997 7.82 0.0011656976120181068 0.0006980304398917555 False True -0.051441733382713455 22.86370027927249 -11.402236734096112 -1.1125874760746526 30.728424112304143 -15.338718982739854
122 185 1004.0 1017 129.476084389 1.49 0.08227565219239591 0.10934941575094242 False True -0.051441733382713455 22.86370027927249 -11.402236734096112 -1.1125874760746526 30.728424112304143 -15.338718982739854
122 186 1016.0 1029 130.21727216699998 7.4 0.124861863278082 0.0779797025676489 False True -0.051441733382713455 22.86370027927249 -11.402236734096112 -1.1125874760746526 30.728424112304143 -15.338718982739854
122 187 1020.0 1033 130.97060346999996 7.4 0.124861863278082 0.0779797025676489 False True -0.051441733382713455 22.86370027927249 -11.402236734096112 -1.1125874760746526 30.728424112304143 -15.338718982739854
122 188 1024.0 1037 131.69704214899994 1.55 0.0779797025676489 0.10864276580048386 False True -0.051441733382713455 22.86370027927249 -11.402236734096112 -1.1125874760746526 30.728424112304143 -15.338718982739854
122 189 1036.0 1049 132.44967410299995 1.4100000000000001 0.09455673033398575 0.1044602490782076 False True -0.051441733382713455 22.86370027927249 -11.402236734096112 -1.1125874760746526 30.728424112304143 -15.338718982739854
122 190 1048.0 1061 133.17413070099994 1.56 0.07767468560238121 0.11080429783048534 True False -0.051441733382713455 22.86370027927249 -11.402236734096112 -1.1125874760746526 30.728424112304143 -15.338718982739854
122 191 1048.0 1061 133.61682257099991 1.56 0.07767468560238121 2.348726297447798e-06 True False -0.051441733382713455 22.86370027927249 -11.402236734096112 -1.1125874760746526 30.728424112304143 -15.338718982739854
122 192 1048.0 1061 134.05400655199992 1.56 0.07767468560238121 0.015975339092269097 False True -0.051441733382713455 22.86370027927249 -11.402236734096112 -1.1125874760746526 30.728424112304143 -15.338718982739854
122 193 1060.0 1073 134.80854814899993 8.03 0.015975339092269097 0.1951032733421959 True False -0.051441733382713455 22.86370027927249 -11.402236734096112 -1.1125874760746526 30.728424112304143 -15.338718982739854
122 194 1060.0 1073 135.28702902199993 8.03 0.015975339092269097 0.43203108478052105 True False -0.051441733382713455 22.86370027927249 -11.402236734096112 -1.1125874760746526 30.728424112304143 -15.338718982739854
122 195 1060.0 1073 135.74906431399992 8.03 0.015975339092269097 0.43203108478052105 False True -0.051441733382713455 22.86370027927249 -11.402236734096112 -1.1125874760746526 30.728424112304143 -15.338718982739854
122 196 1072.0 1085 136.48870977599992 8.03 0.015975339092269097 0.015917179244425664 True False -0.051441733382713455 22.86370027927249 -11.402236734096112 -1.1125874760746526 30.728424112304143 -15.338718982739854
122 197 1072.0 1085 136.9346454699999 8.03 0.015975339092269097 0.10060246535272699 True False -0.051441733382713455 22.86370027927249 -11.402236734096112 -1.1125874760746526 30.728424112304143 -15.338718982739854
122 198 1072.0 1085 137.3725494919999 8.03 0.015975339092269097 0.3200180972601745 True False -0.051441733382713455 22.86370027927249 -11.402236734096112 -1.1125874760746526 30.728424112304143 -15.338718982739854
122 199 1072.0 1085 137.8292316049999 8.03 0.015975339092269097 0.3200180972601745 False True -0.051441733382713455 22.86370027927249 -11.402236734096112 -1.1125874760746526 30.728424112304143 -15.338718982739854
122 200 1084.0 1097 138.58782700499992 8.03 0.015975339092269097 0.14651267334421564 True False -0.051441733382713455 22.86370027927249 -11.402236734096112 -1.1125874760746526 30.728424112304143 -15.338718982739854
122 201 1084.0 1097 139.0484469479999 8.03 0.015975339092269097 0.2041250613499742 True False -0.051441733382713455 22.86370027927249 -11.402236734096112 -1.1125874760746526 30.728424112304143 -15.338718982739854
122 202 1084.0 1097 139.5097093849999 8.03 0.015975339092269097 0.1700095783551064 True False -0.051441733382713455 22.86370027927249 -11.402236734096112 -1.1125874760746526 30.728424112304143 -15.338718982739854
122 203 1084.0 1098 139.9547876629999 8.03 0.015975339092269097 0.15223505584336075 True False -0.051441733382713455 22.86370027927249 -11.402236734096112 -1.1125874760746526 30.728424112304143 -15.338718982739854
122 204 1084.0 1098 140.42791050499991 8.03 0.015975339092269097 0.2277673260911596 True False -0.051441733382713455 22.86370027927249 -11.402236734096112 -1.1125874760746526 30.728424112304143 -15.338718982739854
122 205 1084.0 1098 140.8866379309999 8.03 0.015975339092269097 0.2277673260911596 False True -0.051441733382713455 22.86370027927249 -11.402236734096112 -1.1125874760746526 30.728424112304143 -15.338718982739854
122 206 1096.0 1110 141.6130323289999 8.03 0.015975339092269097 0.00012219843170841566 False True -0.051441733382713455 22.86370027927249 -11.402236734096112 -1.1125874760746526 30.728424112304143 -15.338718982739854
122 207 1108.0 1122 142.3673506979999 7.88 0.00012219843170841566 0.015975339092269097 False True -0.051441733382713455 22.86370027927249 -11.402236734096112 -1.1125874760746526 30.728424112304143 -15.338718982739854
122 208 1112.0 1126 143.0936357409999 7.88 0.00012219843170841566 0.00035952441425583456 True False -0.051441733382713455 22.86370027927249 -11.402236734096112 -1.1125874760746526 30.728424112304143 -15.338718982739854
122 209 1112.0 1126 143.54347768699992 7.88 0.00012219843170841566 2.348726297447798e-06 False True -0.051441733382713455 22.86370027927249 -11.402236734096112 -1.1125874760746526 30.728424112304143 -15.338718982739854
122 210 1124.0 1138 144.30087753199993 7.88 0.00012219843170841566 0.015975339092269097 False True -0.051441733382713455 22.86370027927249 -11.402236734096112 -1.1125874760746526 30.728424112304143 -15.338718982739854
122 211 1128.0 1142 145.04325628799992 8.03 0.015975339092269097 0.0024826859529655963 True False -0.051441733382713455 22.86370027927249 -11.402236734096112 -1.1125874760746526 30.728424112304143 -15.338718982739854
122 212 1128.0 1142 145.47912716599993 8.03 0.015975339092269097 0.20947612225892662 True False -0.051441733382713455 22.86370027927249 -11.402236734096112 -1.1125874760746526 30.728424112304143 -15.338718982739854
122 213 1128.0 1142 145.92306971099993 8.03 0.015975339092269097 0.03800952503962938 False True -0.051441733382713455 22.86370027927249 -11.402236734096112 -1.1125874760746526 30.728424112304143 -15.338718982739854
122 214 1140.0 1154 146.69850469399992 8.03 0.015975339092269097 0.11080429783048534 False True -0.051441733382713455 22.86370027927249 -11.402236734096112 -1.1125874760746526 30.728424112304143 -15.338718982739854
122 215 1152.0 1166 147.43992881899993 8.03 0.015975339092269097 0.07746471010832844 False True -0.051441733382713455 22.86370027927249 -11.402236734096112 -1.1125874760746526 30.728424112304143 -15.338718982739854
122 216 1164.0 1178 148.20160490599994 1.56 0.07767468560238121 0.07840221095475709 True False -0.051441733382713455 22.86370027927249 -11.402236734096112 -1.1125874760746526 30.728424112304143 -15.338718982739854
122 217 1164.0 1178 148.65939705299996 1.56 0.07767468560238121 0.00035952441425583456 False True -0.051441733382713455 22.86370027927249 -11.402236734096112 -1.1125874760746526 30.728424112304143 -15.338718982739854
122 218 1176.0 1190 149.38474570099996 1.56 0.07767468560238121 0.08573006038794892 True False -0.051441733382713455 22.86370027927249 -11.402236734096112 -1.1125874760746526 30.728424112304143 -15.338718982739854
122 219 1176.0 1190 149.83810053299996 1.56 0.07767468560238121 0.007724531311348817 True False -0.051441733382713455 22.86370027927249 -11.402236734096112 -1.1125874760746526 30.728424112304143 -15.338718982739854
122 220 1176.0 1190 150.26608936099996 1.56 0.07767468560238121 0.009129844682025694 False True -0.051441733382713455 22.86370027927249 -11.402236734096112 -1.1125874760746526 30.728424112304143 -15.338718982739854
122 221 1188.0 1202 151.01703137799996 8.03 0.015975339092269097 0.015917179244425664 False True -0.051441733382713455 22.86370027927249 -11.402236734096112 -1.1125874760746526 30.728424112304143 -15.338718982739854
122 222 1200.0 1214 151.74131784899996 8.03 0.015975339092269097 0.017904748224402613 False True -0.051441733382713455 22.86370027927249 -11.402236734096112 -1.1125874760746526 30.728424112304143 -15.338718982739854
122 223 1212.0 1226 152.48615248799996 8.03 0.015975339092269097 0.014045735770130463 True False -0.051441733382713455 22.86370027927249 -11.402236734096112 -1.1125874760746526 30.728424112304143 -15.338718982739854
122 224 1212.0 1226 152.96578416399996 8.03 0.015975339092269097 0.10298113095750275 True False -0.051441733382713455 22.86370027927249 -11.402236734096112 -1.1125874760746526 30.728424112304143 -15.338718982739854
122 225 1212.0 1227 153.44287526199997 8.03 0.015975339092269097 0.05076233691542229 True False -0.051441733382713455 22.86370027927249 -11.402236734096112 -1.1125874760746526 30.728424112304143 -15.338718982739854
122 226 1212.0 1227 153.91945126599998 8.03 0.015975339092269097 0.003306611735709068 True False -0.051441733382713455 22.86370027927249 -11.402236734096112 -1.1125874760746526 30.728424112304143 -15.338718982739854
122 227 1212.0 1227 154.382238484 8.03 0.015975339092269097 0.0053056010025597745 True False -0.051441733382713455 22.86370027927249 -11.402236734096112 -1.1125874760746526 30.728424112304143 -15.338718982739854
122 228 1212.0 1227 154.862806627 8.03 0.015975339092269097 0.08439359291745682 True False -0.051441733382713455 22.86370027927249 -11.402236734096112 -1.1125874760746526 30.728424112304143 -15.338718982739854
122 229 1212.0 1227 155.338296531 8.03 0.015975339092269097 0.02963422661552319 False True -0.051441733382713455 22.86370027927249 -11.402236734096112 -1.1125874760746526 30.728424112304143 -15.338718982739854
122 230 1224.0 1239 156.07619388 8.09 0.02963422661552319 0.015975339092269097 False True -0.051441733382713455 22.86370027927249 -11.402236734096112 -1.1125874760746526 30.728424112304143 -15.338718982739854
122 231 1228.0 1243 156.82301448900003 8.09 0.02963422661552319 0.015975339092269097 False True -0.051441733382713455 22.86370027927249 -11.402236734096112 -1.1125874760746526 30.728424112304143 -15.338718982739854
122 232 1232.0 1247 157.56122199900003 8.09 0.02963422661552319 0.015975339092269097 False True -0.051441733382713455 22.86370027927249 -11.402236734096112 -1.1125874760746526 30.728424112304143 -15.338718982739854
122 233 1236.0 1251 158.32167775000002 8.09 0.02963422661552319 0.010651911496541091 True False -0.051441733382713455 22.86370027927249 -11.402236734096112 -1.1125874760746526 30.728424112304143 -15.338718982739854
122 234 1236.0 1251 158.80117164400002 8.09 0.02963422661552319 0.08875244965327182 True False -0.051441733382713455 22.86370027927249 -11.402236734096112 -1.1125874760746526 30.728424112304143 -15.338718982739854
122 235 1236.0 1251 159.262217509 8.09 0.02963422661552319 0.2041250613499742 False True -0.051441733382713455 22.86370027927249 -11.402236734096112 -1.1125874760746526 30.728424112304143 -15.338718982739854
122 236 1248.0 1263 159.998556079 8.09 0.02963422661552319 0.020067892873623257 False True -0.051441733382713455 22.86370027927249 -11.402236734096112 -1.1125874760746526 30.728424112304143 -15.338718982739854
122 237 1252.0 1267 160.754871374 8.09 0.02963422661552319 0.0017508129957991504 False True -0.051441733382713455 22.86370027927249 -11.402236734096112 -1.1125874760746526 30.728424112304143 -15.338718982739854
122 238 1264.0 1279 161.476660174 8.09 0.02963422661552319 0.10060246535272699 False True -0.051441733382713455 22.86370027927249 -11.402236734096112 -1.1125874760746526 30.728424112304143 -15.338718982739854
122 239 1276.0 1291 162.233278458 7.88 0.00012219843170841566 0.02963422661552319 False True -0.051441733382713455 22.86370027927249 -11.402236734096112 -1.1125874760746526 30.728424112304143 -15.338718982739854
122 240 1280.0 1295 162.957455405 7.88 0.00012219843170841566 0.0779797025676489 False True -0.051441733382713455 22.86370027927249 -11.402236734096112 -1.1125874760746526 30.728424112304143 -15.338718982739854
122 241 1284.0 1299 163.71610927299997 7.7 0.015917179244425664 0.022287179342070893 False True -0.051441733382713455 22.86370027927249 -11.402236734096112 -1.1125874760746526 30.728424112304143 -15.338718982739854
122 242 1288.0 1303 164.44007305399998 8.06 0.022287179342070893 0.05779869034446319 True False -0.051441733382713455 22.86370027927249 -11.402236734096112 -1.1125874760746526 30.728424112304143 -15.338718982739854
122 243 1288.0 1303 164.89309648699998 8.06 0.022287179342070893 0.11434460080163643 False True -0.051441733382713455 22.86370027927249 -11.402236734096112 -1.1125874760746526 30.728424112304143 -15.338718982739854
122 244 1300.0 1315 165.66019898599995 7.61 0.03796106119725247 0.07840221095475709 False True -0.051441733382713455 22.86370027927249 -11.402236734096112 -1.1125874760746526 30.728424112304143 -15.338718982739854
122 245 1312.0 1327 166.41267246899997 1.54 0.07840221095475709 0.3041583515285077 True False -0.051441733382713455 22.86370027927249 -11.402236734096112 -1.1125874760746526 30.728424112304143 -15.338718982739854
122 246 1312.0 1327 166.85364387099997 1.54 0.07840221095475709 0.3041583515285077 False True -0.051441733382713455 22.86370027927249 -11.402236734096112 -1.1125874760746526 30.728424112304143 -15.338718982739854
122 247 1324.0 1339 167.61372761299998 1.54 0.07840221095475709 0.3551463545961715 True False -0.051441733382713455 22.86370027927249 -11.402236734096112 -1.1125874760746526 30.728424112304143 -15.338718982739854
122 248 1324.0 1339 168.09183454299998 1.54 0.07840221095475709 0.3551463545961715 False True -0.051441733382713455 22.86370027927249 -11.402236734096112 -1.1125874760746526 30.728424112304143 -15.338718982739854
122 249 1336.0 1351 168.81964684399998 1.54 0.07840221095475709 0.4105706172297749 True False -0.051441733382713455 22.86370027927249 -11.402236734096112 -1.1125874760746526 30.728424112304143 -15.338718982739854
122 250 1336.0 1352 169.25781596999997 1.54 0.07840221095475709 0.4105706172297749 False True -0.051441733382713455 22.86370027927249 -11.402236734096112 -1.1125874760746526 30.728424112304143 -15.338718982739854
122 251 1348.0 1364 170.01213330799996 1.55 0.0779797025676489 0.33273630119857917 True False -0.051441733382713455 22.86370027927249 -11.402236734096112 -1.1125874760746526 30.728424112304143 -15.338718982739854
122 252 1348.0 1364 170.47897103799994 1.55 0.0779797025676489 0.3254508674815966 True False -0.051441733382713455 22.86370027927249 -11.402236734096112 -1.1125874760746526 30.728424112304143 -15.338718982739854
122 253 1348.0 1364 170.95301020199994 1.55 0.0779797025676489 0.270591409148301 True False -0.051441733382713455 22.86370027927249 -11.402236734096112 -1.1125874760746526 30.728424112304143 -15.338718982739854
122 254 1348.0 1364 171.41833642299994 1.55 0.0779797025676489 0.2771096164364818 True False -0.051441733382713455 22.86370027927249 -11.402236734096112 -1.1125874760746526 30.728424112304143 -15.338718982739854
122 255 1348.0 1364 171.88035398899996 1.55 0.0779797025676489 0.270591409148301 False True -0.051441733382713455 22.86370027927249 -11.402236734096112 -1.1125874760746526 30.728424112304143 -15.338718982739854
122 256 1360.0 1376 172.61526139299997 7.88 0.00012219843170841566 0.33273630119857917 False True -0.051441733382713455 22.86370027927249 -11.402236734096112 -1.1125874760746526 30.728424112304143 -15.338718982739854
122 257 1372.0 1388 173.37384928699998 8.03 0.015975339092269097 0.3783715028810599 True False -0.051441733382713455 22.86370027927249 -11.402236734096112 -1.1125874760746526 30.728424112304143 -15.338718982739854
122 258 1372.0 1388 173.85150736499997 8.03 0.015975339092269097 0.49690918617436747 True False -0.051441733382713455 22.86370027927249 -11.402236734096112 -1.1125874760746526 30.728424112304143 -15.338718982739854
122 259 1372.0 1388 174.31559934599997 8.03 0.015975339092269097 0.49690918617436747 False True -0.051441733382713455 22.86370027927249 -11.402236734096112 -1.1125874760746526 30.728424112304143 -15.338718982739854
122 260 1384.0 1400 175.05431044999997 8.03 0.015975339092269097 0.07324538994337676 False True -0.051441733382713455 22.86370027927249 -11.402236734096112 -1.1125874760746526 30.728424112304143 -15.338718982739854
122 261 1396.0 1412 175.81907255 1.54 0.07840221095475709 0.006480439136109703 True False -0.051441733382713455 22.86370027927249 -11.402236734096112 -1.1125874760746526 30.728424112304143 -15.338718982739854
122 262 1396.0 1412 176.297802371 1.54 0.07840221095475709 0.08573006038794892 False True -0.051441733382713455 22.86370027927249 -11.402236734096112 -1.1125874760746526 30.728424112304143 -15.338718982739854
122 263 1408.0 1424 177.05062738699996 1.7 0.08573006038794892 0.08439359291745682 False True -0.051441733382713455 22.86370027927249 -11.402236734096112 -1.1125874760746526 30.728424112304143 -15.338718982739854
122 264 1420.0 1436 177.81671639499996 1.7 0.08573006038794892 0.16398410857931697 True False -0.051441733382713455 22.86370027927249 -11.402236734096112 -1.1125874760746526 30.728424112304143 -15.338718982739854
122 265 1420.0 1436 178.29114584799993 1.7 0.08573006038794892 0.15223505584336075 False True -0.051441733382713455 22.86370027927249 -11.402236734096112 -1.1125874760746526 30.728424112304143 -15.338718982739854
122 266 1432.0 1448 179.01789201399993 1.7 0.08573006038794892 0.2286532355941991 True False -0.051441733382713455 22.86370027927249 -11.402236734096112 -1.1125874760746526 30.728424112304143 -15.338718982739854
122 267 1432.0 1448 179.47194975999992 1.7 0.08573006038794892 0.18235932815063152 True False -0.051441733382713455 22.86370027927249 -11.402236734096112 -1.1125874760746526 30.728424112304143 -15.338718982739854
122 268 1432.0 1449 179.91030165099988 1.7 0.08573006038794892 0.17613485998188513 True False -0.051441733382713455 22.86370027927249 -11.402236734096112 -1.1125874760746526 30.728424112304143 -15.338718982739854
122 269 1432.0 1449 180.35421722699988 1.7 0.08573006038794892 0.18868234763246772 True False -0.051441733382713455 22.86370027927249 -11.402236734096112 -1.1125874760746526 30.728424112304143 -15.338718982739854
122 270 1432.0 1449 180.79279487499986 1.7 0.08573006038794892 0.1408925034980554 True False -0.051441733382713455 22.86370027927249 -11.402236734096112 -1.1125874760746526 30.728424112304143 -15.338718982739854
122 271 1432.0 1449 181.24211464999985 1.7 0.08573006038794892 0.18235932815063152 False True -0.051441733382713455 22.86370027927249 -11.402236734096112 -1.1125874760746526 30.728424112304143 -15.338718982739854
122 272 1444.0 1461 182.00954538499985 1.7 0.08573006038794892 0.1408925034980554 False True -0.051441733382713455 22.86370027927249 -11.402236734096112 -1.1125874760746526 30.728424112304143 -15.338718982739854
122 273 1456.0 1473 182.74871212099987 1.7 0.08573006038794892 0.13537512109675412 False True -0.051441733382713455 22.86370027927249 -11.402236734096112 -1.1125874760746526 30.728424112304143 -15.338718982739854
122 274 1468.0 1485 183.5107352159999 1.7 0.08573006038794892 0.14651267334421564 False True -0.051441733382713455 22.86370027927249 -11.402236734096112 -1.1125874760746526 30.728424112304143 -15.338718982739854
122 275 1480.0 1497 184.2542264789999 1.7 0.08573006038794892 0.0024826859529655963 False True -0.051441733382713455 22.86370027927249 -11.402236734096112 -1.1125874760746526 30.728424112304143 -15.338718982739854
122 276 1492.0 1509 185.0293434379999 1.55 0.0779797025676489 0.003306611735709068 False True -0.051441733382713455 22.86370027927249 -11.402236734096112 -1.1125874760746526 30.728424112304143 -15.338718982739854
122 277 1504.0 1521 185.77086001499993 7.93 0.0024826859529655963 0.0779797025676489 False True -0.051441733382713455 22.86370027927249 -11.402236734096112 -1.1125874760746526 30.728424112304143 -15.338718982739854
122 278 1508.0 1525 186.53532759799998 1.55 0.0779797025676489 0.0053056010025597745 False True -0.051441733382713455 22.86370027927249 -11.402236734096112 -1.1125874760746526 30.728424112304143 -15.338718982739854
122 279 1520.0 1537 187.27489407299998 7.96 0.0053056010025597745 0.006480439136109703 False True -0.051441733382713455 22.86370027927249 -11.402236734096112 -1.1125874760746526 30.728424112304143 -15.338718982739854
122 280 1532.0 1549 188.047604143 7.96 0.0053056010025597745 0.05076233691542229 False True -0.051441733382713455 22.86370027927249 -11.402236734096112 -1.1125874760746526 30.728424112304143 -15.338718982739854
122 281 1544.0 1561 188.789323491 7.96 0.0053056010025597745 0.0 True False -0.051441733382713455 22.86370027927249 -11.402236734096112 -1.1125874760746526 30.728424112304143 -15.338718982739854
122 282 1544.0 1561 189.22976313599997 7.96 0.0053056010025597745 0.08464550362902044 False True -0.051441733382713455 22.86370027927249 -11.402236734096112 -1.1125874760746526 30.728424112304143 -15.338718982739854
122 283 1556.0 1573 189.989905272 7.96 0.0053056010025597745 0.1696167530229732 True False -0.051441733382713455 22.86370027927249 -11.402236734096112 -1.1125874760746526 30.728424112304143 -15.338718982739854
122 284 1556.0 1573 190.466857722 7.96 0.0053056010025597745 0.09043804529814382 True False -0.051441733382713455 22.86370027927249 -11.402236734096112 -1.1125874760746526 30.728424112304143 -15.338718982739854
122 285 1556.0 1573 190.92872368499997 7.96 0.0053056010025597745 0.37054047622307695 True False -0.051441733382713455 22.86370027927249 -11.402236734096112 -1.1125874760746526 30.728424112304143 -15.338718982739854
122 286 1556.0 1573 191.395722303 7.96 0.0053056010025597745 0.12353594965705349 True False -0.051441733382713455 22.86370027927249 -11.402236734096112 -1.1125874760746526 30.728424112304143 -15.338718982739854
122 287 1556.0 1573 191.87121158899998 7.96 0.0053056010025597745 0.19507252183711596 True False -0.051441733382713455 22.86370027927249 -11.402236734096112 -1.1125874760746526 30.728424112304143 -15.338718982739854
122 288 1556.0 1573 192.346988486 7.96 0.0053056010025597745 0.18999235919513197 True False -0.051441733382713455 22.86370027927249 -11.402236734096112 -1.1125874760746526 30.728424112304143 -15.338718982739854
122 289 1556.0 1574 192.809170133 7.96 0.0053056010025597745 0.19507252183711596 False True -0.051441733382713455 22.86370027927249 -11.402236734096112 -1.1125874760746526 30.728424112304143 -15.338718982739854
122 290 1568.0 1586 199.032786794 7.96 0.0053056010025597745 0.18501897524472533 True False -0.051441733382713455 22.86370027927249 -11.402236734096112 -1.1125874760746526 30.728424112304143 -15.338718982739854
122 291 1568.0 1586 205.396940308 7.96 0.0053056010025597745 0.20025896704686638 True False -0.051441733382713455 22.86370027927249 -11.402236734096112 -1.1125874760746526 30.728424112304143 -15.338718982739854
122 292 1568.0 1586 207.795121666 7.96 0.0053056010025597745 0.18501897524472533 False True -0.051441733382713455 22.86370027927249 -11.402236734096112 -1.1125874760746526 30.728424112304143 -15.338718982739854
122 293 1580.0 1598 210.2995722 7.96 0.0053056010025597745 0.20555118807121775 True False -0.051441733382713455 22.86370027927249 -11.402236734096112 -1.1125874760746526 30.728424112304143 -15.338718982739854
122 294 1580.0 1598 211.57538857000003 7.96 0.0053056010025597745 0.20025896704686638 False True -0.051441733382713455 22.86370027927249 -11.402236734096112 -1.1125874760746526 30.728424112304143 -15.338718982739854
122 295 1592.0 1610 213.38243006500005 7.96 0.0053056010025597745 0.08875244965327182 False True -0.051441733382713455 22.86370027927249 -11.402236734096112 -1.1125874760746526 30.728424112304143 -15.338718982739854
122 296 1604.0 1622 215.09804514400008 7.96 0.0053056010025597745 0.5664446368445678 True False -0.051441733382713455 22.86370027927249 -11.402236734096112 -1.1125874760746526 30.728424112304143 -15.338718982739854
122 297 1604.0 1622 216.0765321460001 7.96 0.0053056010025597745 0.5664446368445678 False True -0.051441733382713455 22.86370027927249 -11.402236734096112 -1.1125874760746526 30.728424112304143 -15.338718982739854
122 298 1616.0 1634 217.55709103100008 7.96 0.0053056010025597745 0.7264387767505864 True False -0.051441733382713455 22.86370027927249 -11.402236734096112 -1.1125874760746526 30.728424112304143 -15.338718982739854
122 299 1616.0 1634 218.41451148200008 7.96 0.0053056010025597745 0.7264387767505864 False True -0.051441733382713455 22.86370027927249 -11.402236734096112 -1.1125874760746526 30.728424112304143 -15.338718982739854
122 300 1628.0 1646 219.8421960820001 7.96 0.0053056010025597745 0.4692859200623975 True False -0.051441733382713455 22.86370027927249 -11.402236734096112 -1.1125874760746526 30.728424112304143 -15.338718982739854
122 301 1628.0 1646 220.6997891360001 7.96 0.0053056010025597745 0.4692859200623975 False True -0.051441733382713455 22.86370027927249 -11.402236734096112 -1.1125874760746526 30.728424112304143 -15.338718982739854
122 302 1640.0 1658 222.01102200400015 7.96 0.0053056010025597745 0.33477525058625196 True False -0.051441733382713455 22.86370027927249 -11.402236734096112 -1.1125874760746526 30.728424112304143 -15.338718982739854
122 303 1640.0 1658 222.77582457700015 7.96 0.0053056010025597745 0.607951737727262 True False -0.051441733382713455 22.86370027927249 -11.402236734096112 -1.1125874760746526 30.728424112304143 -15.338718982739854
122 304 1640.0 1658 223.51531380000017 7.96 0.0053056010025597745 0.587381603326805 True False -0.051441733382713455 22.86370027927249 -11.402236734096112 -1.1125874760746526 30.728424112304143 -15.338718982739854
122 305 1640.0 1658 224.25794726900017 7.96 0.0053056010025597745 0.5976371311140926 True False -0.051441733382713455 22.86370027927249 -11.402236734096112 -1.1125874760746526 30.728424112304143 -15.338718982739854
122 306 1640.0 1659 224.9926558090002 7.96 0.0053056010025597745 0.6287541061428195 True False -0.051441733382713455 22.86370027927249 -11.402236734096112 -1.1125874760746526 30.728424112304143 -15.338718982739854
122 307 1640.0 1659 225.71701672500024 7.96 0.0053056010025597745 0.618324404296009 True False -0.051441733382713455 22.86370027927249 -11.402236734096112 -1.1125874760746526 30.728424112304143 -15.338718982739854
122 308 1640.0 1659 226.41606691100026 7.96 0.0053056010025597745 0.607951737727262 False True -0.051441733382713455 22.86370027927249 -11.402236734096112 -1.1125874760746526 30.728424112304143 -15.338718982739854
122 309 1652.0 1671 227.61381585400028 7.96 0.0053056010025597745 0.5469704489014414 True False -0.051441733382713455 22.86370027927249 -11.402236734096112 -1.1125874760746526 30.728424112304143 -15.338718982739854
122 310 1652.0 1671 228.33751474200028 7.96 0.0053056010025597745 0.6817218872889621 True False -0.051441733382713455 22.86370027927249 -11.402236734096112 -1.1125874760746526 30.728424112304143 -15.338718982739854
122 311 1652.0 1671 229.0551907540003 7.96 0.0053056010025597745 0.17422696226414539 True False -0.051441733382713455 22.86370027927249 -11.402236734096112 -1.1125874760746526 30.728424112304143 -15.338718982739854
122 312 1652.0 1671 229.7718690140003 7.96 0.0053056010025597745 0.6603750916242391 True False -0.051441733382713455 22.86370027927249 -11.402236734096112 -1.1125874760746526 30.728424112304143 -15.338718982739854
122 313 1652.0 1671 230.45512470200032 7.96 0.0053056010025597745 0.1451400976988068 True False -0.051441733382713455 22.86370027927249 -11.402236734096112 -1.1125874760746526 30.728424112304143 -15.338718982739854
122 314 1652.0 1671 231.1563168850003 7.96 0.0053056010025597745 0.38629081474944066 True False -0.051441733382713455 22.86370027927249 -11.402236734096112 -1.1125874760746526 30.728424112304143 -15.338718982739854
122 315 1652.0 1671 231.8346421950003 7.96 0.0053056010025597745 0.5569795923797716 True False -0.051441733382713455 22.86370027927249 -11.402236734096112 -1.1125874760746526 30.728424112304143 -15.338718982739854
122 316 1652.0 1671 232.5127977380003 7.96 0.0053056010025597745 0.3783715028810599 False True -0.051441733382713455 22.86370027927249 -11.402236734096112 -1.1125874760746526 30.728424112304143 -15.338718982739854
122 317 1664.0 1683 233.5484466330003 7.96 0.0053056010025597745 0.12685548891603024 True False -0.051441733382713455 22.86370027927249 -11.402236734096112 -1.1125874760746526 30.728424112304143 -15.338718982739854
122 318 1664.0 1684 234.15247818800032 7.96 0.0053056010025597745 0.06149936233474529 True False -0.051441733382713455 22.86370027927249 -11.402236734096112 -1.1125874760746526 30.728424112304143 -15.338718982739854
122 319 1664.0 1684 234.7719722290003 7.96 0.0053056010025597745 0.6710225752623385 True False -0.051441733382713455 22.86370027927249 -11.402236734096112 -1.1125874760746526 30.728424112304143 -15.338718982739854
122 320 1664.0 1684 235.35390815900035 7.96 0.0053056010025597745 0.7032717620321227 True False -0.051441733382713455 22.86370027927249 -11.402236734096112 -1.1125874760746526 30.728424112304143 -15.338718982739854
122 321 1664.0 1684 235.93626074000036 7.96 0.0053056010025597745 0.7020232563848404 True False -0.051441733382713455 22.86370027927249 -11.402236734096112 -1.1125874760746526 30.728424112304143 -15.338718982739854
122 322 1664.0 1684 236.51143910600035 7.96 0.0053056010025597745 0.7020232563848404 False True -0.051441733382713455 22.86370027927249 -11.402236734096112 -1.1125874760746526 30.728424112304143 -15.338718982739854
122 323 1676.0 1696 237.48701859000033 7.96 0.0053056010025597745 0.6924719703547727 True False -0.051441733382713455 22.86370027927249 -11.402236734096112 -1.1125874760746526 30.728424112304143 -15.338718982739854
122 324 1676.0 1696 238.08775672300033 7.96 0.0053056010025597745 0.5370253879473225 True False -0.051441733382713455 22.86370027927249 -11.402236734096112 -1.1125874760746526 30.728424112304143 -15.338718982739854
122 325 1676.0 1696 238.68688304600033 7.96 0.0053056010025597745 0.1696167530229732 False True -0.051441733382713455 22.86370027927249 -11.402236734096112 -1.1125874760746526 30.728424112304143 -15.338718982739854
122 326 1688.0 1708 239.61124093700033 7.96 0.0053056010025597745 0.012345574007712051 False True -0.051441733382713455 22.86370027927249 -11.402236734096112 -1.1125874760746526 30.728424112304143 -15.338718982739854
122 327 1700.0 1720 240.56591015900034 7.96 0.0053056010025597745 0.0003478455350009877 True False -0.051441733382713455 22.86370027927249 -11.402236734096112 -1.1125874760746526 30.728424112304143 -15.338718982739854
122 328 1700.0 1720 241.14890205300037 7.96 0.0053056010025597745 0.007724531311348817 False True -0.051441733382713455 22.86370027927249 -11.402236734096112 -1.1125874760746526 30.728424112304143 -15.338718982739854
122 329 1712.0 1732 242.06543727300033 7.96 0.0053056010025597745 0.05779869034446319 False True -0.051441733382713455 22.86370027927249 -11.402236734096112 -1.1125874760746526 30.728424112304143 -15.338718982739854
122 330 1724.0 1744 242.9894465300003 7.55 0.05779869034446319 0.0053056010025597745 False True -0.051441733382713455 22.86370027927249 -11.402236734096112 -1.1125874760746526 30.728424112304143 -15.338718982739854
122 331 1728.0 1748 243.8732747330003 7.55 0.05779869034446319 0.0053056010025597745 False True -0.051441733382713455 22.86370027927249 -11.402236734096112 -1.1125874760746526 30.728424112304143 -15.338718982739854
122 332 1732.0 1752 244.7855109660003 7.55 0.05779869034446319 0.0053056010025597745 False True -0.051441733382713455 22.86370027927249 -11.402236734096112 -1.1125874760746526 30.728424112304143 -15.338718982739854
122 333 1736.0 1756 245.6488294060003 7.55 0.05779869034446319 0.0053056010025597745 False True -0.051441733382713455 22.86370027927249 -11.402236734096112 -1.1125874760746526 30.728424112304143 -15.338718982739854
122 334 1740.0 1760 246.5331434010003 7.55 0.05779869034446319 0.0053056010025597745 False True -0.051441733382713455 22.86370027927249 -11.402236734096112 -1.1125874760746526 30.728424112304143 -15.338718982739854
122 335 1744.0 1764 247.39185035200035 7.55 0.05779869034446319 0.054210146023976453 True False -0.051441733382713455 22.86370027927249 -11.402236734096112 -1.1125874760746526 30.728424112304143 -15.338718982739854
122 336 1744.0 1764 247.89002160500036 7.55 0.05779869034446319 0.06149936233474529 False True -0.051441733382713455 22.86370027927249 -11.402236734096112 -1.1125874760746526 30.728424112304143 -15.338718982739854
122 337 1756.0 1776 248.74613183800034 7.55 0.05779869034446319 0.0053056010025597745 False True -0.051441733382713455 22.86370027927249 -11.402236734096112 -1.1125874760746526 30.728424112304143 -15.338718982739854
122 338 1760.0 1780 249.56931495800035 7.55 0.05779869034446319 0.04737081384369101 True False -0.051441733382713455 22.86370027927249 -11.402236734096112 -1.1125874760746526 30.728424112304143 -15.338718982739854
122 339 1760.0 1780 250.0698807940003 7.55 0.05779869034446319 0.054210146023976453 False True -0.051441733382713455 22.86370027927249 -11.402236734096112 -1.1125874760746526 30.728424112304143 -15.338718982739854
122 340 1772.0 1792 250.9307903260003 7.55 0.05779869034446319 0.0053056010025597745 False True -0.051441733382713455 22.86370027927249 -11.402236734096112 -1.1125874760746526 30.728424112304143 -15.338718982739854
122 341 1776.0 1796 251.7514585700003 7.55 0.05779869034446319 0.0053056010025597745 False True -0.051441733382713455 22.86370027927249 -11.402236734096112 -1.1125874760746526 30.728424112304143 -15.338718982739854
122 342 1780.0 1800 252.59056059200032 7.96 0.0053056010025597745 0.044120684554652644 False True -0.051441733382713455 22.86370027927249 -11.402236734096112 -1.1125874760746526 30.728424112304143 -15.338718982739854
122 343 1792.0 1812 253.40354639300034 7.96 0.0053056010025597745 0.05779869034446319 False True -0.051441733382713455 22.86370027927249 -11.402236734096112 -1.1125874760746526 30.728424112304143 -15.338718982739854
122 344 1796.0 1816 254.22872437900037 7.55 0.05779869034446319 0.07741601176493348 True False -0.051441733382713455 22.86370027927249 -11.402236734096112 -1.1125874760746526 30.728424112304143 -15.338718982739854
122 345 1796.0 1817 254.74386313700035 7.55 0.05779869034446319 0.1651143571503737 True False -0.051441733382713455 22.86370027927249 -11.402236734096112 -1.1125874760746526 30.728424112304143 -15.338718982739854
122 346 1796.0 1817 255.26234924700032 7.55 0.05779869034446319 0.010651911496541091 False True -0.051441733382713455 22.86370027927249 -11.402236734096112 -1.1125874760746526 30.728424112304143 -15.338718982739854
122 347 1808.0 1829 256.05122501000034 7.7299999999999995 0.010651911496541091 0.05779869034446319 False True -0.051441733382713455 22.86370027927249 -11.402236734096112 -1.1125874760746526 30.728424112304143 -15.338718982739854
122 348 1812.0 1833 256.87092009000037 7.7299999999999995 0.010651911496541091 0.05779869034446319 False True -0.051441733382713455 22.86370027927249 -11.402236734096112 -1.1125874760746526 30.728424112304143 -15.338718982739854
122 349 1816.0 1837 257.66285970700034 7.55 0.05779869034446319 0.14819198913273054 True False -0.051441733382713455 22.86370027927249 -11.402236734096112 -1.1125874760746526 30.728424112304143 -15.338718982739854
122 350 1816.0 1837 258.1255732050003 7.55 0.05779869034446319 0.12611642811781434 True False -0.051441733382713455 22.86370027927249 -11.402236734096112 -1.1125874760746526 30.728424112304143 -15.338718982739854
122 351 1816.0 1837 258.6040113880003 7.55 0.05779869034446319 0.014045735770130463 False True -0.051441733382713455 22.86370027927249 -11.402236734096112 -1.1125874760746526 30.728424112304143 -15.338718982739854
122 352 1828.0 1849 259.4052086890003 7.96 0.0053056010025597745 0.05779869034446319 False True -0.051441733382713455 22.86370027927249 -11.402236734096112 -1.1125874760746526 30.728424112304143 -15.338718982739854
122 353 1832.0 1853 260.18681636100024 7.55 0.05779869034446319 0.14125941492503474 True False -0.051441733382713455 22.86370027927249 -11.402236734096112 -1.1125874760746526 30.728424112304143 -15.338718982739854
122 354 1832.0 1853 260.64814124200024 7.55 0.05779869034446319 0.3832066479089064 True False -0.051441733382713455 22.86370027927249 -11.402236734096112 -1.1125874760746526 30.728424112304143 -15.338718982739854
122 355 1832.0 1853 261.11977949100026 7.55 0.05779869034446319 0.3753656598940153 True False -0.051441733382713455 22.86370027927249 -11.402236734096112 -1.1125874760746526 30.728424112304143 -15.338718982739854
122 356 1832.0 1853 261.56453401100026 7.55 0.05779869034446319 0.17894451186710922 True False -0.051441733382713455 22.86370027927249 -11.402236734096112 -1.1125874760746526 30.728424112304143 -15.338718982739854
122 357 1832.0 1853 262.02251847400026 7.55 0.05779869034446319 0.2904401169544993 True False -0.051441733382713455 22.86370027927249 -11.402236734096112 -1.1125874760746526 30.728424112304143 -15.338718982739854
122 358 1832.0 1853 262.47876310600026 7.55 0.05779869034446319 0.07959956899359551 True False -0.051441733382713455 22.86370027927249 -11.402236734096112 -1.1125874760746526 30.728424112304143 -15.338718982739854
122 359 1832.0 1853 262.9355619780003 7.55 0.05779869034446319 0.12685548891603024 False True -0.051441733382713455 22.86370027927249 -11.402236734096112 -1.1125874760746526 30.728424112304143 -15.338718982739854
122 360 1844.0 1865 263.7192062450003 7.55 0.05779869034446319 0.005264664530534264 True False -0.051441733382713455 22.86370027927249 -11.402236734096112 -1.1125874760746526 30.728424112304143 -15.338718982739854
122 361 1844.0 1866 264.1972857510003 7.55 0.05779869034446319 0.08600586602012875 True False -0.051441733382713455 22.86370027927249 -11.402236734096112 -1.1125874760746526 30.728424112304143 -15.338718982739854
122 362 1844.0 1866 264.67703510100034 7.55 0.05779869034446319 0.5670518300643587 True False -0.051441733382713455 22.86370027927249 -11.402236734096112 -1.1125874760746526 30.728424112304143 -15.338718982739854
122 363 1844.0 1866 265.1592346650003 7.55 0.05779869034446319 0.6817218872889621 False True -0.051441733382713455 22.86370027927249 -11.402236734096112 -1.1125874760746526 30.728424112304143 -15.338718982739854
122 364 1856.0 1878 265.89949792000033 7.96 0.0053056010025597745 0.1299610906522514 False True -0.051441733382713455 22.86370027927249 -11.402236734096112 -1.1125874760746526 30.728424112304143 -15.338718982739854
122 365 1868.0 1890 266.6748162140003 7.96 0.0053056010025597745 0.0032731934506274635 True False -0.051441733382713455 22.86370027927249 -11.402236734096112 -1.1125874760746526 30.728424112304143 -15.338718982739854
122 366 1868.0 1890 267.1554767950003 7.96 0.0053056010025597745 0.14423537622416216 True False -0.051441733382713455 22.86370027927249 -11.402236734096112 -1.1125874760746526 30.728424112304143 -15.338718982739854
122 367 1868.0 1890 267.6316317080003 7.96 0.0053056010025597745 0.02000825664905501 True False -0.051441733382713455 22.86370027927249 -11.402236734096112 -1.1125874760746526 30.728424112304143 -15.338718982739854
122 368 1868.0 1890 268.11207510300034 7.96 0.0053056010025597745 0.12951706908779778 True False -0.051441733382713455 22.86370027927249 -11.402236734096112 -1.1125874760746526 30.728424112304143 -15.338718982739854
122 369 1868.0 1890 268.5787750020004 7.96 0.0053056010025597745 0.21094866757831773 True False -0.051441733382713455 22.86370027927249 -11.402236734096112 -1.1125874760746526 30.728424112304143 -15.338718982739854
122 370 1868.0 1890 269.0589818510004 7.96 0.0053056010025597745 0.11364016767734812 True False -0.051441733382713455 22.86370027927249 -11.402236734096112 -1.1125874760746526 30.728424112304143 -15.338718982739854
122 371 1868.0 1890 269.53416750100035 7.96 0.0053056010025597745 0.0 False True -0.051441733382713455 22.86370027927249 -11.402236734096112 -1.1125874760746526 30.728424112304143 -15.338718982739854
122 372 1880.0 1902 270.27368154400034 7.86 0.0 0.0053056010025597745 False True -0.051441733382713455 22.86370027927249 -11.402236734096112 -1.1125874760746526 30.728424112304143 -15.338718982739854
122 373 1884.0 1906 271.03296528700037 7.86 0.0 0.0053056010025597745 False True -0.051441733382713455 22.86370027927249 -11.402236734096112 -1.1125874760746526 30.728424112304143 -15.338718982739854
122 374 1888.0 1910 271.77403609300035 7.86 0.0 0.0053056010025597745 False True -0.051441733382713455 22.86370027927249 -11.402236734096112 -1.1125874760746526 30.728424112304143 -15.338718982739854
122 375 1892.0 1914 272.5324845040003 7.86 0.0 0.0053056010025597745 False True -0.051441733382713455 22.86370027927249 -11.402236734096112 -1.1125874760746526 30.728424112304143 -15.338718982739854
122 376 1896.0 1918 273.27195588800026 7.86 0.0 0.0053056010025597745 False True -0.051441733382713455 22.86370027927249 -11.402236734096112 -1.1125874760746526 30.728424112304143 -15.338718982739854
122 377 1900.0 1922 274.0198108610003 7.86 0.0 0.0053056010025597745 False True -0.051441733382713455 22.86370027927249 -11.402236734096112 -1.1125874760746526 30.728424112304143 -15.338718982739854
122 378 1904.0 1926 274.8145968580003 7.86 0.0 0.0053056010025597745 False True -0.051441733382713455 22.86370027927249 -11.402236734096112 -1.1125874760746526 30.728424112304143 -15.338718982739854
122 379 1908.0 1930 275.6198925780003 7.86 0.0 0.0053056010025597745 False True -0.051441733382713455 22.86370027927249 -11.402236734096112 -1.1125874760746526 30.728424112304143 -15.338718982739854
122 380 1912.0 1934 276.3467514810003 7.96 0.0053056010025597745 0.0003478455350009877 False True -0.051441733382713455 22.86370027927249 -11.402236734096112 -1.1125874760746526 30.728424112304143 -15.338718982739854
122 381 1924.0 1946 277.1029503570003 7.84 0.0003478455350009877 0.17422696226414539 False True -0.051441733382713455 22.86370027927249 -11.402236734096112 -1.1125874760746526 30.728424112304143 -15.338718982739854
122 382 1936.0 1958 277.8237999280003 7.55 0.05779869034446319 0.024621496482515683 False True -0.051441733382713455 22.86370027927249 -11.402236734096112 -1.1125874760746526 30.728424112304143 -15.338718982739854
122 383 1940.0 1962 278.5813109120003 7.55 0.05779869034446319 0.08907684362240327 True False -0.051441733382713455 22.86370027927249 -11.402236734096112 -1.1125874760746526 30.728424112304143 -15.338718982739854
122 384 1940.0 1962 279.0485534860003 7.55 0.05779869034446319 0.13537512109675412 False True -0.051441733382713455 22.86370027927249 -11.402236734096112 -1.1125874760746526 30.728424112304143 -15.338718982739854
122 385 1944.0 1966 279.7872755380003 7.96 0.0053056010025597745 0.2516326086317097 True False -0.051441733382713455 22.86370027927249 -11.402236734096112 -1.1125874760746526 30.728424112304143 -15.338718982739854
122 386 1944.0 1967 280.22656217200034 7.96 0.0053056010025597745 0.3832066479089064 False True -0.051441733382713455 22.86370027927249 -11.402236734096112 -1.1125874760746526 30.728424112304143 -15.338718982739854
122 387 1956.0 1979 280.98084962200033 7.96 0.0053056010025597745 0.989603623264842 True False -0.051441733382713455 22.86370027927249 -11.402236734096112 -1.1125874760746526 30.728424112304143 -15.338718982739854
122 388 1956.0 1979 281.44765094800033 7.96 0.0053056010025597745 0.989603623264842 False True -0.051441733382713455 22.86370027927249 -11.402236734096112 -1.1125874760746526 30.728424112304143 -15.338718982739854
122 389 1968.0 1991 282.18479599400035 7.96 0.0053056010025597745 0.396190990904247 True False -0.051441733382713455 22.86370027927249 -11.402236734096112 -1.1125874760746526 30.728424112304143 -15.338718982739854
122 390 1968.0 1991 282.62257202500035 7.96 0.0053056010025597745 1.1989502192602146 True False -0.051441733382713455 22.86370027927249 -11.402236734096112 -1.1125874760746526 30.728424112304143 -15.338718982739854
122 391 1968.0 1991 283.08036467400035 7.96 0.0053056010025597745 0.1451400976988068 False True -0.051441733382713455 22.86370027927249 -11.402236734096112 -1.1125874760746526 30.728424112304143 -15.338718982739854
