11 0 200.0 201 0.6570020410000126 7.49 0.08384981033706934 0.4876217742062181 True False -0.07641990749681182 32.96050347913527 -16.453248177100193 -1.078395492032641 1.375829525327209 -0.31406084736934686
11 1 200.0 201 1.0967074250000195 7.49 0.08384981033706934 0.4876217742062181 False True -0.07641990749681182 32.96050347913527 -16.453248177100193 -1.078395492032641 1.375829525327209 -0.31406084736934686
11 2 212.0 213 1.7959948960000105 7.49 0.08384981033706934 0.06313946509646089 True False -0.07641990749681182 32.96050347913527 -16.453248177100193 -1.078395492032641 1.375829525327209 -0.31406084736934686
11 3 212.0 213 2.2121055409999997 7.49 0.08384981033706934 0.06313946509646089 False True -0.07641990749681182 32.96050347913527 -16.453248177100193 -1.078395492032641 1.375829525327209 -0.31406084736934686
11 4 224.0 225 2.9145117860000056 7.54 0.06313946509646089 0.05208708303094371 True False -0.07641990749681182 32.96050347913527 -16.453248177100193 -1.078395492032641 1.375829525327209 -0.31406084736934686
11 5 224.0 225 3.3548081309999986 7.54 0.06313946509646089 0.05208708303094371 False True -0.07641990749681182 32.96050347913527 -16.453248177100193 -1.078395492032641 1.375829525327209 -0.31406084736934686
11 6 236.0 237 4.052979024999999 7.57 0.05208708303094371 0.042076986491788 True False -0.07641990749681182 32.96050347913527 -16.453248177100193 -1.078395492032641 1.375829525327209 -0.31406084736934686
11 7 236.0 237 4.454300812 7.57 0.05208708303094371 0.042076986491788 False True -0.07641990749681182 32.96050347913527 -16.453248177100193 -1.078395492032641 1.375829525327209 -0.31406084736934686
11 8 248.0 249 5.1352602789999935 7.57 0.05208708303094371 0.048634127797856336 True False -0.07641990749681182 32.96050347913527 -16.453248177100193 -1.078395492032641 1.375829525327209 -0.31406084736934686
11 9 248.0 249 5.576390107999998 7.57 0.05208708303094371 0.048634127797856336 False True -0.07641990749681182 32.96050347913527 -16.453248177100193 -1.078395492032641 1.375829525327209 -0.31406084736934686
11 10 260.0 261 6.278597407999996 7.57 0.05208708303094371 0.04529732206502218 True False -0.07641990749681182 32.96050347913527 -16.453248177100193 -1.078395492032641 1.375829525327209 -0.31406084736934686
11 11 260.0 261 6.697503234999985 7.57 0.05208708303094371 0.04529732206502218 False True -0.07641990749681182 32.96050347913527 -16.453248177100193 -1.078395492032641 1.375829525327209 -0.31406084736934686
11 12 272.0 273 7.399927989999995 7.57 0.05208708303094371 0.04529732206502218 False True -0.07641990749681182 32.96050347913527 -16.453248177100193 -1.078395492032641 1.375829525327209 -0.31406084736934686
11 13 276.0 277 8.136167737999997 7.59 0.04529732206502218 0.05565585548878335 True False -0.07641990749681182 32.96050347913527 -16.453248177100193 -1.078395492032641 1.375829525327209 -0.31406084736934686
11 14 276.0 277 8.572283395999989 7.59 0.04529732206502218 0.05565585548878335 False True -0.07641990749681182 32.96050347913527 -16.453248177100193 -1.078395492032641 1.375829525327209 -0.31406084736934686
11 15 288.0 289 9.31324699599999 7.59 0.04529732206502218 0.027732767023561086 True False -0.07641990749681182 32.96050347913527 -16.453248177100193 -1.078395492032641 1.375829525327209 -0.31406084736934686
11 16 288.0 290 9.753542613999983 7.59 0.04529732206502218 0.027732767023561086 False True -0.07641990749681182 32.96050347913527 -16.453248177100193 -1.078395492032641 1.375829525327209 -0.31406084736934686
11 17 300.0 302 10.47421118299998 7.65 0.027732767023561086 0.02054184912451211 True False -0.07641990749681182 32.96050347913527 -16.453248177100193 -1.078395492032641 1.375829525327209 -0.31406084736934686
11 18 300.0 302 10.914820927999983 7.65 0.027732767023561086 0.02054184912451211 False True -0.07641990749681182 32.96050347913527 -16.453248177100193 -1.078395492032641 1.375829525327209 -0.31406084736934686
11 19 312.0 314 11.65421177899998 7.59 0.04529732206502218 0.033117832415602025 True False -0.07641990749681182 32.96050347913527 -16.453248177100193 -1.078395492032641 1.375829525327209 -0.31406084736934686
11 20 312.0 314 12.111619396999984 7.59 0.04529732206502218 0.033117832415602025 False True -0.07641990749681182 32.96050347913527 -16.453248177100193 -1.078395492032641 1.375829525327209 -0.31406084736934686
11 21 324.0 326 12.830971070999993 7.59 0.04529732206502218 0.02521733185625563 True False -0.07641990749681182 32.96050347913527 -16.453248177100193 -1.078395492032641 1.375829525327209 -0.31406084736934686
11 22 324.0 326 13.273683195999993 7.59 0.04529732206502218 0.02521733185625563 False True -0.07641990749681182 32.96050347913527 -16.453248177100193 -1.078395492032641 1.375829525327209 -0.31406084736934686
11 23 336.0 338 14.035145025999995 7.59 0.04529732206502218 0.009373324986675374 True False -0.07641990749681182 32.96050347913527 -16.453248177100193 -1.078395492032641 1.375829525327209 -0.31406084736934686
11 24 336.0 338 14.491792859 7.59 0.04529732206502218 0.009373324986675374 False True -0.07641990749681182 32.96050347913527 -16.453248177100193 -1.078395492032641 1.375829525327209 -0.31406084736934686
11 25 348.0 350 15.201333538 7.59 0.04529732206502218 0.001797504751951481 True False -0.07641990749681182 32.96050347913527 -16.453248177100193 -1.078395492032641 1.375829525327209 -0.31406084736934686
11 26 348.0 350 15.639622525000007 7.59 0.04529732206502218 0.001797504751951481 False True -0.07641990749681182 32.96050347913527 -16.453248177100193 -1.078395492032641 1.375829525327209 -0.31406084736934686
11 27 360.0 362 16.371467230000007 7.59 0.04529732206502218 0.00035712209334154866 True False -0.07641990749681182 32.96050347913527 -16.453248177100193 -1.078395492032641 1.375829525327209 -0.31406084736934686
11 28 360.0 362 16.814945436000002 7.59 0.04529732206502218 0.00035712209334154866 False True -0.07641990749681182 32.96050347913527 -16.453248177100193 -1.078395492032641 1.375829525327209 -0.31406084736934686
11 29 372.0 374 17.534387486 7.59 0.04529732206502218 0.0033604849836482956 True False -0.07641990749681182 32.96050347913527 -16.453248177100193 -1.078395492032641 1.375829525327209 -0.31406084736934686
11 30 372.0 374 17.97234890899999 7.59 0.04529732206502218 0.0033604849836482956 False True -0.07641990749681182 32.96050347913527 -16.453248177100193 -1.078395492032641 1.375829525327209 -0.31406084736934686
11 31 384.0 386 18.710399020999986 7.59 0.04529732206502218 0.0011967851517943695 True False -0.07641990749681182 32.96050347913527 -16.453248177100193 -1.078395492032641 1.375829525327209 -0.31406084736934686
11 32 384.0 386 19.155197945999987 7.59 0.04529732206502218 0.0011967851517943695 False True -0.07641990749681182 32.96050347913527 -16.453248177100193 -1.078395492032641 1.375829525327209 -0.31406084736934686
11 33 396.0 398 19.873441939999992 7.59 0.04529732206502218 0.001797504751951481 False True -0.07641990749681182 32.96050347913527 -16.453248177100193 -1.078395492032641 1.375829525327209 -0.31406084736934686
11 34 400.0 402 20.626034869999998 7.59 0.04529732206502218 0.00036911243212040424 True False -0.07641990749681182 32.96050347913527 -16.453248177100193 -1.078395492032641 1.375829525327209 -0.31406084736934686
11 35 400.0 402 21.088090533 7.59 0.04529732206502218 0.00036911243212040424 False True -0.07641990749681182 32.96050347913527 -16.453248177100193 -1.078395492032641 1.375829525327209 -0.31406084736934686
11 36 412.0 414 21.815220210999996 7.59 0.04529732206502218 0.002548895746585374 True False -0.07641990749681182 32.96050347913527 -16.453248177100193 -1.078395492032641 1.375829525327209 -0.31406084736934686
11 37 412.0 415 22.249777109999982 7.59 0.04529732206502218 0.002548895746585374 False True -0.07641990749681182 32.96050347913527 -16.453248177100193 -1.078395492032641 1.375829525327209 -0.31406084736934686
11 38 424.0 427 22.969885941999976 7.59 0.04529732206502218 2.411363572709136e-06 True False -0.07641990749681182 32.96050347913527 -16.453248177100193 -1.078395492032641 1.375829525327209 -0.31406084736934686
11 39 424.0 427 23.43307134699998 7.59 0.04529732206502218 2.411363572709136e-06 False True -0.07641990749681182 32.96050347913527 -16.453248177100193 -1.078395492032641 1.375829525327209 -0.31406084736934686
11 40 436.0 439 24.168213238999982 7.87 2.411363572709136e-06 0.00012545729452769823 True False -0.07641990749681182 32.96050347913527 -16.453248177100193 -1.078395492032641 1.375829525327209 -0.31406084736934686
11 41 436.0 439 24.590040621999975 7.87 2.411363572709136e-06 0.00012545729452769823 False True -0.07641990749681182 32.96050347913527 -16.453248177100193 -1.078395492032641 1.375829525327209 -0.31406084736934686
11 42 448.0 451 25.307579647999972 7.87 2.411363572709136e-06 0.00012545729452769823 False True -0.07641990749681182 32.96050347913527 -16.453248177100193 -1.078395492032641 1.375829525327209 -0.31406084736934686
11 43 452.0 455 26.025257998999976 7.87 2.411363572709136e-06 0.0007333393534792382 True False -0.07641990749681182 32.96050347913527 -16.453248177100193 -1.078395492032641 1.375829525327209 -0.31406084736934686
11 44 452.0 455 26.467964087999974 7.87 2.411363572709136e-06 0.0007333393534792382 False True -0.07641990749681182 32.96050347913527 -16.453248177100193 -1.078395492032641 1.375829525327209 -0.31406084736934686
11 45 464.0 467 27.192632019999976 7.87 2.411363572709136e-06 0.0 True False -0.07641990749681182 32.96050347913527 -16.453248177100193 -1.078395492032641 1.375829525327209 -0.31406084736934686
11 46 464.0 467 27.665269523999967 7.87 2.411363572709136e-06 0.0 False True -0.07641990749681182 32.96050347913527 -16.453248177100193 -1.078395492032641 1.375829525327209 -0.31406084736934686
11 47 476.0 479 28.38814839399997 7.87 2.411363572709136e-06 0.0 False True -0.07641990749681182 32.96050347913527 -16.453248177100193 -1.078395492032641 1.375829525327209 -0.31406084736934686
11 48 480.0 483 29.133282523999966 7.87 2.411363572709136e-06 0.0012180885773512213 True False -0.07641990749681182 32.96050347913527 -16.453248177100193 -1.078395492032641 1.375829525327209 -0.31406084736934686
11 49 480.0 483 29.60683397199996 7.87 2.411363572709136e-06 0.0012180885773512213 False True -0.07641990749681182 32.96050347913527 -16.453248177100193 -1.078395492032641 1.375829525327209 -0.31406084736934686
11 50 492.0 495 30.332993989999963 7.91 0.0012180885773512213 2.411363572709136e-06 False True -0.07641990749681182 32.96050347913527 -16.453248177100193 -1.078395492032641 1.375829525327209 -0.31406084736934686
11 51 496.0 499 31.06859712299996 7.91 0.0012180885773512213 2.411363572709136e-06 False True -0.07641990749681182 32.96050347913527 -16.453248177100193 -1.078395492032641 1.375829525327209 -0.31406084736934686
11 52 500.0 503 31.792647505999966 7.91 0.0012180885773512213 2.411363572709136e-06 False True -0.07641990749681182 32.96050347913527 -16.453248177100193 -1.078395492032641 1.375829525327209 -0.31406084736934686
11 53 504.0 507 32.52744752899997 7.87 2.411363572709136e-06 0.0007333393534792382 False True -0.07641990749681182 32.96050347913527 -16.453248177100193 -1.078395492032641 1.375829525327209 -0.31406084736934686
11 54 508.0 511 33.264841804999975 7.87 2.411363572709136e-06 0.0007333393534792382 False True -0.07641990749681182 32.96050347913527 -16.453248177100193 -1.078395492032641 1.375829525327209 -0.31406084736934686
11 55 512.0 515 33.99017380999997 7.9 0.0007333393534792382 2.411363572709136e-06 False True -0.07641990749681182 32.96050347913527 -16.453248177100193 -1.078395492032641 1.375829525327209 -0.31406084736934686
11 56 516.0 519 34.72909827199997 7.87 2.411363572709136e-06 0.0007333393534792382 False True -0.07641990749681182 32.96050347913527 -16.453248177100193 -1.078395492032641 1.375829525327209 -0.31406084736934686
11 57 520.0 523 35.48844815899997 7.87 2.411363572709136e-06 0.04529732206502218 False True -0.07641990749681182 32.96050347913527 -16.453248177100193 -1.078395492032641 1.375829525327209 -0.31406084736934686
11 58 524.0 527 36.226304493999976 7.87 2.411363572709136e-06 0.0007333393534792382 False True -0.07641990749681182 32.96050347913527 -16.453248177100193 -1.078395492032641 1.375829525327209 -0.31406084736934686
11 59 528.0 531 36.95070565499998 7.87 2.411363572709136e-06 0.009424973273539408 True False -0.07641990749681182 32.96050347913527 -16.453248177100193 -1.078395492032641 1.375829525327209 -0.31406084736934686
11 60 528.0 531 37.40603757299998 7.87 2.411363572709136e-06 0.009424973273539408 False True -0.07641990749681182 32.96050347913527 -16.453248177100193 -1.078395492032641 1.375829525327209 -0.31406084736934686
11 61 540.0 543 38.148396732999984 7.87 2.411363572709136e-06 0.027732767023561086 False True -0.07641990749681182 32.96050347913527 -16.453248177100193 -1.078395492032641 1.375829525327209 -0.31406084736934686
11 62 544.0 547 38.86691892199998 7.87 2.411363572709136e-06 0.00036911243212040424 False True -0.07641990749681182 32.96050347913527 -16.453248177100193 -1.078395492032641 1.375829525327209 -0.31406084736934686
11 63 548.0 551 39.58602025399999 7.87 2.411363572709136e-06 0.0 False True -0.07641990749681182 32.96050347913527 -16.453248177100193 -1.078395492032641 1.375829525327209 -0.31406084736934686
11 64 552.0 555 40.30707131499999 7.87 2.411363572709136e-06 0.005447094028284094 True False -0.07641990749681182 32.96050347913527 -16.453248177100193 -1.078395492032641 1.375829525327209 -0.31406084736934686
11 65 552.0 555 40.762910276999975 7.87 2.411363572709136e-06 0.005447094028284094 False True -0.07641990749681182 32.96050347913527 -16.453248177100193 -1.078395492032641 1.375829525327209 -0.31406084736934686
11 66 564.0 567 41.48787480199998 7.87 2.411363572709136e-06 0.014420316077183562 True False -0.07641990749681182 32.96050347913527 -16.453248177100193 -1.078395492032641 1.375829525327209 -0.31406084736934686
11 67 564.0 567 41.97088094599998 7.87 2.411363572709136e-06 0.014420316077183562 False True -0.07641990749681182 32.96050347913527 -16.453248177100193 -1.078395492032641 1.375829525327209 -0.31406084736934686
11 68 576.0 579 42.689778718999975 7.87 2.411363572709136e-06 0.014420316077183562 False True -0.07641990749681182 32.96050347913527 -16.453248177100193 -1.078395492032641 1.375829525327209 -0.31406084736934686
11 69 580.0 583 43.44519548399997 7.71 0.014420316077183562 2.411363572709136e-06 False True -0.07641990749681182 32.96050347913527 -16.453248177100193 -1.078395492032641 1.375829525327209 -0.31406084736934686
11 70 584.0 587 44.16510034499997 7.87 2.411363572709136e-06 0.014420316077183562 False True -0.07641990749681182 32.96050347913527 -16.453248177100193 -1.078395492032641 1.375829525327209 -0.31406084736934686
11 71 588.0 591 44.86726823099997 7.87 2.411363572709136e-06 0.016341668355311225 True False -0.07641990749681182 32.96050347913527 -16.453248177100193 -1.078395492032641 1.375829525327209 -0.31406084736934686
11 72 588.0 591 45.30824587599997 7.87 2.411363572709136e-06 0.016341668355311225 False True -0.07641990749681182 32.96050347913527 -16.453248177100193 -1.078395492032641 1.375829525327209 -0.31406084736934686
11 73 600.0 603 46.06433200199997 7.87 2.411363572709136e-06 0.014420316077183562 False True -0.07641990749681182 32.96050347913527 -16.453248177100193 -1.078395492032641 1.375829525327209 -0.31406084736934686
11 74 604.0 607 46.78881239299997 7.71 0.014420316077183562 2.411363572709136e-06 False True -0.07641990749681182 32.96050347913527 -16.453248177100193 -1.078395492032641 1.375829525327209 -0.31406084736934686
11 75 608.0 611 47.523828730999966 7.71 0.014420316077183562 0.012618365310584294 True False -0.07641990749681182 32.96050347913527 -16.453248177100193 -1.078395492032641 1.375829525327209 -0.31406084736934686
11 76 608.0 612 47.96996308299997 7.71 0.014420316077183562 0.012618365310584294 False True -0.07641990749681182 32.96050347913527 -16.453248177100193 -1.078395492032641 1.375829525327209 -0.31406084736934686
11 77 620.0 624 48.688107578999976 7.87 2.411363572709136e-06 0.014420316077183562 False True -0.07641990749681182 32.96050347913527 -16.453248177100193 -1.078395492032641 1.375829525327209 -0.31406084736934686
11 78 624.0 628 49.40550604899997 7.71 0.014420316077183562 2.411363572709136e-06 False True -0.07641990749681182 32.96050347913527 -16.453248177100193 -1.078395492032641 1.375829525327209 -0.31406084736934686
11 79 628.0 632 50.12735482999996 7.71 0.014420316077183562 0.05208708303094371 False True -0.07641990749681182 32.96050347913527 -16.453248177100193 -1.078395492032641 1.375829525327209 -0.31406084736934686
11 80 632.0 636 50.82551236399995 7.71 0.014420316077183562 0.0012180885773512213 False True -0.07641990749681182 32.96050347913527 -16.453248177100193 -1.078395492032641 1.375829525327209 -0.31406084736934686
11 81 636.0 640 51.55446400099994 7.71 0.014420316077183562 0.0012180885773512213 False True -0.07641990749681182 32.96050347913527 -16.453248177100193 -1.078395492032641 1.375829525327209 -0.31406084736934686
11 82 640.0 644 52.26914348699995 7.71 0.014420316077183562 0.0012180885773512213 False True -0.07641990749681182 32.96050347913527 -16.453248177100193 -1.078395492032641 1.375829525327209 -0.31406084736934686
11 83 644.0 648 53.022735339999954 7.71 0.014420316077183562 0.022881547527399702 True False -0.07641990749681182 32.96050347913527 -16.453248177100193 -1.078395492032641 1.375829525327209 -0.31406084736934686
11 84 644.0 648 53.48806331899996 7.71 0.014420316077183562 0.022881547527399702 False True -0.07641990749681182 32.96050347913527 -16.453248177100193 -1.078395492032641 1.375829525327209 -0.31406084736934686
11 85 656.0 660 54.22604876199996 7.71 0.014420316077183562 0.03604015070190587 True False -0.07641990749681182 32.96050347913527 -16.453248177100193 -1.078395492032641 1.375829525327209 -0.31406084736934686
11 86 656.0 660 54.66647633699996 7.71 0.014420316077183562 0.03604015070190587 False True -0.07641990749681182 32.96050347913527 -16.453248177100193 -1.078395492032641 1.375829525327209 -0.31406084736934686
11 87 668.0 672 55.40530228499996 7.71 0.014420316077183562 0.01640137924569311 True False -0.07641990749681182 32.96050347913527 -16.453248177100193 -1.078395492032641 1.375829525327209 -0.31406084736934686
11 88 668.0 672 55.867632315999955 7.71 0.014420316077183562 0.01640137924569311 False True -0.07641990749681182 32.96050347913527 -16.453248177100193 -1.078395492032641 1.375829525327209 -0.31406084736934686
11 89 680.0 684 56.60477675799996 7.71 0.014420316077183562 0.05935420907100499 True False -0.07641990749681182 32.96050347913527 -16.453248177100193 -1.078395492032641 1.375829525327209 -0.31406084736934686
11 90 680.0 684 57.02708864699996 7.71 0.014420316077183562 0.05935420907100499 False True -0.07641990749681182 32.96050347913527 -16.453248177100193 -1.078395492032641 1.375829525327209 -0.31406084736934686
11 91 692.0 696 57.747501905999954 7.71 0.014420316077183562 0.027792533458812732 True False -0.07641990749681182 32.96050347913527 -16.453248177100193 -1.078395492032641 1.375829525327209 -0.31406084736934686
11 92 692.0 696 58.247592269999956 7.71 0.014420316077183562 0.027792533458812732 False True -0.07641990749681182 32.96050347913527 -16.453248177100193 -1.078395492032641 1.375829525327209 -0.31406084736934686
11 93 704.0 708 58.98378740699995 7.71 0.014420316077183562 0.045338151923283054 True False -0.07641990749681182 32.96050347913527 -16.453248177100193 -1.078395492032641 1.375829525327209 -0.31406084736934686
11 94 704.0 708 59.42099536999996 7.71 0.014420316077183562 0.045338151923283054 False True -0.07641990749681182 32.96050347913527 -16.453248177100193 -1.078395492032641 1.375829525327209 -0.31406084736934686
11 95 716.0 720 60.16204312399995 7.71 0.014420316077183562 0.01844294330733316 True False -0.07641990749681182 32.96050347913527 -16.453248177100193 -1.078395492032641 1.375829525327209 -0.31406084736934686
11 96 716.0 720 60.65974488999994 7.71 0.014420316077183562 0.01844294330733316 False True -0.07641990749681182 32.96050347913527 -16.453248177100193 -1.078395492032641 1.375829525327209 -0.31406084736934686
11 97 728.0 732 61.38401873899994 7.71 0.014420316077183562 0.08826643756116315 True False -0.07641990749681182 32.96050347913527 -16.453248177100193 -1.078395492032641 1.375829525327209 -0.31406084736934686
11 98 728.0 732 61.820976059999936 7.71 0.014420316077183562 0.08826643756116315 False True -0.07641990749681182 32.96050347913527 -16.453248177100193 -1.078395492032641 1.375829525327209 -0.31406084736934686
11 99 740.0 744 62.527617087999914 7.71 0.014420316077183562 0.11226561312204564 True False -0.07641990749681182 32.96050347913527 -16.453248177100193 -1.078395492032641 1.375829525327209 -0.31406084736934686
11 100 740.0 744 63.02286519899991 7.71 0.014420316077183562 0.11226561312204564 False True -0.07641990749681182 32.96050347913527 -16.453248177100193 -1.078395492032641 1.375829525327209 -0.31406084736934686
11 101 752.0 756 63.74828463399993 7.71 0.014420316077183562 0.13342697282732408 True False -0.07641990749681182 32.96050347913527 -16.453248177100193 -1.078395492032641 1.375829525327209 -0.31406084736934686
11 102 752.0 757 64.18831093499992 7.71 0.014420316077183562 0.10233586598159793 True False -0.07641990749681182 32.96050347913527 -16.453248177100193 -1.078395492032641 1.375829525327209 -0.31406084736934686
11 103 752.0 757 64.64004336899993 7.71 0.014420316077183562 0.10233586598159793 False True -0.07641990749681182 32.96050347913527 -16.453248177100193 -1.078395492032641 1.375829525327209 -0.31406084736934686
11 104 764.0 769 65.40484892299992 7.71 0.014420316077183562 0.07519874298263582 True False -0.07641990749681182 32.96050347913527 -16.453248177100193 -1.078395492032641 1.375829525327209 -0.31406084736934686
11 105 764.0 769 65.88482392799992 7.71 0.014420316077183562 0.07519874298263582 False True -0.07641990749681182 32.96050347913527 -16.453248177100193 -1.078395492032641 1.375829525327209 -0.31406084736934686
11 106 776.0 781 66.60361276899991 7.71 0.014420316077183562 0.13342697282732408 False True -0.07641990749681182 32.96050347913527 -16.453248177100193 -1.078395492032641 1.375829525327209 -0.31406084736934686
11 107 788.0 793 67.34448822699991 7.71 0.014420316077183562 0.12263073234137062 True False -0.07641990749681182 32.96050347913527 -16.453248177100193 -1.078395492032641 1.375829525327209 -0.31406084736934686
11 108 788.0 793 67.84106644399992 7.71 0.014420316077183562 0.12263073234137062 False True -0.07641990749681182 32.96050347913527 -16.453248177100193 -1.078395492032641 1.375829525327209 -0.31406084736934686
11 109 800.0 805 68.56715294099993 7.71 0.014420316077183562 0.15629495380066954 True False -0.07641990749681182 32.96050347913527 -16.453248177100193 -1.078395492032641 1.375829525327209 -0.31406084736934686
11 110 800.0 805 69.00850764199993 7.71 0.014420316077183562 0.014478600811487437 True False -0.07641990749681182 32.96050347913527 -16.453248177100193 -1.078395492032641 1.375829525327209 -0.31406084736934686
11 111 800.0 805 69.46319886799992 7.71 0.014420316077183562 0.014478600811487437 False True -0.07641990749681182 32.96050347913527 -16.453248177100193 -1.078395492032641 1.375829525327209 -0.31406084736934686
11 112 812.0 817 70.22717279999995 8.02 0.014478600811487437 0.014420316077183562 False True -0.07641990749681182 32.96050347913527 -16.453248177100193 -1.078395492032641 1.375829525327209 -0.31406084736934686
11 113 816.0 821 71.01911306999995 8.02 0.014478600811487437 0.04529732206502218 False True -0.07641990749681182 32.96050347913527 -16.453248177100193 -1.078395492032641 1.375829525327209 -0.31406084736934686
11 114 820.0 825 71.76014706499993 7.87 2.411363572709136e-06 0.014478600811487437 False True -0.07641990749681182 32.96050347913527 -16.453248177100193 -1.078395492032641 1.375829525327209 -0.31406084736934686
11 115 824.0 829 72.52140832699993 7.59 0.04529732206502218 0.014478600811487437 False True -0.07641990749681182 32.96050347913527 -16.453248177100193 -1.078395492032641 1.375829525327209 -0.31406084736934686
11 116 828.0 833 73.30733881299992 7.59 0.04529732206502218 0.0007333393534792382 False True -0.07641990749681182 32.96050347913527 -16.453248177100193 -1.078395492032641 1.375829525327209 -0.31406084736934686
11 117 832.0 837 74.06474723699992 7.9 0.0007333393534792382 0.04529732206502218 False True -0.07641990749681182 32.96050347913527 -16.453248177100193 -1.078395492032641 1.375829525327209 -0.31406084736934686
11 118 836.0 841 74.84537021699992 7.59 0.04529732206502218 0.00036911243212040424 False True -0.07641990749681182 32.96050347913527 -16.453248177100193 -1.078395492032641 1.375829525327209 -0.31406084736934686
11 119 840.0 845 75.58150054599992 7.59 0.04529732206502218 0.11226561312204564 False True -0.07641990749681182 32.96050347913527 -16.453248177100193 -1.078395492032641 1.375829525327209 -0.31406084736934686
11 120 844.0 849 76.34274137799991 7.59 0.04529732206502218 0.0007333393534792382 False True -0.07641990749681182 32.96050347913527 -16.453248177100193 -1.078395492032641 1.375829525327209 -0.31406084736934686
11 121 848.0 853 77.07799422499991 7.59 0.04529732206502218 0.014420316077183562 False True -0.07641990749681182 32.96050347913527 -16.453248177100193 -1.078395492032641 1.375829525327209 -0.31406084736934686
11 122 852.0 857 77.82015293799992 7.71 0.014420316077183562 0.012674813356809714 True False -0.07641990749681182 32.96050347913527 -16.453248177100193 -1.078395492032641 1.375829525327209 -0.31406084736934686
11 123 852.0 857 78.30528631499993 7.71 0.014420316077183562 0.012674813356809714 False True -0.07641990749681182 32.96050347913527 -16.453248177100193 -1.078395492032641 1.375829525327209 -0.31406084736934686
11 124 864.0 869 79.04138581999996 7.71 0.014420316077183562 0.0018232985690436502 True False -0.07641990749681182 32.96050347913527 -16.453248177100193 -1.078395492032641 1.375829525327209 -0.31406084736934686
11 125 864.0 869 79.48319026499996 7.71 0.014420316077183562 0.0018232985690436502 False True -0.07641990749681182 32.96050347913527 -16.453248177100193 -1.078395492032641 1.375829525327209 -0.31406084736934686
11 126 876.0 881 80.25518478899997 7.71 0.014420316077183562 0.03036635065331345 True False -0.07641990749681182 32.96050347913527 -16.453248177100193 -1.078395492032641 1.375829525327209 -0.31406084736934686
11 127 876.0 881 80.73874455099997 7.71 0.014420316077183562 0.03036635065331345 False True -0.07641990749681182 32.96050347913527 -16.453248177100193 -1.078395492032641 1.375829525327209 -0.31406084736934686
11 128 888.0 893 81.47339638899996 7.71 0.014420316077183562 0.027732767023561086 False True -0.07641990749681182 32.96050347913527 -16.453248177100193 -1.078395492032641 1.375829525327209 -0.31406084736934686
11 129 892.0 897 82.22219755899997 7.71 0.014420316077183562 0.001797504751951481 False True -0.07641990749681182 32.96050347913527 -16.453248177100193 -1.078395492032641 1.375829525327209 -0.31406084736934686
11 130 896.0 901 82.95512441099996 7.71 0.014420316077183562 0.0012180885773512213 False True -0.07641990749681182 32.96050347913527 -16.453248177100193 -1.078395492032641 1.375829525327209 -0.31406084736934686
11 131 900.0 905 83.67882055599995 7.87 2.411363572709136e-06 0.0012180885773512213 False True -0.07641990749681182 32.96050347913527 -16.453248177100193 -1.078395492032641 1.375829525327209 -0.31406084736934686
11 132 904.0 909 84.43838639599994 7.87 2.411363572709136e-06 0.0012180885773512213 False True -0.07641990749681182 32.96050347913527 -16.453248177100193 -1.078395492032641 1.375829525327209 -0.31406084736934686
11 133 908.0 913 85.17393593199995 7.87 2.411363572709136e-06 0.0012180885773512213 False True -0.07641990749681182 32.96050347913527 -16.453248177100193 -1.078395492032641 1.375829525327209 -0.31406084736934686
11 134 912.0 917 85.91376207499997 7.91 0.0012180885773512213 0.014420316077183562 False True -0.07641990749681182 32.96050347913527 -16.453248177100193 -1.078395492032641 1.375829525327209 -0.31406084736934686
11 135 916.0 921 86.64155322199997 7.91 0.0012180885773512213 0.04529732206502218 False True -0.07641990749681182 32.96050347913527 -16.453248177100193 -1.078395492032641 1.375829525327209 -0.31406084736934686
11 136 920.0 925 87.39739988199997 7.59 0.04529732206502218 0.05565585548878335 False True -0.07641990749681182 32.96050347913527 -16.453248177100193 -1.078395492032641 1.375829525327209 -0.31406084736934686
11 137 924.0 929 88.17640262799995 7.59 0.04529732206502218 0.005405065837283377 True False -0.07641990749681182 32.96050347913527 -16.453248177100193 -1.078395492032641 1.375829525327209 -0.31406084736934686
11 138 924.0 929 88.67507941499994 7.59 0.04529732206502218 0.005405065837283377 False True -0.07641990749681182 32.96050347913527 -16.453248177100193 -1.078395492032641 1.375829525327209 -0.31406084736934686
11 139 936.0 941 89.41493161799994 7.59 0.04529732206502218 0.020603075764539954 True False -0.07641990749681182 32.96050347913527 -16.453248177100193 -1.078395492032641 1.375829525327209 -0.31406084736934686
11 140 936.0 942 89.83922854699995 7.59 0.04529732206502218 0.020603075764539954 False True -0.07641990749681182 32.96050347913527 -16.453248177100193 -1.078395492032641 1.375829525327209 -0.31406084736934686
11 141 948.0 954 90.59608475599995 7.59 0.04529732206502218 0.01640137924569311 False True -0.07641990749681182 32.96050347913527 -16.453248177100193 -1.078395492032641 1.375829525327209 -0.31406084736934686
11 142 952.0 958 91.33277812599997 7.87 2.411363572709136e-06 0.01640137924569311 False True -0.07641990749681182 32.96050347913527 -16.453248177100193 -1.078395492032641 1.375829525327209 -0.31406084736934686
11 143 956.0 962 92.09833977999998 7.87 2.411363572709136e-06 0.01640137924569311 False True -0.07641990749681182 32.96050347913527 -16.453248177100193 -1.078395492032641 1.375829525327209 -0.31406084736934686
11 144 960.0 966 92.87503289599996 7.87 2.411363572709136e-06 0.15629495380066954 False True -0.07641990749681182 32.96050347913527 -16.453248177100193 -1.078395492032641 1.375829525327209 -0.31406084736934686
11 145 972.0 978 93.59797870299997 7.71 0.014420316077183562 0.0007333393534792382 False True -0.07641990749681182 32.96050347913527 -16.453248177100193 -1.078395492032641 1.375829525327209 -0.31406084736934686
11 146 976.0 982 94.29967912999996 7.9 0.0007333393534792382 0.014420316077183562 False True -0.07641990749681182 32.96050347913527 -16.453248177100193 -1.078395492032641 1.375829525327209 -0.31406084736934686
11 147 980.0 986 94.99853419399997 7.9 0.0007333393534792382 0.014478600811487437 False True -0.07641990749681182 32.96050347913527 -16.453248177100193 -1.078395492032641 1.375829525327209 -0.31406084736934686
11 148 984.0 990 95.73093643099998 7.71 0.014420316077183562 0.0007333393534792382 False True -0.07641990749681182 32.96050347913527 -16.453248177100193 -1.078395492032641 1.375829525327209 -0.31406084736934686
11 149 988.0 994 96.439455912 7.71 0.014420316077183562 0.0007333393534792382 False True -0.07641990749681182 32.96050347913527 -16.453248177100193 -1.078395492032641 1.375829525327209 -0.31406084736934686
11 150 992.0 998 97.15959949399999 7.71 0.014420316077183562 0.0007333393534792382 False True -0.07641990749681182 32.96050347913527 -16.453248177100193 -1.078395492032641 1.375829525327209 -0.31406084736934686
11 151 996.0 1002 97.89206422499998 7.71 0.014420316077183562 0.002518757721762251 True False -0.07641990749681182 32.96050347913527 -16.453248177100193 -1.078395492032641 1.375829525327209 -0.31406084736934686
11 152 996.0 1002 98.33681155599999 7.71 0.014420316077183562 0.002518757721762251 False True -0.07641990749681182 32.96050347913527 -16.453248177100193 -1.078395492032641 1.375829525327209 -0.31406084736934686
11 153 1008.0 1014 99.07511964999998 7.8 0.002518757721762251 0.014420316077183562 False True -0.07641990749681182 32.96050347913527 -16.453248177100193 -1.078395492032641 1.375829525327209 -0.31406084736934686
11 154 1012.0 1018 99.814567996 7.8 0.002518757721762251 0.1336675060013762 True False -0.07641990749681182 32.96050347913527 -16.453248177100193 -1.078395492032641 1.375829525327209 -0.31406084736934686
11 155 1012.0 1018 100.25973305299999 7.8 0.002518757721762251 0.1336675060013762 False True -0.07641990749681182 32.96050347913527 -16.453248177100193 -1.078395492032641 1.375829525327209 -0.31406084736934686
11 156 1024.0 1030 100.995158331 7.8 0.002518757721762251 0.15664393157158304 True False -0.07641990749681182 32.96050347913527 -16.453248177100193 -1.078395492032641 1.375829525327209 -0.31406084736934686
11 157 1024.0 1030 101.473355698 7.8 0.002518757721762251 0.15664393157158304 False True -0.07641990749681182 32.96050347913527 -16.453248177100193 -1.078395492032641 1.375829525327209 -0.31406084736934686
11 158 1036.0 1042 102.210143338 7.8 0.002518757721762251 0.12282443416406762 True False -0.07641990749681182 32.96050347913527 -16.453248177100193 -1.078395492032641 1.375829525327209 -0.31406084736934686
11 159 1036.0 1042 102.63510533599998 7.8 0.002518757721762251 0.12282443416406762 False True -0.07641990749681182 32.96050347913527 -16.453248177100193 -1.078395492032641 1.375829525327209 -0.31406084736934686
11 160 1048.0 1054 103.37785401899998 7.8 0.002518757721762251 0.13925114921324686 True False -0.07641990749681182 32.96050347913527 -16.453248177100193 -1.078395492032641 1.375829525327209 -0.31406084736934686
11 161 1048.0 1054 103.89012659899998 7.8 0.002518757721762251 0.13925114921324686 False True -0.07641990749681182 32.96050347913527 -16.453248177100193 -1.078395492032641 1.375829525327209 -0.31406084736934686
11 162 1060.0 1066 104.630742008 7.8 0.002518757721762251 0.1336675060013762 False True -0.07641990749681182 32.96050347913527 -16.453248177100193 -1.078395492032641 1.375829525327209 -0.31406084736934686
11 163 1064.0 1070 105.357435557 7.8 0.002518757721762251 0.11241715801422436 True False -0.07641990749681182 32.96050347913527 -16.453248177100193 -1.078395492032641 1.375829525327209 -0.31406084736934686
11 164 1064.0 1070 105.84909175499999 7.8 0.002518757721762251 0.11241715801422436 False True -0.07641990749681182 32.96050347913527 -16.453248177100193 -1.078395492032641 1.375829525327209 -0.31406084736934686
11 165 1076.0 1082 106.57217329900001 7.8 0.002518757721762251 0.014420316077183562 False True -0.07641990749681182 32.96050347913527 -16.453248177100193 -1.078395492032641 1.375829525327209 -0.31406084736934686
11 166 1080.0 1086 107.296006285 7.8 0.002518757721762251 0.014420316077183562 False True -0.07641990749681182 32.96050347913527 -16.453248177100193 -1.078395492032641 1.375829525327209 -0.31406084736934686
11 167 1084.0 1090 108.031178789 7.8 0.002518757721762251 0.12819175612608705 True False -0.07641990749681182 32.96050347913527 -16.453248177100193 -1.078395492032641 1.375829525327209 -0.31406084736934686
11 168 1084.0 1090 108.476262537 7.8 0.002518757721762251 0.12819175612608705 False True -0.07641990749681182 32.96050347913527 -16.453248177100193 -1.078395492032641 1.375829525327209 -0.31406084736934686
11 169 1096.0 1102 109.237349937 7.4 0.12819175612608705 0.002518757721762251 False True -0.07641990749681182 32.96050347913527 -16.453248177100193 -1.078395492032641 1.375829525327209 -0.31406084736934686
11 170 1100.0 1106 109.97670505300002 7.8 0.002518757721762251 0.12282443416406762 False True -0.07641990749681182 32.96050347913527 -16.453248177100193 -1.078395492032641 1.375829525327209 -0.31406084736934686
11 171 1104.0 1110 110.75344288800002 7.71 0.014420316077183562 0.12282443416406762 False True -0.07641990749681182 32.96050347913527 -16.453248177100193 -1.078395492032641 1.375829525327209 -0.31406084736934686
11 172 1108.0 1114 111.54909860900003 7.8 0.002518757721762251 0.12282443416406762 False True -0.07641990749681182 32.96050347913527 -16.453248177100193 -1.078395492032641 1.375829525327209 -0.31406084736934686
11 173 1112.0 1118 112.27784149200002 7.71 0.014420316077183562 0.12819175612608705 False True -0.07641990749681182 32.96050347913527 -16.453248177100193 -1.078395492032641 1.375829525327209 -0.31406084736934686
11 174 1116.0 1122 113.01586403400003 7.87 2.411363572709136e-06 0.002518757721762251 False True -0.07641990749681182 32.96050347913527 -16.453248177100193 -1.078395492032641 1.375829525327209 -0.31406084736934686
11 175 1120.0 1126 113.75218458100002 7.87 2.411363572709136e-06 0.00011823649989143619 True False -0.07641990749681182 32.96050347913527 -16.453248177100193 -1.078395492032641 1.375829525327209 -0.31406084736934686
11 176 1120.0 1126 114.19163030800001 7.87 2.411363572709136e-06 0.00011823649989143619 False True -0.07641990749681182 32.96050347913527 -16.453248177100193 -1.078395492032641 1.375829525327209 -0.31406084736934686
11 177 1132.0 1138 114.913742224 7.87 2.411363572709136e-06 0.04866942408766496 True False -0.07641990749681182 32.96050347913527 -16.453248177100193 -1.078395492032641 1.375829525327209 -0.31406084736934686
11 178 1132.0 1138 115.409945945 7.87 2.411363572709136e-06 0.04866942408766496 False True -0.07641990749681182 32.96050347913527 -16.453248177100193 -1.078395492032641 1.375829525327209 -0.31406084736934686
11 179 1144.0 1150 116.15143509699999 8.15 0.04866942408766496 2.411363572709136e-06 False True -0.07641990749681182 32.96050347913527 -16.453248177100193 -1.078395492032641 1.375829525327209 -0.31406084736934686
11 180 1148.0 1154 116.89128281 8.15 0.04866942408766496 2.411363572709136e-06 False True -0.07641990749681182 32.96050347913527 -16.453248177100193 -1.078395492032641 1.375829525327209 -0.31406084736934686
11 181 1152.0 1158 117.630952957 8.15 0.04866942408766496 0.052116098089610687 True False -0.07641990749681182 32.96050347913527 -16.453248177100193 -1.078395492032641 1.375829525327209 -0.31406084736934686
11 182 1152.0 1159 118.073008926 8.15 0.04866942408766496 0.052116098089610687 False True -0.07641990749681182 32.96050347913527 -16.453248177100193 -1.078395492032641 1.375829525327209 -0.31406084736934686
11 183 1164.0 1171 118.810647727 8.15 0.04866942408766496 0.20089646475475184 True False -0.07641990749681182 32.96050347913527 -16.453248177100193 -1.078395492032641 1.375829525327209 -0.31406084736934686
11 184 1164.0 1171 119.30782055400002 8.15 0.04866942408766496 0.20089646475475184 False True -0.07641990749681182 32.96050347913527 -16.453248177100193 -1.078395492032641 1.375829525327209 -0.31406084736934686
11 185 1176.0 1183 120.03577638400003 8.15 0.04866942408766496 0.22842626072882885 True False -0.07641990749681182 32.96050347913527 -16.453248177100193 -1.078395492032641 1.375829525327209 -0.31406084736934686
11 186 1176.0 1183 120.47237998200004 8.15 0.04866942408766496 0.22842626072882885 False True -0.07641990749681182 32.96050347913527 -16.453248177100193 -1.078395492032641 1.375829525327209 -0.31406084736934686
11 187 1188.0 1195 121.19381044700003 8.15 0.04866942408766496 0.1877367706330638 True False -0.07641990749681182 32.96050347913527 -16.453248177100193 -1.078395492032641 1.375829525327209 -0.31406084736934686
11 188 1188.0 1195 121.69257871900004 8.15 0.04866942408766496 0.1877367706330638 False True -0.07641990749681182 32.96050347913527 -16.453248177100193 -1.078395492032641 1.375829525327209 -0.31406084736934686
11 189 1200.0 1207 122.43267577900002 8.15 0.04866942408766496 2.411363572709136e-06 False True -0.07641990749681182 32.96050347913527 -16.453248177100193 -1.078395492032641 1.375829525327209 -0.31406084736934686
11 190 1204.0 1211 123.16870293900004 7.87 2.411363572709136e-06 0.04866942408766496 False True -0.07641990749681182 32.96050347913527 -16.453248177100193 -1.078395492032641 1.375829525327209 -0.31406084736934686
11 191 1208.0 1215 123.92888468900003 8.15 0.04866942408766496 0.002518757721762251 False True -0.07641990749681182 32.96050347913527 -16.453248177100193 -1.078395492032641 1.375829525327209 -0.31406084736934686
11 192 1212.0 1219 124.65558554600003 7.87 2.411363572709136e-06 0.04866942408766496 False True -0.07641990749681182 32.96050347913527 -16.453248177100193 -1.078395492032641 1.375829525327209 -0.31406084736934686
11 193 1216.0 1223 125.38876783600003 7.87 2.411363572709136e-06 0.002518757721762251 False True -0.07641990749681182 32.96050347913527 -16.453248177100193 -1.078395492032641 1.375829525327209 -0.31406084736934686
11 194 1220.0 1227 126.11460007900001 7.87 2.411363572709136e-06 0.002518757721762251 False True -0.07641990749681182 32.96050347913527 -16.453248177100193 -1.078395492032641 1.375829525327209 -0.31406084736934686
11 195 1224.0 1231 126.85355153700002 7.8 0.002518757721762251 0.04866942408766496 False True -0.07641990749681182 32.96050347913527 -16.453248177100193 -1.078395492032641 1.375829525327209 -0.31406084736934686
11 196 1228.0 1235 127.59247783800001 8.15 0.04866942408766496 0.002518757721762251 False True -0.07641990749681182 32.96050347913527 -16.453248177100193 -1.078395492032641 1.375829525327209 -0.31406084736934686
11 197 1232.0 1239 128.351485583 8.15 0.04866942408766496 0.05208708303094371 False True -0.07641990749681182 32.96050347913527 -16.453248177100193 -1.078395492032641 1.375829525327209 -0.31406084736934686
11 198 1236.0 1243 129.091927129 8.15 0.04866942408766496 0.002518757721762251 False True -0.07641990749681182 32.96050347913527 -16.453248177100193 -1.078395492032641 1.375829525327209 -0.31406084736934686
11 199 1240.0 1247 129.828796184 8.15 0.04866942408766496 0.03036635065331345 False True -0.07641990749681182 32.96050347913527 -16.453248177100193 -1.078395492032641 1.375829525327209 -0.31406084736934686
11 200 1244.0 1251 130.566163884 7.71 0.014420316077183562 0.001797504751951481 False True -0.07641990749681182 32.96050347913527 -16.453248177100193 -1.078395492032641 1.375829525327209 -0.31406084736934686
11 201 1248.0 1255 131.29291576399999 7.71 0.014420316077183562 0.04866942408766496 False True -0.07641990749681182 32.96050347913527 -16.453248177100193 -1.078395492032641 1.375829525327209 -0.31406084736934686
11 202 1252.0 1259 132.031014187 7.9 0.0007333393534792382 0.0012180885773512213 False True -0.07641990749681182 32.96050347913527 -16.453248177100193 -1.078395492032641 1.375829525327209 -0.31406084736934686
11 203 1256.0 1263 132.80537939100003 7.71 0.014420316077183562 0.001797504751951481 False True -0.07641990749681182 32.96050347913527 -16.453248177100193 -1.078395492032641 1.375829525327209 -0.31406084736934686
11 204 1260.0 1267 133.52980040000006 7.8 0.002518757721762251 0.12282443416406762 False True -0.07641990749681182 32.96050347913527 -16.453248177100193 -1.078395492032641 1.375829525327209 -0.31406084736934686
11 205 1264.0 1271 134.28821271900006 7.59 0.04529732206502218 0.002518757721762251 False True -0.07641990749681182 32.96050347913527 -16.453248177100193 -1.078395492032641 1.375829525327209 -0.31406084736934686
11 206 1268.0 1275 135.02742283600006 7.59 0.04529732206502218 0.0389734300892807 True False -0.07641990749681182 32.96050347913527 -16.453248177100193 -1.078395492032641 1.375829525327209 -0.31406084736934686
11 207 1268.0 1275 135.46837394600004 7.59 0.04529732206502218 0.0389734300892807 False True -0.07641990749681182 32.96050347913527 -16.453248177100193 -1.078395492032641 1.375829525327209 -0.31406084736934686
11 208 1280.0 1287 136.19227080800005 7.61 0.0389734300892807 0.002518757721762251 False True -0.07641990749681182 32.96050347913527 -16.453248177100193 -1.078395492032641 1.375829525327209 -0.31406084736934686
11 209 1284.0 1291 136.92639189100004 7.71 0.014420316077183562 0.0389734300892807 False True -0.07641990749681182 32.96050347913527 -16.453248177100193 -1.078395492032641 1.375829525327209 -0.31406084736934686
11 210 1288.0 1295 137.65193583300004 7.59 0.04529732206502218 0.03598695018950236 True False -0.07641990749681182 32.96050347913527 -16.453248177100193 -1.078395492032641 1.375829525327209 -0.31406084736934686
11 211 1288.0 1295 138.12988813500004 7.59 0.04529732206502218 0.03598695018950236 False True -0.07641990749681182 32.96050347913527 -16.453248177100193 -1.078395492032641 1.375829525327209 -0.31406084736934686
11 212 1300.0 1307 138.86855279600005 7.59 0.04529732206502218 0.01844294330733316 False True -0.07641990749681182 32.96050347913527 -16.453248177100193 -1.078395492032641 1.375829525327209 -0.31406084736934686
11 213 1304.0 1311 139.58405733200004 8.04 0.01844294330733316 0.04529732206502218 False True -0.07641990749681182 32.96050347913527 -16.453248177100193 -1.078395492032641 1.375829525327209 -0.31406084736934686
11 214 1308.0 1315 140.30704050200006 7.87 2.411363572709136e-06 0.0 False True -0.07641990749681182 32.96050347913527 -16.453248177100193 -1.078395492032641 1.375829525327209 -0.31406084736934686
11 215 1312.0 1319 141.04455455000007 7.87 2.411363572709136e-06 0.0389734300892807 False True -0.07641990749681182 32.96050347913527 -16.453248177100193 -1.078395492032641 1.375829525327209 -0.31406084736934686
11 216 1316.0 1323 141.78290980600008 7.9 0.0007333393534792382 0.01844294330733316 False True -0.07641990749681182 32.96050347913527 -16.453248177100193 -1.078395492032641 1.375829525327209 -0.31406084736934686
11 217 1320.0 1327 142.5205469400001 8.04 0.01844294330733316 0.002518757721762251 False True -0.07641990749681182 32.96050347913527 -16.453248177100193 -1.078395492032641 1.375829525327209 -0.31406084736934686
11 218 1324.0 1331 143.2645588540001 7.8 0.002518757721762251 0.01844294330733316 False True -0.07641990749681182 32.96050347913527 -16.453248177100193 -1.078395492032641 1.375829525327209 -0.31406084736934686
11 219 1328.0 1335 144.00740365200008 8.04 0.01844294330733316 0.002518757721762251 False True -0.07641990749681182 32.96050347913527 -16.453248177100193 -1.078395492032641 1.375829525327209 -0.31406084736934686
11 220 1332.0 1339 144.72620827300005 8.04 0.01844294330733316 0.002518757721762251 False True -0.07641990749681182 32.96050347913527 -16.453248177100193 -1.078395492032641 1.375829525327209 -0.31406084736934686
11 221 1336.0 1343 145.48574057600004 8.04 0.01844294330733316 0.042122627812457854 True False -0.07641990749681182 32.96050347913527 -16.453248177100193 -1.078395492032641 1.375829525327209 -0.31406084736934686
11 222 1336.0 1343 145.94185402300005 8.04 0.01844294330733316 0.042122627812457854 False True -0.07641990749681182 32.96050347913527 -16.453248177100193 -1.078395492032641 1.375829525327209 -0.31406084736934686
11 223 1348.0 1355 146.66504910600003 8.04 0.01844294330733316 0.03036635065331345 False True -0.07641990749681182 32.96050347913527 -16.453248177100193 -1.078395492032641 1.375829525327209 -0.31406084736934686
11 224 1352.0 1359 147.38734802000005 7.64 0.03036635065331345 0.01844294330733316 False True -0.07641990749681182 32.96050347913527 -16.453248177100193 -1.078395492032641 1.375829525327209 -0.31406084736934686
11 225 1356.0 1363 148.10704439200006 7.64 0.03036635065331345 0.01844294330733316 False True -0.07641990749681182 32.96050347913527 -16.453248177100193 -1.078395492032641 1.375829525327209 -0.31406084736934686
11 226 1360.0 1367 148.80704226500006 7.87 2.411363572709136e-06 0.2076286068776723 True False -0.07641990749681182 32.96050347913527 -16.453248177100193 -1.078395492032641 1.375829525327209 -0.31406084736934686
11 227 1360.0 1367 149.24838627800005 7.87 2.411363572709136e-06 0.2076286068776723 False True -0.07641990749681182 32.96050347913527 -16.453248177100193 -1.078395492032641 1.375829525327209 -0.31406084736934686
11 228 1372.0 1379 149.98501458300004 7.87 2.411363572709136e-06 0.13898538796049575 True False -0.07641990749681182 32.96050347913527 -16.453248177100193 -1.078395492032641 1.375829525327209 -0.31406084736934686
11 229 1372.0 1379 150.44259243700003 7.87 2.411363572709136e-06 0.13898538796049575 False True -0.07641990749681182 32.96050347913527 -16.453248177100193 -1.078395492032641 1.375829525327209 -0.31406084736934686
11 230 1384.0 1391 151.16804839600002 7.87 2.411363572709136e-06 0.13342697282732408 False True -0.07641990749681182 32.96050347913527 -16.453248177100193 -1.078395492032641 1.375829525327209 -0.31406084736934686
11 231 1388.0 1395 151.96104154800003 7.87 2.411363572709136e-06 0.09284556756827102 True False -0.07641990749681182 32.96050347913527 -16.453248177100193 -1.078395492032641 1.375829525327209 -0.31406084736934686
11 232 1388.0 1395 152.448466891 7.87 2.411363572709136e-06 0.09284556756827102 False True -0.07641990749681182 32.96050347913527 -16.453248177100193 -1.078395492032641 1.375829525327209 -0.31406084736934686
11 233 1400.0 1407 153.20436448900003 7.87 2.411363572709136e-06 0.0 False True -0.07641990749681182 32.96050347913527 -16.453248177100193 -1.078395492032641 1.375829525327209 -0.31406084736934686
11 234 1404.0 1411 153.94361555300003 7.87 2.411363572709136e-06 0.0 False True -0.07641990749681182 32.96050347913527 -16.453248177100193 -1.078395492032641 1.375829525327209 -0.31406084736934686
11 235 1408.0 1415 154.67878697400002 7.86 0.0 2.411363572709136e-06 False True -0.07641990749681182 32.96050347913527 -16.453248177100193 -1.078395492032641 1.375829525327209 -0.31406084736934686
11 236 1412.0 1419 155.38497257 7.86 0.0 2.411363572709136e-06 False True -0.07641990749681182 32.96050347913527 -16.453248177100193 -1.078395492032641 1.375829525327209 -0.31406084736934686
11 237 1416.0 1423 156.10072736 7.87 2.411363572709136e-06 0.0 False True -0.07641990749681182 32.96050347913527 -16.453248177100193 -1.078395492032641 1.375829525327209 -0.31406084736934686
11 238 1420.0 1427 156.83983521300001 7.87 2.411363572709136e-06 0.1336675060013762 False True -0.07641990749681182 32.96050347913527 -16.453248177100193 -1.078395492032641 1.375829525327209 -0.31406084736934686
11 239 1424.0 1431 157.54736247900001 7.87 2.411363572709136e-06 0.052116098089610687 False True -0.07641990749681182 32.96050347913527 -16.453248177100193 -1.078395492032641 1.375829525327209 -0.31406084736934686
11 240 1428.0 1435 158.26215967400003 7.87 2.411363572709136e-06 0.07108206738534478 True False -0.07641990749681182 32.96050347913527 -16.453248177100193 -1.078395492032641 1.375829525327209 -0.31406084736934686
11 241 1428.0 1436 158.70623351600003 7.87 2.411363572709136e-06 0.07108206738534478 False True -0.07641990749681182 32.96050347913527 -16.453248177100193 -1.078395492032641 1.375829525327209 -0.31406084736934686
11 242 1440.0 1448 159.40665147600004 7.87 2.411363572709136e-06 0.20089646475475184 False True -0.07641990749681182 32.96050347913527 -16.453248177100193 -1.078395492032641 1.375829525327209 -0.31406084736934686
11 243 1444.0 1452 160.12407977700005 7.87 2.411363572709136e-06 0.00012545729452769823 False True -0.07641990749681182 32.96050347913527 -16.453248177100193 -1.078395492032641 1.375829525327209 -0.31406084736934686
11 244 1448.0 1456 160.82308551100004 7.87 2.411363572709136e-06 0.00012545729452769823 False True -0.07641990749681182 32.96050347913527 -16.453248177100193 -1.078395492032641 1.375829525327209 -0.31406084736934686
11 245 1452.0 1460 161.51927041200005 7.87 2.411363572709136e-06 0.00012545729452769823 False True -0.07641990749681182 32.96050347913527 -16.453248177100193 -1.078395492032641 1.375829525327209 -0.31406084736934686
11 246 1456.0 1464 162.22374186200005 7.87 2.411363572709136e-06 0.00012545729452769823 False True -0.07641990749681182 32.96050347913527 -16.453248177100193 -1.078395492032641 1.375829525327209 -0.31406084736934686
11 247 1460.0 1468 162.94395416600005 7.88 0.00012545729452769823 2.411363572709136e-06 False True -0.07641990749681182 32.96050347913527 -16.453248177100193 -1.078395492032641 1.375829525327209 -0.31406084736934686
11 248 1464.0 1472 163.66055989400004 7.88 0.00012545729452769823 0.002518757721762251 False True -0.07641990749681182 32.96050347913527 -16.453248177100193 -1.078395492032641 1.375829525327209 -0.31406084736934686
11 249 1468.0 1476 164.38212216100004 7.88 0.00012545729452769823 0.04529732206502218 False True -0.07641990749681182 32.96050347913527 -16.453248177100193 -1.078395492032641 1.375829525327209 -0.31406084736934686
11 250 1472.0 1480 165.10473962400005 7.88 0.00012545729452769823 0.2276666351518563 True False -0.07641990749681182 32.96050347913527 -16.453248177100193 -1.078395492032641 1.375829525327209 -0.31406084736934686
11 251 1472.0 1480 165.57966893900007 7.88 0.00012545729452769823 0.2276666351518563 False True -0.07641990749681182 32.96050347913527 -16.453248177100193 -1.078395492032641 1.375829525327209 -0.31406084736934686
11 252 1484.0 1492 166.30603918100007 7.88 0.00012545729452769823 0.33534003483863 True False -0.07641990749681182 32.96050347913527 -16.453248177100193 -1.078395492032641 1.375829525327209 -0.31406084736934686
11 253 1484.0 1492 166.7453278600001 7.88 0.00012545729452769823 0.3040520291926138 True False -0.07641990749681182 32.96050347913527 -16.453248177100193 -1.078395492032641 1.375829525327209 -0.31406084736934686
11 254 1484.0 1492 167.20002065000008 7.88 0.00012545729452769823 0.3040520291926138 False True -0.07641990749681182 32.96050347913527 -16.453248177100193 -1.078395492032641 1.375829525327209 -0.31406084736934686
11 255 1496.0 1504 167.94339676500007 7.88 0.00012545729452769823 0.3624586982144849 True False -0.07641990749681182 32.96050347913527 -16.453248177100193 -1.078395492032641 1.375829525327209 -0.31406084736934686
11 256 1496.0 1504 168.39941403500006 7.88 0.00012545729452769823 0.3624586982144849 False True -0.07641990749681182 32.96050347913527 -16.453248177100193 -1.078395492032641 1.375829525327209 -0.31406084736934686
11 257 1508.0 1516 169.12351691300006 7.88 0.00012545729452769823 0.2726647578272909 True False -0.07641990749681182 32.96050347913527 -16.453248177100193 -1.078395492032641 1.375829525327209 -0.31406084736934686
11 258 1508.0 1516 169.58465070800005 7.88 0.00012545729452769823 0.2726647578272909 False True -0.07641990749681182 32.96050347913527 -16.453248177100193 -1.078395492032641 1.375829525327209 -0.31406084736934686
11 259 1520.0 1528 170.32561257800006 7.88 0.00012545729452769823 0.4530812196604741 True False -0.07641990749681182 32.96050347913527 -16.453248177100193 -1.078395492032641 1.375829525327209 -0.31406084736934686
11 260 1520.0 1528 170.76611618000007 7.88 0.00012545729452769823 0.4530812196604741 False True -0.07641990749681182 32.96050347913527 -16.453248177100193 -1.078395492032641 1.375829525327209 -0.31406084736934686
11 261 1532.0 1540 171.53455486400006 7.88 0.00012545729452769823 0.6211162045702362 True False -0.07641990749681182 32.96050347913527 -16.453248177100193 -1.078395492032641 1.375829525327209 -0.31406084736934686
11 262 1532.0 1540 172.00170634000006 7.88 0.00012545729452769823 0.6211162045702362 False True -0.07641990749681182 32.96050347913527 -16.453248177100193 -1.078395492032641 1.375829525327209 -0.31406084736934686
11 263 1544.0 1552 172.75396729900004 7.88 0.00012545729452769823 0.40156467538998614 True False -0.07641990749681182 32.96050347913527 -16.453248177100193 -1.078395492032641 1.375829525327209 -0.31406084736934686
11 264 1544.0 1552 173.18111158800005 7.88 0.00012545729452769823 0.40156467538998614 False True -0.07641990749681182 32.96050347913527 -16.453248177100193 -1.078395492032641 1.375829525327209 -0.31406084736934686
11 265 1556.0 1564 173.95384595500005 7.88 0.00012545729452769823 0.3341301910761071 True False -0.07641990749681182 32.96050347913527 -16.453248177100193 -1.078395492032641 1.375829525327209 -0.31406084736934686
11 266 1556.0 1564 174.41978232200006 7.88 0.00012545729452769823 0.3341301910761071 False True -0.07641990749681182 32.96050347913527 -16.453248177100193 -1.078395492032641 1.375829525327209 -0.31406084736934686
11 267 1568.0 1576 175.18161525300007 7.88 0.00012545729452769823 0.37247383937092304 True False -0.07641990749681182 32.96050347913527 -16.453248177100193 -1.078395492032641 1.375829525327209 -0.31406084736934686
11 268 1568.0 1577 175.63503146300008 7.88 0.00012545729452769823 0.37247383937092304 False True -0.07641990749681182 32.96050347913527 -16.453248177100193 -1.078395492032641 1.375829525327209 -0.31406084736934686
11 269 1580.0 1589 176.40146345500008 7.88 0.00012545729452769823 0.312269833231773 True False -0.07641990749681182 32.96050347913527 -16.453248177100193 -1.078395492032641 1.375829525327209 -0.31406084736934686
11 270 1580.0 1589 176.89475299300008 7.88 0.00012545729452769823 0.312269833231773 False True -0.07641990749681182 32.96050347913527 -16.453248177100193 -1.078395492032641 1.375829525327209 -0.31406084736934686
11 271 1592.0 1601 177.65475737800008 7.88 0.00012545729452769823 0.42151996658290464 True False -0.07641990749681182 32.96050347913527 -16.453248177100193 -1.078395492032641 1.375829525327209 -0.31406084736934686
11 272 1592.0 1601 178.09670239500008 7.88 0.00012545729452769823 0.42151996658290464 False True -0.07641990749681182 32.96050347913527 -16.453248177100193 -1.078395492032641 1.375829525327209 -0.31406084736934686
11 273 1604.0 1613 178.8590515820001 7.88 0.00012545729452769823 0.34918489514422585 True False -0.07641990749681182 32.96050347913527 -16.453248177100193 -1.078395492032641 1.375829525327209 -0.31406084736934686
11 274 1604.0 1613 179.33958214400008 7.88 0.00012545729452769823 0.34918489514422585 False True -0.07641990749681182 32.96050347913527 -16.453248177100193 -1.078395492032641 1.375829525327209 -0.31406084736934686
11 275 1616.0 1625 180.09612790400007 7.88 0.00012545729452769823 0.38846214647914984 True False -0.07641990749681182 32.96050347913527 -16.453248177100193 -1.078395492032641 1.375829525327209 -0.31406084736934686
11 276 1616.0 1625 180.53619740000005 7.88 0.00012545729452769823 0.38846214647914984 False True -0.07641990749681182 32.96050347913527 -16.453248177100193 -1.078395492032641 1.375829525327209 -0.31406084736934686
11 277 1628.0 1637 181.29619317000004 7.88 0.00012545729452769823 0.12282443416406762 False True -0.07641990749681182 32.96050347913527 -16.453248177100193 -1.078395492032641 1.375829525327209 -0.31406084736934686
11 278 1632.0 1641 182.03839760400004 7.88 0.00012545729452769823 0.5009283083299519 True False -0.07641990749681182 32.96050347913527 -16.453248177100193 -1.078395492032641 1.375829525327209 -0.31406084736934686
11 279 1632.0 1641 182.49962262700004 7.88 0.00012545729452769823 0.5009283083299519 False True -0.07641990749681182 32.96050347913527 -16.453248177100193 -1.078395492032641 1.375829525327209 -0.31406084736934686
11 280 1644.0 1653 183.31380016500003 7.88 0.00012545729452769823 0.5966827996717324 True False -0.07641990749681182 32.96050347913527 -16.453248177100193 -1.078395492032641 1.375829525327209 -0.31406084736934686
11 281 1644.0 1653 183.77821670000003 7.88 0.00012545729452769823 0.5966827996717324 False True -0.07641990749681182 32.96050347913527 -16.453248177100193 -1.078395492032641 1.375829525327209 -0.31406084736934686
11 282 1656.0 1665 184.51739407400004 7.88 0.00012545729452769823 0.6679374149426056 True False -0.07641990749681182 32.96050347913527 -16.453248177100193 -1.078395492032641 1.375829525327209 -0.31406084736934686
11 283 1656.0 1665 184.97514496400004 7.88 0.00012545729452769823 0.6679374149426056 False True -0.07641990749681182 32.96050347913527 -16.453248177100193 -1.078395492032641 1.375829525327209 -0.31406084736934686
11 284 1668.0 1677 185.75149723200002 7.88 0.00012545729452769823 0.5574859577404123 True False -0.07641990749681182 32.96050347913527 -16.453248177100193 -1.078395492032641 1.375829525327209 -0.31406084736934686
11 285 1668.0 1677 186.21335065200003 7.88 0.00012545729452769823 0.5574859577404123 False True -0.07641990749681182 32.96050347913527 -16.453248177100193 -1.078395492032641 1.375829525327209 -0.31406084736934686
11 286 1680.0 1689 186.95639982200004 7.88 0.00012545729452769823 0.19505919210511727 True False -0.07641990749681182 32.96050347913527 -16.453248177100193 -1.078395492032641 1.375829525327209 -0.31406084736934686
11 287 1680.0 1689 187.41353994500005 7.88 0.00012545729452769823 0.19505919210511727 False True -0.07641990749681182 32.96050347913527 -16.453248177100193 -1.078395492032641 1.375829525327209 -0.31406084736934686
11 288 1692.0 1701 188.13659160100005 7.88 0.00012545729452769823 0.1706351717035275 True False -0.07641990749681182 32.96050347913527 -16.453248177100193 -1.078395492032641 1.375829525327209 -0.31406084736934686
11 289 1692.0 1702 188.57868244700003 7.88 0.00012545729452769823 0.1706351717035275 False True -0.07641990749681182 32.96050347913527 -16.453248177100193 -1.078395492032641 1.375829525327209 -0.31406084736934686
11 290 1704.0 1714 189.29382536700004 7.88 0.00012545729452769823 0.21657437618960784 True False -0.07641990749681182 32.96050347913527 -16.453248177100193 -1.078395492032641 1.375829525327209 -0.31406084736934686
11 291 1704.0 1714 189.74923952200007 7.88 0.00012545729452769823 0.21657437618960784 False True -0.07641990749681182 32.96050347913527 -16.453248177100193 -1.078395492032641 1.375829525327209 -0.31406084736934686
11 292 1716.0 1726 190.47127988700007 7.88 0.00012545729452769823 0.14115692775458646 True False -0.07641990749681182 32.96050347913527 -16.453248177100193 -1.078395492032641 1.375829525327209 -0.31406084736934686
11 293 1716.0 1726 190.91796059800006 7.88 0.00012545729452769823 0.14115692775458646 False True -0.07641990749681182 32.96050347913527 -16.453248177100193 -1.078395492032641 1.375829525327209 -0.31406084736934686
11 294 1728.0 1738 191.65489237300002 7.88 0.00012545729452769823 0.13023854899684054 True False -0.07641990749681182 32.96050347913527 -16.453248177100193 -1.078395492032641 1.375829525327209 -0.31406084736934686
11 295 1728.0 1738 192.11149513900003 7.88 0.00012545729452769823 0.13023854899684054 False True -0.07641990749681182 32.96050347913527 -16.453248177100193 -1.078395492032641 1.375829525327209 -0.31406084736934686
11 296 1740.0 1750 192.83720899200003 7.88 0.00012545729452769823 0.14901078295527811 True False -0.07641990749681182 32.96050347913527 -16.453248177100193 -1.078395492032641 1.375829525327209 -0.31406084736934686
11 297 1740.0 1750 193.278030917 7.88 0.00012545729452769823 0.14901078295527811 False True -0.07641990749681182 32.96050347913527 -16.453248177100193 -1.078395492032641 1.375829525327209 -0.31406084736934686
11 298 1752.0 1762 193.99595439600003 7.88 0.00012545729452769823 0.1450266077501543 True False -0.07641990749681182 32.96050347913527 -16.453248177100193 -1.078395492032641 1.375829525327209 -0.31406084736934686
11 299 1752.0 1762 194.45403863400006 7.88 0.00012545729452769823 0.1450266077501543 False True -0.07641990749681182 32.96050347913527 -16.453248177100193 -1.078395492032641 1.375829525327209 -0.31406084736934686
11 300 1764.0 1774 195.19357417300003 7.88 0.00012545729452769823 0.13740211771342942 True False -0.07641990749681182 32.96050347913527 -16.453248177100193 -1.078395492032641 1.375829525327209 -0.31406084736934686
11 301 1764.0 1774 195.631155957 7.88 0.00012545729452769823 0.13740211771342942 False True -0.07641990749681182 32.96050347913527 -16.453248177100193 -1.078395492032641 1.375829525327209 -0.31406084736934686
11 302 1776.0 1786 196.38809117599996 7.88 0.00012545729452769823 0.1573210628001455 True False -0.07641990749681182 32.96050347913527 -16.453248177100193 -1.078395492032641 1.375829525327209 -0.31406084736934686
11 303 1776.0 1786 196.83505529299995 7.88 0.00012545729452769823 0.1573210628001455 False True -0.07641990749681182 32.96050347913527 -16.453248177100193 -1.078395492032641 1.375829525327209 -0.31406084736934686
11 304 1788.0 1798 197.57393032099995 7.88 0.00012545729452769823 0.18495728241185588 True False -0.07641990749681182 32.96050347913527 -16.453248177100193 -1.078395492032641 1.375829525327209 -0.31406084736934686
11 305 1788.0 1798 198.01400004799993 7.88 0.00012545729452769823 0.18495728241185588 False True -0.07641990749681182 32.96050347913527 -16.453248177100193 -1.078395492032641 1.375829525327209 -0.31406084736934686
11 306 1800.0 1810 198.73281175799988 7.88 0.00012545729452769823 0.10624604988837763 True False -0.07641990749681182 32.96050347913527 -16.453248177100193 -1.078395492032641 1.375829525327209 -0.31406084736934686
11 307 1800.0 1810 199.18923600399987 7.88 0.00012545729452769823 0.10624604988837763 False True -0.07641990749681182 32.96050347913527 -16.453248177100193 -1.078395492032641 1.375829525327209 -0.31406084736934686
11 308 1812.0 1822 199.92623962599984 7.88 0.00012545729452769823 0.10142487620950554 True False -0.07641990749681182 32.96050347913527 -16.453248177100193 -1.078395492032641 1.375829525327209 -0.31406084736934686
11 309 1812.0 1823 200.36569739399985 7.88 0.00012545729452769823 0.10142487620950554 False True -0.07641990749681182 32.96050347913527 -16.453248177100193 -1.078395492032641 1.375829525327209 -0.31406084736934686
11 310 1824.0 1835 201.08052042699987 7.88 0.00012545729452769823 0.1088340938703411 True False -0.07641990749681182 32.96050347913527 -16.453248177100193 -1.078395492032641 1.375829525327209 -0.31406084736934686
11 311 1824.0 1835 201.5382418789999 7.88 0.00012545729452769823 0.1088340938703411 False True -0.07641990749681182 32.96050347913527 -16.453248177100193 -1.078395492032641 1.375829525327209 -0.31406084736934686
11 312 1836.0 1847 202.27769106799988 7.88 0.00012545729452769823 0.10624604988837763 False True -0.07641990749681182 32.96050347913527 -16.453248177100193 -1.078395492032641 1.375829525327209 -0.31406084736934686
11 313 1840.0 1851 203.0026396939999 7.88 0.00012545729452769823 0.08981607563806192 True False -0.07641990749681182 32.96050347913527 -16.453248177100193 -1.078395492032641 1.375829525327209 -0.31406084736934686
11 314 1840.0 1851 203.44207803999987 7.88 0.00012545729452769823 0.08981607563806192 False True -0.07641990749681182 32.96050347913527 -16.453248177100193 -1.078395492032641 1.375829525327209 -0.31406084736934686
11 315 1852.0 1863 204.16624106099985 7.88 0.00012545729452769823 0.08343363789980703 True False -0.07641990749681182 32.96050347913527 -16.453248177100193 -1.078395492032641 1.375829525327209 -0.31406084736934686
11 316 1852.0 1863 204.62283394399984 7.88 0.00012545729452769823 0.08343363789980703 False True -0.07641990749681182 32.96050347913527 -16.453248177100193 -1.078395492032641 1.375829525327209 -0.31406084736934686
11 317 1864.0 1875 205.35706988999985 7.88 0.00012545729452769823 0.08049308926356939 True False -0.07641990749681182 32.96050347913527 -16.453248177100193 -1.078395492032641 1.375829525327209 -0.31406084736934686
11 318 1864.0 1875 205.79890060099987 7.88 0.00012545729452769823 0.08049308926356939 False True -0.07641990749681182 32.96050347913527 -16.453248177100193 -1.078395492032641 1.375829525327209 -0.31406084736934686
11 319 1876.0 1887 206.5371139669999 7.88 0.00012545729452769823 0.08562627894315614 True False -0.07641990749681182 32.96050347913527 -16.453248177100193 -1.078395492032641 1.375829525327209 -0.31406084736934686
11 320 1876.0 1887 206.98228791099987 7.88 0.00012545729452769823 0.08562627894315614 False True -0.07641990749681182 32.96050347913527 -16.453248177100193 -1.078395492032641 1.375829525327209 -0.31406084736934686
11 321 1888.0 1899 207.70503387799985 7.88 0.00012545729452769823 0.09508374473899187 True False -0.07641990749681182 32.96050347913527 -16.453248177100193 -1.078395492032641 1.375829525327209 -0.31406084736934686
11 322 1888.0 1899 208.14450841599987 7.88 0.00012545729452769823 0.09508374473899187 False True -0.07641990749681182 32.96050347913527 -16.453248177100193 -1.078395492032641 1.375829525327209 -0.31406084736934686
11 323 1900.0 1911 208.88193704199986 1.42 0.09508374473899187 0.09320834374117588 True False -0.07641990749681182 32.96050347913527 -16.453248177100193 -1.078395492032641 1.375829525327209 -0.31406084736934686
11 324 1900.0 1911 209.3255557129999 1.42 0.09508374473899187 0.09320834374117588 False True -0.07641990749681182 32.96050347913527 -16.453248177100193 -1.078395492032641 1.375829525327209 -0.31406084736934686
11 325 1912.0 1923 210.0545766779999 1.42 0.09508374473899187 0.00012545729452769823 False True -0.07641990749681182 32.96050347913527 -16.453248177100193 -1.078395492032641 1.375829525327209 -0.31406084736934686
11 326 1916.0 1927 210.8438203709999 7.88 0.00012545729452769823 0.09508374473899187 False True -0.07641990749681182 32.96050347913527 -16.453248177100193 -1.078395492032641 1.375829525327209 -0.31406084736934686
11 327 1920.0 1931 211.55700185999987 7.88 0.00012545729452769823 0.09707842728614993 True False -0.07641990749681182 32.96050347913527 -16.453248177100193 -1.078395492032641 1.375829525327209 -0.31406084736934686
11 328 1920.0 1931 211.9974398489999 7.88 0.00012545729452769823 0.09707842728614993 False True -0.07641990749681182 32.96050347913527 -16.453248177100193 -1.078395492032641 1.375829525327209 -0.31406084736934686
11 329 1932.0 1943 212.7197974119999 7.88 0.00012545729452769823 0.09707842728614993 False True -0.07641990749681182 32.96050347913527 -16.453248177100193 -1.078395492032641 1.375829525327209 -0.31406084736934686
11 330 1936.0 1947 213.42009771099995 7.88 0.00012545729452769823 0.09508374473899187 False True -0.07641990749681182 32.96050347913527 -16.453248177100193 -1.078395492032641 1.375829525327209 -0.31406084736934686
11 331 1940.0 1951 214.12077724999997 7.88 0.00012545729452769823 0.10624604988837763 False True -0.07641990749681182 32.96050347913527 -16.453248177100193 -1.078395492032641 1.375829525327209 -0.31406084736934686
11 332 1944.0 1955 214.82417270599998 7.88 0.00012545729452769823 0.0825177945791405 True False -0.07641990749681182 32.96050347913527 -16.453248177100193 -1.078395492032641 1.375829525327209 -0.31406084736934686
11 333 1944.0 1955 215.265180866 7.88 0.00012545729452769823 0.0825177945791405 False True -0.07641990749681182 32.96050347913527 -16.453248177100193 -1.078395492032641 1.375829525327209 -0.31406084736934686
11 334 1956.0 1967 215.99930807500002 7.88 0.00012545729452769823 0.09508374473899187 False True -0.07641990749681182 32.96050347913527 -16.453248177100193 -1.078395492032641 1.375829525327209 -0.31406084736934686
11 335 1960.0 1971 216.70248897200005 7.88 0.00012545729452769823 0.08040059627871929 True False -0.07641990749681182 32.96050347913527 -16.453248177100193 -1.078395492032641 1.375829525327209 -0.31406084736934686
11 336 1960.0 1972 217.14526158300006 7.88 0.00012545729452769823 0.08040059627871929 False True -0.07641990749681182 32.96050347913527 -16.453248177100193 -1.078395492032641 1.375829525327209 -0.31406084736934686
11 337 1972.0 1984 217.84733281900006 1.62 0.08040059627871929 0.08158319555613021 True False -0.07641990749681182 32.96050347913527 -16.453248177100193 -1.078395492032641 1.375829525327209 -0.31406084736934686
11 338 1972.0 1984 218.33194543800008 1.62 0.08040059627871929 0.08158319555613021 False True -0.07641990749681182 32.96050347913527 -16.453248177100193 -1.078395492032641 1.375829525327209 -0.31406084736934686
11 339 1984.0 1996 219.03078335900008 1.62 0.08040059627871929 0.07970000416980419 True False -0.07641990749681182 32.96050347913527 -16.453248177100193 -1.078395492032641 1.375829525327209 -0.31406084736934686
11 340 1984.0 1996 219.45319433500006 1.62 0.08040059627871929 0.07970000416980419 False True -0.07641990749681182 32.96050347913527 -16.453248177100193 -1.078395492032641 1.375829525327209 -0.31406084736934686
