130 0 200.0 201 0.5783924800000051 1.32 0.13769768503602858 0.3307617975621018 False True -0.04831071658038849 47.85233863039046 -23.9105627332691 -1.4189627977076185 39.229452507886016 -19.61012211160104
130 1 212.0 213 1.1936782680000064 1.32 0.13769768503602858 0.11105927330373862 True False -0.04831071658038849 47.85233863039046 -23.9105627332691 -1.4189627977076185 39.229452507886016 -19.61012211160104
130 2 212.0 213 1.574330130000007 1.32 0.13769768503602858 0.11105927330373862 False True -0.04831071658038849 47.85233863039046 -23.9105627332691 -1.4189627977076185 39.229452507886016 -19.61012211160104
130 3 224.0 225 2.217333754000002 1.4100000000000001 0.11105927330373862 0.09795783245539723 True False -0.04831071658038849 47.85233863039046 -23.9105627332691 -1.4189627977076185 39.229452507886016 -19.61012211160104
130 4 224.0 225 2.612541775000004 1.4100000000000001 0.11105927330373862 0.09795783245539723 False True -0.04831071658038849 47.85233863039046 -23.9105627332691 -1.4189627977076185 39.229452507886016 -19.61012211160104
130 5 236.0 237 3.219306856000003 1.48 0.09795783245539723 0.1046230076479197 True False -0.04831071658038849 47.85233863039046 -23.9105627332691 -1.4189627977076185 39.229452507886016 -19.61012211160104
130 6 236.0 237 3.610254981000004 1.48 0.09795783245539723 0.1046230076479197 False True -0.04831071658038849 47.85233863039046 -23.9105627332691 -1.4189627977076185 39.229452507886016 -19.61012211160104
130 7 248.0 249 4.233758879000007 1.44 0.1046230076479197 0.09123088442913592 True False -0.04831071658038849 47.85233863039046 -23.9105627332691 -1.4189627977076185 39.229452507886016 -19.61012211160104
130 8 248.0 249 4.617177444000006 1.44 0.1046230076479197 0.09123088442913592 False True -0.04831071658038849 47.85233863039046 -23.9105627332691 -1.4189627977076185 39.229452507886016 -19.61012211160104
130 9 260.0 261 5.219352535000006 1.44 0.1046230076479197 0.09271958921225316 True False -0.04831071658038849 47.85233863039046 -23.9105627332691 -1.4189627977076185 39.229452507886016 -19.61012211160104
130 10 260.0 261 5.596694484000004 1.44 0.1046230076479197 0.09271958921225316 False True -0.04831071658038849 47.85233863039046 -23.9105627332691 -1.4189627977076185 39.229452507886016 -19.61012211160104
130 11 272.0 273 6.217423957000008 1.44 0.1046230076479197 0.09333248040322631 True False -0.04831071658038849 47.85233863039046 -23.9105627332691 -1.4189627977076185 39.229452507886016 -19.61012211160104
130 12 272.0 273 6.618320588000003 1.44 0.1046230076479197 0.09333248040322631 False True -0.04831071658038849 47.85233863039046 -23.9105627332691 -1.4189627977076185 39.229452507886016 -19.61012211160104
130 13 284.0 285 7.237032843999998 1.44 0.1046230076479197 0.09117807934107534 True False -0.04831071658038849 47.85233863039046 -23.9105627332691 -1.4189627977076185 39.229452507886016 -19.61012211160104
130 14 284.0 285 7.616214151999998 1.44 0.1046230076479197 0.09117807934107534 False True -0.04831071658038849 47.85233863039046 -23.9105627332691 -1.4189627977076185 39.229452507886016 -19.61012211160104
130 15 296.0 297 8.25612374699999 1.44 0.1046230076479197 0.10424199871974925 True False -0.04831071658038849 47.85233863039046 -23.9105627332691 -1.4189627977076185 39.229452507886016 -19.61012211160104
130 16 296.0 298 8.650655448999984 1.44 0.1046230076479197 0.10424199871974925 False True -0.04831071658038849 47.85233863039046 -23.9105627332691 -1.4189627977076185 39.229452507886016 -19.61012211160104
130 17 308.0 310 9.267778643999975 1.44 0.1046230076479197 0.13693746957641542 True False -0.04831071658038849 47.85233863039046 -23.9105627332691 -1.4189627977076185 39.229452507886016 -19.61012211160104
130 18 308.0 310 9.648303443999978 1.44 0.1046230076479197 0.13693746957641542 False True -0.04831071658038849 47.85233863039046 -23.9105627332691 -1.4189627977076185 39.229452507886016 -19.61012211160104
130 19 320.0 322 10.275004236999976 1.84 0.13693746957641542 0.16489065348451876 True False -0.04831071658038849 47.85233863039046 -23.9105627332691 -1.4189627977076185 39.229452507886016 -19.61012211160104
130 20 320.0 322 10.671847595999964 1.84 0.13693746957641542 0.16489065348451876 False True -0.04831071658038849 47.85233863039046 -23.9105627332691 -1.4189627977076185 39.229452507886016 -19.61012211160104
130 21 332.0 334 11.293724033999965 1.84 0.13693746957641542 0.12388247133056485 True False -0.04831071658038849 47.85233863039046 -23.9105627332691 -1.4189627977076185 39.229452507886016 -19.61012211160104
130 22 332.0 334 11.677318531999958 1.84 0.13693746957641542 0.12388247133056485 False True -0.04831071658038849 47.85233863039046 -23.9105627332691 -1.4189627977076185 39.229452507886016 -19.61012211160104
130 23 344.0 346 12.31629326999996 1.8 0.12388247133056485 0.13014245260510807 True False -0.04831071658038849 47.85233863039046 -23.9105627332691 -1.4189627977076185 39.229452507886016 -19.61012211160104
130 24 344.0 346 12.714242471999952 1.8 0.12388247133056485 0.13014245260510807 False True -0.04831071658038849 47.85233863039046 -23.9105627332691 -1.4189627977076185 39.229452507886016 -19.61012211160104
130 25 356.0 358 13.35403427999995 1.84 0.13693746957641542 0.11550135586978709 True False -0.04831071658038849 47.85233863039046 -23.9105627332691 -1.4189627977076185 39.229452507886016 -19.61012211160104
130 26 356.0 358 13.749696401999941 1.84 0.13693746957641542 0.11550135586978709 False True -0.04831071658038849 47.85233863039046 -23.9105627332691 -1.4189627977076185 39.229452507886016 -19.61012211160104
130 27 368.0 370 14.390504732999943 1.77 0.11550135586978709 0.11058993969836282 True False -0.04831071658038849 47.85233863039046 -23.9105627332691 -1.4189627977076185 39.229452507886016 -19.61012211160104
130 28 368.0 370 14.788171998999943 1.77 0.11550135586978709 0.11058993969836282 False True -0.04831071658038849 47.85233863039046 -23.9105627332691 -1.4189627977076185 39.229452507886016 -19.61012211160104
130 29 380.0 382 15.412761614999951 1.77 0.11550135586978709 0.10275102687803728 True False -0.04831071658038849 47.85233863039046 -23.9105627332691 -1.4189627977076185 39.229452507886016 -19.61012211160104
130 30 380.0 382 15.796837400999948 1.77 0.11550135586978709 0.10275102687803728 False True -0.04831071658038849 47.85233863039046 -23.9105627332691 -1.4189627977076185 39.229452507886016 -19.61012211160104
130 31 392.0 394 16.45362419599995 1.77 0.11550135586978709 0.09768974316799 True False -0.04831071658038849 47.85233863039046 -23.9105627332691 -1.4189627977076185 39.229452507886016 -19.61012211160104
130 32 392.0 394 16.854416596999954 1.77 0.11550135586978709 0.09768974316799 False True -0.04831071658038849 47.85233863039046 -23.9105627332691 -1.4189627977076185 39.229452507886016 -19.61012211160104
130 33 404.0 406 17.491844372999964 1.77 0.11550135586978709 0.12095394508397764 True False -0.04831071658038849 47.85233863039046 -23.9105627332691 -1.4189627977076185 39.229452507886016 -19.61012211160104
130 34 404.0 406 17.887367998999963 1.77 0.11550135586978709 0.12095394508397764 False True -0.04831071658038849 47.85233863039046 -23.9105627332691 -1.4189627977076185 39.229452507886016 -19.61012211160104
130 35 416.0 418 18.55159818799997 1.77 0.11550135586978709 0.11872166948855829 True False -0.04831071658038849 47.85233863039046 -23.9105627332691 -1.4189627977076185 39.229452507886016 -19.61012211160104
130 36 416.0 419 18.953623263999972 1.77 0.11550135586978709 0.11872166948855829 False True -0.04831071658038849 47.85233863039046 -23.9105627332691 -1.4189627977076185 39.229452507886016 -19.61012211160104
130 37 428.0 431 19.591814406999973 1.77 0.11550135586978709 0.22754820256631425 True False -0.04831071658038849 47.85233863039046 -23.9105627332691 -1.4189627977076185 39.229452507886016 -19.61012211160104
130 38 428.0 431 19.987656288999972 1.77 0.11550135586978709 0.22754820256631425 False True -0.04831071658038849 47.85233863039046 -23.9105627332691 -1.4189627977076185 39.229452507886016 -19.61012211160104
130 39 440.0 443 20.634583981999967 1.77 0.11550135586978709 0.09523616339531685 True False -0.04831071658038849 47.85233863039046 -23.9105627332691 -1.4189627977076185 39.229452507886016 -19.61012211160104
130 40 440.0 443 21.031178260999965 1.77 0.11550135586978709 0.09523616339531685 False True -0.04831071658038849 47.85233863039046 -23.9105627332691 -1.4189627977076185 39.229452507886016 -19.61012211160104
130 41 452.0 455 21.652925518999965 1.77 0.11550135586978709 0.2656182581004796 True False -0.04831071658038849 47.85233863039046 -23.9105627332691 -1.4189627977076185 39.229452507886016 -19.61012211160104
130 42 452.0 455 22.04646273399996 1.77 0.11550135586978709 0.2656182581004796 False True -0.04831071658038849 47.85233863039046 -23.9105627332691 -1.4189627977076185 39.229452507886016 -19.61012211160104
130 43 464.0 467 22.688875400999947 1.77 0.11550135586978709 0.25244179986690884 True False -0.04831071658038849 47.85233863039046 -23.9105627332691 -1.4189627977076185 39.229452507886016 -19.61012211160104
130 44 464.0 467 23.087771106999938 1.77 0.11550135586978709 0.25244179986690884 False True -0.04831071658038849 47.85233863039046 -23.9105627332691 -1.4189627977076185 39.229452507886016 -19.61012211160104
130 45 476.0 479 23.72606063499994 1.77 0.11550135586978709 0.27927404313021237 True False -0.04831071658038849 47.85233863039046 -23.9105627332691 -1.4189627977076185 39.229452507886016 -19.61012211160104
130 46 476.0 479 24.10810436499993 1.77 0.11550135586978709 0.27927404313021237 False True -0.04831071658038849 47.85233863039046 -23.9105627332691 -1.4189627977076185 39.229452507886016 -19.61012211160104
130 47 488.0 491 24.747566551999938 1.77 0.11550135586978709 0.19000337096886427 True False -0.04831071658038849 47.85233863039046 -23.9105627332691 -1.4189627977076185 39.229452507886016 -19.61012211160104
130 48 488.0 491 25.133877684999945 1.77 0.11550135586978709 0.19000337096886427 False True -0.04831071658038849 47.85233863039046 -23.9105627332691 -1.4189627977076185 39.229452507886016 -19.61012211160104
130 49 500.0 503 25.76781196599994 1.77 0.11550135586978709 0.22911761479310636 True False -0.04831071658038849 47.85233863039046 -23.9105627332691 -1.4189627977076185 39.229452507886016 -19.61012211160104
130 50 500.0 503 26.15071583799994 1.77 0.11550135586978709 0.22911761479310636 False True -0.04831071658038849 47.85233863039046 -23.9105627332691 -1.4189627977076185 39.229452507886016 -19.61012211160104
130 51 512.0 515 26.793542391999935 1.77 0.11550135586978709 0.1704707186968957 True False -0.04831071658038849 47.85233863039046 -23.9105627332691 -1.4189627977076185 39.229452507886016 -19.61012211160104
130 52 512.0 515 27.191886679999925 1.77 0.11550135586978709 0.1704707186968957 False True -0.04831071658038849 47.85233863039046 -23.9105627332691 -1.4189627977076185 39.229452507886016 -19.61012211160104
130 53 524.0 527 27.828832943999927 1.77 0.11550135586978709 0.49686390719080614 True False -0.04831071658038849 47.85233863039046 -23.9105627332691 -1.4189627977076185 39.229452507886016 -19.61012211160104
130 54 524.0 527 28.214523641999932 1.77 0.11550135586978709 0.49686390719080614 False True -0.04831071658038849 47.85233863039046 -23.9105627332691 -1.4189627977076185 39.229452507886016 -19.61012211160104
130 55 536.0 539 28.868163906999925 1.77 0.11550135586978709 0.3102768032508972 True False -0.04831071658038849 47.85233863039046 -23.9105627332691 -1.4189627977076185 39.229452507886016 -19.61012211160104
130 56 536.0 540 29.270868778999926 1.77 0.11550135586978709 0.3102768032508972 False True -0.04831071658038849 47.85233863039046 -23.9105627332691 -1.4189627977076185 39.229452507886016 -19.61012211160104
130 57 548.0 552 29.90711605799993 1.77 0.11550135586978709 0.2453472737056041 True False -0.04831071658038849 47.85233863039046 -23.9105627332691 -1.4189627977076185 39.229452507886016 -19.61012211160104
130 58 548.0 552 30.29032803199992 1.77 0.11550135586978709 0.2453472737056041 False True -0.04831071658038849 47.85233863039046 -23.9105627332691 -1.4189627977076185 39.229452507886016 -19.61012211160104
130 59 560.0 564 30.930674647999922 1.77 0.11550135586978709 0.26948092195441165 True False -0.04831071658038849 47.85233863039046 -23.9105627332691 -1.4189627977076185 39.229452507886016 -19.61012211160104
130 60 560.0 564 31.32954444699992 1.77 0.11550135586978709 0.26948092195441165 False True -0.04831071658038849 47.85233863039046 -23.9105627332691 -1.4189627977076185 39.229452507886016 -19.61012211160104
130 61 572.0 576 31.96590589099992 1.77 0.11550135586978709 0.19307363745875966 True False -0.04831071658038849 47.85233863039046 -23.9105627332691 -1.4189627977076185 39.229452507886016 -19.61012211160104
130 62 572.0 576 32.35325863999992 1.77 0.11550135586978709 0.19307363745875966 False True -0.04831071658038849 47.85233863039046 -23.9105627332691 -1.4189627977076185 39.229452507886016 -19.61012211160104
130 63 584.0 588 33.005152871999925 1.77 0.11550135586978709 0.1593055416189263 True False -0.04831071658038849 47.85233863039046 -23.9105627332691 -1.4189627977076185 39.229452507886016 -19.61012211160104
130 64 584.0 588 33.42512963199992 1.77 0.11550135586978709 0.1593055416189263 False True -0.04831071658038849 47.85233863039046 -23.9105627332691 -1.4189627977076185 39.229452507886016 -19.61012211160104
130 65 596.0 600 34.050752595999924 1.77 0.11550135586978709 0.214773867910336 True False -0.04831071658038849 47.85233863039046 -23.9105627332691 -1.4189627977076185 39.229452507886016 -19.61012211160104
130 66 596.0 600 34.446607905999926 1.77 0.11550135586978709 0.214773867910336 False True -0.04831071658038849 47.85233863039046 -23.9105627332691 -1.4189627977076185 39.229452507886016 -19.61012211160104
130 67 608.0 612 35.089270557999924 1.77 0.11550135586978709 0.10630888958709983 True False -0.04831071658038849 47.85233863039046 -23.9105627332691 -1.4189627977076185 39.229452507886016 -19.61012211160104
130 68 608.0 612 35.51241950199993 1.77 0.11550135586978709 0.10630888958709983 False True -0.04831071658038849 47.85233863039046 -23.9105627332691 -1.4189627977076185 39.229452507886016 -19.61012211160104
130 69 620.0 624 36.14786715699992 7.47 0.10630888958709983 0.08131902184070555 True False -0.04831071658038849 47.85233863039046 -23.9105627332691 -1.4189627977076185 39.229452507886016 -19.61012211160104
130 70 620.0 624 36.54461788399992 7.47 0.10630888958709983 0.08131902184070555 False True -0.04831071658038849 47.85233863039046 -23.9105627332691 -1.4189627977076185 39.229452507886016 -19.61012211160104
130 71 632.0 636 37.18725879799993 7.47 0.10630888958709983 0.1172041367716397 True False -0.04831071658038849 47.85233863039046 -23.9105627332691 -1.4189627977076185 39.229452507886016 -19.61012211160104
130 72 632.0 636 37.60623426499994 7.47 0.10630888958709983 0.1172041367716397 False True -0.04831071658038849 47.85233863039046 -23.9105627332691 -1.4189627977076185 39.229452507886016 -19.61012211160104
130 73 644.0 648 38.23325526799994 7.47 0.10630888958709983 0.0959255239605618 True False -0.04831071658038849 47.85233863039046 -23.9105627332691 -1.4189627977076185 39.229452507886016 -19.61012211160104
130 74 644.0 648 38.62876814499994 7.47 0.10630888958709983 0.0959255239605618 False True -0.04831071658038849 47.85233863039046 -23.9105627332691 -1.4189627977076185 39.229452507886016 -19.61012211160104
130 75 656.0 660 39.27305939899993 7.49 0.0959255239605618 0.04813674544618317 True False -0.04831071658038849 47.85233863039046 -23.9105627332691 -1.4189627977076185 39.229452507886016 -19.61012211160104
130 76 656.0 661 39.78683804699993 7.49 0.0959255239605618 0.04813674544618317 False True -0.04831071658038849 47.85233863039046 -23.9105627332691 -1.4189627977076185 39.229452507886016 -19.61012211160104
130 77 668.0 673 50.68016464299994 7.49 0.0959255239605618 0.10105296462364811 True False -0.04831071658038849 47.85233863039046 -23.9105627332691 -1.4189627977076185 39.229452507886016 -19.61012211160104
130 78 668.0 673 52.53934835999995 7.49 0.0959255239605618 0.10105296462364811 False True -0.04831071658038849 47.85233863039046 -23.9105627332691 -1.4189627977076185 39.229452507886016 -19.61012211160104
130 79 680.0 685 54.65015585399995 7.47 0.10630888958709983 0.06788602487512978 True False -0.04831071658038849 47.85233863039046 -23.9105627332691 -1.4189627977076185 39.229452507886016 -19.61012211160104
130 80 680.0 685 55.79796535799994 7.47 0.10630888958709983 0.06788602487512978 False True -0.04831071658038849 47.85233863039046 -23.9105627332691 -1.4189627977076185 39.229452507886016 -19.61012211160104
130 81 692.0 697 57.337849832999936 7.55 0.06788602487512978 0.05958845596949023 True False -0.04831071658038849 47.85233863039046 -23.9105627332691 -1.4189627977076185 39.229452507886016 -19.61012211160104
130 82 692.0 697 58.23546778099994 7.55 0.06788602487512978 0.05958845596949023 False True -0.04831071658038849 47.85233863039046 -23.9105627332691 -1.4189627977076185 39.229452507886016 -19.61012211160104
130 83 704.0 709 59.63361754899995 7.55 0.06788602487512978 0.12860702655524509 True False -0.04831071658038849 47.85233863039046 -23.9105627332691 -1.4189627977076185 39.229452507886016 -19.61012211160104
130 84 704.0 709 60.497793042999945 7.55 0.06788602487512978 0.12860702655524509 False True -0.04831071658038849 47.85233863039046 -23.9105627332691 -1.4189627977076185 39.229452507886016 -19.61012211160104
130 85 716.0 721 61.74972001399995 7.55 0.06788602487512978 0.09092706545921002 True False -0.04831071658038849 47.85233863039046 -23.9105627332691 -1.4189627977076185 39.229452507886016 -19.61012211160104
130 86 716.0 721 62.49260029599995 7.55 0.06788602487512978 0.09092706545921002 False True -0.04831071658038849 47.85233863039046 -23.9105627332691 -1.4189627977076185 39.229452507886016 -19.61012211160104
130 87 728.0 733 63.67193783299996 7.5 0.09092706545921002 0.07223255780329417 True False -0.04831071658038849 47.85233863039046 -23.9105627332691 -1.4189627977076185 39.229452507886016 -19.61012211160104
130 88 728.0 733 64.42670070699997 7.5 0.09092706545921002 0.07223255780329417 False True -0.04831071658038849 47.85233863039046 -23.9105627332691 -1.4189627977076185 39.229452507886016 -19.61012211160104
130 89 740.0 745 65.52374883999997 7.54 0.07223255780329417 0.08605807408136601 True False -0.04831071658038849 47.85233863039046 -23.9105627332691 -1.4189627977076185 39.229452507886016 -19.61012211160104
130 90 740.0 745 66.18368692399997 7.54 0.07223255780329417 0.08605807408136601 False True -0.04831071658038849 47.85233863039046 -23.9105627332691 -1.4189627977076185 39.229452507886016 -19.61012211160104
130 91 752.0 757 67.24483126999996 7.51 0.08605807408136601 0.02350020390584586 True False -0.04831071658038849 47.85233863039046 -23.9105627332691 -1.4189627977076185 39.229452507886016 -19.61012211160104
130 92 752.0 757 67.92825209999997 7.51 0.08605807408136601 0.02350020390584586 False True -0.04831071658038849 47.85233863039046 -23.9105627332691 -1.4189627977076185 39.229452507886016 -19.61012211160104
130 93 764.0 769 68.94351731399996 7.51 0.08605807408136601 0.01072323368395215 True False -0.04831071658038849 47.85233863039046 -23.9105627332691 -1.4189627977076185 39.229452507886016 -19.61012211160104
130 94 764.0 769 69.56062929799997 7.51 0.08605807408136601 0.01072323368395215 False True -0.04831071658038849 47.85233863039046 -23.9105627332691 -1.4189627977076185 39.229452507886016 -19.61012211160104
130 95 776.0 781 70.54627712899998 7.51 0.08605807408136601 0.03172672898027055 True False -0.04831071658038849 47.85233863039046 -23.9105627332691 -1.4189627977076185 39.229452507886016 -19.61012211160104
130 96 776.0 782 71.18438055899998 7.51 0.08605807408136601 0.03172672898027055 False True -0.04831071658038849 47.85233863039046 -23.9105627332691 -1.4189627977076185 39.229452507886016 -19.61012211160104
130 97 788.0 794 72.12188941299996 7.65 0.03172672898027055 0.0378873299072955 True False -0.04831071658038849 47.85233863039046 -23.9105627332691 -1.4189627977076185 39.229452507886016 -19.61012211160104
130 98 788.0 794 72.68699428599996 7.65 0.03172672898027055 0.0378873299072955 False True -0.04831071658038849 47.85233863039046 -23.9105627332691 -1.4189627977076185 39.229452507886016 -19.61012211160104
130 99 800.0 806 73.60716082799996 7.65 0.03172672898027055 0.028849030921770297 True False -0.04831071658038849 47.85233863039046 -23.9105627332691 -1.4189627977076185 39.229452507886016 -19.61012211160104
130 100 800.0 806 74.20615566399997 7.65 0.03172672898027055 0.028849030921770297 False True -0.04831071658038849 47.85233863039046 -23.9105627332691 -1.4189627977076185 39.229452507886016 -19.61012211160104
130 101 812.0 818 75.10349454799996 2.09 0.2656182581004796 0.03473959076925266 True False -0.04831071658038849 47.85233863039046 -23.9105627332691 -1.4189627977076185 39.229452507886016 -19.61012211160104
130 102 812.0 818 75.64404446899997 2.09 0.2656182581004796 0.03473959076925266 False True -0.04831071658038849 47.85233863039046 -23.9105627332691 -1.4189627977076185 39.229452507886016 -19.61012211160104
130 103 824.0 830 76.52472454199997 2.09 0.2656182581004796 0.03473959076925266 False True -0.04831071658038849 47.85233863039046 -23.9105627332691 -1.4189627977076185 39.229452507886016 -19.61012211160104
130 104 828.0 834 77.40627280599998 7.26 0.2453472737056041 0.09092706545921002 False True -0.04831071658038849 47.85233863039046 -23.9105627332691 -1.4189627977076185 39.229452507886016 -19.61012211160104
130 105 832.0 838 78.27944788399998 1.77 0.11550135586978709 0.018695129936149003 True False -0.04831071658038849 47.85233863039046 -23.9105627332691 -1.4189627977076185 39.229452507886016 -19.61012211160104
130 106 832.0 838 78.82839665199995 1.77 0.11550135586978709 0.018695129936149003 False True -0.04831071658038849 47.85233863039046 -23.9105627332691 -1.4189627977076185 39.229452507886016 -19.61012211160104
130 107 844.0 850 79.66382973599997 1.77 0.11550135586978709 0.04116964652386961 True False -0.04831071658038849 47.85233863039046 -23.9105627332691 -1.4189627977076185 39.229452507886016 -19.61012211160104
130 108 844.0 850 80.17970686699996 1.77 0.11550135586978709 0.04116964652386961 False True -0.04831071658038849 47.85233863039046 -23.9105627332691 -1.4189627977076185 39.229452507886016 -19.61012211160104
130 109 856.0 862 81.00783029299996 1.77 0.11550135586978709 0.0004085533859166752 True False -0.04831071658038849 47.85233863039046 -23.9105627332691 -1.4189627977076185 39.229452507886016 -19.61012211160104
130 110 856.0 862 81.55897065599993 1.77 0.11550135586978709 0.0004085533859166752 False True -0.04831071658038849 47.85233863039046 -23.9105627332691 -1.4189627977076185 39.229452507886016 -19.61012211160104
130 111 868.0 874 82.36209374799992 7.84 0.0004085533859166752 0.0028814991139334708 True False -0.04831071658038849 47.85233863039046 -23.9105627332691 -1.4189627977076185 39.229452507886016 -19.61012211160104
130 112 868.0 874 82.84520456599992 7.84 0.0004085533859166752 0.0028814991139334708 False True -0.04831071658038849 47.85233863039046 -23.9105627332691 -1.4189627977076185 39.229452507886016 -19.61012211160104
130 113 880.0 886 83.64076594399992 7.8 0.0028814991139334708 0.00014352515126588893 True False -0.04831071658038849 47.85233863039046 -23.9105627332691 -1.4189627977076185 39.229452507886016 -19.61012211160104
130 114 880.0 886 84.12455543999991 7.8 0.0028814991139334708 0.00014352515126588893 False True -0.04831071658038849 47.85233863039046 -23.9105627332691 -1.4189627977076185 39.229452507886016 -19.61012211160104
130 115 892.0 898 84.90252591299989 7.8 0.0028814991139334708 0.0013691413527663308 True False -0.04831071658038849 47.85233863039046 -23.9105627332691 -1.4189627977076185 39.229452507886016 -19.61012211160104
130 116 892.0 898 85.38199024899987 7.8 0.0028814991139334708 0.0013691413527663308 False True -0.04831071658038849 47.85233863039046 -23.9105627332691 -1.4189627977076185 39.229452507886016 -19.61012211160104
130 117 904.0 910 86.16192840699986 7.82 0.0013691413527663308 0.002056374182116868 True False -0.04831071658038849 47.85233863039046 -23.9105627332691 -1.4189627977076185 39.229452507886016 -19.61012211160104
130 118 904.0 911 86.64271314999988 7.82 0.0013691413527663308 0.002056374182116868 False True -0.04831071658038849 47.85233863039046 -23.9105627332691 -1.4189627977076185 39.229452507886016 -19.61012211160104
130 119 916.0 923 87.40337369599987 7.82 0.0013691413527663308 0.003844448562521692 True False -0.04831071658038849 47.85233863039046 -23.9105627332691 -1.4189627977076185 39.229452507886016 -19.61012211160104
130 120 916.0 923 87.86602836199987 7.82 0.0013691413527663308 0.003844448562521692 False True -0.04831071658038849 47.85233863039046 -23.9105627332691 -1.4189627977076185 39.229452507886016 -19.61012211160104
130 121 928.0 935 88.63749473999988 7.82 0.0013691413527663308 0.0008198544209856631 True False -0.04831071658038849 47.85233863039046 -23.9105627332691 -1.4189627977076185 39.229452507886016 -19.61012211160104
130 122 928.0 935 89.10244011399988 7.82 0.0013691413527663308 0.0008198544209856631 False True -0.04831071658038849 47.85233863039046 -23.9105627332691 -1.4189627977076185 39.229452507886016 -19.61012211160104
130 123 940.0 947 89.84549922499988 7.82 0.0013691413527663308 0.01656375087164318 True False -0.04831071658038849 47.85233863039046 -23.9105627332691 -1.4189627977076185 39.229452507886016 -19.61012211160104
130 124 940.0 947 90.30565855399988 7.82 0.0013691413527663308 0.01656375087164318 False True -0.04831071658038849 47.85233863039046 -23.9105627332691 -1.4189627977076185 39.229452507886016 -19.61012211160104
130 125 952.0 959 91.05781205799985 7.82 0.0013691413527663308 0.037951394466262375 True False -0.04831071658038849 47.85233863039046 -23.9105627332691 -1.4189627977076185 39.229452507886016 -19.61012211160104
130 126 952.0 959 91.54323916399986 7.82 0.0013691413527663308 0.037951394466262375 False True -0.04831071658038849 47.85233863039046 -23.9105627332691 -1.4189627977076185 39.229452507886016 -19.61012211160104
130 127 964.0 971 92.27907572299986 7.82 0.0013691413527663308 0.0596216496606171 True False -0.04831071658038849 47.85233863039046 -23.9105627332691 -1.4189627977076185 39.229452507886016 -19.61012211160104
130 128 964.0 971 92.72448208599985 7.82 0.0013691413527663308 0.0596216496606171 False True -0.04831071658038849 47.85233863039046 -23.9105627332691 -1.4189627977076185 39.229452507886016 -19.61012211160104
130 129 976.0 983 93.46148581999987 7.82 0.0013691413527663308 0.028918570865768704 True False -0.04831071658038849 47.85233863039046 -23.9105627332691 -1.4189627977076185 39.229452507886016 -19.61012211160104
130 130 976.0 983 93.90504920299989 7.82 0.0013691413527663308 0.028918570865768704 False True -0.04831071658038849 47.85233863039046 -23.9105627332691 -1.4189627977076185 39.229452507886016 -19.61012211160104
130 131 988.0 995 94.62321892899988 7.82 0.0013691413527663308 0.007611439805536199 True False -0.04831071658038849 47.85233863039046 -23.9105627332691 -1.4189627977076185 39.229452507886016 -19.61012211160104
130 132 988.0 995 95.06031357399988 7.82 0.0013691413527663308 0.007611439805536199 False True -0.04831071658038849 47.85233863039046 -23.9105627332691 -1.4189627977076185 39.229452507886016 -19.61012211160104
130 133 1000.0 1007 95.77727812099988 7.82 0.0013691413527663308 0.010782320150089422 True False -0.04831071658038849 47.85233863039046 -23.9105627332691 -1.4189627977076185 39.229452507886016 -19.61012211160104
130 134 1000.0 1007 96.24205240299986 7.82 0.0013691413527663308 0.010782320150089422 False True -0.04831071658038849 47.85233863039046 -23.9105627332691 -1.4189627977076185 39.229452507886016 -19.61012211160104
130 135 1012.0 1019 96.96556385099984 7.82 0.0013691413527663308 0.04464314929895862 True False -0.04831071658038849 47.85233863039046 -23.9105627332691 -1.4189627977076185 39.229452507886016 -19.61012211160104
130 136 1012.0 1019 97.44410662499985 7.82 0.0013691413527663308 0.04464314929895862 False True -0.04831071658038849 47.85233863039046 -23.9105627332691 -1.4189627977076185 39.229452507886016 -19.61012211160104
130 137 1024.0 1031 98.15871730899985 7.82 0.0013691413527663308 0.003883699184271312 True False -0.04831071658038849 47.85233863039046 -23.9105627332691 -1.4189627977076185 39.229452507886016 -19.61012211160104
130 138 1024.0 1032 98.57854446299984 7.82 0.0013691413527663308 0.003883699184271312 False True -0.04831071658038849 47.85233863039046 -23.9105627332691 -1.4189627977076185 39.229452507886016 -19.61012211160104
130 139 1036.0 1044 99.26415027799985 7.82 0.0013691413527663308 0.0028814991139334708 False True -0.04831071658038849 47.85233863039046 -23.9105627332691 -1.4189627977076185 39.229452507886016 -19.61012211160104
130 140 1040.0 1048 99.97698378299984 7.82 0.0013691413527663308 0.002056374182116868 False True -0.04831071658038849 47.85233863039046 -23.9105627332691 -1.4189627977076185 39.229452507886016 -19.61012211160104
130 141 1044.0 1052 100.67751393199984 7.82 0.0013691413527663308 0.002056374182116868 False True -0.04831071658038849 47.85233863039046 -23.9105627332691 -1.4189627977076185 39.229452507886016 -19.61012211160104
130 142 1048.0 1056 101.35661285299983 7.82 0.0013691413527663308 0.03480614929485778 True False -0.04831071658038849 47.85233863039046 -23.9105627332691 -1.4189627977076185 39.229452507886016 -19.61012211160104
130 143 1048.0 1056 101.81850435099983 7.82 0.0013691413527663308 0.03480614929485778 False True -0.04831071658038849 47.85233863039046 -23.9105627332691 -1.4189627977076185 39.229452507886016 -19.61012211160104
130 144 1060.0 1068 102.51987870599984 7.82 0.0013691413527663308 0.10621681409414892 True False -0.04831071658038849 47.85233863039046 -23.9105627332691 -1.4189627977076185 39.229452507886016 -19.61012211160104
130 145 1060.0 1068 102.94309814499982 7.82 0.0013691413527663308 0.10621681409414892 False True -0.04831071658038849 47.85233863039046 -23.9105627332691 -1.4189627977076185 39.229452507886016 -19.61012211160104
130 146 1072.0 1080 103.62272366899981 7.82 0.0013691413527663308 0.15900150649569725 True False -0.04831071658038849 47.85233863039046 -23.9105627332691 -1.4189627977076185 39.229452507886016 -19.61012211160104
130 147 1072.0 1080 104.02532708499979 7.82 0.0013691413527663308 0.15900150649569725 False True -0.04831071658038849 47.85233863039046 -23.9105627332691 -1.4189627977076185 39.229452507886016 -19.61012211160104
130 148 1084.0 1092 104.68454322999978 7.82 0.0013691413527663308 0.08130243916355243 True False -0.04831071658038849 47.85233863039046 -23.9105627332691 -1.4189627977076185 39.229452507886016 -19.61012211160104
130 149 1084.0 1092 105.08028856999977 7.82 0.0013691413527663308 0.08130243916355243 False True -0.04831071658038849 47.85233863039046 -23.9105627332691 -1.4189627977076185 39.229452507886016 -19.61012211160104
130 150 1096.0 1104 105.72018400499977 7.82 0.0013691413527663308 0.0908835716489731 True False -0.04831071658038849 47.85233863039046 -23.9105627332691 -1.4189627977076185 39.229452507886016 -19.61012211160104
130 151 1096.0 1104 106.12087398199975 7.82 0.0013691413527663308 0.0908835716489731 False True -0.04831071658038849 47.85233863039046 -23.9105627332691 -1.4189627977076185 39.229452507886016 -19.61012211160104
130 152 1108.0 1116 106.78382903599976 7.82 0.0013691413527663308 0.08602856455831408 True False -0.04831071658038849 47.85233863039046 -23.9105627332691 -1.4189627977076185 39.229452507886016 -19.61012211160104
130 153 1108.0 1116 107.18451669599978 7.82 0.0013691413527663308 0.08602856455831408 False True -0.04831071658038849 47.85233863039046 -23.9105627332691 -1.4189627977076185 39.229452507886016 -19.61012211160104
130 154 1120.0 1128 107.82306436899975 7.82 0.0013691413527663308 0.12843365677507085 True False -0.04831071658038849 47.85233863039046 -23.9105627332691 -1.4189627977076185 39.229452507886016 -19.61012211160104
130 155 1120.0 1128 108.22122232499973 7.82 0.0013691413527663308 0.12843365677507085 False True -0.04831071658038849 47.85233863039046 -23.9105627332691 -1.4189627977076185 39.229452507886016 -19.61012211160104
130 156 1132.0 1140 108.86134567599973 7.82 0.0013691413527663308 0.22915373321423949 True False -0.04831071658038849 47.85233863039046 -23.9105627332691 -1.4189627977076185 39.229452507886016 -19.61012211160104
130 157 1132.0 1140 109.25769949099973 7.82 0.0013691413527663308 0.22915373321423949 False True -0.04831071658038849 47.85233863039046 -23.9105627332691 -1.4189627977076185 39.229452507886016 -19.61012211160104
130 158 1144.0 1152 109.88209080699971 7.82 0.0013691413527663308 0.07223877090755476 True False -0.04831071658038849 47.85233863039046 -23.9105627332691 -1.4189627977076185 39.229452507886016 -19.61012211160104
130 159 1144.0 1152 110.28174358899972 7.82 0.0013691413527663308 0.07223877090755476 False True -0.04831071658038849 47.85233863039046 -23.9105627332691 -1.4189627977076185 39.229452507886016 -19.61012211160104
130 160 1156.0 1164 110.95939944499972 7.82 0.0013691413527663308 0.002056374182116868 False True -0.04831071658038849 47.85233863039046 -23.9105627332691 -1.4189627977076185 39.229452507886016 -19.61012211160104
130 161 1160.0 1168 111.61543742399974 7.82 0.0013691413527663308 0.002056374182116868 False True -0.04831071658038849 47.85233863039046 -23.9105627332691 -1.4189627977076185 39.229452507886016 -19.61012211160104
130 162 1164.0 1172 112.24292863699975 7.82 0.0013691413527663308 0.004945141158359369 True False -0.04831071658038849 47.85233863039046 -23.9105627332691 -1.4189627977076185 39.229452507886016 -19.61012211160104
130 163 1164.0 1173 112.63633588899975 7.82 0.0013691413527663308 0.004945141158359369 False True -0.04831071658038849 47.85233863039046 -23.9105627332691 -1.4189627977076185 39.229452507886016 -19.61012211160104
130 164 1176.0 1185 113.27676809599976 7.82 0.0013691413527663308 0.09586695994993519 True False -0.04831071658038849 47.85233863039046 -23.9105627332691 -1.4189627977076185 39.229452507886016 -19.61012211160104
130 165 1176.0 1185 113.67740121699975 7.82 0.0013691413527663308 0.09586695994993519 False True -0.04831071658038849 47.85233863039046 -23.9105627332691 -1.4189627977076185 39.229452507886016 -19.61012211160104
130 166 1188.0 1197 114.32341966299975 8.24 0.09586695994993519 0.0013691413527663308 False True -0.04831071658038849 47.85233863039046 -23.9105627332691 -1.4189627977076185 39.229452507886016 -19.61012211160104
130 167 1192.0 1201 114.95883215399974 8.24 0.09586695994993519 0.0013691413527663308 False True -0.04831071658038849 47.85233863039046 -23.9105627332691 -1.4189627977076185 39.229452507886016 -19.61012211160104
130 168 1196.0 1205 115.58364978199975 8.24 0.09586695994993519 0.0013691413527663308 False True -0.04831071658038849 47.85233863039046 -23.9105627332691 -1.4189627977076185 39.229452507886016 -19.61012211160104
130 169 1200.0 1209 116.22078522099977 8.24 0.09586695994993519 0.0013691413527663308 False True -0.04831071658038849 47.85233863039046 -23.9105627332691 -1.4189627977076185 39.229452507886016 -19.61012211160104
130 170 1204.0 1213 116.85588502799979 8.24 0.09586695994993519 0.0013691413527663308 False True -0.04831071658038849 47.85233863039046 -23.9105627332691 -1.4189627977076185 39.229452507886016 -19.61012211160104
130 171 1208.0 1217 117.48221602999979 8.24 0.09586695994993519 0.0013691413527663308 False True -0.04831071658038849 47.85233863039046 -23.9105627332691 -1.4189627977076185 39.229452507886016 -19.61012211160104
130 172 1212.0 1221 118.12001890099981 7.82 0.0013691413527663308 0.09586695994993519 False True -0.04831071658038849 47.85233863039046 -23.9105627332691 -1.4189627977076185 39.229452507886016 -19.61012211160104
130 173 1216.0 1225 118.75829296799981 7.82 0.0013691413527663308 0.021099022085071348 True False -0.04831071658038849 47.85233863039046 -23.9105627332691 -1.4189627977076185 39.229452507886016 -19.61012211160104
130 174 1216.0 1225 119.13981109599982 7.82 0.0013691413527663308 0.021099022085071348 False True -0.04831071658038849 47.85233863039046 -23.9105627332691 -1.4189627977076185 39.229452507886016 -19.61012211160104
130 175 1228.0 1237 119.75691760799984 7.82 0.0013691413527663308 0.0028814991139334708 False True -0.04831071658038849 47.85233863039046 -23.9105627332691 -1.4189627977076185 39.229452507886016 -19.61012211160104
130 176 1232.0 1241 120.37641952899983 7.8 0.0028814991139334708 0.0013691413527663308 False True -0.04831071658038849 47.85233863039046 -23.9105627332691 -1.4189627977076185 39.229452507886016 -19.61012211160104
130 177 1236.0 1245 120.99619426499984 7.8 0.0028814991139334708 0.0013691413527663308 False True -0.04831071658038849 47.85233863039046 -23.9105627332691 -1.4189627977076185 39.229452507886016 -19.61012211160104
130 178 1240.0 1249 121.61444378499985 8.1 0.037951394466262375 0.0013691413527663308 False True -0.04831071658038849 47.85233863039046 -23.9105627332691 -1.4189627977076185 39.229452507886016 -19.61012211160104
130 179 1244.0 1253 122.23249109399987 7.82 0.0013691413527663308 0.0908835716489731 False True -0.04831071658038849 47.85233863039046 -23.9105627332691 -1.4189627977076185 39.229452507886016 -19.61012211160104
130 180 1248.0 1257 122.83987599499986 7.82 0.0013691413527663308 0.0028814991139334708 False True -0.04831071658038849 47.85233863039046 -23.9105627332691 -1.4189627977076185 39.229452507886016 -19.61012211160104
130 181 1252.0 1261 123.45693158999984 7.82 0.0013691413527663308 0.0028814991139334708 False True -0.04831071658038849 47.85233863039046 -23.9105627332691 -1.4189627977076185 39.229452507886016 -19.61012211160104
130 182 1256.0 1265 124.07739624899983 7.82 0.0013691413527663308 0.3463584147382586 True False -0.04831071658038849 47.85233863039046 -23.9105627332691 -1.4189627977076185 39.229452507886016 -19.61012211160104
130 183 1256.0 1265 124.47837904199983 7.82 0.0013691413527663308 0.3463584147382586 False True -0.04831071658038849 47.85233863039046 -23.9105627332691 -1.4189627977076185 39.229452507886016 -19.61012211160104
130 184 1268.0 1277 125.11638235299984 7.97 0.007611439805536199 0.002056374182116868 False True -0.04831071658038849 47.85233863039046 -23.9105627332691 -1.4189627977076185 39.229452507886016 -19.61012211160104
130 185 1272.0 1281 125.75406220099984 7.97 0.007611439805536199 0.0013691413527663308 False True -0.04831071658038849 47.85233863039046 -23.9105627332691 -1.4189627977076185 39.229452507886016 -19.61012211160104
130 186 1276.0 1285 126.38087572299983 7.82 0.0013691413527663308 0.07670568306072921 True False -0.04831071658038849 47.85233863039046 -23.9105627332691 -1.4189627977076185 39.229452507886016 -19.61012211160104
130 187 1276.0 1285 126.77597786099983 7.82 0.0013691413527663308 0.07670568306072921 False True -0.04831071658038849 47.85233863039046 -23.9105627332691 -1.4189627977076185 39.229452507886016 -19.61012211160104
130 188 1288.0 1297 127.3971906869998 7.97 0.007611439805536199 0.0013691413527663308 False True -0.04831071658038849 47.85233863039046 -23.9105627332691 -1.4189627977076185 39.229452507886016 -19.61012211160104
130 189 1292.0 1301 128.0322046859998 7.82 0.0013691413527663308 0.1856443739639951 True False -0.04831071658038849 47.85233863039046 -23.9105627332691 -1.4189627977076185 39.229452507886016 -19.61012211160104
130 190 1292.0 1301 128.43035381599978 7.82 0.0013691413527663308 0.1856443739639951 False True -0.04831071658038849 47.85233863039046 -23.9105627332691 -1.4189627977076185 39.229452507886016 -19.61012211160104
130 191 1304.0 1313 129.05665375299978 7.82 0.0013691413527663308 0.17920316278406118 True False -0.04831071658038849 47.85233863039046 -23.9105627332691 -1.4189627977076185 39.229452507886016 -19.61012211160104
130 192 1304.0 1313 129.43627596299976 7.82 0.0013691413527663308 0.17920316278406118 False True -0.04831071658038849 47.85233863039046 -23.9105627332691 -1.4189627977076185 39.229452507886016 -19.61012211160104
130 193 1316.0 1325 130.05421538599975 7.82 0.0013691413527663308 0.4688070312007947 True False -0.04831071658038849 47.85233863039046 -23.9105627332691 -1.4189627977076185 39.229452507886016 -19.61012211160104
130 194 1316.0 1325 130.45166907799975 7.82 0.0013691413527663308 0.4688070312007947 False True -0.04831071658038849 47.85233863039046 -23.9105627332691 -1.4189627977076185 39.229452507886016 -19.61012211160104
130 195 1328.0 1337 131.07768238099976 7.82 0.0013691413527663308 0.1992191699558006 True False -0.04831071658038849 47.85233863039046 -23.9105627332691 -1.4189627977076185 39.229452507886016 -19.61012211160104
130 196 1328.0 1337 131.47205734899978 7.82 0.0013691413527663308 0.1992191699558006 False True -0.04831071658038849 47.85233863039046 -23.9105627332691 -1.4189627977076185 39.229452507886016 -19.61012211160104
130 197 1340.0 1349 132.0918929089998 7.82 0.0013691413527663308 0.18876998653630486 True False -0.04831071658038849 47.85233863039046 -23.9105627332691 -1.4189627977076185 39.229452507886016 -19.61012211160104
130 198 1340.0 1349 132.4921901629998 7.82 0.0013691413527663308 0.18876998653630486 False True -0.04831071658038849 47.85233863039046 -23.9105627332691 -1.4189627977076185 39.229452507886016 -19.61012211160104
130 199 1352.0 1361 133.1181983789998 7.82 0.0013691413527663308 0.006183481756231511 True False -0.04831071658038849 47.85233863039046 -23.9105627332691 -1.4189627977076185 39.229452507886016 -19.61012211160104
130 200 1352.0 1362 133.5100402949998 7.82 0.0013691413527663308 0.006183481756231511 False True -0.04831071658038849 47.85233863039046 -23.9105627332691 -1.4189627977076185 39.229452507886016 -19.61012211160104
130 201 1364.0 1374 134.1322749259998 7.77 0.006183481756231511 0.0013691413527663308 False True -0.04831071658038849 47.85233863039046 -23.9105627332691 -1.4189627977076185 39.229452507886016 -19.61012211160104
130 202 1368.0 1378 134.75563673299982 7.77 0.006183481756231511 0.0013691413527663308 False True -0.04831071658038849 47.85233863039046 -23.9105627332691 -1.4189627977076185 39.229452507886016 -19.61012211160104
130 203 1372.0 1382 135.37663867399982 7.77 0.006183481756231511 0.0013691413527663308 False True -0.04831071658038849 47.85233863039046 -23.9105627332691 -1.4189627977076185 39.229452507886016 -19.61012211160104
130 204 1376.0 1386 136.0098062089998 7.82 0.0013691413527663308 0.007559361444743261 True False -0.04831071658038849 47.85233863039046 -23.9105627332691 -1.4189627977076185 39.229452507886016 -19.61012211160104
130 205 1376.0 1386 136.4092386799998 7.82 0.0013691413527663308 0.007559361444743261 False True -0.04831071658038849 47.85233863039046 -23.9105627332691 -1.4189627977076185 39.229452507886016 -19.61012211160104
130 206 1388.0 1398 137.04866228299977 7.82 0.0013691413527663308 0.10097821613609055 True False -0.04831071658038849 47.85233863039046 -23.9105627332691 -1.4189627977076185 39.229452507886016 -19.61012211160104
130 207 1388.0 1398 137.43536310399978 7.82 0.0013691413527663308 0.10097821613609055 False True -0.04831071658038849 47.85233863039046 -23.9105627332691 -1.4189627977076185 39.229452507886016 -19.61012211160104
130 208 1400.0 1410 138.05501434399977 7.82 0.0013691413527663308 0.0001352644467263006 True False -0.04831071658038849 47.85233863039046 -23.9105627332691 -1.4189627977076185 39.229452507886016 -19.61012211160104
130 209 1400.0 1410 138.45374443599977 7.82 0.0013691413527663308 0.0001352644467263006 False True -0.04831071658038849 47.85233863039046 -23.9105627332691 -1.4189627977076185 39.229452507886016 -19.61012211160104
130 210 1412.0 1422 139.09215844399978 7.82 0.0013691413527663308 0.09092844749153187 True False -0.04831071658038849 47.85233863039046 -23.9105627332691 -1.4189627977076185 39.229452507886016 -19.61012211160104
130 211 1412.0 1422 139.47497796199977 7.82 0.0013691413527663308 0.09092844749153187 False True -0.04831071658038849 47.85233863039046 -23.9105627332691 -1.4189627977076185 39.229452507886016 -19.61012211160104
130 212 1424.0 1434 140.0972172889998 7.82 0.0013691413527663308 0.1442646918479287 True False -0.04831071658038849 47.85233863039046 -23.9105627332691 -1.4189627977076185 39.229452507886016 -19.61012211160104
130 213 1424.0 1434 140.4970340029998 7.82 0.0013691413527663308 0.1442646918479287 False True -0.04831071658038849 47.85233863039046 -23.9105627332691 -1.4189627977076185 39.229452507886016 -19.61012211160104
130 214 1436.0 1446 141.1341627899998 7.97 0.007611439805536199 0.0013691413527663308 False True -0.04831071658038849 47.85233863039046 -23.9105627332691 -1.4189627977076185 39.229452507886016 -19.61012211160104
130 215 1440.0 1450 141.77124833599981 7.97 0.007611439805536199 0.002056374182116868 False True -0.04831071658038849 47.85233863039046 -23.9105627332691 -1.4189627977076185 39.229452507886016 -19.61012211160104
130 216 1444.0 1454 142.40783134499983 7.97 0.007611439805536199 0.002056374182116868 False True -0.04831071658038849 47.85233863039046 -23.9105627332691 -1.4189627977076185 39.229452507886016 -19.61012211160104
130 217 1448.0 1458 143.03655644399984 8.24 0.09586695994993519 0.002056374182116868 False True -0.04831071658038849 47.85233863039046 -23.9105627332691 -1.4189627977076185 39.229452507886016 -19.61012211160104
130 218 1452.0 1462 143.67412186599984 8.24 0.09586695994993519 0.002056374182116868 False True -0.04831071658038849 47.85233863039046 -23.9105627332691 -1.4189627977076185 39.229452507886016 -19.61012211160104
130 219 1456.0 1466 144.31080005999985 7.84 0.0004085533859166752 0.0013691413527663308 False True -0.04831071658038849 47.85233863039046 -23.9105627332691 -1.4189627977076185 39.229452507886016 -19.61012211160104
130 220 1460.0 1470 144.94714374499983 7.82 0.0013691413527663308 0.08130243916355243 False True -0.04831071658038849 47.85233863039046 -23.9105627332691 -1.4189627977076185 39.229452507886016 -19.61012211160104
130 221 1464.0 1474 145.5756304359998 8.209999999999999 0.08130243916355243 0.0028814991139334708 False True -0.04831071658038849 47.85233863039046 -23.9105627332691 -1.4189627977076185 39.229452507886016 -19.61012211160104
130 222 1468.0 1478 146.2110336969998 7.8 0.0028814991139334708 0.07671036775561849 True False -0.04831071658038849 47.85233863039046 -23.9105627332691 -1.4189627977076185 39.229452507886016 -19.61012211160104
130 223 1468.0 1478 146.6068752079998 7.8 0.0028814991139334708 0.07671036775561849 False True -0.04831071658038849 47.85233863039046 -23.9105627332691 -1.4189627977076185 39.229452507886016 -19.61012211160104
130 224 1480.0 1490 147.2288909149998 7.8 0.0028814991139334708 0.4628508176393167 True False -0.04831071658038849 47.85233863039046 -23.9105627332691 -1.4189627977076185 39.229452507886016 -19.61012211160104
130 225 1480.0 1490 147.62829282299978 7.8 0.0028814991139334708 0.4628508176393167 False True -0.04831071658038849 47.85233863039046 -23.9105627332691 -1.4189627977076185 39.229452507886016 -19.61012211160104
130 226 1492.0 1502 148.25582040999979 7.8 0.0028814991139334708 0.4224862029198882 True False -0.04831071658038849 47.85233863039046 -23.9105627332691 -1.4189627977076185 39.229452507886016 -19.61012211160104
130 227 1492.0 1502 148.64685688799977 7.8 0.0028814991139334708 0.4224862029198882 False True -0.04831071658038849 47.85233863039046 -23.9105627332691 -1.4189627977076185 39.229452507886016 -19.61012211160104
130 228 1504.0 1514 149.26730892799978 7.8 0.0028814991139334708 0.536930570661302 True False -0.04831071658038849 47.85233863039046 -23.9105627332691 -1.4189627977076185 39.229452507886016 -19.61012211160104
130 229 1504.0 1514 149.66678967399977 7.8 0.0028814991139334708 0.536930570661302 False True -0.04831071658038849 47.85233863039046 -23.9105627332691 -1.4189627977076185 39.229452507886016 -19.61012211160104
130 230 1516.0 1526 150.29136938699975 7.8 0.0028814991139334708 0.28509828555474365 True False -0.04831071658038849 47.85233863039046 -23.9105627332691 -1.4189627977076185 39.229452507886016 -19.61012211160104
130 231 1516.0 1527 150.67625664699975 7.8 0.0028814991139334708 0.28509828555474365 False True -0.04831071658038849 47.85233863039046 -23.9105627332691 -1.4189627977076185 39.229452507886016 -19.61012211160104
130 232 1528.0 1539 151.30785104599977 7.8 0.0028814991139334708 0.06367118873344192 True False -0.04831071658038849 47.85233863039046 -23.9105627332691 -1.4189627977076185 39.229452507886016 -19.61012211160104
130 233 1528.0 1539 151.69592857399977 7.8 0.0028814991139334708 0.06367118873344192 False True -0.04831071658038849 47.85233863039046 -23.9105627332691 -1.4189627977076185 39.229452507886016 -19.61012211160104
130 234 1540.0 1551 152.33450162099976 7.56 0.06367118873344192 0.0028814991139334708 False True -0.04831071658038849 47.85233863039046 -23.9105627332691 -1.4189627977076185 39.229452507886016 -19.61012211160104
130 235 1544.0 1555 152.97389973499978 7.56 0.06367118873344192 0.0028814991139334708 False True -0.04831071658038849 47.85233863039046 -23.9105627332691 -1.4189627977076185 39.229452507886016 -19.61012211160104
130 236 1548.0 1559 153.60885405699977 7.56 0.06367118873344192 0.0028814991139334708 False True -0.04831071658038849 47.85233863039046 -23.9105627332691 -1.4189627977076185 39.229452507886016 -19.61012211160104
130 237 1552.0 1563 154.2345661759998 7.56 0.06367118873344192 0.0028814991139334708 False True -0.04831071658038849 47.85233863039046 -23.9105627332691 -1.4189627977076185 39.229452507886016 -19.61012211160104
130 238 1556.0 1567 154.8691671809998 7.56 0.06367118873344192 0.0028814991139334708 False True -0.04831071658038849 47.85233863039046 -23.9105627332691 -1.4189627977076185 39.229452507886016 -19.61012211160104
130 239 1560.0 1571 155.5072169299998 7.56 0.06367118873344192 0.0028814991139334708 False True -0.04831071658038849 47.85233863039046 -23.9105627332691 -1.4189627977076185 39.229452507886016 -19.61012211160104
130 240 1564.0 1575 156.1323975659998 7.56 0.06367118873344192 0.0028814991139334708 False True -0.04831071658038849 47.85233863039046 -23.9105627332691 -1.4189627977076185 39.229452507886016 -19.61012211160104
130 241 1568.0 1579 156.77031856599982 7.56 0.06367118873344192 0.0028814991139334708 False True -0.04831071658038849 47.85233863039046 -23.9105627332691 -1.4189627977076185 39.229452507886016 -19.61012211160104
130 242 1572.0 1583 157.40718957699983 7.56 0.06367118873344192 0.0028814991139334708 False True -0.04831071658038849 47.85233863039046 -23.9105627332691 -1.4189627977076185 39.229452507886016 -19.61012211160104
130 243 1576.0 1587 158.03297903599983 7.56 0.06367118873344192 0.0028814991139334708 False True -0.04831071658038849 47.85233863039046 -23.9105627332691 -1.4189627977076185 39.229452507886016 -19.61012211160104
130 244 1580.0 1591 158.66849159699981 7.56 0.06367118873344192 0.0028814991139334708 False True -0.04831071658038849 47.85233863039046 -23.9105627332691 -1.4189627977076185 39.229452507886016 -19.61012211160104
130 245 1584.0 1595 159.30786967999984 7.56 0.06367118873344192 0.0028814991139334708 False True -0.04831071658038849 47.85233863039046 -23.9105627332691 -1.4189627977076185 39.229452507886016 -19.61012211160104
130 246 1588.0 1599 159.94617066299983 7.56 0.06367118873344192 0.0028814991139334708 False True -0.04831071658038849 47.85233863039046 -23.9105627332691 -1.4189627977076185 39.229452507886016 -19.61012211160104
130 247 1592.0 1603 160.57403216899985 7.56 0.06367118873344192 0.004945141158359369 False True -0.04831071658038849 47.85233863039046 -23.9105627332691 -1.4189627977076185 39.229452507886016 -19.61012211160104
130 248 1596.0 1607 161.20826180499986 7.56 0.06367118873344192 0.0028814991139334708 False True -0.04831071658038849 47.85233863039046 -23.9105627332691 -1.4189627977076185 39.229452507886016 -19.61012211160104
130 249 1600.0 1611 161.84561699599988 7.56 0.06367118873344192 0.0028814991139334708 False True -0.04831071658038849 47.85233863039046 -23.9105627332691 -1.4189627977076185 39.229452507886016 -19.61012211160104
130 250 1604.0 1615 162.47210730099988 7.8 0.0028814991139334708 0.06367118873344192 False True -0.04831071658038849 47.85233863039046 -23.9105627332691 -1.4189627977076185 39.229452507886016 -19.61012211160104
130 251 1608.0 1619 163.1077346869999 7.8 0.0028814991139334708 0.05563821996281631 True False -0.04831071658038849 47.85233863039046 -23.9105627332691 -1.4189627977076185 39.229452507886016 -19.61012211160104
130 252 1608.0 1619 163.4872935349999 7.8 0.0028814991139334708 0.05563821996281631 False True -0.04831071658038849 47.85233863039046 -23.9105627332691 -1.4189627977076185 39.229452507886016 -19.61012211160104
130 253 1620.0 1631 164.10909358599991 7.8 0.0028814991139334708 0.06790216437596157 True False -0.04831071658038849 47.85233863039046 -23.9105627332691 -1.4189627977076185 39.229452507886016 -19.61012211160104
130 254 1620.0 1631 164.50806995399992 7.8 0.0028814991139334708 0.06790216437596157 False True -0.04831071658038849 47.85233863039046 -23.9105627332691 -1.4189627977076185 39.229452507886016 -19.61012211160104
130 255 1632.0 1643 165.1477938369999 7.8 0.0028814991139334708 0.7262376645695002 True False -0.04831071658038849 47.85233863039046 -23.9105627332691 -1.4189627977076185 39.229452507886016 -19.61012211160104
130 256 1632.0 1643 165.5331187249999 7.8 0.0028814991139334708 0.7262376645695002 False True -0.04831071658038849 47.85233863039046 -23.9105627332691 -1.4189627977076185 39.229452507886016 -19.61012211160104
130 257 1644.0 1655 166.1683024859999 7.8 0.0028814991139334708 0.09440167663175561 True False -0.04831071658038849 47.85233863039046 -23.9105627332691 -1.4189627977076185 39.229452507886016 -19.61012211160104
130 258 1644.0 1655 166.56706731299988 7.8 0.0028814991139334708 0.09440167663175561 False True -0.04831071658038849 47.85233863039046 -23.9105627332691 -1.4189627977076185 39.229452507886016 -19.61012211160104
130 259 1656.0 1667 167.1934451309999 7.8 0.0028814991139334708 0.006231562678855566 True False -0.04831071658038849 47.85233863039046 -23.9105627332691 -1.4189627977076185 39.229452507886016 -19.61012211160104
130 260 1656.0 1667 167.58615199999988 7.8 0.0028814991139334708 0.006231562678855566 False True -0.04831071658038849 47.85233863039046 -23.9105627332691 -1.4189627977076185 39.229452507886016 -19.61012211160104
130 261 1668.0 1679 168.2073064799999 7.8 0.0028814991139334708 0.06367118873344192 False True -0.04831071658038849 47.85233863039046 -23.9105627332691 -1.4189627977076185 39.229452507886016 -19.61012211160104
130 262 1672.0 1683 168.8271414329999 7.8 0.0028814991139334708 0.1116927881397359 True False -0.04831071658038849 47.85233863039046 -23.9105627332691 -1.4189627977076185 39.229452507886016 -19.61012211160104
130 263 1672.0 1683 169.2259869229999 7.8 0.0028814991139334708 0.1116927881397359 False True -0.04831071658038849 47.85233863039046 -23.9105627332691 -1.4189627977076185 39.229452507886016 -19.61012211160104
130 264 1684.0 1695 169.85119909999992 7.8 0.0028814991139334708 0.1116927881397359 False True -0.04831071658038849 47.85233863039046 -23.9105627332691 -1.4189627977076185 39.229452507886016 -19.61012211160104
130 265 1688.0 1699 170.4879661209999 7.8 0.0028814991139334708 0.21017485883297754 True False -0.04831071658038849 47.85233863039046 -23.9105627332691 -1.4189627977076185 39.229452507886016 -19.61012211160104
130 266 1688.0 1699 170.87132121399992 7.8 0.0028814991139334708 0.21017485883297754 False True -0.04831071658038849 47.85233863039046 -23.9105627332691 -1.4189627977076185 39.229452507886016 -19.61012211160104
130 267 1700.0 1711 171.50526793999992 7.8 0.0028814991139334708 0.014500189177133851 True False -0.04831071658038849 47.85233863039046 -23.9105627332691 -1.4189627977076185 39.229452507886016 -19.61012211160104
130 268 1700.0 1711 171.89198051699992 7.8 0.0028814991139334708 0.014500189177133851 False True -0.04831071658038849 47.85233863039046 -23.9105627332691 -1.4189627977076185 39.229452507886016 -19.61012211160104
130 269 1712.0 1723 172.53304150699992 7.8 0.0028814991139334708 0.009128414511851838 True False -0.04831071658038849 47.85233863039046 -23.9105627332691 -1.4189627977076185 39.229452507886016 -19.61012211160104
130 270 1712.0 1724 172.92538413699992 7.8 0.0028814991139334708 0.009128414511851838 False True -0.04831071658038849 47.85233863039046 -23.9105627332691 -1.4189627977076185 39.229452507886016 -19.61012211160104
130 271 1724.0 1736 173.54576288799993 7.8 0.0028814991139334708 0.2001884750932799 True False -0.04831071658038849 47.85233863039046 -23.9105627332691 -1.4189627977076185 39.229452507886016 -19.61012211160104
130 272 1724.0 1736 173.94611227099992 7.8 0.0028814991139334708 0.2001884750932799 False True -0.04831071658038849 47.85233863039046 -23.9105627332691 -1.4189627977076185 39.229452507886016 -19.61012211160104
130 273 1736.0 1748 174.5732977199999 7.8 0.0028814991139334708 0.20600525004809617 True False -0.04831071658038849 47.85233863039046 -23.9105627332691 -1.4189627977076185 39.229452507886016 -19.61012211160104
130 274 1736.0 1748 174.96929115199993 7.8 0.0028814991139334708 0.20600525004809617 False True -0.04831071658038849 47.85233863039046 -23.9105627332691 -1.4189627977076185 39.229452507886016 -19.61012211160104
130 275 1748.0 1760 175.5926197809999 7.8 0.0028814991139334708 0.4146585472348587 True False -0.04831071658038849 47.85233863039046 -23.9105627332691 -1.4189627977076185 39.229452507886016 -19.61012211160104
130 276 1748.0 1760 175.99217608799992 7.8 0.0028814991139334708 0.4146585472348587 False True -0.04831071658038849 47.85233863039046 -23.9105627332691 -1.4189627977076185 39.229452507886016 -19.61012211160104
130 277 1760.0 1772 176.6307980039999 7.8 0.0028814991139334708 0.09197956791761663 True False -0.04831071658038849 47.85233863039046 -23.9105627332691 -1.4189627977076185 39.229452507886016 -19.61012211160104
130 278 1760.0 1772 177.0234245399999 7.8 0.0028814991139334708 0.09197956791761663 False True -0.04831071658038849 47.85233863039046 -23.9105627332691 -1.4189627977076185 39.229452507886016 -19.61012211160104
130 279 1772.0 1784 177.64477019599988 1.62 0.09197956791761663 0.0028814991139334708 False True -0.04831071658038849 47.85233863039046 -23.9105627332691 -1.4189627977076185 39.229452507886016 -19.61012211160104
130 280 1776.0 1788 178.2667103739999 1.62 0.09197956791761663 0.0028814991139334708 False True -0.04831071658038849 47.85233863039046 -23.9105627332691 -1.4189627977076185 39.229452507886016 -19.61012211160104
130 281 1780.0 1792 178.88974287199989 1.62 0.09197956791761663 0.0028814991139334708 False True -0.04831071658038849 47.85233863039046 -23.9105627332691 -1.4189627977076185 39.229452507886016 -19.61012211160104
130 282 1784.0 1796 179.51096143099988 1.62 0.09197956791761663 0.0028814991139334708 False True -0.04831071658038849 47.85233863039046 -23.9105627332691 -1.4189627977076185 39.229452507886016 -19.61012211160104
130 283 1788.0 1800 180.1431387459999 1.62 0.09197956791761663 0.0028814991139334708 False True -0.04831071658038849 47.85233863039046 -23.9105627332691 -1.4189627977076185 39.229452507886016 -19.61012211160104
130 284 1792.0 1804 180.76426397899988 1.62 0.09197956791761663 0.0028814991139334708 False True -0.04831071658038849 47.85233863039046 -23.9105627332691 -1.4189627977076185 39.229452507886016 -19.61012211160104
130 285 1796.0 1808 181.38764635699988 1.62 0.09197956791761663 0.0028814991139334708 False True -0.04831071658038849 47.85233863039046 -23.9105627332691 -1.4189627977076185 39.229452507886016 -19.61012211160104
130 286 1800.0 1812 182.0096950219999 1.62 0.09197956791761663 0.0028814991139334708 False True -0.04831071658038849 47.85233863039046 -23.9105627332691 -1.4189627977076185 39.229452507886016 -19.61012211160104
130 287 1804.0 1816 182.6453342839999 1.62 0.09197956791761663 0.0028814991139334708 False True -0.04831071658038849 47.85233863039046 -23.9105627332691 -1.4189627977076185 39.229452507886016 -19.61012211160104
130 288 1808.0 1820 183.26945031899987 1.62 0.09197956791761663 0.0028814991139334708 False True -0.04831071658038849 47.85233863039046 -23.9105627332691 -1.4189627977076185 39.229452507886016 -19.61012211160104
130 289 1812.0 1824 183.90261323299987 1.62 0.09197956791761663 0.0028814991139334708 False True -0.04831071658038849 47.85233863039046 -23.9105627332691 -1.4189627977076185 39.229452507886016 -19.61012211160104
130 290 1816.0 1828 184.52244820399986 7.8 0.0028814991139334708 0.09150986341717912 True False -0.04831071658038849 47.85233863039046 -23.9105627332691 -1.4189627977076185 39.229452507886016 -19.61012211160104
130 291 1816.0 1828 184.92142615999987 7.8 0.0028814991139334708 0.09150986341717912 False True -0.04831071658038849 47.85233863039046 -23.9105627332691 -1.4189627977076185 39.229452507886016 -19.61012211160104
130 292 1828.0 1840 189.46596915799987 1.61 0.09150986341717912 0.0028814991139334708 False True -0.04831071658038849 47.85233863039046 -23.9105627332691 -1.4189627977076185 39.229452507886016 -19.61012211160104
130 293 1832.0 1844 197.96787582199985 1.62 0.09197956791761663 0.0028814991139334708 False True -0.04831071658038849 47.85233863039046 -23.9105627332691 -1.4189627977076185 39.229452507886016 -19.61012211160104
130 294 1836.0 1848 200.3700607269998 7.8 0.0028814991139334708 0.09197956791761663 False True -0.04831071658038849 47.85233863039046 -23.9105627332691 -1.4189627977076185 39.229452507886016 -19.61012211160104
130 295 1840.0 1852 202.2106004039998 7.8 0.0028814991139334708 0.09150986341717912 False True -0.04831071658038849 47.85233863039046 -23.9105627332691 -1.4189627977076185 39.229452507886016 -19.61012211160104
130 296 1844.0 1856 203.7457029249998 7.8 0.0028814991139334708 0.09150986341717912 False True -0.04831071658038849 47.85233863039046 -23.9105627332691 -1.4189627977076185 39.229452507886016 -19.61012211160104
130 297 1848.0 1860 205.1597680799998 7.8 0.0028814991139334708 0.11297786626329982 True False -0.04831071658038849 47.85233863039046 -23.9105627332691 -1.4189627977076185 39.229452507886016 -19.61012211160104
130 298 1848.0 1860 205.9709213899998 7.8 0.0028814991139334708 0.11297786626329982 False True -0.04831071658038849 47.85233863039046 -23.9105627332691 -1.4189627977076185 39.229452507886016 -19.61012211160104
130 299 1860.0 1872 207.2145151559998 1.76 0.11297786626329982 0.0028814991139334708 False True -0.04831071658038849 47.85233863039046 -23.9105627332691 -1.4189627977076185 39.229452507886016 -19.61012211160104
130 300 1864.0 1876 208.4142149419998 7.8 0.0028814991139334708 0.11297786626329982 False True -0.04831071658038849 47.85233863039046 -23.9105627332691 -1.4189627977076185 39.229452507886016 -19.61012211160104
130 301 1868.0 1880 209.57139918899978 7.8 0.0028814991139334708 0.007611439805536199 False True -0.04831071658038849 47.85233863039046 -23.9105627332691 -1.4189627977076185 39.229452507886016 -19.61012211160104
130 302 1872.0 1884 210.6734357349998 7.8 0.0028814991139334708 0.007611439805536199 False True -0.04831071658038849 47.85233863039046 -23.9105627332691 -1.4189627977076185 39.229452507886016 -19.61012211160104
130 303 1876.0 1888 211.74976807599975 7.8 0.0028814991139334708 0.06788602487512978 False True -0.04831071658038849 47.85233863039046 -23.9105627332691 -1.4189627977076185 39.229452507886016 -19.61012211160104
130 304 1880.0 1892 212.79330438199972 7.8 0.0028814991139334708 0.09258713184212873 True False -0.04831071658038849 47.85233863039046 -23.9105627332691 -1.4189627977076185 39.229452507886016 -19.61012211160104
130 305 1880.0 1892 213.4358321549997 7.8 0.0028814991139334708 0.09258713184212873 False True -0.04831071658038849 47.85233863039046 -23.9105627332691 -1.4189627977076185 39.229452507886016 -19.61012211160104
130 306 1892.0 1904 214.4541760209997 7.8 0.0028814991139334708 0.03473959076925266 False True -0.04831071658038849 47.85233863039046 -23.9105627332691 -1.4189627977076185 39.229452507886016 -19.61012211160104
130 307 1896.0 1908 215.45338325399976 7.8 0.0028814991139334708 0.03473959076925266 False True -0.04831071658038849 47.85233863039046 -23.9105627332691 -1.4189627977076185 39.229452507886016 -19.61012211160104
130 308 1900.0 1912 216.4476863749998 7.64 0.03473959076925266 0.0028814991139334708 False True -0.04831071658038849 47.85233863039046 -23.9105627332691 -1.4189627977076185 39.229452507886016 -19.61012211160104
130 309 1904.0 1916 217.4082327589998 7.64 0.03473959076925266 0.0028814991139334708 False True -0.04831071658038849 47.85233863039046 -23.9105627332691 -1.4189627977076185 39.229452507886016 -19.61012211160104
130 310 1908.0 1920 218.3322764539998 7.8 0.0028814991139334708 0.10663183583750667 True False -0.04831071658038849 47.85233863039046 -23.9105627332691 -1.4189627977076185 39.229452507886016 -19.61012211160104
130 311 1908.0 1920 218.8902002249998 7.8 0.0028814991139334708 0.10663183583750667 False True -0.04831071658038849 47.85233863039046 -23.9105627332691 -1.4189627977076185 39.229452507886016 -19.61012211160104
130 312 1920.0 1932 219.7915817269998 7.8 0.0028814991139334708 0.1269454139538067 True False -0.04831071658038849 47.85233863039046 -23.9105627332691 -1.4189627977076185 39.229452507886016 -19.61012211160104
130 313 1920.0 1932 220.35182343699975 7.8 0.0028814991139334708 0.1269454139538067 False True -0.04831071658038849 47.85233863039046 -23.9105627332691 -1.4189627977076185 39.229452507886016 -19.61012211160104
130 314 1932.0 1944 221.24956113899978 7.8 0.0028814991139334708 0.003844448562521692 False True -0.04831071658038849 47.85233863039046 -23.9105627332691 -1.4189627977076185 39.229452507886016 -19.61012211160104
130 315 1936.0 1948 222.1268092139998 7.8 0.0028814991139334708 0.05186757085271287 True False -0.04831071658038849 47.85233863039046 -23.9105627332691 -1.4189627977076185 39.229452507886016 -19.61012211160104
130 316 1936.0 1949 222.6644827449998 7.8 0.0028814991139334708 0.05186757085271287 False True -0.04831071658038849 47.85233863039046 -23.9105627332691 -1.4189627977076185 39.229452507886016 -19.61012211160104
130 317 1948.0 1961 223.5106471679998 8.14 0.05186757085271287 0.0028814991139334708 False True -0.04831071658038849 47.85233863039046 -23.9105627332691 -1.4189627977076185 39.229452507886016 -19.61012211160104
130 318 1952.0 1965 224.35205921099978 7.8 0.0028814991139334708 0.05186757085271287 False True -0.04831071658038849 47.85233863039046 -23.9105627332691 -1.4189627977076185 39.229452507886016 -19.61012211160104
130 319 1956.0 1969 225.18547205199977 7.8 0.0028814991139334708 0.048188959846930265 True False -0.04831071658038849 47.85233863039046 -23.9105627332691 -1.4189627977076185 39.229452507886016 -19.61012211160104
130 320 1956.0 1969 225.69310983299974 7.8 0.0028814991139334708 0.048188959846930265 False True -0.04831071658038849 47.85233863039046 -23.9105627332691 -1.4189627977076185 39.229452507886016 -19.61012211160104
130 321 1968.0 1981 226.51378517199979 8.13 0.048188959846930265 0.0028814991139334708 False True -0.04831071658038849 47.85233863039046 -23.9105627332691 -1.4189627977076185 39.229452507886016 -19.61012211160104
130 322 1972.0 1985 227.32902612899974 8.13 0.048188959846930265 0.0028814991139334708 False True -0.04831071658038849 47.85233863039046 -23.9105627332691 -1.4189627977076185 39.229452507886016 -19.61012211160104
130 323 1976.0 1989 228.1301657189998 8.13 0.048188959846930265 0.0028814991139334708 False True -0.04831071658038849 47.85233863039046 -23.9105627332691 -1.4189627977076185 39.229452507886016 -19.61012211160104
130 324 1980.0 1993 228.9272242879998 8.13 0.048188959846930265 0.0028814991139334708 False True -0.04831071658038849 47.85233863039046 -23.9105627332691 -1.4189627977076185 39.229452507886016 -19.61012211160104
130 325 1984.0 1997 229.7113197259998 8.13 0.048188959846930265 0.0028814991139334708 False True -0.04831071658038849 47.85233863039046 -23.9105627332691 -1.4189627977076185 39.229452507886016 -19.61012211160104
