191 0 200.0 201 0.5531845320000004 7.96 0.006261714938955669 1.9785797983895792 False True -0.017810508967923792 1.6862966554596153 0.14073787358045203 -0.12652256654226685 0.547426606230619 0.26802101572780435
191 1 212.0 213 1.1171267940000003 7.96 0.006261714938955669 0.2489633921756754 False True -0.017810508967923792 1.6862966554596153 0.14073787358045203 -0.12652256654226685 0.547426606230619 0.26802101572780435
191 2 224.0 225 1.6958805450000005 7.96 0.006261714938955669 2.715710925269482 True False -0.017810508967923792 1.6862966554596153 0.14073787358045203 -0.12652256654226685 0.547426606230619 0.26802101572780435
191 3 224.0 225 2.060142764 7.96 0.006261714938955669 2.715710925269482 False True -0.017810508967923792 1.6862966554596153 0.14073787358045203 -0.12652256654226685 0.547426606230619 0.26802101572780435
191 4 236.0 237 2.640238784 7.96 0.006261714938955669 2.726029506951783 True False -0.017810508967923792 1.6862966554596153 0.14073787358045203 -0.12652256654226685 0.547426606230619 0.26802101572780435
191 5 236.0 237 2.998245022 7.96 0.006261714938955669 2.726029506951783 False True -0.017810508967923792 1.6862966554596153 0.14073787358045203 -0.12652256654226685 0.547426606230619 0.26802101572780435
191 6 248.0 249 3.581173786999999 7.96 0.006261714938955669 2.7309960025439115 True False -0.017810508967923792 1.6862966554596153 0.14073787358045203 -0.12652256654226685 0.547426606230619 0.26802101572780435
191 7 248.0 249 3.949212436999999 7.96 0.006261714938955669 2.7309960025439115 False True -0.017810508967923792 1.6862966554596153 0.14073787358045203 -0.12652256654226685 0.547426606230619 0.26802101572780435
191 8 260.0 261 4.517616035999999 7.96 0.006261714938955669 2.7358332821707307 True False -0.017810508967923792 1.6862966554596153 0.14073787358045203 -0.12652256654226685 0.547426606230619 0.26802101572780435
191 9 260.0 261 4.8541251149999995 7.96 0.006261714938955669 2.7358332821707307 False True -0.017810508967923792 1.6862966554596153 0.14073787358045203 -0.12652256654226685 0.547426606230619 0.26802101572780435
191 10 272.0 273 5.418363285 7.96 0.006261714938955669 2.710359899998168 True False -0.017810508967923792 1.6862966554596153 0.14073787358045203 -0.12652256654226685 0.547426606230619 0.26802101572780435
191 11 272.0 273 5.794490301000001 7.96 0.006261714938955669 2.710359899998168 False True -0.017810508967923792 1.6862966554596153 0.14073787358045203 -0.12652256654226685 0.547426606230619 0.26802101572780435
191 12 284.0 285 6.373039886000002 7.96 0.006261714938955669 2.704881780293187 True False -0.017810508967923792 1.6862966554596153 0.14073787358045203 -0.12652256654226685 0.547426606230619 0.26802101572780435
191 13 284.0 285 6.701797523000002 7.96 0.006261714938955669 2.704881780293187 False True -0.017810508967923792 1.6862966554596153 0.14073787358045203 -0.12652256654226685 0.547426606230619 0.26802101572780435
191 14 296.0 297 7.288221023000003 7.96 0.006261714938955669 2.740540847620045 True False -0.017810508967923792 1.6862966554596153 0.14073787358045203 -0.12652256654226685 0.547426606230619 0.26802101572780435
191 15 296.0 297 7.6485021320000035 7.96 0.006261714938955669 2.740540847620045 False True -0.017810508967923792 1.6862966554596153 0.14073787358045203 -0.12652256654226685 0.547426606230619 0.26802101572780435
191 16 308.0 309 8.225460860000002 7.96 0.006261714938955669 2.745118213649514 True False -0.017810508967923792 1.6862966554596153 0.14073787358045203 -0.12652256654226685 0.547426606230619 0.26802101572780435
191 17 308.0 310 8.553638503000002 7.96 0.006261714938955669 2.745118213649514 False True -0.017810508967923792 1.6862966554596153 0.14073787358045203 -0.12652256654226685 0.547426606230619 0.26802101572780435
191 18 320.0 322 9.126622418000002 7.96 0.006261714938955669 2.749564908035187 True False -0.017810508967923792 1.6862966554596153 0.14073787358045203 -0.12652256654226685 0.547426606230619 0.26802101572780435
191 19 320.0 322 9.486249130000003 7.96 0.006261714938955669 2.749564908035187 False True -0.017810508967923792 1.6862966554596153 0.14073787358045203 -0.12652256654226685 0.547426606230619 0.26802101572780435
191 20 332.0 334 10.063788883000003 7.96 0.006261714938955669 2.7538804716187157 True False -0.017810508967923792 1.6862966554596153 0.14073787358045203 -0.12652256654226685 0.547426606230619 0.26802101572780435
191 21 332.0 334 10.393125014000002 7.96 0.006261714938955669 2.7538804716187157 False True -0.017810508967923792 1.6862966554596153 0.14073787358045203 -0.12652256654226685 0.547426606230619 0.26802101572780435
191 22 344.0 346 10.973428875000002 7.96 0.006261714938955669 2.6992771284429646 True False -0.017810508967923792 1.6862966554596153 0.14073787358045203 -0.12652256654226685 0.547426606230619 0.26802101572780435
191 23 344.0 346 11.345586363 7.96 0.006261714938955669 2.6992771284429646 False True -0.017810508967923792 1.6862966554596153 0.14073787358045203 -0.12652256654226685 0.547426606230619 0.26802101572780435
191 24 356.0 358 11.924836077000002 7.96 0.006261714938955669 2.6935465193875907 True False -0.017810508967923792 1.6862966554596153 0.14073787358045203 -0.12652256654226685 0.547426606230619 0.26802101572780435
191 25 356.0 358 12.264731880000003 7.96 0.006261714938955669 2.6935465193875907 False True -0.017810508967923792 1.6862966554596153 0.14073787358045203 -0.12652256654226685 0.547426606230619 0.26802101572780435
191 26 368.0 370 12.842586902000004 7.96 0.006261714938955669 2.7580644583532736 True False -0.017810508967923792 1.6862966554596153 0.14073787358045203 -0.12652256654226685 0.547426606230619 0.26802101572780435
191 27 368.0 370 13.203047853000005 7.96 0.006261714938955669 2.7580644583532736 False True -0.017810508967923792 1.6862966554596153 0.14073787358045203 -0.12652256654226685 0.547426606230619 0.26802101572780435
191 28 380.0 382 13.785322744000005 7.96 0.006261714938955669 2.762116435348166 True False -0.017810508967923792 1.6862966554596153 0.14073787358045203 -0.12652256654226685 0.547426606230619 0.26802101572780435
191 29 380.0 382 14.140144513000006 7.96 0.006261714938955669 2.762116435348166 False True -0.017810508967923792 1.6862966554596153 0.14073787358045203 -0.12652256654226685 0.547426606230619 0.26802101572780435
191 30 392.0 394 14.739256145000006 7.96 0.006261714938955669 2.766035982912105 True False -0.017810508967923792 1.6862966554596153 0.14073787358045203 -0.12652256654226685 0.547426606230619 0.26802101572780435
191 31 392.0 394 15.105895379000007 7.96 0.006261714938955669 2.766035982912105 False True -0.017810508967923792 1.6862966554596153 0.14073787358045203 -0.12652256654226685 0.547426606230619 0.26802101572780435
191 32 404.0 406 15.700288332000007 7.96 0.006261714938955669 2.7698226945951907 True False -0.017810508967923792 1.6862966554596153 0.14073787358045203 -0.12652256654226685 0.547426606230619 0.26802101572780435
191 33 404.0 406 16.059494880000006 7.96 0.006261714938955669 2.7698226945951907 False True -0.017810508967923792 1.6862966554596153 0.14073787358045203 -0.12652256654226685 0.547426606230619 0.26802101572780435
191 34 416.0 418 16.644097902000006 7.96 0.006261714938955669 2.7734761772295435 True False -0.017810508967923792 1.6862966554596153 0.14073787358045203 -0.12652256654226685 0.547426606230619 0.26802101572780435
191 35 416.0 418 17.024950607000008 7.96 0.006261714938955669 2.7734761772295435 False True -0.017810508967923792 1.6862966554596153 0.14073787358045203 -0.12652256654226685 0.547426606230619 0.26802101572780435
191 36 428.0 430 17.606010036000008 7.96 0.006261714938955669 2.7769960509686373 True False -0.017810508967923792 1.6862966554596153 0.14073787358045203 -0.12652256654226685 0.547426606230619 0.26802101572780435
191 37 428.0 431 17.963980906000007 7.96 0.006261714938955669 2.7769960509686373 False True -0.017810508967923792 1.6862966554596153 0.14073787358045203 -0.12652256654226685 0.547426606230619 0.26802101572780435
191 38 440.0 443 18.561956474000006 7.96 0.006261714938955669 2.7803819493252657 True False -0.017810508967923792 1.6862966554596153 0.14073787358045203 -0.12652256654226685 0.547426606230619 0.26802101572780435
191 39 440.0 443 18.942576391000006 7.96 0.006261714938955669 2.7803819493252657 False True -0.017810508967923792 1.6862966554596153 0.14073787358045203 -0.12652256654226685 0.547426606230619 0.26802101572780435
191 40 452.0 455 19.521184722000005 7.96 0.006261714938955669 2.783633519208206 True False -0.017810508967923792 1.6862966554596153 0.14073787358045203 -0.12652256654226685 0.547426606230619 0.26802101572780435
191 41 452.0 455 19.861398186000006 7.96 0.006261714938955669 2.783633519208206 False True -0.017810508967923792 1.6862966554596153 0.14073787358045203 -0.12652256654226685 0.547426606230619 0.26802101572780435
191 42 464.0 467 20.441549403000007 7.96 0.006261714938955669 2.786750420957514 True False -0.017810508967923792 1.6862966554596153 0.14073787358045203 -0.12652256654226685 0.547426606230619 0.26802101572780435
191 43 464.0 467 20.817242287000006 7.96 0.006261714938955669 2.786750420957514 False True -0.017810508967923792 1.6862966554596153 0.14073787358045203 -0.12652256654226685 0.547426606230619 0.26802101572780435
191 44 476.0 479 21.402110730000004 7.96 0.006261714938955669 2.789732328378499 True False -0.017810508967923792 1.6862966554596153 0.14073787358045203 -0.12652256654226685 0.547426606230619 0.26802101572780435
191 45 476.0 479 21.757047181000004 7.96 0.006261714938955669 2.789732328378499 False True -0.017810508967923792 1.6862966554596153 0.14073787358045203 -0.12652256654226685 0.547426606230619 0.26802101572780435
191 46 488.0 491 22.340658734000005 7.96 0.006261714938955669 2.7925789287743408 True False -0.017810508967923792 1.6862966554596153 0.14073787358045203 -0.12652256654226685 0.547426606230619 0.26802101572780435
191 47 488.0 491 22.705756036000004 7.96 0.006261714938955669 2.7925789287743408 False True -0.017810508967923792 1.6862966554596153 0.14073787358045203 -0.12652256654226685 0.547426606230619 0.26802101572780435
191 48 500.0 503 23.300992279000003 7.96 0.006261714938955669 2.7952899229773553 True False -0.017810508967923792 1.6862966554596153 0.14073787358045203 -0.12652256654226685 0.547426606230619 0.26802101572780435
191 49 500.0 503 23.643824582000004 7.96 0.006261714938955669 2.7952899229773553 False True -0.017810508967923792 1.6862966554596153 0.14073787358045203 -0.12652256654226685 0.547426606230619 0.26802101572780435
191 50 512.0 515 24.237378068 7.96 0.006261714938955669 2.797865025378915 True False -0.017810508967923792 1.6862966554596153 0.14073787358045203 -0.12652256654226685 0.547426606230619 0.26802101572780435
191 51 512.0 515 24.603568273 7.96 0.006261714938955669 2.797865025378915 False True -0.017810508967923792 1.6862966554596153 0.14073787358045203 -0.12652256654226685 0.547426606230619 0.26802101572780435
191 52 524.0 527 25.203113456 7.96 0.006261714938955669 2.80030396395801 True False -0.017810508967923792 1.6862966554596153 0.14073787358045203 -0.12652256654226685 0.547426606230619 0.26802101572780435
191 53 524.0 527 25.559016619 7.96 0.006261714938955669 2.80030396395801 False True -0.017810508967923792 1.6862966554596153 0.14073787358045203 -0.12652256654226685 0.547426606230619 0.26802101572780435
191 54 536.0 539 26.1424491 7.96 0.006261714938955669 2.8026064803084405 True False -0.017810508967923792 1.6862966554596153 0.14073787358045203 -0.12652256654226685 0.547426606230619 0.26802101572780435
191 55 536.0 539 26.518229618000003 7.96 0.006261714938955669 2.8026064803084405 False True -0.017810508967923792 1.6862966554596153 0.14073787358045203 -0.12652256654226685 0.547426606230619 0.26802101572780435
191 56 548.0 551 27.103220014000005 7.96 0.006261714938955669 2.8047723296646767 True False -0.017810508967923792 1.6862966554596153 0.14073787358045203 -0.12652256654226685 0.547426606230619 0.26802101572780435
191 57 548.0 552 27.446024601000005 7.96 0.006261714938955669 2.8047723296646767 False True -0.017810508967923792 1.6862966554596153 0.14073787358045203 -0.12652256654226685 0.547426606230619 0.26802101572780435
191 58 560.0 564 28.025169828000003 7.96 0.006261714938955669 2.8068012809263116 True False -0.017810508967923792 1.6862966554596153 0.14073787358045203 -0.12652256654226685 0.547426606230619 0.26802101572780435
191 59 560.0 564 28.400221689000002 7.96 0.006261714938955669 2.8068012809263116 False True -0.017810508967923792 1.6862966554596153 0.14073787358045203 -0.12652256654226685 0.547426606230619 0.26802101572780435
191 60 572.0 576 28.981636489000003 7.96 0.006261714938955669 2.8086931166811864 True False -0.017810508967923792 1.6862966554596153 0.14073787358045203 -0.12652256654226685 0.547426606230619 0.26802101572780435
191 61 572.0 576 29.325758966000002 7.96 0.006261714938955669 2.8086931166811864 False True -0.017810508967923792 1.6862966554596153 0.14073787358045203 -0.12652256654226685 0.547426606230619 0.26802101572780435
191 62 584.0 588 29.921292129000005 7.96 0.006261714938955669 2.810447633227126 True False -0.017810508967923792 1.6862966554596153 0.14073787358045203 -0.12652256654226685 0.547426606230619 0.26802101572780435
191 63 584.0 588 30.300002310000007 7.96 0.006261714938955669 2.810447633227126 False True -0.017810508967923792 1.6862966554596153 0.14073787358045203 -0.12652256654226685 0.547426606230619 0.26802101572780435
191 64 596.0 600 30.898508198000012 7.96 0.006261714938955669 2.8120646405923138 True False -0.017810508967923792 1.6862966554596153 0.14073787358045203 -0.12652256654226685 0.547426606230619 0.26802101572780435
191 65 596.0 600 31.258175114000007 7.96 0.006261714938955669 2.8120646405923138 False True -0.017810508967923792 1.6862966554596153 0.14073787358045203 -0.12652256654226685 0.547426606230619 0.26802101572780435
191 66 608.0 612 31.857638315000013 7.96 0.006261714938955669 2.8135439625542733 True False -0.017810508967923792 1.6862966554596153 0.14073787358045203 -0.12652256654226685 0.547426606230619 0.26802101572780435
191 67 608.0 612 32.22509698800002 7.96 0.006261714938955669 2.8135439625542733 False True -0.017810508967923792 1.6862966554596153 0.14073787358045203 -0.12652256654226685 0.547426606230619 0.26802101572780435
191 68 620.0 624 32.821479844000024 7.96 0.006261714938955669 2.8148854366575136 True False -0.017810508967923792 1.6862966554596153 0.14073787358045203 -0.12652256654226685 0.547426606230619 0.26802101572780435
191 69 620.0 624 33.181867563000026 7.96 0.006261714938955669 2.8148854366575136 False True -0.017810508967923792 1.6862966554596153 0.14073787358045203 -0.12652256654226685 0.547426606230619 0.26802101572780435
191 70 632.0 636 33.777723671000025 7.96 0.006261714938955669 2.8160889142297565 True False -0.017810508967923792 1.6862966554596153 0.14073787358045203 -0.12652256654226685 0.547426606230619 0.26802101572780435
191 71 632.0 636 34.163749309000025 7.96 0.006261714938955669 2.8160889142297565 False True -0.017810508967923792 1.6862966554596153 0.14073787358045203 -0.12652256654226685 0.547426606230619 0.26802101572780435
191 72 644.0 648 34.76373285300002 7.96 0.006261714938955669 2.8171542603968116 True False -0.017810508967923792 1.6862966554596153 0.14073787358045203 -0.12652256654226685 0.547426606230619 0.26802101572780435
191 73 644.0 648 35.11918004600002 7.96 0.006261714938955669 2.8171542603968116 False True -0.017810508967923792 1.6862966554596153 0.14073787358045203 -0.12652256654226685 0.547426606230619 0.26802101572780435
191 74 656.0 660 35.72453345200002 7.96 0.006261714938955669 2.8180813540960554 True False -0.017810508967923792 1.6862966554596153 0.14073787358045203 -0.12652256654226685 0.547426606230619 0.26802101572780435
191 75 656.0 660 36.11964929200002 7.96 0.006261714938955669 2.8180813540960554 False True -0.017810508967923792 1.6862966554596153 0.14073787358045203 -0.12652256654226685 0.547426606230619 0.26802101572780435
191 76 668.0 672 36.72471847000002 7.96 0.006261714938955669 2.8188700880885484 True False -0.017810508967923792 1.6862966554596153 0.14073787358045203 -0.12652256654226685 0.547426606230619 0.26802101572780435
191 77 668.0 673 37.08204727800002 7.96 0.006261714938955669 2.8188700880885484 False True -0.017810508967923792 1.6862966554596153 0.14073787358045203 -0.12652256654226685 0.547426606230619 0.26802101572780435
191 78 680.0 685 37.68185275700002 7.96 0.006261714938955669 2.8195203689697537 True False -0.017810508967923792 1.6862966554596153 0.14073787358045203 -0.12652256654226685 0.547426606230619 0.26802101572780435
191 79 680.0 685 38.060547677000024 7.96 0.006261714938955669 2.8195203689697537 False True -0.017810508967923792 1.6862966554596153 0.14073787358045203 -0.12652256654226685 0.547426606230619 0.26802101572780435
191 80 692.0 697 38.64421077700002 7.96 0.006261714938955669 2.8200321171788723 True False -0.017810508967923792 1.6862966554596153 0.14073787358045203 -0.12652256654226685 0.547426606230619 0.26802101572780435
191 81 692.0 697 39.000381869000016 7.96 0.006261714938955669 2.8200321171788723 False True -0.017810508967923792 1.6862966554596153 0.14073787358045203 -0.12652256654226685 0.547426606230619 0.26802101572780435
191 82 704.0 709 39.583446725000016 7.96 0.006261714938955669 2.8204052670068083 True False -0.017810508967923792 1.6862966554596153 0.14073787358045203 -0.12652256654226685 0.547426606230619 0.26802101572780435
191 83 704.0 709 39.96064007800002 7.96 0.006261714938955669 2.8204052670068083 False True -0.017810508967923792 1.6862966554596153 0.14073787358045203 -0.12652256654226685 0.547426606230619 0.26802101572780435
191 84 716.0 721 40.55651549500001 7.96 0.006261714938955669 2.820639766602733 True False -0.017810508967923792 1.6862966554596153 0.14073787358045203 -0.12652256654226685 0.547426606230619 0.26802101572780435
191 85 716.0 721 40.91526165600001 7.96 0.006261714938955669 2.820639766602733 False True -0.017810508967923792 1.6862966554596153 0.14073787358045203 -0.12652256654226685 0.547426606230619 0.26802101572780435
191 86 728.0 733 41.49513472400002 7.96 0.006261714938955669 2.820735577979272 True False -0.017810508967923792 1.6862966554596153 0.14073787358045203 -0.12652256654226685 0.547426606230619 0.26802101572780435
191 87 728.0 733 41.850417872000016 7.96 0.006261714938955669 2.820735577979272 False True -0.017810508967923792 1.6862966554596153 0.14073787358045203 -0.12652256654226685 0.547426606230619 0.26802101572780435
191 88 740.0 745 42.46428623000002 7.96 0.006261714938955669 2.8206926770163023 True False -0.017810508967923792 1.6862966554596153 0.14073787358045203 -0.12652256654226685 0.547426606230619 0.26802101572780435
191 89 740.0 745 42.84077904500002 7.96 0.006261714938955669 2.8206926770163023 False True -0.017810508967923792 1.6862966554596153 0.14073787358045203 -0.12652256654226685 0.547426606230619 0.26802101572780435
191 90 752.0 757 43.43508903700002 7.96 0.006261714938955669 2.820511053463365 True False -0.017810508967923792 1.6862966554596153 0.14073787358045203 -0.12652256654226685 0.547426606230619 0.26802101572780435
191 91 752.0 757 43.79749948000002 7.96 0.006261714938955669 2.820511053463365 False True -0.017810508967923792 1.6862966554596153 0.14073787358045203 -0.12652256654226685 0.547426606230619 0.26802101572780435
191 92 764.0 769 44.38316049700002 7.96 0.006261714938955669 2.820190710940696 True False -0.017810508967923792 1.6862966554596153 0.14073787358045203 -0.12652256654226685 0.547426606230619 0.26802101572780435
191 93 764.0 769 44.757487267000016 7.96 0.006261714938955669 2.820190710940696 False True -0.017810508967923792 1.6862966554596153 0.14073787358045203 -0.12652256654226685 0.547426606230619 0.26802101572780435
191 94 776.0 781 45.343554468000015 7.96 0.006261714938955669 2.819731666938849 True False -0.017810508967923792 1.6862966554596153 0.14073787358045203 -0.12652256654226685 0.547426606230619 0.26802101572780435
191 95 776.0 781 45.71584893300001 7.96 0.006261714938955669 2.819731666938849 False True -0.017810508967923792 1.6862966554596153 0.14073787358045203 -0.12652256654226685 0.547426606230619 0.26802101572780435
191 96 788.0 793 46.31561274900001 7.96 0.006261714938955669 2.819133952816962 True False -0.017810508967923792 1.6862966554596153 0.14073787358045203 -0.12652256654226685 0.547426606230619 0.26802101572780435
191 97 788.0 794 46.68075012800001 7.96 0.006261714938955669 2.819133952816962 False True -0.017810508967923792 1.6862966554596153 0.14073787358045203 -0.12652256654226685 0.547426606230619 0.26802101572780435
191 98 800.0 806 47.27390288000001 7.96 0.006261714938955669 2.8183976137996125 True False -0.017810508967923792 1.6862966554596153 0.14073787358045203 -0.12652256654226685 0.547426606230619 0.26802101572780435
191 99 800.0 806 47.63317244200001 7.96 0.006261714938955669 2.8183976137996125 False True -0.017810508967923792 1.6862966554596153 0.14073787358045203 -0.12652256654226685 0.547426606230619 0.26802101572780435
191 100 812.0 818 48.23274811300001 7.96 0.006261714938955669 2.8175227089723007 True False -0.017810508967923792 1.6862966554596153 0.14073787358045203 -0.12652256654226685 0.547426606230619 0.26802101572780435
191 101 812.0 818 48.614179967000005 7.96 0.006261714938955669 2.8175227089723007 False True -0.017810508967923792 1.6862966554596153 0.14073787358045203 -0.12652256654226685 0.547426606230619 0.26802101572780435
191 102 824.0 830 49.19635260900001 7.96 0.006261714938955669 2.816509311275534 True False -0.017810508967923792 1.6862966554596153 0.14073787358045203 -0.12652256654226685 0.547426606230619 0.26802101572780435
191 103 824.0 830 49.572171714000014 7.96 0.006261714938955669 2.816509311275534 False True -0.017810508967923792 1.6862966554596153 0.14073787358045203 -0.12652256654226685 0.547426606230619 0.26802101572780435
191 104 836.0 842 50.18006701900001 7.96 0.006261714938955669 2.815357507497536 True False -0.017810508967923792 1.6862966554596153 0.14073787358045203 -0.12652256654226685 0.547426606230619 0.26802101572780435
191 105 836.0 842 50.56009122600002 7.96 0.006261714938955669 2.815357507497536 False True -0.017810508967923792 1.6862966554596153 0.14073787358045203 -0.12652256654226685 0.547426606230619 0.26802101572780435
191 106 848.0 854 51.15876939600002 7.96 0.006261714938955669 2.8140673982655704 True False -0.017810508967923792 1.6862966554596153 0.14073787358045203 -0.12652256654226685 0.547426606230619 0.26802101572780435
191 107 848.0 854 51.52099302300002 7.96 0.006261714938955669 2.8140673982655704 False True -0.017810508967923792 1.6862966554596153 0.14073787358045203 -0.12652256654226685 0.547426606230619 0.26802101572780435
191 108 860.0 866 52.154305311000016 7.96 0.006261714938955669 2.812639098035875 True False -0.017810508967923792 1.6862966554596153 0.14073787358045203 -0.12652256654226685 0.547426606230619 0.26802101572780435
191 109 860.0 866 52.54203186600001 7.96 0.006261714938955669 2.812639098035875 False True -0.017810508967923792 1.6862966554596153 0.14073787358045203 -0.12652256654226685 0.547426606230619 0.26802101572780435
191 110 872.0 878 53.13868440200001 7.96 0.006261714938955669 2.811072735082215 True False -0.017810508967923792 1.6862966554596153 0.14073787358045203 -0.12652256654226685 0.547426606230619 0.26802101572780435
191 111 872.0 878 53.51269383000001 7.96 0.006261714938955669 2.811072735082215 False True -0.017810508967923792 1.6862966554596153 0.14073787358045203 -0.12652256654226685 0.547426606230619 0.26802101572780435
191 112 884.0 890 54.13566764600001 7.96 0.006261714938955669 2.8093684514830586 True False -0.017810508967923792 1.6862966554596153 0.14073787358045203 -0.12652256654226685 0.547426606230619 0.26802101572780435
191 113 884.0 890 54.51052710000001 7.96 0.006261714938955669 2.8093684514830586 False True -0.017810508967923792 1.6862966554596153 0.14073787358045203 -0.12652256654226685 0.547426606230619 0.26802101572780435
191 114 896.0 902 55.09577306900001 7.96 0.006261714938955669 2.8075264031073695 True False -0.017810508967923792 1.6862966554596153 0.14073787358045203 -0.12652256654226685 0.547426606230619 0.26802101572780435
191 115 896.0 902 55.45613635500001 7.96 0.006261714938955669 2.8075264031073695 False True -0.017810508967923792 1.6862966554596153 0.14073787358045203 -0.12652256654226685 0.547426606230619 0.26802101572780435
191 116 908.0 914 56.07588800300001 7.96 0.006261714938955669 2.8055467595990153 True False -0.017810508967923792 1.6862966554596153 0.14073787358045203 -0.12652256654226685 0.547426606230619 0.26802101572780435
191 117 908.0 915 56.45044071000001 7.96 0.006261714938955669 2.8055467595990153 False True -0.017810508967923792 1.6862966554596153 0.14073787358045203 -0.12652256654226685 0.547426606230619 0.26802101572780435
191 118 920.0 927 57.04556548300001 7.96 0.006261714938955669 2.80342970435981 True False -0.017810508967923792 1.6862966554596153 0.14073787358045203 -0.12652256654226685 0.547426606230619 0.26802101572780435
191 119 920.0 927 57.40403945200001 7.96 0.006261714938955669 2.80342970435981 False True -0.017810508967923792 1.6862966554596153 0.14073787358045203 -0.12652256654226685 0.547426606230619 0.26802101572780435
191 120 932.0 939 58.012717946000016 7.96 0.006261714938955669 2.8011754345311664 True False -0.017810508967923792 1.6862966554596153 0.14073787358045203 -0.12652256654226685 0.547426606230619 0.26802101572780435
191 121 932.0 939 58.38389700200001 7.96 0.006261714938955669 2.8011754345311664 False True -0.017810508967923792 1.6862966554596153 0.14073787358045203 -0.12652256654226685 0.547426606230619 0.26802101572780435
191 122 944.0 951 58.96642747800001 7.96 0.006261714938955669 2.798784160974388 True False -0.017810508967923792 1.6862966554596153 0.14073787358045203 -0.12652256654226685 0.547426606230619 0.26802101572780435
191 123 944.0 951 59.32571158400001 7.96 0.006261714938955669 2.798784160974388 False True -0.017810508967923792 1.6862966554596153 0.14073787358045203 -0.12652256654226685 0.547426606230619 0.26802101572780435
191 124 956.0 963 59.93263606900001 7.96 0.006261714938955669 2.7962561082495774 True False -0.017810508967923792 1.6862966554596153 0.14073787358045203 -0.12652256654226685 0.547426606230619 0.26802101572780435
191 125 956.0 963 60.30723752400001 7.96 0.006261714938955669 2.7962561082495774 False True -0.017810508967923792 1.6862966554596153 0.14073787358045203 -0.12652256654226685 0.547426606230619 0.26802101572780435
191 126 968.0 975 60.89147363000001 7.96 0.006261714938955669 2.6876905406613267 True False -0.017810508967923792 1.6862966554596153 0.14073787358045203 -0.12652256654226685 0.547426606230619 0.26802101572780435
191 127 968.0 975 61.263403992 7.96 0.006261714938955669 2.6876905406613267 False True -0.017810508967923792 1.6862966554596153 0.14073787358045203 -0.12652256654226685 0.547426606230619 0.26802101572780435
191 128 980.0 987 61.883452303999995 7.96 0.006261714938955669 2.681709792333846 True False -0.017810508967923792 1.6862966554596153 0.14073787358045203 -0.12652256654226685 0.547426606230619 0.26802101572780435
191 129 980.0 987 62.245382934 7.96 0.006261714938955669 2.681709792333846 False True -0.017810508967923792 1.6862966554596153 0.14073787358045203 -0.12652256654226685 0.547426606230619 0.26802101572780435
191 130 992.0 999 62.872324911 7.96 0.006261714938955669 2.6756048869502282 True False -0.017810508967923792 1.6862966554596153 0.14073787358045203 -0.12652256654226685 0.547426606230619 0.26802101572780435
191 131 992.0 999 63.263142368999986 7.96 0.006261714938955669 2.6756048869502282 False True -0.017810508967923792 1.6862966554596153 0.14073787358045203 -0.12652256654226685 0.547426606230619 0.26802101572780435
191 132 1004.0 1011 63.86728103999999 7.96 0.006261714938955669 2.669376449469712 True False -0.017810508967923792 1.6862966554596153 0.14073787358045203 -0.12652256654226685 0.547426606230619 0.26802101572780435
191 133 1004.0 1011 64.226231749 7.96 0.006261714938955669 2.669376449469712 False True -0.017810508967923792 1.6862966554596153 0.14073787358045203 -0.12652256654226685 0.547426606230619 0.26802101572780435
191 134 1016.0 1023 64.848124511 7.96 0.006261714938955669 1.9663052309087106 True False -0.017810508967923792 1.6862966554596153 0.14073787358045203 -0.12652256654226685 0.547426606230619 0.26802101572780435
191 135 1016.0 1023 65.229826945 7.96 0.006261714938955669 1.9663052309087106 False True -0.017810508967923792 1.6862966554596153 0.14073787358045203 -0.12652256654226685 0.547426606230619 0.26802101572780435
191 136 1028.0 1035 65.844021359 7.96 0.006261714938955669 1.9907921230006127 True False -0.017810508967923792 1.6862966554596153 0.14073787358045203 -0.12652256654226685 0.547426606230619 0.26802101572780435
191 137 1028.0 1036 66.19024580199999 7.96 0.006261714938955669 1.9907921230006127 False True -0.017810508967923792 1.6862966554596153 0.14073787358045203 -0.12652256654226685 0.547426606230619 0.26802101572780435
191 138 1040.0 1048 66.80861565999999 7.96 0.006261714938955669 2.663025117203191 True False -0.017810508967923792 1.6862966554596153 0.14073787358045203 -0.12652256654226685 0.547426606230619 0.26802101572780435
191 139 1040.0 1048 67.20330019099998 7.96 0.006261714938955669 2.663025117203191 False True -0.017810508967923792 1.6862966554596153 0.14073787358045203 -0.12652256654226685 0.547426606230619 0.26802101572780435
191 140 1052.0 1060 67.80755870899999 7.96 0.006261714938955669 2.6565515397494903 True False -0.017810508967923792 1.6862966554596153 0.14073787358045203 -0.12652256654226685 0.547426606230619 0.26802101572780435
191 141 1052.0 1060 68.16411711199999 7.96 0.006261714938955669 2.6565515397494903 False True -0.017810508967923792 1.6862966554596153 0.14073787358045203 -0.12652256654226685 0.547426606230619 0.26802101572780435
191 142 1064.0 1072 68.76463208299998 7.96 0.006261714938955669 2.649956378930408 True False -0.017810508967923792 1.6862966554596153 0.14073787358045203 -0.12652256654226685 0.547426606230619 0.26802101572780435
191 143 1064.0 1072 69.12764616799998 7.96 0.006261714938955669 2.649956378930408 False True -0.017810508967923792 1.6862966554596153 0.14073787358045203 -0.12652256654226685 0.547426606230619 0.26802101572780435
191 144 1076.0 1084 69.72375783499999 7.96 0.006261714938955669 2.6432403087245246 True False -0.017810508967923792 1.6862966554596153 0.14073787358045203 -0.12652256654226685 0.547426606230619 0.26802101572780435
191 145 1076.0 1084 70.06950441299999 7.96 0.006261714938955669 2.6432403087245246 False True -0.017810508967923792 1.6862966554596153 0.14073787358045203 -0.12652256654226685 0.547426606230619 0.26802101572780435
191 146 1088.0 1096 70.70273791199999 7.96 0.006261714938955669 2.636404015199815 True False -0.017810508967923792 1.6862966554596153 0.14073787358045203 -0.12652256654226685 0.547426606230619 0.26802101572780435
191 147 1088.0 1096 71.08456633899999 7.96 0.006261714938955669 2.636404015199815 False True -0.017810508967923792 1.6862966554596153 0.14073787358045203 -0.12652256654226685 0.547426606230619 0.26802101572780435
191 148 1100.0 1108 71.68799769099999 7.96 0.006261714938955669 2.629448196445037 True False -0.017810508967923792 1.6862966554596153 0.14073787358045203 -0.12652256654226685 0.547426606230619 0.26802101572780435
191 149 1100.0 1108 72.049196009 7.96 0.006261714938955669 2.629448196445037 False True -0.017810508967923792 1.6862966554596153 0.14073787358045203 -0.12652256654226685 0.547426606230619 0.26802101572780435
191 150 1112.0 1120 72.66467004500001 7.96 0.006261714938955669 2.6223735624999303 True False -0.017810508967923792 1.6862966554596153 0.14073787358045203 -0.12652256654226685 0.547426606230619 0.26802101572780435
191 151 1112.0 1120 73.042830011 7.96 0.006261714938955669 2.6223735624999303 False True -0.017810508967923792 1.6862966554596153 0.14073787358045203 -0.12652256654226685 0.547426606230619 0.26802101572780435
191 152 1124.0 1132 73.62840451000001 7.96 0.006261714938955669 2.6151808352842036 True False -0.017810508967923792 1.6862966554596153 0.14073787358045203 -0.12652256654226685 0.547426606230619 0.26802101572780435
191 153 1124.0 1132 73.98644263900002 7.96 0.006261714938955669 2.6151808352842036 False True -0.017810508967923792 1.6862966554596153 0.14073787358045203 -0.12652256654226685 0.547426606230619 0.26802101572780435
191 154 1136.0 1144 74.56315373400002 7.96 0.006261714938955669 2.6078707485253503 True False -0.017810508967923792 1.6862966554596153 0.14073787358045203 -0.12652256654226685 0.547426606230619 0.26802101572780435
191 155 1136.0 1144 74.92606755600002 7.96 0.006261714938955669 2.6078707485253503 False True -0.017810508967923792 1.6862966554596153 0.14073787358045203 -0.12652256654226685 0.547426606230619 0.26802101572780435
191 156 1148.0 1156 75.50956102400002 7.96 0.006261714938955669 2.600444047685271 True False -0.017810508967923792 1.6862966554596153 0.14073787358045203 -0.12652256654226685 0.547426606230619 0.26802101572780435
191 157 1148.0 1157 75.87117686600003 7.96 0.006261714938955669 2.600444047685271 False True -0.017810508967923792 1.6862966554596153 0.14073787358045203 -0.12652256654226685 0.547426606230619 0.26802101572780435
191 158 1160.0 1169 76.46193266600002 7.96 0.006261714938955669 2.5929014898857363 True False -0.017810508967923792 1.6862966554596153 0.14073787358045203 -0.12652256654226685 0.547426606230619 0.26802101572780435
191 159 1160.0 1169 76.82824857100003 7.96 0.006261714938955669 2.5929014898857363 False True -0.017810508967923792 1.6862966554596153 0.14073787358045203 -0.12652256654226685 0.547426606230619 0.26802101572780435
191 160 1172.0 1181 77.42667338500003 7.96 0.006261714938955669 2.5852438438326684 True False -0.017810508967923792 1.6862966554596153 0.14073787358045203 -0.12652256654226685 0.547426606230619 0.26802101572780435
191 161 1172.0 1181 77.78615158300003 7.96 0.006261714938955669 2.5852438438326684 False True -0.017810508967923792 1.6862966554596153 0.14073787358045203 -0.12652256654226685 0.547426606230619 0.26802101572780435
191 162 1184.0 1193 78.36534016500003 7.96 0.006261714938955669 2.5774718897392717 True False -0.017810508967923792 1.6862966554596153 0.14073787358045203 -0.12652256654226685 0.547426606230619 0.26802101572780435
191 163 1184.0 1193 78.72975772400004 7.96 0.006261714938955669 2.5774718897392717 False True -0.017810508967923792 1.6862966554596153 0.14073787358045203 -0.12652256654226685 0.547426606230619 0.26802101572780435
191 164 1196.0 1205 79.32431803000003 7.96 0.006261714938955669 2.5695864192480156 True False -0.017810508967923792 1.6862966554596153 0.14073787358045203 -0.12652256654226685 0.547426606230619 0.26802101572780435
191 165 1196.0 1205 79.68476091000002 7.96 0.006261714938955669 2.5695864192480156 False True -0.017810508967923792 1.6862966554596153 0.14073787358045203 -0.12652256654226685 0.547426606230619 0.26802101572780435
191 166 1208.0 1217 80.26711364700003 7.96 0.006261714938955669 2.793591514593188 True False -0.017810508967923792 1.6862966554596153 0.14073787358045203 -0.12652256654226685 0.547426606230619 0.26802101572780435
191 167 1208.0 1217 80.64329652900003 7.96 0.006261714938955669 2.793591514593188 False True -0.017810508967923792 1.6862966554596153 0.14073787358045203 -0.12652256654226685 0.547426606230619 0.26802101572780435
191 168 1220.0 1229 81.24240521300003 7.96 0.006261714938955669 2.7907906318941897 True False -0.017810508967923792 1.6862966554596153 0.14073787358045203 -0.12652256654226685 0.547426606230619 0.26802101572780435
191 169 1220.0 1229 81.60159491100003 7.96 0.006261714938955669 2.7907906318941897 False True -0.017810508967923792 1.6862966554596153 0.14073787358045203 -0.12652256654226685 0.547426606230619 0.26802101572780435
191 170 1232.0 1241 82.18227150800004 7.96 0.006261714938955669 2.7878537256688936 True False -0.017810508967923792 1.6862966554596153 0.14073787358045203 -0.12652256654226685 0.547426606230619 0.26802101572780435
191 171 1232.0 1241 82.54857782500005 7.96 0.006261714938955669 2.7878537256688936 False True -0.017810508967923792 1.6862966554596153 0.14073787358045203 -0.12652256654226685 0.547426606230619 0.26802101572780435
191 172 1244.0 1253 83.14448916700005 7.96 0.006261714938955669 2.7847810750343878 True False -0.017810508967923792 1.6862966554596153 0.14073787358045203 -0.12652256654226685 0.547426606230619 0.26802101572780435
191 173 1244.0 1253 83.50415712600005 7.96 0.006261714938955669 2.7847810750343878 False True -0.017810508967923792 1.6862966554596153 0.14073787358045203 -0.12652256654226685 0.547426606230619 0.26802101572780435
191 174 1256.0 1265 84.08445791000004 7.96 0.006261714938955669 2.7815729726806344 True False -0.017810508967923792 1.6862966554596153 0.14073787358045203 -0.12652256654226685 0.547426606230619 0.26802101572780435
191 175 1256.0 1265 84.44820242900003 7.96 0.006261714938955669 2.7815729726806344 False True -0.017810508967923792 1.6862966554596153 0.14073787358045203 -0.12652256654226685 0.547426606230619 0.26802101572780435
191 176 1268.0 1277 85.04690053300003 7.96 0.006261714938955669 2.778229724841192 True False -0.017810508967923792 1.6862966554596153 0.14073787358045203 -0.12652256654226685 0.547426606230619 0.26802101572780435
191 177 1268.0 1278 85.41012164000003 7.96 0.006261714938955669 2.778229724841192 False True -0.017810508967923792 1.6862966554596153 0.14073787358045203 -0.12652256654226685 0.547426606230619 0.26802101572780435
191 178 1280.0 1290 86.00385242800003 7.96 0.006261714938955669 2.774751651262603 True False -0.017810508967923792 1.6862966554596153 0.14073787358045203 -0.12652256654226685 0.547426606230619 0.26802101572780435
191 179 1280.0 1290 86.36766642600003 7.96 0.006261714938955669 2.774751651262603 False True -0.017810508967923792 1.6862966554596153 0.14073787358045203 -0.12652256654226685 0.547426606230619 0.26802101572780435
191 180 1292.0 1302 86.96278964000003 7.96 0.006261714938955669 2.771139085172411 True False -0.017810508967923792 1.6862966554596153 0.14073787358045203 -0.12652256654226685 0.547426606230619 0.26802101572780435
191 181 1292.0 1302 87.32447100700003 7.96 0.006261714938955669 2.771139085172411 False True -0.017810508967923792 1.6862966554596153 0.14073787358045203 -0.12652256654226685 0.547426606230619 0.26802101572780435
191 182 1304.0 1314 87.90740083800003 7.96 0.006261714938955669 2.7673923732458414 True False -0.017810508967923792 1.6862966554596153 0.14073787358045203 -0.12652256654226685 0.547426606230619 0.26802101572780435
191 183 1304.0 1314 88.28436399100003 7.96 0.006261714938955669 2.7673923732458414 False True -0.017810508967923792 1.6862966554596153 0.14073787358045203 -0.12652256654226685 0.547426606230619 0.26802101572780435
191 184 1316.0 1326 88.96526254400004 7.96 0.006261714938955669 2.7635118755711354 True False -0.017810508967923792 1.6862966554596153 0.14073787358045203 -0.12652256654226685 0.547426606230619 0.26802101572780435
191 185 1316.0 1326 89.32703253100004 7.96 0.006261714938955669 2.7635118755711354 False True -0.017810508967923792 1.6862966554596153 0.14073787358045203 -0.12652256654226685 0.547426606230619 0.26802101572780435
191 186 1328.0 1338 89.90552317800004 7.96 0.006261714938955669 2.759497965613537 True False -0.017810508967923792 1.6862966554596153 0.14073787358045203 -0.12652256654226685 0.547426606230619 0.26802101572780435
191 187 1328.0 1338 90.27226274500003 7.96 0.006261714938955669 2.759497965613537 False True -0.017810508967923792 1.6862966554596153 0.14073787358045203 -0.12652256654226685 0.547426606230619 0.26802101572780435
191 188 1340.0 1350 90.87172794200004 7.96 0.006261714938955669 2.7553510301779505 True False -0.017810508967923792 1.6862966554596153 0.14073787358045203 -0.12652256654226685 0.547426606230619 0.26802101572780435
191 189 1340.0 1350 91.24333309300003 7.96 0.006261714938955669 2.7553510301779505 False True -0.017810508967923792 1.6862966554596153 0.14073787358045203 -0.12652256654226685 0.547426606230619 0.26802101572780435
191 190 1352.0 1362 91.81235166600003 7.96 0.006261714938955669 2.7510714693702547 True False -0.017810508967923792 1.6862966554596153 0.14073787358045203 -0.12652256654226685 0.547426606230619 0.26802101572780435
191 191 1352.0 1362 92.18708462300002 7.96 0.006261714938955669 2.7510714693702547 False True -0.017810508967923792 1.6862966554596153 0.14073787358045203 -0.12652256654226685 0.547426606230619 0.26802101572780435
191 192 1364.0 1374 92.77056409100001 7.96 0.006261714938955669 2.7466596965573067 True False -0.017810508967923792 1.6862966554596153 0.14073787358045203 -0.12652256654226685 0.547426606230619 0.26802101572780435
191 193 1364.0 1374 93.12984326100002 7.96 0.006261714938955669 2.7466596965573067 False True -0.017810508967923792 1.6862966554596153 0.14073787358045203 -0.12652256654226685 0.547426606230619 0.26802101572780435
191 194 1376.0 1386 93.72232317200002 7.96 0.006261714938955669 2.742116138325584 True False -0.017810508967923792 1.6862966554596153 0.14073787358045203 -0.12652256654226685 0.547426606230619 0.26802101572780435
191 195 1376.0 1386 94.08625037000002 7.96 0.006261714938955669 2.742116138325584 False True -0.017810508967923792 1.6862966554596153 0.14073787358045203 -0.12652256654226685 0.547426606230619 0.26802101572780435
191 196 1388.0 1398 94.66944716900002 7.96 0.006261714938955669 2.7374412344385415 True False -0.017810508967923792 1.6862966554596153 0.14073787358045203 -0.12652256654226685 0.547426606230619 0.26802101572780435
191 197 1388.0 1399 95.07291471800002 7.96 0.006261714938955669 2.7374412344385415 False True -0.017810508967923792 1.6862966554596153 0.14073787358045203 -0.12652256654226685 0.547426606230619 0.26802101572780435
191 198 1400.0 1411 95.64667744700002 7.96 0.006261714938955669 2.7326354377926365 True False -0.017810508967923792 1.6862966554596153 0.14073787358045203 -0.12652256654226685 0.547426606230619 0.26802101572780435
191 199 1400.0 1411 96.01895745400002 7.96 0.006261714938955669 2.7326354377926365 False True -0.017810508967923792 1.6862966554596153 0.14073787358045203 -0.12652256654226685 0.547426606230619 0.26802101572780435
191 200 1412.0 1423 96.599955155 7.96 0.006261714938955669 2.7276992143720236 True False -0.017810508967923792 1.6862966554596153 0.14073787358045203 -0.12652256654226685 0.547426606230619 0.26802101572780435
191 201 1412.0 1423 96.958614639 7.96 0.006261714938955669 2.7276992143720236 False True -0.017810508967923792 1.6862966554596153 0.14073787358045203 -0.12652256654226685 0.547426606230619 0.26802101572780435
191 202 1424.0 1435 97.524170888 7.96 0.006261714938955669 2.722633043201979 True False -0.017810508967923792 1.6862966554596153 0.14073787358045203 -0.12652256654226685 0.547426606230619 0.26802101572780435
191 203 1424.0 1435 97.89914069800001 7.96 0.006261714938955669 2.722633043201979 False True -0.017810508967923792 1.6862966554596153 0.14073787358045203 -0.12652256654226685 0.547426606230619 0.26802101572780435
191 204 1436.0 1447 98.49946475600001 7.96 0.006261714938955669 2.7174374163009767 True False -0.017810508967923792 1.6862966554596153 0.14073787358045203 -0.12652256654226685 0.547426606230619 0.26802101572780435
191 205 1436.0 1447 98.86164719700001 7.96 0.006261714938955669 2.7174374163009767 False True -0.017810508967923792 1.6862966554596153 0.14073787358045203 -0.12652256654226685 0.547426606230619 0.26802101572780435
191 206 1448.0 1459 99.442582318 7.96 0.006261714938955669 2.712112838631499 True False -0.017810508967923792 1.6862966554596153 0.14073787358045203 -0.12652256654226685 0.547426606230619 0.26802101572780435
191 207 1448.0 1459 99.80589054400001 7.96 0.006261714938955669 2.712112838631499 False True -0.017810508967923792 1.6862966554596153 0.14073787358045203 -0.12652256654226685 0.547426606230619 0.26802101572780435
191 208 1460.0 1471 100.40052036300001 7.96 0.006261714938955669 2.706659828049538 True False -0.017810508967923792 1.6862966554596153 0.14073787358045203 -0.12652256654226685 0.547426606230619 0.26802101572780435
191 209 1460.0 1471 100.75825011400002 7.96 0.006261714938955669 2.706659828049538 False True -0.017810508967923792 1.6862966554596153 0.14073787358045203 -0.12652256654226685 0.547426606230619 0.26802101572780435
191 210 1472.0 1483 101.32684423800002 7.96 0.006261714938955669 2.701078915252815 True False -0.017810508967923792 1.6862966554596153 0.14073787358045203 -0.12652256654226685 0.547426606230619 0.26802101572780435
191 211 1472.0 1483 101.70108489700002 7.96 0.006261714938955669 2.701078915252815 False True -0.017810508967923792 1.6862966554596153 0.14073787358045203 -0.12652256654226685 0.547426606230619 0.26802101572780435
191 212 1484.0 1495 102.28511513400001 7.96 0.006261714938955669 2.6953706437276974 True False -0.017810508967923792 1.6862966554596153 0.14073787358045203 -0.12652256654226685 0.547426606230619 0.26802101572780435
191 213 1484.0 1495 102.64634526 7.96 0.006261714938955669 2.6953706437276974 False True -0.017810508967923792 1.6862966554596153 0.14073787358045203 -0.12652256654226685 0.547426606230619 0.26802101572780435
191 214 1496.0 1507 103.240028068 7.96 0.006261714938955669 2.689535569694868 True False -0.017810508967923792 1.6862966554596153 0.14073787358045203 -0.12652256654226685 0.547426606230619 0.26802101572780435
191 215 1496.0 1507 103.602026656 7.96 0.006261714938955669 2.689535569694868 False True -0.017810508967923792 1.6862966554596153 0.14073787358045203 -0.12652256654226685 0.547426606230619 0.26802101572780435
191 216 1508.0 1519 104.197560381 7.96 0.006261714938955669 2.6835742620536864 True False -0.017810508967923792 1.6862966554596153 0.14073787358045203 -0.12652256654226685 0.547426606230619 0.26802101572780435
191 217 1508.0 1520 104.55841274400001 7.96 0.006261714938955669 2.6835742620536864 False True -0.017810508967923792 1.6862966554596153 0.14073787358045203 -0.12652256654226685 0.547426606230619 0.26802101572780435
191 218 1520.0 1532 105.14077355 7.96 0.006261714938955669 2.6774873023253134 True False -0.017810508967923792 1.6862966554596153 0.14073787358045203 -0.12652256654226685 0.547426606230619 0.26802101572780435
191 219 1520.0 1532 105.50637576300001 7.96 0.006261714938955669 2.6774873023253134 False True -0.017810508967923792 1.6862966554596153 0.14073787358045203 -0.12652256654226685 0.547426606230619 0.26802101572780435
191 220 1532.0 1544 106.11657489900001 7.96 0.006261714938955669 2.6712752845945498 True False -0.017810508967923792 1.6862966554596153 0.14073787358045203 -0.12652256654226685 0.547426606230619 0.26802101572780435
191 221 1532.0 1544 106.47997621400002 7.96 0.006261714938955669 2.6712752845945498 False True -0.017810508967923792 1.6862966554596153 0.14073787358045203 -0.12652256654226685 0.547426606230619 0.26802101572780435
191 222 1544.0 1556 107.07563075300001 7.96 0.006261714938955669 2.664938815450437 True False -0.017810508967923792 1.6862966554596153 0.14073787358045203 -0.12652256654226685 0.547426606230619 0.26802101572780435
191 223 1544.0 1556 107.442805284 7.96 0.006261714938955669 2.664938815450437 False True -0.017810508967923792 1.6862966554596153 0.14073787358045203 -0.12652256654226685 0.547426606230619 0.26802101572780435
191 224 1556.0 1568 108.04091971100002 7.96 0.006261714938955669 2.658478513925587 True False -0.017810508967923792 1.6862966554596153 0.14073787358045203 -0.12652256654226685 0.547426606230619 0.26802101572780435
191 225 1556.0 1568 108.40085153100001 7.96 0.006261714938955669 2.658478513925587 False True -0.017810508967923792 1.6862966554596153 0.14073787358045203 -0.12652256654226685 0.547426606230619 0.26802101572780435
191 226 1568.0 1580 108.99581296000001 7.96 0.006261714938955669 2.6518950114342856 True False -0.017810508967923792 1.6862966554596153 0.14073787358045203 -0.12652256654226685 0.547426606230619 0.26802101572780435
191 227 1568.0 1580 109.36335464200002 7.96 0.006261714938955669 2.6518950114342856 False True -0.017810508967923792 1.6862966554596153 0.14073787358045203 -0.12652256654226685 0.547426606230619 0.26802101572780435
191 228 1580.0 1592 109.96466388800002 7.96 0.006261714938955669 2.645188951709358 True False -0.017810508967923792 1.6862966554596153 0.14073787358045203 -0.12652256654226685 0.547426606230619 0.26802101572780435
191 229 1580.0 1592 110.33807196800001 7.96 0.006261714938955669 2.645188951709358 False True -0.017810508967923792 1.6862966554596153 0.14073787358045203 -0.12652256654226685 0.547426606230619 0.26802101572780435
191 230 1592.0 1604 110.936051789 7.96 0.006261714938955669 2.6383609907377807 True False -0.017810508967923792 1.6862966554596153 0.14073787358045203 -0.12652256654226685 0.547426606230619 0.26802101572780435
191 231 1592.0 1604 111.311142054 7.96 0.006261714938955669 2.6383609907377807 False True -0.017810508967923792 1.6862966554596153 0.14073787358045203 -0.12652256654226685 0.547426606230619 0.26802101572780435
191 232 1604.0 1616 111.909252245 7.96 0.006261714938955669 2.631411796695103 True False -0.017810508967923792 1.6862966554596153 0.14073787358045203 -0.12652256654226685 0.547426606230619 0.26802101572780435
191 233 1604.0 1616 112.270462662 7.96 0.006261714938955669 2.631411796695103 False True -0.017810508967923792 1.6862966554596153 0.14073787358045203 -0.12652256654226685 0.547426606230619 0.26802101572780435
191 234 1616.0 1628 112.851042053 7.96 0.006261714938955669 2.6243420498786074 True False -0.017810508967923792 1.6862966554596153 0.14073787358045203 -0.12652256654226685 0.547426606230619 0.26802101572780435
191 235 1616.0 1628 113.23177727699999 7.96 0.006261714938955669 2.6243420498786074 False True -0.017810508967923792 1.6862966554596153 0.14073787358045203 -0.12652256654226685 0.547426606230619 0.26802101572780435
191 236 1628.0 1640 113.83056444199998 7.96 0.006261714938955669 2.6171524426392963 True False -0.017810508967923792 1.6862966554596153 0.14073787358045203 -0.12652256654226685 0.547426606230619 0.26802101572780435
191 237 1628.0 1641 114.19427433499997 7.96 0.006261714938955669 2.6171524426392963 False True -0.017810508967923792 1.6862966554596153 0.14073787358045203 -0.12652256654226685 0.547426606230619 0.26802101572780435
191 238 1640.0 1653 114.78759240599997 7.96 0.006261714938955669 2.609843679312655 True False -0.017810508967923792 1.6862966554596153 0.14073787358045203 -0.12652256654226685 0.547426606230619 0.26802101572780435
191 239 1640.0 1653 115.15137349599998 7.96 0.006261714938955669 2.609843679312655 False True -0.017810508967923792 1.6862966554596153 0.14073787358045203 -0.12652256654226685 0.547426606230619 0.26802101572780435
191 240 1652.0 1665 115.73601098999998 7.96 0.006261714938955669 2.6024164761482145 True False -0.017810508967923792 1.6862966554596153 0.14073787358045203 -0.12652256654226685 0.547426606230619 0.26802101572780435
191 241 1652.0 1665 116.09498355599997 7.96 0.006261714938955669 2.6024164761482145 False True -0.017810508967923792 1.6862966554596153 0.14073787358045203 -0.12652256654226685 0.547426606230619 0.26802101572780435
191 242 1664.0 1677 116.68635495799998 7.96 0.006261714938955669 2.5948715612379245 True False -0.017810508967923792 1.6862966554596153 0.14073787358045203 -0.12652256654226685 0.547426606230619 0.26802101572780435
191 243 1664.0 1677 117.05104124699999 7.96 0.006261714938955669 2.5948715612379245 False True -0.017810508967923792 1.6862966554596153 0.14073787358045203 -0.12652256654226685 0.547426606230619 0.26802101572780435
191 244 1676.0 1689 117.64886317099997 7.96 0.006261714938955669 2.587209674443358 True False -0.017810508967923792 1.6862966554596153 0.14073787358045203 -0.12652256654226685 0.547426606230619 0.26802101572780435
191 245 1676.0 1689 118.00872991099997 7.96 0.006261714938955669 2.587209674443358 False True -0.017810508967923792 1.6862966554596153 0.14073787358045203 -0.12652256654226685 0.547426606230619 0.26802101572780435
191 246 1688.0 1701 118.59180885699998 7.96 0.006261714938955669 2.579431567321706 True False -0.017810508967923792 1.6862966554596153 0.14073787358045203 -0.12652256654226685 0.547426606230619 0.26802101572780435
191 247 1688.0 1701 118.95446566199998 7.96 0.006261714938955669 2.579431567321706 False True -0.017810508967923792 1.6862966554596153 0.14073787358045203 -0.12652256654226685 0.547426606230619 0.26802101572780435
191 248 1700.0 1713 119.55275271799998 7.96 0.006261714938955669 2.571538003050639 True False -0.017810508967923792 1.6862966554596153 0.14073787358045203 -0.12652256654226685 0.547426606230619 0.26802101572780435
191 249 1700.0 1713 119.91136947499999 7.96 0.006261714938955669 2.571538003050639 False True -0.017810508967923792 1.6862966554596153 0.14073787358045203 -0.12652256654226685 0.547426606230619 0.26802101572780435
191 250 1712.0 1725 120.49521240199999 7.96 0.006261714938955669 2.5635297563519854 True False -0.017810508967923792 1.6862966554596153 0.14073787358045203 -0.12652256654226685 0.547426606230619 0.26802101572780435
191 251 1712.0 1725 120.87080019099999 7.96 0.006261714938955669 2.5635297563519854 False True -0.017810508967923792 1.6862966554596153 0.14073787358045203 -0.12652256654226685 0.547426606230619 0.26802101572780435
191 252 1724.0 1737 121.47189156499999 7.96 0.006261714938955669 2.5554076134142534 True False -0.017810508967923792 1.6862966554596153 0.14073787358045203 -0.12652256654226685 0.547426606230619 0.26802101572780435
191 253 1724.0 1737 121.83347972099999 7.96 0.006261714938955669 2.5554076134142534 False True -0.017810508967923792 1.6862966554596153 0.14073787358045203 -0.12652256654226685 0.547426606230619 0.26802101572780435
191 254 1736.0 1749 122.43011578699999 7.96 0.006261714938955669 2.5471723718140176 True False -0.017810508967923792 1.6862966554596153 0.14073787358045203 -0.12652256654226685 0.547426606230619 0.26802101572780435
191 255 1736.0 1749 122.794214582 7.96 0.006261714938955669 2.5471723718140176 False True -0.017810508967923792 1.6862966554596153 0.14073787358045203 -0.12652256654226685 0.547426606230619 0.26802101572780435
191 256 1748.0 1761 123.391764533 7.96 0.006261714938955669 2.538824840436165 True False -0.017810508967923792 1.6862966554596153 0.14073787358045203 -0.12652256654226685 0.547426606230619 0.26802101572780435
191 257 1748.0 1762 123.751909395 7.96 0.006261714938955669 2.538824840436165 False True -0.017810508967923792 1.6862966554596153 0.14073787358045203 -0.12652256654226685 0.547426606230619 0.26802101572780435
191 258 1760.0 1774 124.34920863900001 7.96 0.006261714938955669 2.5303658393929966 True False -0.017810508967923792 1.6862966554596153 0.14073787358045203 -0.12652256654226685 0.547426606230619 0.26802101572780435
191 259 1760.0 1774 124.72743699800002 7.96 0.006261714938955669 2.5303658393929966 False True -0.017810508967923792 1.6862966554596153 0.14073787358045203 -0.12652256654226685 0.547426606230619 0.26802101572780435
191 260 1772.0 1786 125.32937297300002 7.96 0.006261714938955669 2.521796199942233 True False -0.017810508967923792 1.6862966554596153 0.14073787358045203 -0.12652256654226685 0.547426606230619 0.26802101572780435
191 261 1772.0 1786 125.69252567500001 7.96 0.006261714938955669 2.521796199942233 False True -0.017810508967923792 1.6862966554596153 0.14073787358045203 -0.12652256654226685 0.547426606230619 0.26802101572780435
191 262 1784.0 1798 126.292559377 7.96 0.006261714938955669 2.5131167644038723 True False -0.017810508967923792 1.6862966554596153 0.14073787358045203 -0.12652256654226685 0.547426606230619 0.26802101572780435
191 263 1784.0 1798 126.66930991199999 7.96 0.006261714938955669 2.5131167644038723 False True -0.017810508967923792 1.6862966554596153 0.14073787358045203 -0.12652256654226685 0.547426606230619 0.26802101572780435
191 264 1796.0 1810 127.30338126999999 7.96 0.006261714938955669 2.5043283860759673 True False -0.017810508967923792 1.6862966554596153 0.14073787358045203 -0.12652256654226685 0.547426606230619 0.26802101572780435
191 265 1796.0 1810 127.67619229799999 7.96 0.006261714938955669 2.5043283860759673 False True -0.017810508967923792 1.6862966554596153 0.14073787358045203 -0.12652256654226685 0.547426606230619 0.26802101572780435
191 266 1808.0 1822 128.270321937 7.96 0.006261714938955669 2.4954319291492997 True False -0.017810508967923792 1.6862966554596153 0.14073787358045203 -0.12652256654226685 0.547426606230619 0.26802101572780435
191 267 1808.0 1822 128.63345237800002 7.96 0.006261714938955669 2.4954319291492997 False True -0.017810508967923792 1.6862966554596153 0.14073787358045203 -0.12652256654226685 0.547426606230619 0.26802101572780435
191 268 1820.0 1834 129.23701311000002 7.96 0.006261714938955669 2.486428268620951 True False -0.017810508967923792 1.6862966554596153 0.14073787358045203 -0.12652256654226685 0.547426606230619 0.26802101572780435
191 269 1820.0 1834 129.60969062400002 7.96 0.006261714938955669 2.486428268620951 False True -0.017810508967923792 1.6862966554596153 0.14073787358045203 -0.12652256654226685 0.547426606230619 0.26802101572780435
191 270 1832.0 1846 130.21014321600003 7.96 0.006261714938955669 2.4773182902068127 True False -0.017810508967923792 1.6862966554596153 0.14073787358045203 -0.12652256654226685 0.547426606230619 0.26802101572780435
191 271 1832.0 1846 130.57757358100002 7.96 0.006261714938955669 2.4773182902068127 False True -0.017810508967923792 1.6862966554596153 0.14073787358045203 -0.12652256654226685 0.547426606230619 0.26802101572780435
191 272 1844.0 1858 131.17811791100004 7.96 0.006261714938955669 2.468102890253011 True False -0.017810508967923792 1.6862966554596153 0.14073787358045203 -0.12652256654226685 0.547426606230619 0.26802101572780435
191 273 1844.0 1858 131.53772999400005 7.96 0.006261714938955669 2.468102890253011 False True -0.017810508967923792 1.6862966554596153 0.14073787358045203 -0.12652256654226685 0.547426606230619 0.26802101572780435
191 274 1856.0 1870 132.13569417800005 7.96 0.006261714938955669 2.4587829756462742 True False -0.017810508967923792 1.6862966554596153 0.14073787358045203 -0.12652256654226685 0.547426606230619 0.26802101572780435
191 275 1856.0 1870 132.51445543500006 7.96 0.006261714938955669 2.4587829756462742 False True -0.017810508967923792 1.6862966554596153 0.14073787358045203 -0.12652256654226685 0.547426606230619 0.26802101572780435
191 276 1868.0 1882 133.11421877800007 7.96 0.006261714938955669 2.4493594637232445 True False -0.017810508967923792 1.6862966554596153 0.14073787358045203 -0.12652256654226685 0.547426606230619 0.26802101572780435
191 277 1868.0 1883 133.47743269800006 7.96 0.006261714938955669 2.4493594637232445 False True -0.017810508967923792 1.6862966554596153 0.14073787358045203 -0.12652256654226685 0.547426606230619 0.26802101572780435
191 278 1880.0 1895 134.07294927200005 7.96 0.006261714938955669 2.439833282178743 True False -0.017810508967923792 1.6862966554596153 0.14073787358045203 -0.12652256654226685 0.547426606230619 0.26802101572780435
191 279 1880.0 1895 134.43833086600006 7.96 0.006261714938955669 2.439833282178743 False True -0.017810508967923792 1.6862966554596153 0.14073787358045203 -0.12652256654226685 0.547426606230619 0.26802101572780435
191 280 1892.0 1907 135.04879767600008 7.96 0.006261714938955669 2.5615882353514707 True False -0.017810508967923792 1.6862966554596153 0.14073787358045203 -0.12652256654226685 0.547426606230619 0.26802101572780435
191 281 1892.0 1907 135.40967129200007 7.96 0.006261714938955669 2.5615882353514707 False True -0.017810508967923792 1.6862966554596153 0.14073787358045203 -0.12652256654226685 0.547426606230619 0.26802101572780435
191 282 1904.0 1919 135.99325516000007 7.96 0.006261714938955669 2.553478152312007 True False -0.017810508967923792 1.6862966554596153 0.14073787358045203 -0.12652256654226685 0.547426606230619 0.26802101572780435
191 283 1904.0 1919 136.37003306600008 7.96 0.006261714938955669 2.553478152312007 False True -0.017810508967923792 1.6862966554596153 0.14073787358045203 -0.12652256654226685 0.547426606230619 0.26802101572780435
191 284 1916.0 1931 136.97121102600005 7.96 0.006261714938955669 2.5452569955803694 True False -0.017810508967923792 1.6862966554596153 0.14073787358045203 -0.12652256654226685 0.547426606230619 0.26802101572780435
191 285 1916.0 1931 137.33536536200006 7.96 0.006261714938955669 2.5452569955803694 False True -0.017810508967923792 1.6862966554596153 0.14073787358045203 -0.12652256654226685 0.547426606230619 0.26802101572780435
191 286 1928.0 1943 137.93543803600008 7.96 0.006261714938955669 2.5369256017131385 True False -0.017810508967923792 1.6862966554596153 0.14073787358045203 -0.12652256654226685 0.547426606230619 0.26802101572780435
191 287 1928.0 1943 138.31238018800008 7.96 0.006261714938955669 2.5369256017131385 False True -0.017810508967923792 1.6862966554596153 0.14073787358045203 -0.12652256654226685 0.547426606230619 0.26802101572780435
191 288 1940.0 1955 138.9164818710001 7.96 0.006261714938955669 2.5284848182890673 True False -0.017810508967923792 1.6862966554596153 0.14073787358045203 -0.12652256654226685 0.547426606230619 0.26802101572780435
191 289 1940.0 1955 139.28949260800007 7.96 0.006261714938955669 2.5284848182890673 False True -0.017810508967923792 1.6862966554596153 0.14073787358045203 -0.12652256654226685 0.547426606230619 0.26802101572780435
191 290 1952.0 1967 139.88858281400007 7.96 0.006261714938955669 2.519935503824333 True False -0.017810508967923792 1.6862966554596153 0.14073787358045203 -0.12652256654226685 0.547426606230619 0.26802101572780435
191 291 1952.0 1967 140.25415484500007 7.96 0.006261714938955669 2.519935503824333 False True -0.017810508967923792 1.6862966554596153 0.14073787358045203 -0.12652256654226685 0.547426606230619 0.26802101572780435
191 292 1964.0 1979 140.85745009200008 7.96 0.006261714938955669 2.5112785276866796 True False -0.017810508967923792 1.6862966554596153 0.14073787358045203 -0.12652256654226685 0.547426606230619 0.26802101572780435
191 293 1964.0 1979 141.23136457400008 7.96 0.006261714938955669 2.5112785276866796 False True -0.017810508967923792 1.6862966554596153 0.14073787358045203 -0.12652256654226685 0.547426606230619 0.26802101572780435
191 294 1976.0 1991 141.83077793100009 7.96 0.006261714938955669 2.502514770008486 True False -0.017810508967923792 1.6862966554596153 0.14073787358045203 -0.12652256654226685 0.547426606230619 0.26802101572780435
191 295 1976.0 1991 142.2087202170001 7.96 0.006261714938955669 2.502514770008486 False True -0.017810508967923792 1.6862966554596153 0.14073787358045203 -0.12652256654226685 0.547426606230619 0.26802101572780435
