10 0 400.0 201.0 1.6516761469999892 0.0 2.05 0.23515247812981013 0.24131691097819183 False True -0.006486309027235806 3.8758508813457513 -0.023199556624642317 -1.8425386610794345 0.0
10 1 412.0 213.0 3.2333173509999824 0.0 2.05 0.23515247812981013 0.22910817445222087 False True -0.006486309027235806 3.8758508813457513 -0.023199556624642317 -1.8425386610794345 0.0
10 2 424.0 225.0 4.890378876999989 0.0 2.04 0.22910817445222087 0.2231846181912063 False True -0.006486309027235806 3.8758508813457513 -0.023199556624642317 -1.8425386610794345 0.0
10 3 436.0 237.0 6.544659582000008 0.0 2.04 0.22910817445222087 0.21738241551652165 False True -0.006486309027235806 3.8758508813457513 -0.023199556624642317 -1.8425386610794345 0.0
10 4 448.0 249.0 8.258014024999994 0.0 2.04 0.22910817445222087 0.2117021604612891 False True -0.006486309027235806 3.8758508813457513 -0.023199556624642317 -1.8425386610794345 0.0
10 5 460.0 261.0 9.988666186999978 0.0 2.04 0.22910817445222087 0.20614443486258022 False True -0.006486309027235806 3.8758508813457513 -0.023199556624642317 -1.8425386610794345 0.0
10 6 472.0 273.0 11.715529862999972 0.0 2.04 0.22910817445222087 0.20070980830325114 False True -0.006486309027235806 3.8758508813457513 -0.023199556624642317 -1.8425386610794345 0.0
10 7 484.0 285.0 13.305355403999982 0.0 2.04 0.22910817445222087 0.2540036311962434 False True -0.006486309027235806 3.8758508813457513 -0.023199556624642317 -1.8425386610794345 0.0
10 8 496.0 297.0 14.79982790599999 0.0 2.04 0.22910817445222087 0.2476008427373866 False True -0.006486309027235806 3.8758508813457513 -0.023199556624642317 -1.8425386610794345 0.0
10 9 508.0 309.0 16.26565633399997 0.0 2.04 0.22910817445222087 0.2605246222566506 False True -0.006486309027235806 3.8758508813457513 -0.023199556624642317 -1.8425386610794345 0.0
10 10 520.0 321.0 17.671595752999963 0.0 2.07 0.2476008427373866 0.22910817445222087 False True -0.006486309027235806 3.8758508813457513 -0.023199556624642317 -1.8425386610794345 0.0
10 11 524.0 325.0 19.025514941999944 0.0 2.07 0.2476008427373866 0.2671631499989592 False True -0.006486309027235806 3.8758508813457513 -0.023199556624642317 -1.8425386610794345 0.0
10 12 536.0 337.0 20.375504100999933 0.0 2.07 0.2476008427373866 0.27391853674856526 False True -0.006486309027235806 3.8758508813457513 -0.023199556624642317 -1.8425386610794345 0.0
10 13 548.0 349.0 21.682686316999934 0.0 2.0999999999999996 0.2671631499989592 0.2605246222566506 False True -0.006486309027235806 3.8758508813457513 -0.023199556624642317 -1.8425386610794345 0.0
10 14 552.0 353.0 22.95523819999991 0.0 2.04 0.22910817445222087 0.2231846181912063 False True -0.006486309027235806 3.8758508813457513 -0.023199556624642317 -1.8425386610794345 0.0
10 15 556.0 357.0 24.247682038999898 0.0 2.04 0.22910817445222087 0.2231846181912063 False True -0.006486309027235806 3.8758508813457513 -0.023199556624642317 -1.8425386610794345 0.0
10 16 560.0 361.0 25.560831166999918 0.0 2.04 0.22910817445222087 0.19539883805496847 False True -0.006486309027235806 3.8758508813457513 -0.023199556624642317 -1.8425386610794345 0.0
10 17 572.0 373.0 26.829965910999903 0.0 1.98 0.19539883805496847 0.1902120690224881 False True -0.006486309027235806 3.8758508813457513 -0.023199556624642317 -1.8425386610794345 0.0
10 18 584.0 385.0 28.07096069699989 0.0 1.98 0.19539883805496847 0.18515003368917526 False True -0.006486309027235806 3.8758508813457513 -0.023199556624642317 -1.8425386610794345 0.0
10 19 596.0 397.0 29.32430910699989 0.0 1.98 0.19539883805496847 0.17540223162825017 False True -0.006486309027235806 3.8758508813457513 -0.023199556624642317 -1.8425386610794345 0.0
10 20 608.0 409.0 30.555069941999903 0.0 1.98 0.19539883805496847 0.17071746728737422 False True -0.006486309027235806 3.8758508813457513 -0.023199556624642317 -1.8425386610794345 0.0
10 21 620.0 421.0 31.777852494999905 0.0 1.93 0.17071746728737422 0.16615944131889668 False True -0.006486309027235806 3.8758508813457513 -0.023199556624642317 -1.8425386610794345 0.0
10 22 632.0 433.0 32.998637063999894 0.0 1.93 0.17071746728737422 0.16172862332549479 False True -0.006486309027235806 3.8758508813457513 -0.023199556624642317 -1.8425386610794345 0.0
10 23 644.0 445.0 34.23553697499989 0.0 1.93 0.17071746728737422 0.1802132520637412 False True -0.006486309027235806 3.8758508813457513 -0.023199556624642317 -1.8425386610794345 0.0
10 24 656.0 457.0 36.16690661599989 0.0 1.93 0.17071746728737422 0.17540223162825017 False True -0.006486309027235806 3.8758508813457513 -0.023199556624642317 -1.8425386610794345 0.0
10 25 660.0 461.0 37.9417740989999 0.0 1.93 0.17071746728737422 0.15742547018777064 False True -0.006486309027235806 3.8758508813457513 -0.023199556624642317 -1.8425386610794345 0.0
10 26 672.0 473.0 39.637159677999904 0.0 1.93 0.17071746728737422 0.1532504260185643 False True -0.006486309027235806 3.8758508813457513 -0.023199556624642317 -1.8425386610794345 0.0
10 27 684.0 485.0 41.32751101699989 0.0 1.93 0.17071746728737422 0.16615944131889668 False True -0.006486309027235806 3.8758508813457513 -0.023199556624642317 -1.8425386610794345 0.0
10 28 688.0 489.0 43.01882377699988 0.0 1.93 0.17071746728737422 0.14920392211854847 False True -0.006486309027235806 3.8758508813457513 -0.023199556624642317 -1.8425386610794345 0.0
10 29 700.0 501.0 44.760453105999886 0.0 1.93 0.17071746728737422 0.145286376933098 False True -0.006486309027235806 3.8758508813457513 -0.023199556624642317 -1.8425386610794345 0.0
10 30 712.0 513.0 46.4259927489999 0.0 1.93 0.17071746728737422 0.17540223162825017 False True -0.006486309027235806 3.8758508813457513 -0.023199556624642317 -1.8425386610794345 0.0
10 31 716.0 517.0 48.12073811999991 0.0 1.98 0.19539883805496847 0.17540223162825017 False True -0.006486309027235806 3.8758508813457513 -0.023199556624642317 -1.8425386610794345 0.0
10 32 720.0 521.0 49.69182020099993 0.0 1.9000000000000001 0.15742547018777064 0.17071746728737422 False True -0.006486309027235806 3.8758508813457513 -0.023199556624642317 -1.8425386610794345 0.0
10 33 724.0 525.0 51.238237064999936 0.0 1.98 0.19539883805496847 0.15742547018777064 False True -0.006486309027235806 3.8758508813457513 -0.023199556624642317 -1.8425386610794345 0.0
10 34 728.0 529.0 52.848184587999924 0.0 1.98 0.19539883805496847 0.17540223162825017 False True -0.006486309027235806 3.8758508813457513 -0.023199556624642317 -1.8425386610794345 0.0
10 35 732.0 533.0 54.40556438999991 0.0 1.93 0.17071746728737422 0.14149819601044156 False True -0.006486309027235806 3.8758508813457513 -0.023199556624642317 -1.8425386610794345 0.0
10 36 744.0 545.0 55.948058682999914 0.0 1.98 0.19539883805496847 0.1378397719611067 False True -0.006486309027235806 3.8758508813457513 -0.023199556624642317 -1.8425386610794345 0.0
10 37 756.0 557.0 57.369615413999924 0.0 1.93 0.17071746728737422 0.1343114844186714 False True -0.006486309027235806 3.8758508813457513 -0.023199556624642317 -1.8425386610794345 0.0
10 38 768.0 569.0 58.81101636999992 0.0 1.86 0.14149819601044156 0.16615944131889668 False True -0.006486309027235806 3.8758508813457513 -0.023199556624642317 -1.8425386610794345 0.0
10 39 772.0 573.0 60.19887862399992 0.0 1.9200000000000002 0.16615944131889668 0.14149819601044156 False True -0.006486309027235806 3.8758508813457513 -0.023199556624642317 -1.8425386610794345 0.0
10 40 776.0 577.0 61.6491394599999 0.0 1.86 0.14149819601044156 0.14920392211854847 False True -0.006486309027235806 3.8758508813457513 -0.023199556624642317 -1.8425386610794345 0.0
10 41 780.0 581.0 63.1686396609999 0.0 1.86 0.14149819601044156 0.16615944131889668 False True -0.006486309027235806 3.8758508813457513 -0.023199556624642317 -1.8425386610794345 0.0
10 42 784.0 585.0 64.67793469299988 0.0 1.86 0.14149819601044156 0.1309137000017805 False True -0.006486309027235806 3.8758508813457513 -0.023199556624642317 -1.8425386610794345 0.0
10 43 796.0 597.0 66.19837420399986 0.0 1.83 0.1309137000017805 0.12764677227750637 False True -0.006486309027235806 3.8758508813457513 -0.023199556624642317 -1.8425386610794345 0.0
10 44 808.0 609.0 67.71848105199987 0.0 1.82 0.12764677227750637 0.12451104172597509 False True -0.006486309027235806 3.8758508813457513 -0.023199556624642317 -1.8425386610794345 0.0
10 45 820.0 621.0 69.25472384899987 0.0 1.82 0.12764677227750637 0.1309137000017805 False True -0.006486309027235806 3.8758508813457513 -0.023199556624642317 -1.8425386610794345 0.0
10 46 824.0 625.0 70.71972925799989 0.0 1.83 0.1309137000017805 0.12150683570632706 False True -0.006486309027235806 3.8758508813457513 -0.023199556624642317 -1.8425386610794345 0.0
10 47 836.0 637.0 72.1838252229999 0.0 1.83 0.1309137000017805 0.11863446842398383 False True -0.006486309027235806 3.8758508813457513 -0.023199556624642317 -1.8425386610794345 0.0
10 48 848.0 649.0 73.6325370639999 0.0 1.83 0.1309137000017805 0.1158942408992207 False True -0.006486309027235806 3.8758508813457513 -0.023199556624642317 -1.8425386610794345 0.0
10 49 860.0 661.0 75.10917823499992 0.0 1.83 0.1309137000017805 0.12764677227750637 False True -0.006486309027235806 3.8758508813457513 -0.023199556624642317 -1.8425386610794345 0.0
10 50 864.0 665.0 76.61262114799993 0.0 1.83 0.1309137000017805 0.11328644093706947 False True -0.006486309027235806 3.8758508813457513 -0.023199556624642317 -1.8425386610794345 0.0
10 51 876.0 677.0 78.11131332599993 0.0 1.83 0.1309137000017805 0.11081134309853917 False True -0.006486309027235806 3.8758508813457513 -0.023199556624642317 -1.8425386610794345 0.0
10 52 888.0 689.0 79.61234241899993 0.0 1.83 0.1309137000017805 0.1084692086731583 False True -0.006486309027235806 3.8758508813457513 -0.023199556624642317 -1.8425386610794345 0.0
10 53 900.0 701.0 81.11664483999994 0.0 1.83 0.1309137000017805 0.1062602856528448 False True -0.006486309027235806 3.8758508813457513 -0.023199556624642317 -1.8425386610794345 0.0
10 54 912.0 713.0 82.63316936799993 0.0 1.83 0.1309137000017805 0.1041848087071119 False True -0.006486309027235806 3.8758508813457513 -0.023199556624642317 -1.8425386610794345 0.0
10 55 924.0 725.0 84.1643470809999 0.0 1.73 0.1041848087071119 0.1309137000017805 False True -0.006486309027235806 3.8758508813457513 -0.023199556624642317 -1.8425386610794345 0.0
10 56 928.0 729.0 85.6835349129999 0.0 1.73 0.1041848087071119 0.1062602856528448 False True -0.006486309027235806 3.8758508813457513 -0.023199556624642317 -1.8425386610794345 0.0
10 57 932.0 733.0 87.20299506599991 0.0 1.74 0.1062602856528448 0.10224299915959689 False True -0.006486309027235806 3.8758508813457513 -0.023199556624642317 -1.8425386610794345 0.0
10 58 944.0 745.0 88.71910677899993 0.0 1.83 0.1309137000017805 0.1041848087071119 False True -0.006486309027235806 3.8758508813457513 -0.023199556624642317 -1.8425386610794345 0.0
10 59 948.0 749.0 90.23438675699992 0.0 1.83 0.1309137000017805 0.1062602856528448 False True -0.006486309027235806 3.8758508813457513 -0.023199556624642317 -1.8425386610794345 0.0
10 60 952.0 753.0 91.73693504899992 0.0 1.83 0.1309137000017805 0.10043506496593071 False True -0.006486309027235806 3.8758508813457513 -0.023199556624642317 -1.8425386610794345 0.0
10 61 964.0 765.0 93.25034811799992 0.0 1.83 0.1309137000017805 0.12764677227750637 False True -0.006486309027235806 3.8758508813457513 -0.023199556624642317 -1.8425386610794345 0.0
10 62 968.0 769.0 94.75243556499993 0.0 1.83 0.1309137000017805 0.12764677227750637 False True -0.006486309027235806 3.8758508813457513 -0.023199556624642317 -1.8425386610794345 0.0
10 63 972.0 773.0 96.25427981199994 0.0 1.83 0.1309137000017805 0.12764677227750637 False True -0.006486309027235806 3.8758508813457513 -0.023199556624642317 -1.8425386610794345 0.0
10 64 976.0 777.0 97.75319526999994 0.0 1.82 0.12764677227750637 0.1309137000017805 False True -0.006486309027235806 3.8758508813457513 -0.023199556624642317 -1.8425386610794345 0.0
10 65 980.0 781.0 99.25251827699992 0.0 1.82 0.12764677227750637 0.1041848087071119 False True -0.006486309027235806 3.8758508813457513 -0.023199556624642317 -1.8425386610794345 0.0
10 66 984.0 785.0 100.74969974099992 0.0 1.86 0.14149819601044156 0.1041848087071119 False True -0.006486309027235806 3.8758508813457513 -0.023199556624642317 -1.8425386610794345 0.0
10 67 988.0 789.0 102.2630334879999 0.0 1.73 0.1041848087071119 0.14149819601044156 False True -0.006486309027235806 3.8758508813457513 -0.023199556624642317 -1.8425386610794345 0.0
10 68 992.0 793.0 103.74875330999993 0.0 1.73 0.1041848087071119 0.14149819601044156 False True -0.006486309027235806 3.8758508813457513 -0.023199556624642317 -1.8425386610794345 0.0
10 69 996.0 797.0 105.24429439199992 0.0 1.73 0.1041848087071119 0.14149819601044156 False True -0.006486309027235806 3.8758508813457513 -0.023199556624642317 -1.8425386610794345 0.0
10 70 1000.0 801.0 106.72920096199994 0.0 1.73 0.1041848087071119 0.14149819601044156 False True -0.006486309027235806 3.8758508813457513 -0.023199556624642317 -1.8425386610794345 0.0
10 71 1004.0 805.0 108.22389267099993 0.0 1.86 0.14149819601044156 0.1041848087071119 False True -0.006486309027235806 3.8758508813457513 -0.023199556624642317 -1.8425386610794345 0.0
10 72 1008.0 809.0 109.70679909299992 0.0 1.86 0.14149819601044156 0.1062602856528448 False True -0.006486309027235806 3.8758508813457513 -0.023199556624642317 -1.8425386610794345 0.0
10 73 1012.0 813.0 111.18755244099992 0.0 1.74 0.1062602856528448 0.14149819601044156 False True -0.006486309027235806 3.8758508813457513 -0.023199556624642317 -1.8425386610794345 0.0
10 74 1016.0 817.0 112.66821869599994 0.0 1.74 0.1062602856528448 0.12764677227750637 False True -0.006486309027235806 3.8758508813457513 -0.023199556624642317 -1.8425386610794345 0.0
10 75 1020.0 821.0 114.15182427799994 0.0 1.74 0.1062602856528448 0.1309137000017805 False True -0.006486309027235806 3.8758508813457513 -0.023199556624642317 -1.8425386610794345 0.0
10 76 1024.0 825.0 115.63509384799994 0.0 1.74 0.1062602856528448 0.17540223162825017 False True -0.006486309027235806 3.8758508813457513 -0.023199556624642317 -1.8425386610794345 0.0
10 77 1028.0 829.0 117.10302176199994 0.0 1.74 0.1062602856528448 0.12764677227750637 False True -0.006486309027235806 3.8758508813457513 -0.023199556624642317 -1.8425386610794345 0.0
10 78 1032.0 833.0 118.58298044399993 0.0 1.74 0.1062602856528448 0.09722158749921116 False True -0.006486309027235806 3.8758508813457513 -0.023199556624642317 -1.8425386610794345 0.0
10 79 1044.0 845.0 120.04141720199993 0.0 1.74 0.1062602856528448 0.09876120069294474 False True -0.006486309027235806 3.8758508813457513 -0.023199556624642317 -1.8425386610794345 0.0
10 80 1056.0 857.0 121.48457512099992 0.0 1.74 0.1062602856528448 0.0958163931169303 False True -0.006486309027235806 3.8758508813457513 -0.023199556624642317 -1.8425386610794345 0.0
10 81 1068.0 869.0 122.9276346879999 0.0 1.68 0.0958163931169303 0.0945457718351539 False True -0.006486309027235806 3.8758508813457513 -0.023199556624642317 -1.8425386610794345 0.0
10 82 1080.0 881.0 124.37011963299989 0.0 1.6700000000000002 0.0945457718351539 0.09340986448436006 False True -0.006486309027235806 3.8758508813457513 -0.023199556624642317 -1.8425386610794345 0.0
10 83 1092.0 893.0 125.8101808269999 0.0 1.6700000000000002 0.0945457718351539 0.09240879842237028 False True -0.006486309027235806 3.8758508813457513 -0.023199556624642317 -1.8425386610794345 0.0
10 84 1104.0 905.0 127.25007658699985 0.0 1.6500000000000001 0.09240879842237028 0.0945457718351539 False True -0.006486309027235806 3.8758508813457513 -0.023199556624642317 -1.8425386610794345 0.0
10 85 1108.0 909.0 128.69641676199984 0.0 1.6700000000000002 0.0945457718351539 0.09154268752161082 False True -0.006486309027235806 3.8758508813457513 -0.023199556624642317 -1.8425386610794345 0.0
10 86 1120.0 921.0 130.15184197199983 0.0 1.6500000000000001 0.09240879842237028 0.0945457718351539 False True -0.006486309027235806 3.8758508813457513 -0.023199556624642317 -1.8425386610794345 0.0
10 87 1124.0 925.0 131.62796929899986 0.0 1.6500000000000001 0.09240879842237028 0.0958163931169303 False True -0.006486309027235806 3.8758508813457513 -0.023199556624642317 -1.8425386610794345 0.0
10 88 1128.0 929.0 133.08107968299987 0.0 1.6500000000000001 0.09240879842237028 0.0945457718351539 False True -0.006486309027235806 3.8758508813457513 -0.023199556624642317 -1.8425386610794345 0.0
10 89 1132.0 933.0 134.52463702799986 0.0 1.74 0.1062602856528448 0.09081163215772832 False True -0.006486309027235806 3.8758508813457513 -0.023199556624642317 -1.8425386610794345 0.0
10 90 1144.0 945.0 135.97704158699986 0.0 1.6300000000000001 0.09081163215772832 0.09021571919955206 False True -0.006486309027235806 3.8758508813457513 -0.023199556624642317 -1.8425386610794345 0.0
10 91 1156.0 957.0 137.44069088499987 0.0 1.74 0.1062602856528448 0.09081163215772832 False True -0.006486309027235806 3.8758508813457513 -0.023199556624642317 -1.8425386610794345 0.0
10 92 1160.0 961.0 138.9555620839999 0.0 1.6300000000000001 0.09081163215772832 0.0945457718351539 False True -0.006486309027235806 3.8758508813457513 -0.023199556624642317 -1.8425386610794345 0.0
10 93 1164.0 965.0 140.44752128699992 0.0 1.6300000000000001 0.09081163215772832 0.0897550220004068 False True -0.006486309027235806 3.8758508813457513 -0.023199556624642317 -1.8425386610794345 0.0
10 94 1176.0 977.0 141.9106447999999 0.0 1.61 0.0897550220004068 0.08942960039077856 False True -0.006486309027235806 3.8758508813457513 -0.023199556624642317 -1.8425386610794345 0.0
10 95 1188.0 989.0 143.35360636199988 0.0 1.61 0.0897550220004068 0.09081163215772832 False True -0.006486309027235806 3.8758508813457513 -0.023199556624642317 -1.8425386610794345 0.0
10 96 1192.0 993.0 144.7945304019999 0.0 1.6300000000000001 0.09081163215772832 0.0897550220004068 False True -0.006486309027235806 3.8758508813457513 -0.023199556624642317 -1.8425386610794345 0.0
10 97 1196.0 997.0 146.23500137999991 0.0 1.61 0.0897550220004068 0.09240879842237028 False True -0.006486309027235806 3.8758508813457513 -0.023199556624642317 -1.8425386610794345 0.0
10 98 1200.0 1001.0 147.71094310199993 0.0 1.61 0.0897550220004068 0.09240879842237028 False True -0.006486309027235806 3.8758508813457513 -0.023199556624642317 -1.8425386610794345 0.0
10 99 1204.0 1005.0 149.16699757799995 0.0 1.61 0.0897550220004068 0.09240879842237028 False True -0.006486309027235806 3.8758508813457513 -0.023199556624642317 -1.8425386610794345 0.0
10 100 1208.0 1009.0 150.59159877399998 0.0 1.61 0.0897550220004068 0.09722158749921116 False True -0.006486309027235806 3.8758508813457513 -0.023199556624642317 -1.8425386610794345 0.0
10 101 1212.0 1013.0 152.07293194599998 0.0 1.69 0.09722158749921116 0.0958163931169303 False True -0.006486309027235806 3.8758508813457513 -0.023199556624642317 -1.8425386610794345 0.0
10 102 1216.0 1017.0 153.48186966599997 0.0 1.69 0.09722158749921116 0.0958163931169303 False True -0.006486309027235806 3.8758508813457513 -0.023199556624642317 -1.8425386610794345 0.0
10 103 1220.0 1021.0 154.97407800499997 0.0 1.69 0.09722158749921116 0.0958163931169303 False True -0.006486309027235806 3.8758508813457513 -0.023199556624642317 -1.8425386610794345 0.0
10 104 1224.0 1025.0 156.33112061999998 0.0 1.69 0.09722158749921116 0.0897550220004068 False True -0.006486309027235806 3.8758508813457513 -0.023199556624642317 -1.8425386610794345 0.0
10 105 1228.0 1029.0 157.718315599 0.0 1.61 0.0897550220004068 0.14920392211854847 False True -0.006486309027235806 3.8758508813457513 -0.023199556624642317 -1.8425386610794345 0.0
10 106 1232.0 1033.0 159.19460924700002 0.0 1.61 0.0897550220004068 0.14920392211854847 False True -0.006486309027235806 3.8758508813457513 -0.023199556624642317 -1.8425386610794345 0.0
10 107 1236.0 1037.0 160.668955499 0.0 1.74 0.1062602856528448 0.14920392211854847 False True -0.006486309027235806 3.8758508813457513 -0.023199556624642317 -1.8425386610794345 0.0
10 108 1240.0 1041.0 162.109243059 0.0 1.74 0.1062602856528448 0.09081163215772832 False True -0.006486309027235806 3.8758508813457513 -0.023199556624642317 -1.8425386610794345 0.0
10 109 1244.0 1045.0 163.50902512799996 0.0 1.6300000000000001 0.09081163215772832 0.09240879842237028 False True -0.006486309027235806 3.8758508813457513 -0.023199556624642317 -1.8425386610794345 0.0
10 110 1248.0 1049.0 164.89828914799995 0.0 1.6300000000000001 0.09081163215772832 0.17540223162825017 False True -0.006486309027235806 3.8758508813457513 -0.023199556624642317 -1.8425386610794345 0.0
10 111 1252.0 1053.0 166.36395640399996 0.0 1.6300000000000001 0.09081163215772832 0.15742547018777064 False True -0.006486309027235806 3.8758508813457513 -0.023199556624642317 -1.8425386610794345 0.0
10 112 1256.0 1057.0 167.83928001999993 0.0 1.6300000000000001 0.09081163215772832 0.15742547018777064 False True -0.006486309027235806 3.8758508813457513 -0.023199556624642317 -1.8425386610794345 0.0
10 113 1260.0 1061.0 169.29523438899992 0.0 1.93 0.17071746728737422 0.09722158749921116 False True -0.006486309027235806 3.8758508813457513 -0.023199556624642317 -1.8425386610794345 0.0
10 114 1264.0 1065.0 170.68592491099992 0.0 1.69 0.09722158749921116 0.17071746728737422 False True -0.006486309027235806 3.8758508813457513 -0.023199556624642317 -1.8425386610794345 0.0
10 115 1268.0 1069.0 172.0646567689999 0.0 1.93 0.17071746728737422 0.14920392211854847 False True -0.006486309027235806 3.8758508813457513 -0.023199556624642317 -1.8425386610794345 0.0
10 116 1272.0 1073.0 173.4303541349999 0.0 1.93 0.17071746728737422 0.1062602856528448 False True -0.006486309027235806 3.8758508813457513 -0.023199556624642317 -1.8425386610794345 0.0
10 117 1276.0 1077.0 174.77628134999992 0.0 1.74 0.1062602856528448 0.0958163931169303 False True -0.006486309027235806 3.8758508813457513 -0.023199556624642317 -1.8425386610794345 0.0
10 118 1280.0 1081.0 176.12374061399993 0.0 1.74 0.1062602856528448 0.0958163931169303 False True -0.006486309027235806 3.8758508813457513 -0.023199556624642317 -1.8425386610794345 0.0
10 119 1284.0 1085.0 177.48049655199992 0.0 1.74 0.1062602856528448 0.0958163931169303 False True -0.006486309027235806 3.8758508813457513 -0.023199556624642317 -1.8425386610794345 0.0
10 120 1288.0 1089.0 178.83808749099995 0.0 1.74 0.1062602856528448 0.0958163931169303 False True -0.006486309027235806 3.8758508813457513 -0.023199556624642317 -1.8425386610794345 0.0
10 121 1292.0 1093.0 180.267259804 0.0 1.74 0.1062602856528448 0.0958163931169303 False True -0.006486309027235806 3.8758508813457513 -0.023199556624642317 -1.8425386610794345 0.0
10 122 1296.0 1097.0 181.663520392 0.0 1.74 0.1062602856528448 0.4268633682459273 False True -0.006486309027235806 3.8758508813457513 -0.023199556624642317 -1.8425386610794345 0.0
10 123 1308.0 1109.0 183.047958554 0.0 1.74 0.1062602856528448 0.4179446031143479 False True -0.006486309027235806 3.8758508813457513 -0.023199556624642317 -1.8425386610794345 0.0
10 124 1320.0 1121.0 184.43175144000003 0.0 1.93 0.17071746728737422 0.4358847265874592 False True -0.006486309027235806 3.8758508813457513 -0.023199556624642317 -1.8425386610794345 0.0
10 125 1332.0 1133.0 185.778498135 0.0 1.86 0.14149819601044156 0.44500778966759563 False True -0.006486309027235806 3.8758508813457513 -0.023199556624642317 -1.8425386610794345 0.0
10 126 1344.0 1145.0 187.103373878 0.0 1.98 0.19539883805496847 0.09722158749921116 False True -0.006486309027235806 3.8758508813457513 -0.023199556624642317 -1.8425386610794345 0.0
10 127 1348.0 1149.0 188.41603476100005 0.0 1.83 0.1309137000017805 0.1378397719611067 False True -0.006486309027235806 3.8758508813457513 -0.023199556624642317 -1.8425386610794345 0.0
10 128 1352.0 1153.0 189.72479308900006 0.0 1.85 0.1378397719611067 0.12764677227750637 False True -0.006486309027235806 3.8758508813457513 -0.023199556624642317 -1.8425386610794345 0.0
10 129 1356.0 1157.0 191.0548199170001 0.0 1.61 0.0897550220004068 0.0945457718351539 False True -0.006486309027235806 3.8758508813457513 -0.023199556624642317 -1.8425386610794345 0.0
10 130 1360.0 1161.0 192.3649295900001 0.0 1.93 0.17071746728737422 0.0945457718351539 False True -0.006486309027235806 3.8758508813457513 -0.023199556624642317 -1.8425386610794345 0.0
10 131 1364.0 1165.0 193.68498808400005 0.0 1.74 0.1062602856528448 0.12764677227750637 False True -0.006486309027235806 3.8758508813457513 -0.023199556624642317 -1.8425386610794345 0.0
10 132 1368.0 1169.0 195.0748527070001 0.0 1.74 0.1062602856528448 0.14920392211854847 False True -0.006486309027235806 3.8758508813457513 -0.023199556624642317 -1.8425386610794345 0.0
10 133 1372.0 1173.0 196.4548032070001 0.0 1.74 0.1062602856528448 0.1041848087071119 False True -0.006486309027235806 3.8758508813457513 -0.023199556624642317 -1.8425386610794345 0.0
10 134 1376.0 1177.0 197.8212470090001 0.0 1.61 0.0897550220004068 0.09722158749921116 False True -0.006486309027235806 3.8758508813457513 -0.023199556624642317 -1.8425386610794345 0.0
10 135 1380.0 1181.0 199.14864027800013 0.0 1.98 0.19539883805496847 0.0945457718351539 False True -0.006486309027235806 3.8758508813457513 -0.023199556624642317 -1.8425386610794345 0.0
10 136 1384.0 1185.0 200.4225729680001 0.0 1.82 0.12764677227750637 0.0945457718351539 False True -0.006486309027235806 3.8758508813457513 -0.023199556624642317 -1.8425386610794345 0.0
10 137 1388.0 1189.0 201.70681049600012 0.0 1.6700000000000002 0.0945457718351539 0.09340986448436006 False True -0.006486309027235806 3.8758508813457513 -0.023199556624642317 -1.8425386610794345 0.0
10 138 1392.0 1193.0 202.98439954100013 0.0 1.6700000000000002 0.0945457718351539 0.12764677227750637 False True -0.006486309027235806 3.8758508813457513 -0.023199556624642317 -1.8425386610794345 0.0
10 139 1396.0 1197.0 204.2860862270001 0.0 1.6700000000000002 0.0945457718351539 0.3918125972579952 False True -0.006486309027235806 3.8758508813457513 -0.023199556624642317 -1.8425386610794345 0.0
10 140 1408.0 1209.0 205.6052754700001 0.0 1.6700000000000002 0.0945457718351539 0.40041835497565464 False True -0.006486309027235806 3.8758508813457513 -0.023199556624642317 -1.8425386610794345 0.0
10 141 1420.0 1221.0 206.91248390200008 0.0 1.6700000000000002 0.0945457718351539 0.38331288315668 False True -0.006486309027235806 3.8758508813457513 -0.023199556624642317 -1.8425386610794345 0.0
10 142 1432.0 1233.0 208.2164857240001 0.0 1.98 0.19539883805496847 0.14920392211854847 False True -0.006486309027235806 3.8758508813457513 -0.023199556624642317 -1.8425386610794345 0.0
10 143 1436.0 1237.0 209.5462445650001 0.0 1.8800000000000001 0.14920392211854847 0.1378397719611067 False True -0.006486309027235806 3.8758508813457513 -0.023199556624642317 -1.8425386610794345 0.0
10 144 1440.0 1241.0 210.91397959500011 0.0 1.85 0.1378397719611067 0.0958163931169303 False True -0.006486309027235806 3.8758508813457513 -0.023199556624642317 -1.8425386610794345 0.0
10 145 1444.0 1245.0 212.3400818560001 0.0 1.85 0.1378397719611067 0.3749200489722403 False True -0.006486309027235806 3.8758508813457513 -0.023199556624642317 -1.8425386610794345 0.0
10 146 1456.0 1257.0 213.76144413900005 0.0 1.85 0.1378397719611067 0.3666349203159476 False True -0.006486309027235806 3.8758508813457513 -0.023199556624642317 -1.8425386610794345 0.0
10 147 1468.0 1269.0 215.17787522900005 0.0 1.85 0.1378397719611067 0.3503910280922276 False True -0.006486309027235806 3.8758508813457513 -0.023199556624642317 -1.8425386610794345 0.0
10 148 1480.0 1281.0 216.57451596400006 0.0 1.85 0.1378397719611067 0.3584583120272327 False True -0.006486309027235806 3.8758508813457513 -0.023199556624642317 -1.8425386610794345 0.0
10 149 1492.0 1293.0 217.94425603400003 0.0 1.85 0.1378397719611067 0.34243386156333694 False True -0.006486309027235806 3.8758508813457513 -0.023199556624642317 -1.8425386610794345 0.0
10 150 1504.0 1305.0 219.32767750200003 0.0 1.85 0.1378397719611067 0.3345875944799613 False True -0.006486309027235806 3.8758508813457513 -0.023199556624642317 -1.8425386610794345 0.0
10 151 1516.0 1317.0 220.72395001900003 0.0 1.85 0.1378397719611067 0.32685299779027904 False True -0.006486309027235806 3.8758508813457513 -0.023199556624642317 -1.8425386610794345 0.0
10 152 1528.0 1329.0 222.037324776 0.0 1.85 0.1378397719611067 0.3192308312741536 False True -0.006486309027235806 3.8758508813457513 -0.023199556624642317 -1.8425386610794345 0.0
10 153 1540.0 1341.0 223.32025769899997 0.0 1.85 0.1378397719611067 0.3117218434671564 False True -0.006486309027235806 3.8758508813457513 -0.023199556624642317 -1.8425386610794345 0.0
10 154 1552.0 1353.0 224.63370254699998 0.0 1.85 0.1378397719611067 0.3043267715857185 False True -0.006486309027235806 3.8758508813457513 -0.023199556624642317 -1.8425386610794345 0.0
10 155 1564.0 1365.0 225.940493152 0.0 1.85 0.1378397719611067 0.29704634145340225 False True -0.006486309027235806 3.8758508813457513 -0.023199556624642317 -1.8425386610794345 0.0
10 156 1576.0 1377.0 227.22653430099996 0.0 1.85 0.1378397719611067 0.2898812674283253 False True -0.006486309027235806 3.8758508813457513 -0.023199556624642317 -1.8425386610794345 0.0
10 157 1588.0 1389.0 228.49502158699994 0.0 1.83 0.1309137000017805 0.28283225233172016 False True -0.006486309027235806 3.8758508813457513 -0.023199556624642317 -1.8425386610794345 0.0
10 158 1600.0 1401.0 229.8077291959999 0.0 1.74 0.1062602856528448 0.3918125972579952 False True -0.006486309027235806 3.8758508813457513 -0.023199556624642317 -1.8425386610794345 0.0
10 159 1604.0 1405.0 231.11095878999993 0.0 1.74 0.1062602856528448 0.2758999873776546 False True -0.006486309027235806 3.8758508813457513 -0.023199556624642317 -1.8425386610794345 0.0
10 160 1616.0 1417.0 232.4042541249999 0.0 1.6300000000000001 0.09081163215772832 0.0958163931169303 False True -0.006486309027235806 3.8758508813457513 -0.023199556624642317 -1.8425386610794345 0.0
10 161 1620.0 1421.0 233.71105259099988 0.0 1.6300000000000001 0.09081163215772832 0.2690851521039169 False True -0.006486309027235806 3.8758508813457513 -0.023199556624642317 -1.8425386610794345 0.0
10 162 1632.0 1433.0 235.0024359709999 0.0 1.6300000000000001 0.09081163215772832 0.2623884143040504 False True -0.006486309027235806 3.8758508813457513 -0.023199556624642317 -1.8425386610794345 0.0
10 163 1644.0 1445.0 236.32893772699992 0.0 1.6300000000000001 0.09081163215772832 0.2558104299605858 False True -0.006486309027235806 3.8758508813457513 -0.023199556624642317 -1.8425386610794345 0.0
10 164 1656.0 1457.0 237.65141891299993 0.0 1.6300000000000001 0.09081163215772832 0.24935184317943243 False True -0.006486309027235806 3.8758508813457513 -0.023199556624642317 -1.8425386610794345 0.0
10 165 1668.0 1469.0 238.95864378299996 0.0 1.6300000000000001 0.09081163215772832 0.2430132861254825 False True -0.006486309027235806 3.8758508813457513 -0.023199556624642317 -1.8425386610794345 0.0
10 166 1680.0 1481.0 240.25157866199993 0.0 1.6300000000000001 0.09081163215772832 0.23679537895937847 False True -0.006486309027235806 3.8758508813457513 -0.023199556624642317 -1.8425386610794345 0.0
10 167 1692.0 1493.0 241.58085841699994 0.0 1.11 0.23679537895937847 0.23069872977550762 False True -0.006486309027235806 3.8758508813457513 -0.023199556624642317 -1.8425386610794345 0.0
10 168 1704.0 1505.0 242.88787524299994 0.0 1.11 0.23679537895937847 0.2247239345411965 False True -0.006486309027235806 3.8758508813457513 -0.023199556624642317 -1.8425386610794345 0.0
10 169 1716.0 1517.0 244.1935142339999 0.0 1.11 0.23679537895937847 0.21887157703710322 False True -0.006486309027235806 3.8758508813457513 -0.023199556624642317 -1.8425386610794345 0.0
10 170 1728.0 1529.0 245.49916393699993 0.0 1.11 0.23679537895937847 0.21314222879884834 False True -0.006486309027235806 3.8758508813457513 -0.023199556624642317 -1.8425386610794345 0.0
10 171 1740.0 1541.0 246.76551561699995 0.0 1.11 0.23679537895937847 0.2247239345411965 False True -0.006486309027235806 3.8758508813457513 -0.023199556624642317 -1.8425386610794345 0.0
10 172 1744.0 1545.0 248.01601109799992 0.0 1.11 0.23679537895937847 0.2075364490598531 False True -0.006486309027235806 3.8758508813457513 -0.023199556624642317 -1.8425386610794345 0.0
10 173 1756.0 1557.0 249.2534613539999 0.0 1.1600000000000001 0.2075364490598531 0.20205478469542829 False True -0.006486309027235806 3.8758508813457513 -0.023199556624642317 -1.8425386610794345 0.0
10 174 1768.0 1569.0 250.50179143799994 0.0 1.1600000000000001 0.2075364490598531 0.1966977701680825 False True -0.006486309027235806 3.8758508813457513 -0.023199556624642317 -1.8425386610794345 0.0
10 175 1780.0 1581.0 251.73307024099995 0.0 1.17 0.20205478469542829 0.2075364490598531 False True -0.006486309027235806 3.8758508813457513 -0.023199556624642317 -1.8425386610794345 0.0
10 176 1784.0 1585.0 252.95434771399994 0.0 1.17 0.20205478469542829 0.19146592747406424 False True -0.006486309027235806 3.8758508813457513 -0.023199556624642317 -1.8425386610794345 0.0
10 177 1796.0 1597.0 254.2679917839999 0.0 1.1600000000000001 0.2075364490598531 0.18635976609118587 False True -0.006486309027235806 3.8758508813457513 -0.023199556624642317 -1.8425386610794345 0.0
10 178 1808.0 1609.0 255.57511239299993 0.0 1.11 0.23679537895937847 0.1966977701680825 False True -0.006486309027235806 3.8758508813457513 -0.023199556624642317 -1.8425386610794345 0.0
10 179 1812.0 1613.0 256.87394849899994 0.0 1.11 0.23679537895937847 0.1813797829278502 False True -0.006486309027235806 3.8758508813457513 -0.023199556624642317 -1.8425386610794345 0.0
10 180 1824.0 1625.0 258.16540164199995 0.0 1.11 0.23679537895937847 0.17652646227338525 False True -0.006486309027235806 3.8758508813457513 -0.023199556624642317 -1.8425386610794345 0.0
10 181 1836.0 1637.0 259.434728873 0.0 1.11 0.23679537895937847 0.17180027574959397 False True -0.006486309027235806 3.8758508813457513 -0.023199556624642317 -1.8425386610794345 0.0
10 182 1848.0 1649.0 260.702691651 0.0 1.11 0.23679537895937847 0.16720168226360455 False True -0.006486309027235806 3.8758508813457513 -0.023199556624642317 -1.8425386610794345 0.0
10 183 1860.0 1661.0 261.955848655 0.0 1.11 0.23679537895937847 0.16273112796197675 False True -0.006486309027235806 3.8758508813457513 -0.023199556624642317 -1.8425386610794345 0.0
10 184 1872.0 1673.0 263.24708753100003 0.0 1.11 0.23679537895937847 0.17652646227338525 False True -0.006486309027235806 3.8758508813457513 -0.023199556624642317 -1.8425386610794345 0.0
10 185 1876.0 1677.0 264.500495021 0.0 1.1600000000000001 0.2075364490598531 0.17652646227338525 False True -0.006486309027235806 3.8758508813457513 -0.023199556624642317 -1.8425386610794345 0.0
10 186 1880.0 1681.0 265.768223405 0.0 1.1600000000000001 0.2075364490598531 0.1813797829278502 False True -0.006486309027235806 3.8758508813457513 -0.023199556624642317 -1.8425386610794345 0.0
10 187 1884.0 1685.0 266.98702675400006 0.0 1.1600000000000001 0.2075364490598531 0.1813797829278502 False True -0.006486309027235806 3.8758508813457513 -0.023199556624642317 -1.8425386610794345 0.0
10 188 1888.0 1689.0 268.27543936500007 0.0 1.1600000000000001 0.2075364490598531 0.15838904618608982 False True -0.006486309027235806 3.8758508813457513 -0.023199556624642317 -1.8425386610794345 0.0
10 189 1900.0 1701.0 269.53283511600006 0.0 1.11 0.23679537895937847 0.19146592747406424 False True -0.006486309027235806 3.8758508813457513 -0.023199556624642317 -1.8425386610794345 0.0
10 190 1904.0 1705.0 270.76803156700004 0.0 1.6300000000000001 0.09081163215772832 0.15417585742880266 False True -0.006486309027235806 3.8758508813457513 -0.023199556624642317 -1.8425386610794345 0.0
10 191 1916.0 1717.0 272.00286404400003 0.0 1.6700000000000002 0.0945457718351539 0.1500919692924107 False True -0.006486309027235806 3.8758508813457513 -0.023199556624642317 -1.8425386610794345 0.0
10 192 1928.0 1729.0 273.23598666900006 0.0 1.86 0.14149819601044156 0.16720168226360455 False True -0.006486309027235806 3.8758508813457513 -0.023199556624642317 -1.8425386610794345 0.0
10 193 1932.0 1733.0 274.47223917400004 0.0 1.86 0.14149819601044156 0.16720168226360455 False True -0.006486309027235806 3.8758508813457513 -0.023199556624642317 -1.8425386610794345 0.0
10 194 1936.0 1737.0 275.69632514700004 0.0 1.86 0.14149819601044156 0.16720168226360455 False True -0.006486309027235806 3.8758508813457513 -0.023199556624642317 -1.8425386610794345 0.0
10 195 1940.0 1741.0 276.926512376 0.0 1.86 0.14149819601044156 0.14613777644788417 False True -0.006486309027235806 3.8758508813457513 -0.023199556624642317 -1.8425386610794345 0.0
10 196 1952.0 1753.0 278.147405386 0.0 1.86 0.14149819601044156 0.1423136605954008 False True -0.006486309027235806 3.8758508813457513 -0.023199556624642317 -1.8425386610794345 0.0
10 197 1964.0 1765.0 279.37205888100004 0.0 1.86 0.14149819601044156 0.1386199904261721 False True -0.006486309027235806 3.8758508813457513 -0.023199556624642317 -1.8425386610794345 0.0
10 198 1976.0 1777.0 280.580140808 0.0 1.86 0.14149819601044156 0.13505712158558056 False True -0.006486309027235806 3.8758508813457513 -0.023199556624642317 -1.8425386610794345 0.0
10 199 1988.0 1789.0 281.780517063 0.0 1.86 0.14149819601044156 0.13162539663761572 False True -0.006486309027235806 3.8758508813457513 -0.023199556624642317 -1.8425386610794345 0.0
10 200 2000.0 1801.0 282.980760265 0.0 1.1600000000000001 0.2075364490598531 0.1966977701680825 False True -0.006486309027235806 3.8758508813457513 -0.023199556624642317 -1.8425386610794345 0.0
10 201 2004.0 1805.0 284.18107336 0.0 1.86 0.14149819601044156 0.1283251450306111 False True -0.006486309027235806 3.8758508813457513 -0.023199556624642317 -1.8425386610794345 0.0
10 202 2016.0 1817.0 285.38073677600005 0.0 1.34 0.1283251450306111 0.12515668306430416 False True -0.006486309027235806 3.8758508813457513 -0.023199556624642317 -1.8425386610794345 0.0
10 203 2028.0 1829.0 286.57758991800006 0.0 1.34 0.1283251450306111 0.1221203138582094 False True -0.006486309027235806 3.8758508813457513 -0.023199556624642317 -1.8425386610794345 0.0
10 204 2040.0 1841.0 287.76234477900005 0.0 1.34 0.1283251450306111 0.11921632732129978 False True -0.006486309027235806 3.8758508813457513 -0.023199556624642317 -1.8425386610794345 0.0
10 205 2052.0 1853.0 288.9581790110001 0.0 1.34 0.1283251450306111 0.1221203138582094 False True -0.006486309027235806 3.8758508813457513 -0.023199556624642317 -1.8425386610794345 0.0
10 206 2056.0 1857.0 290.14309373400005 0.0 1.86 0.14149819601044156 0.1283251450306111 False True -0.006486309027235806 3.8758508813457513 -0.023199556624642317 -1.8425386610794345 0.0
10 207 2060.0 1861.0 291.339080271 0.0 1.34 0.1283251450306111 0.1221203138582094 False True -0.006486309027235806 3.8758508813457513 -0.023199556624642317 -1.8425386610794345 0.0
10 208 2064.0 1865.0 292.536916043 0.0 1.34 0.1283251450306111 0.11644500012301572 False True -0.006486309027235806 3.8758508813457513 -0.023199556624642317 -1.8425386610794345 0.0
10 209 2076.0 1877.0 293.734611621 0.0 1.34 0.1283251450306111 0.11380659566560906 False True -0.006486309027235806 3.8758508813457513 -0.023199556624642317 -1.8425386610794345 0.0
10 210 2088.0 1889.0 294.931303948 0.0 1.34 0.1283251450306111 0.11130136405778805 False True -0.006486309027235806 3.8758508813457513 -0.023199556624642317 -1.8425386610794345 0.0
10 211 2100.0 1901.0 296.11726286299995 0.0 1.34 0.1283251450306111 0.10892954208972119 False True -0.006486309027235806 3.8758508813457513 -0.023199556624642317 -1.8425386610794345 0.0
10 212 2112.0 1913.0 297.3126663009999 0.0 1.34 0.1283251450306111 0.10669135320934484 False True -0.006486309027235806 3.8758508813457513 -0.023199556624642317 -1.8425386610794345 0.0
10 213 2124.0 1925.0 298.5108381669999 0.0 1.42 0.10669135320934484 0.10458700750002939 False True -0.006486309027235806 3.8758508813457513 -0.023199556624642317 -1.8425386610794345 0.0
10 214 2136.0 1937.0 299.6980667749999 0.0 1.42 0.10669135320934484 0.1283251450306111 False True -0.006486309027235806 3.8758508813457513 -0.023199556624642317 -1.8425386610794345 0.0
10 215 2140.0 1941.0 300.8936859229999 0.0 1.42 0.10669135320934484 0.1283251450306111 False True -0.006486309027235806 3.8758508813457513 -0.023199556624642317 -1.8425386610794345 0.0
10 216 2144.0 1945.0 302.07867156899994 0.0 1.42 0.10669135320934484 0.1283251450306111 False True -0.006486309027235806 3.8758508813457513 -0.023199556624642317 -1.8425386610794345 0.0
10 217 2148.0 1949.0 303.27400671999993 0.0 1.42 0.10669135320934484 0.1283251450306111 False True -0.006486309027235806 3.8758508813457513 -0.023199556624642317 -1.8425386610794345 0.0
10 218 2152.0 1953.0 304.45677455599997 0.0 1.34 0.1283251450306111 0.10669135320934484 False True -0.006486309027235806 3.8758508813457513 -0.023199556624642317 -1.8425386610794345 0.0
10 219 2156.0 1957.0 305.653514448 0.0 1.34 0.1283251450306111 0.10078061898048145 False True -0.006486309027235806 3.8758508813457513 -0.023199556624642317 -1.8425386610794345 0.0
10 220 2168.0 1969.0 306.83851238200003 0.0 1.34 0.1283251450306111 0.10261670165956009 False True -0.006486309027235806 3.8758508813457513 -0.023199556624642317 -1.8425386610794345 0.0
10 221 2180.0 1981.0 308.03560075800004 0.0 1.34 0.1283251450306111 0.09907892933175234 False True -0.006486309027235806 3.8758508813457513 -0.023199556624642317 -1.8425386610794345 0.0
10 222 2192.0 1993.0 309.25014358400006 0.0 1.34 0.1283251450306111 0.09751178914177218 False True -0.006486309027235806 3.8758508813457513 -0.023199556624642317 -1.8425386610794345 0.0
