25 0 200.0 201 0.6625796099999999 2.29 -0.4396097901290627 -0.17313005232159906 False True 0.0766433613797206 18.536107039986007 3.9549010426432486e-08 1.6121805015796948 0.7268215252837188 0.2528518562129134
25 1 212.0 213 1.3546474230000003 2.29 -0.4396097901290627 -0.44748512979692506 False True 0.0766433613797206 18.536107039986007 3.9549010426432486e-08 1.6121805015796948 0.7268215252837188 0.2528518562129134
25 2 224.0 225 2.0372789120000006 2.29 -0.4396097901290627 -0.44748512979692506 False True 0.0766433613797206 18.536107039986007 3.9549010426432486e-08 1.6121805015796948 0.7268215252837188 0.2528518562129134
25 3 228.0 229 2.7184506940000004 2.29 -0.4396097901290627 -0.44748512979692506 False True 0.0766433613797206 18.536107039986007 3.9549010426432486e-08 1.6121805015796948 0.7268215252837188 0.2528518562129134
25 4 232.0 233 3.4137909669999997 2.29 -0.4396097901290627 -0.4113871287740624 False True 0.0766433613797206 18.536107039986007 3.9549010426432486e-08 1.6121805015796948 0.7268215252837188 0.2528518562129134
25 5 236.0 237 4.099661991 2.29 -0.4396097901290627 -0.4113871287740624 False True 0.0766433613797206 18.536107039986007 3.9549010426432486e-08 1.6121805015796948 0.7268215252837188 0.2528518562129134
25 6 240.0 241 4.802533613 2.29 -0.4396097901290627 -0.4113871287740624 False True 0.0766433613797206 18.536107039986007 3.9549010426432486e-08 1.6121805015796948 0.7268215252837188 0.2528518562129134
25 7 244.0 245 5.4978610560000005 2.29 -0.4396097901290627 -0.4108489203398674 False True 0.0766433613797206 18.536107039986007 3.9549010426432486e-08 1.6121805015796948 0.7268215252837188 0.2528518562129134
25 8 248.0 249 6.193849277000001 2.29 -0.4396097901290627 -0.4108489203398674 False True 0.0766433613797206 18.536107039986007 3.9549010426432486e-08 1.6121805015796948 0.7268215252837188 0.2528518562129134
25 9 252.0 253 11.380685771 2.29 -0.4396097901290627 -0.44748512979692506 False True 0.0766433613797206 18.536107039986007 3.9549010426432486e-08 1.6121805015796948 0.7268215252837188 0.2528518562129134
25 10 256.0 257 23.904679848 2.29 -0.4396097901290627 -0.4108489203398674 False True 0.0766433613797206 18.536107039986007 3.9549010426432486e-08 1.6121805015796948 0.7268215252837188 0.2528518562129134
25 11 260.0 261 26.787676762 4.42 -0.4108489203398674 -0.4396097901290627 False True 0.0766433613797206 18.536107039986007 3.9549010426432486e-08 1.6121805015796948 0.7268215252837188 0.2528518562129134
25 12 264.0 265 28.709883836 4.42 -0.4108489203398674 -0.4396097901290627 False True 0.0766433613797206 18.536107039986007 3.9549010426432486e-08 1.6121805015796948 0.7268215252837188 0.2528518562129134
25 13 268.0 269 30.425891485999998 4.42 -0.4108489203398674 -0.4113871287740624 False True 0.0766433613797206 18.536107039986007 3.9549010426432486e-08 1.6121805015796948 0.7268215252837188 0.2528518562129134
25 14 272.0 273 32.006035882 4.42 -0.4108489203398674 -0.4396097901290627 False True 0.0766433613797206 18.536107039986007 3.9549010426432486e-08 1.6121805015796948 0.7268215252837188 0.2528518562129134
25 15 276.0 277 33.48848622 4.42 -0.4108489203398674 -0.4113871287740624 False True 0.0766433613797206 18.536107039986007 3.9549010426432486e-08 1.6121805015796948 0.7268215252837188 0.2528518562129134
25 16 280.0 281 34.964467525 4.42 -0.4108489203398674 -0.4113871287740624 False True 0.0766433613797206 18.536107039986007 3.9549010426432486e-08 1.6121805015796948 0.7268215252837188 0.2528518562129134
25 17 284.0 285 36.405193821 4.42 -0.4108489203398674 -0.4396097901290627 False True 0.0766433613797206 18.536107039986007 3.9549010426432486e-08 1.6121805015796948 0.7268215252837188 0.2528518562129134
25 18 288.0 289 37.729946944 4.42 -0.4108489203398674 -0.4113871287740624 False True 0.0766433613797206 18.536107039986007 3.9549010426432486e-08 1.6121805015796948 0.7268215252837188 0.2528518562129134
25 19 292.0 293 39.001529659999996 4.42 -0.4108489203398674 -0.4396097901290627 False True 0.0766433613797206 18.536107039986007 3.9549010426432486e-08 1.6121805015796948 0.7268215252837188 0.2528518562129134
25 20 296.0 297 40.223726735999996 4.42 -0.4108489203398674 -0.44748512979692506 False True 0.0766433613797206 18.536107039986007 3.9549010426432486e-08 1.6121805015796948 0.7268215252837188 0.2528518562129134
25 21 300.0 301 41.424297466 4.42 -0.4108489203398674 -0.44748512979692506 False True 0.0766433613797206 18.536107039986007 3.9549010426432486e-08 1.6121805015796948 0.7268215252837188 0.2528518562129134
25 22 304.0 305 42.597097221 4.42 -0.4108489203398674 -0.44748512979692506 False True 0.0766433613797206 18.536107039986007 3.9549010426432486e-08 1.6121805015796948 0.7268215252837188 0.2528518562129134
25 23 308.0 309 43.740951812999995 4.42 -0.4108489203398674 -0.44748512979692506 False True 0.0766433613797206 18.536107039986007 3.9549010426432486e-08 1.6121805015796948 0.7268215252837188 0.2528518562129134
25 24 312.0 313 44.87347719099999 4.42 -0.4108489203398674 -0.44748512979692506 False True 0.0766433613797206 18.536107039986007 3.9549010426432486e-08 1.6121805015796948 0.7268215252837188 0.2528518562129134
25 25 316.0 317 46.01512604299999 4.42 -0.4108489203398674 -0.44748512979692506 False True 0.0766433613797206 18.536107039986007 3.9549010426432486e-08 1.6121805015796948 0.7268215252837188 0.2528518562129134
25 26 320.0 321 47.097685998999985 4.42 -0.4108489203398674 -0.4113871287740624 False True 0.0766433613797206 18.536107039986007 3.9549010426432486e-08 1.6121805015796948 0.7268215252837188 0.2528518562129134
25 27 324.0 325 48.17273968499998 4.42 -0.4108489203398674 -0.4113871287740624 False True 0.0766433613797206 18.536107039986007 3.9549010426432486e-08 1.6121805015796948 0.7268215252837188 0.2528518562129134
25 28 328.0 329 49.251578954999985 4.42 -0.4108489203398674 -0.4113871287740624 False True 0.0766433613797206 18.536107039986007 3.9549010426432486e-08 1.6121805015796948 0.7268215252837188 0.2528518562129134
25 29 332.0 333 50.276437864999984 4.42 -0.4108489203398674 -0.4113871287740624 False True 0.0766433613797206 18.536107039986007 3.9549010426432486e-08 1.6121805015796948 0.7268215252837188 0.2528518562129134
25 30 336.0 337 51.28033173699998 4.42 -0.4108489203398674 -0.4113871287740624 False True 0.0766433613797206 18.536107039986007 3.9549010426432486e-08 1.6121805015796948 0.7268215252837188 0.2528518562129134
25 31 340.0 341 52.25247483299998 4.42 -0.4108489203398674 -0.4113871287740624 False True 0.0766433613797206 18.536107039986007 3.9549010426432486e-08 1.6121805015796948 0.7268215252837188 0.2528518562129134
25 32 344.0 345 53.23953849699998 4.42 -0.4108489203398674 -0.4113871287740624 False True 0.0766433613797206 18.536107039986007 3.9549010426432486e-08 1.6121805015796948 0.7268215252837188 0.2528518562129134
25 33 348.0 349 54.192195874999975 4.42 -0.4108489203398674 -0.4113871287740624 False True 0.0766433613797206 18.536107039986007 3.9549010426432486e-08 1.6121805015796948 0.7268215252837188 0.2528518562129134
25 34 352.0 353 55.13034497699998 4.42 -0.4108489203398674 -0.4113871287740624 False True 0.0766433613797206 18.536107039986007 3.9549010426432486e-08 1.6121805015796948 0.7268215252837188 0.2528518562129134
25 35 356.0 357 56.05294888299998 4.42 -0.4108489203398674 -0.4113871287740624 False True 0.0766433613797206 18.536107039986007 3.9549010426432486e-08 1.6121805015796948 0.7268215252837188 0.2528518562129134
25 36 360.0 361 56.97000363899998 4.42 -0.4108489203398674 -0.4113871287740624 False True 0.0766433613797206 18.536107039986007 3.9549010426432486e-08 1.6121805015796948 0.7268215252837188 0.2528518562129134
25 37 364.0 365 57.876471402999975 4.42 -0.4108489203398674 -0.4113871287740624 False True 0.0766433613797206 18.536107039986007 3.9549010426432486e-08 1.6121805015796948 0.7268215252837188 0.2528518562129134
25 38 368.0 369 58.81208837299997 4.42 -0.4108489203398674 -0.4113871287740624 False True 0.0766433613797206 18.536107039986007 3.9549010426432486e-08 1.6121805015796948 0.7268215252837188 0.2528518562129134
25 39 372.0 373 59.698807521999974 4.42 -0.4108489203398674 -0.4113871287740624 False True 0.0766433613797206 18.536107039986007 3.9549010426432486e-08 1.6121805015796948 0.7268215252837188 0.2528518562129134
25 40 376.0 377 60.575862967999974 1.59 -0.4113871287740624 -0.4108489203398674 False True 0.0766433613797206 18.536107039986007 3.9549010426432486e-08 1.6121805015796948 0.7268215252837188 0.2528518562129134
25 41 380.0 381 61.437315272999975 1.59 -0.4113871287740624 -0.4108489203398674 False True 0.0766433613797206 18.536107039986007 3.9549010426432486e-08 1.6121805015796948 0.7268215252837188 0.2528518562129134
25 42 384.0 385 62.29556564299998 1.59 -0.4113871287740624 -0.4108489203398674 False True 0.0766433613797206 18.536107039986007 3.9549010426432486e-08 1.6121805015796948 0.7268215252837188 0.2528518562129134
25 43 388.0 389 63.15502270599999 1.59 -0.4113871287740624 -0.4108489203398674 False True 0.0766433613797206 18.536107039986007 3.9549010426432486e-08 1.6121805015796948 0.7268215252837188 0.2528518562129134
25 44 392.0 393 64.008674593 1.59 -0.4113871287740624 -0.4108489203398674 False True 0.0766433613797206 18.536107039986007 3.9549010426432486e-08 1.6121805015796948 0.7268215252837188 0.2528518562129134
25 45 396.0 397 64.833407632 1.59 -0.4113871287740624 -0.4108489203398674 False True 0.0766433613797206 18.536107039986007 3.9549010426432486e-08 1.6121805015796948 0.7268215252837188 0.2528518562129134
25 46 400.0 401 65.668738872 1.59 -0.4113871287740624 -0.17313005232159906 False True 0.0766433613797206 18.536107039986007 3.9549010426432486e-08 1.6121805015796948 0.7268215252837188 0.2528518562129134
25 47 404.0 405 66.492238709 1.59 -0.4113871287740624 -0.4108489203398674 False True 0.0766433613797206 18.536107039986007 3.9549010426432486e-08 1.6121805015796948 0.7268215252837188 0.2528518562129134
25 48 408.0 409 67.336962631 1.59 -0.4113871287740624 -0.4108489203398674 False True 0.0766433613797206 18.536107039986007 3.9549010426432486e-08 1.6121805015796948 0.7268215252837188 0.2528518562129134
25 49 412.0 413 68.15681077200001 1.59 -0.4113871287740624 -0.4108489203398674 False True 0.0766433613797206 18.536107039986007 3.9549010426432486e-08 1.6121805015796948 0.7268215252837188 0.2528518562129134
25 50 416.0 417 68.975210082 1.59 -0.4113871287740624 -0.36372240090746005 False True 0.0766433613797206 18.536107039986007 3.9549010426432486e-08 1.6121805015796948 0.7268215252837188 0.2528518562129134
25 51 420.0 421 69.78923248299999 1.59 -0.4113871287740624 -0.36372240090746005 False True 0.0766433613797206 18.536107039986007 3.9549010426432486e-08 1.6121805015796948 0.7268215252837188 0.2528518562129134
25 52 424.0 425 70.612932513 1.59 -0.4113871287740624 -0.4108489203398674 False True 0.0766433613797206 18.536107039986007 3.9549010426432486e-08 1.6121805015796948 0.7268215252837188 0.2528518562129134
25 53 428.0 429 71.41098206000001 1.59 -0.4113871287740624 -0.4108489203398674 False True 0.0766433613797206 18.536107039986007 3.9549010426432486e-08 1.6121805015796948 0.7268215252837188 0.2528518562129134
25 54 432.0 433 72.19521529900001 1.59 -0.4113871287740624 -0.4108489203398674 False True 0.0766433613797206 18.536107039986007 3.9549010426432486e-08 1.6121805015796948 0.7268215252837188 0.2528518562129134
25 55 436.0 437 72.988350693 1.59 -0.4113871287740624 -0.44748512979692506 False True 0.0766433613797206 18.536107039986007 3.9549010426432486e-08 1.6121805015796948 0.7268215252837188 0.2528518562129134
25 56 440.0 441 73.768431662 1.59 -0.4113871287740624 -0.44748512979692506 False True 0.0766433613797206 18.536107039986007 3.9549010426432486e-08 1.6121805015796948 0.7268215252837188 0.2528518562129134
25 57 444.0 445 74.532168549 1.59 -0.4113871287740624 -0.44748512979692506 False True 0.0766433613797206 18.536107039986007 3.9549010426432486e-08 1.6121805015796948 0.7268215252837188 0.2528518562129134
25 58 448.0 449 75.299373686 1.59 -0.4113871287740624 -0.44748512979692506 False True 0.0766433613797206 18.536107039986007 3.9549010426432486e-08 1.6121805015796948 0.7268215252837188 0.2528518562129134
25 59 452.0 453 76.07298482 1.59 -0.4113871287740624 -0.44748512979692506 False True 0.0766433613797206 18.536107039986007 3.9549010426432486e-08 1.6121805015796948 0.7268215252837188 0.2528518562129134
25 60 456.0 457 76.85004509 1.59 -0.4113871287740624 -0.44748512979692506 False True 0.0766433613797206 18.536107039986007 3.9549010426432486e-08 1.6121805015796948 0.7268215252837188 0.2528518562129134
25 61 460.0 461 77.591693944 1.59 -0.4113871287740624 -0.44748512979692506 False True 0.0766433613797206 18.536107039986007 3.9549010426432486e-08 1.6121805015796948 0.7268215252837188 0.2528518562129134
25 62 464.0 465 78.33276898999999 1.59 -0.4113871287740624 -0.4108489203398674 False True 0.0766433613797206 18.536107039986007 3.9549010426432486e-08 1.6121805015796948 0.7268215252837188 0.2528518562129134
25 63 468.0 469 79.07055822299999 1.59 -0.4113871287740624 -0.4108489203398674 False True 0.0766433613797206 18.536107039986007 3.9549010426432486e-08 1.6121805015796948 0.7268215252837188 0.2528518562129134
25 64 472.0 473 79.79693078999999 1.59 -0.4113871287740624 -0.36372240090746005 False True 0.0766433613797206 18.536107039986007 3.9549010426432486e-08 1.6121805015796948 0.7268215252837188 0.2528518562129134
25 65 476.0 477 80.53646390199998 1.59 -0.4113871287740624 -0.4108489203398674 False True 0.0766433613797206 18.536107039986007 3.9549010426432486e-08 1.6121805015796948 0.7268215252837188 0.2528518562129134
25 66 480.0 481 81.29283703499998 1.59 -0.4113871287740624 0.3200723656365712 True False 0.0766433613797206 18.536107039986007 3.9549010426432486e-08 1.6121805015796948 0.7268215252837188 0.2528518562129134
25 67 480.0 481 81.77124116799997 1.59 -0.4113871287740624 0.31765518217416 True False 0.0766433613797206 18.536107039986007 3.9549010426432486e-08 1.6121805015796948 0.7268215252837188 0.2528518562129134
25 68 480.0 481 82.23511527799998 1.59 -0.4113871287740624 0.31765518217416 False True 0.0766433613797206 18.536107039986007 3.9549010426432486e-08 1.6121805015796948 0.7268215252837188 0.2528518562129134
25 69 492.0 493 82.97297751499998 1.59 -0.4113871287740624 0.32491814334092217 True False 0.0766433613797206 18.536107039986007 3.9549010426432486e-08 1.6121805015796948 0.7268215252837188 0.2528518562129134
25 70 492.0 493 83.43293396999998 1.59 -0.4113871287740624 0.32734673758285854 True False 0.0766433613797206 18.536107039986007 3.9549010426432486e-08 1.6121805015796948 0.7268215252837188 0.2528518562129134
25 71 492.0 493 83.87529667199998 1.59 -0.4113871287740624 0.32734673758285854 False True 0.0766433613797206 18.536107039986007 3.9549010426432486e-08 1.6121805015796948 0.7268215252837188 0.2528518562129134
25 72 504.0 505 84.59163450699997 1.59 -0.4113871287740624 -0.44748512979692506 False True 0.0766433613797206 18.536107039986007 3.9549010426432486e-08 1.6121805015796948 0.7268215252837188 0.2528518562129134
25 73 508.0 509 85.30851427499996 1.59 -0.4113871287740624 -0.44748512979692506 False True 0.0766433613797206 18.536107039986007 3.9549010426432486e-08 1.6121805015796948 0.7268215252837188 0.2528518562129134
25 74 512.0 513 86.01506952599996 1.59 -0.4113871287740624 -0.44748512979692506 False True 0.0766433613797206 18.536107039986007 3.9549010426432486e-08 1.6121805015796948 0.7268215252837188 0.2528518562129134
25 75 516.0 517 86.72894622699997 1.59 -0.4113871287740624 -0.44748512979692506 False True 0.0766433613797206 18.536107039986007 3.9549010426432486e-08 1.6121805015796948 0.7268215252837188 0.2528518562129134
25 76 520.0 521 87.43433742899997 1.59 -0.4113871287740624 -0.44748512979692506 False True 0.0766433613797206 18.536107039986007 3.9549010426432486e-08 1.6121805015796948 0.7268215252837188 0.2528518562129134
25 77 524.0 525 88.16872244999996 1.59 -0.4113871287740624 -0.44748512979692506 False True 0.0766433613797206 18.536107039986007 3.9549010426432486e-08 1.6121805015796948 0.7268215252837188 0.2528518562129134
25 78 528.0 529 88.90982053899995 1.59 -0.4113871287740624 -0.44748512979692506 False True 0.0766433613797206 18.536107039986007 3.9549010426432486e-08 1.6121805015796948 0.7268215252837188 0.2528518562129134
25 79 532.0 533 89.63035404099995 1.59 -0.4113871287740624 -0.44748512979692506 False True 0.0766433613797206 18.536107039986007 3.9549010426432486e-08 1.6121805015796948 0.7268215252837188 0.2528518562129134
25 80 536.0 537 90.33606384599994 1.59 -0.4113871287740624 -0.44748512979692506 False True 0.0766433613797206 18.536107039986007 3.9549010426432486e-08 1.6121805015796948 0.7268215252837188 0.2528518562129134
25 81 540.0 541 91.05253554899994 1.59 -0.4113871287740624 -0.44748512979692506 False True 0.0766433613797206 18.536107039986007 3.9549010426432486e-08 1.6121805015796948 0.7268215252837188 0.2528518562129134
25 82 544.0 545 91.77347613399994 1.59 -0.4113871287740624 -0.44748512979692506 False True 0.0766433613797206 18.536107039986007 3.9549010426432486e-08 1.6121805015796948 0.7268215252837188 0.2528518562129134
25 83 548.0 549 92.49442592699994 1.59 -0.4113871287740624 -0.44748512979692506 False True 0.0766433613797206 18.536107039986007 3.9549010426432486e-08 1.6121805015796948 0.7268215252837188 0.2528518562129134
25 84 552.0 553 93.21559953899994 1.59 -0.4113871287740624 -0.44748512979692506 False True 0.0766433613797206 18.536107039986007 3.9549010426432486e-08 1.6121805015796948 0.7268215252837188 0.2528518562129134
25 85 556.0 557 93.93225133599994 1.59 -0.4113871287740624 -0.44748512979692506 False True 0.0766433613797206 18.536107039986007 3.9549010426432486e-08 1.6121805015796948 0.7268215252837188 0.2528518562129134
25 86 560.0 561 94.66664487299994 1.59 -0.4113871287740624 -0.44748512979692506 False True 0.0766433613797206 18.536107039986007 3.9549010426432486e-08 1.6121805015796948 0.7268215252837188 0.2528518562129134
25 87 564.0 565 95.37567970199993 1.59 -0.4113871287740624 -0.44748512979692506 False True 0.0766433613797206 18.536107039986007 3.9549010426432486e-08 1.6121805015796948 0.7268215252837188 0.2528518562129134
25 88 568.0 569 96.12711082699994 1.59 -0.4113871287740624 -0.44748512979692506 False True 0.0766433613797206 18.536107039986007 3.9549010426432486e-08 1.6121805015796948 0.7268215252837188 0.2528518562129134
25 89 572.0 573 96.83592543799993 1.59 -0.4113871287740624 -0.44748512979692506 False True 0.0766433613797206 18.536107039986007 3.9549010426432486e-08 1.6121805015796948 0.7268215252837188 0.2528518562129134
25 90 576.0 577 97.56147263699994 1.59 -0.4113871287740624 -0.44748512979692506 False True 0.0766433613797206 18.536107039986007 3.9549010426432486e-08 1.6121805015796948 0.7268215252837188 0.2528518562129134
25 91 580.0 581 98.27399547599994 1.59 -0.4113871287740624 -0.44748512979692506 False True 0.0766433613797206 18.536107039986007 3.9549010426432486e-08 1.6121805015796948 0.7268215252837188 0.2528518562129134
25 92 584.0 585 99.00584773699994 1.59 -0.4113871287740624 -0.44748512979692506 False True 0.0766433613797206 18.536107039986007 3.9549010426432486e-08 1.6121805015796948 0.7268215252837188 0.2528518562129134
25 93 588.0 589 99.71435314699994 1.59 -0.4113871287740624 -0.44748512979692506 False True 0.0766433613797206 18.536107039986007 3.9549010426432486e-08 1.6121805015796948 0.7268215252837188 0.2528518562129134
25 94 592.0 593 100.44346991099994 1.59 -0.4113871287740624 -0.4108489203398674 False True 0.0766433613797206 18.536107039986007 3.9549010426432486e-08 1.6121805015796948 0.7268215252837188 0.2528518562129134
25 95 596.0 597 101.16584566799995 1.59 -0.4113871287740624 -0.4108489203398674 False True 0.0766433613797206 18.536107039986007 3.9549010426432486e-08 1.6121805015796948 0.7268215252837188 0.2528518562129134
25 96 600.0 601 101.90839265499994 1.59 -0.4113871287740624 -0.4108489203398674 False True 0.0766433613797206 18.536107039986007 3.9549010426432486e-08 1.6121805015796948 0.7268215252837188 0.2528518562129134
25 97 604.0 605 102.62681820299994 1.59 -0.4113871287740624 -0.4108489203398674 False True 0.0766433613797206 18.536107039986007 3.9549010426432486e-08 1.6121805015796948 0.7268215252837188 0.2528518562129134
25 98 608.0 609 103.35133857299995 1.59 -0.4113871287740624 -0.4108489203398674 False True 0.0766433613797206 18.536107039986007 3.9549010426432486e-08 1.6121805015796948 0.7268215252837188 0.2528518562129134
25 99 612.0 613 104.08076224699995 1.59 -0.4113871287740624 -0.4108489203398674 False True 0.0766433613797206 18.536107039986007 3.9549010426432486e-08 1.6121805015796948 0.7268215252837188 0.2528518562129134
25 100 616.0 617 104.82103196099995 1.59 -0.4113871287740624 -0.4108489203398674 False True 0.0766433613797206 18.536107039986007 3.9549010426432486e-08 1.6121805015796948 0.7268215252837188 0.2528518562129134
25 101 620.0 621 105.52977348999994 1.59 -0.4113871287740624 -0.4108489203398674 False True 0.0766433613797206 18.536107039986007 3.9549010426432486e-08 1.6121805015796948 0.7268215252837188 0.2528518562129134
25 102 624.0 625 106.25992694399993 1.59 -0.4113871287740624 -0.4108489203398674 False True 0.0766433613797206 18.536107039986007 3.9549010426432486e-08 1.6121805015796948 0.7268215252837188 0.2528518562129134
25 103 628.0 629 106.96766311599993 1.59 -0.4113871287740624 -0.4108489203398674 False True 0.0766433613797206 18.536107039986007 3.9549010426432486e-08 1.6121805015796948 0.7268215252837188 0.2528518562129134
25 104 632.0 633 107.68715387999993 1.59 -0.4113871287740624 -0.4108489203398674 False True 0.0766433613797206 18.536107039986007 3.9549010426432486e-08 1.6121805015796948 0.7268215252837188 0.2528518562129134
25 105 636.0 637 108.40730747999993 1.59 -0.4113871287740624 -0.4108489203398674 False True 0.0766433613797206 18.536107039986007 3.9549010426432486e-08 1.6121805015796948 0.7268215252837188 0.2528518562129134
25 106 640.0 641 109.16207644199993 1.59 -0.4113871287740624 -0.4108489203398674 False True 0.0766433613797206 18.536107039986007 3.9549010426432486e-08 1.6121805015796948 0.7268215252837188 0.2528518562129134
25 107 644.0 645 109.88575487799993 1.59 -0.4113871287740624 -0.4108489203398674 False True 0.0766433613797206 18.536107039986007 3.9549010426432486e-08 1.6121805015796948 0.7268215252837188 0.2528518562129134
25 108 648.0 649 110.60835781099993 1.59 -0.4113871287740624 -0.4108489203398674 False True 0.0766433613797206 18.536107039986007 3.9549010426432486e-08 1.6121805015796948 0.7268215252837188 0.2528518562129134
25 109 652.0 653 111.36178034399994 1.59 -0.4113871287740624 -0.4108489203398674 False True 0.0766433613797206 18.536107039986007 3.9549010426432486e-08 1.6121805015796948 0.7268215252837188 0.2528518562129134
25 110 656.0 657 112.08259920199994 1.59 -0.4113871287740624 -0.4108489203398674 False True 0.0766433613797206 18.536107039986007 3.9549010426432486e-08 1.6121805015796948 0.7268215252837188 0.2528518562129134
25 111 660.0 661 112.78068668399995 1.59 -0.4113871287740624 -0.4108489203398674 False True 0.0766433613797206 18.536107039986007 3.9549010426432486e-08 1.6121805015796948 0.7268215252837188 0.2528518562129134
25 112 664.0 665 113.54614066499994 1.59 -0.4113871287740624 -0.4108489203398674 False True 0.0766433613797206 18.536107039986007 3.9549010426432486e-08 1.6121805015796948 0.7268215252837188 0.2528518562129134
25 113 668.0 669 114.28853085399994 1.59 -0.4113871287740624 -0.4108489203398674 False True 0.0766433613797206 18.536107039986007 3.9549010426432486e-08 1.6121805015796948 0.7268215252837188 0.2528518562129134
25 114 672.0 673 114.99333255399995 1.59 -0.4113871287740624 -0.4108489203398674 False True 0.0766433613797206 18.536107039986007 3.9549010426432486e-08 1.6121805015796948 0.7268215252837188 0.2528518562129134
25 115 676.0 677 115.70677738999994 1.59 -0.4113871287740624 -0.4108489203398674 False True 0.0766433613797206 18.536107039986007 3.9549010426432486e-08 1.6121805015796948 0.7268215252837188 0.2528518562129134
25 116 680.0 681 116.41379569799994 1.59 -0.4113871287740624 -0.4108489203398674 False True 0.0766433613797206 18.536107039986007 3.9549010426432486e-08 1.6121805015796948 0.7268215252837188 0.2528518562129134
25 117 684.0 685 117.12868211799994 1.59 -0.4113871287740624 -0.4108489203398674 False True 0.0766433613797206 18.536107039986007 3.9549010426432486e-08 1.6121805015796948 0.7268215252837188 0.2528518562129134
25 118 688.0 689 117.81135705299995 1.59 -0.4113871287740624 -0.4108489203398674 False True 0.0766433613797206 18.536107039986007 3.9549010426432486e-08 1.6121805015796948 0.7268215252837188 0.2528518562129134
25 119 692.0 693 118.52777018599996 1.59 -0.4113871287740624 -0.4108489203398674 False True 0.0766433613797206 18.536107039986007 3.9549010426432486e-08 1.6121805015796948 0.7268215252837188 0.2528518562129134
25 120 696.0 697 119.20938671399995 1.59 -0.4113871287740624 -0.36372240090746005 False True 0.0766433613797206 18.536107039986007 3.9549010426432486e-08 1.6121805015796948 0.7268215252837188 0.2528518562129134
25 121 700.0 701 119.92621671399995 1.59 -0.4113871287740624 0.3297791354179666 True False 0.0766433613797206 18.536107039986007 3.9549010426432486e-08 1.6121805015796948 0.7268215252837188 0.2528518562129134
25 122 700.0 701 120.39201896399996 1.59 -0.4113871287740624 0.3322153368462531 True False 0.0766433613797206 18.536107039986007 3.9549010426432486e-08 1.6121805015796948 0.7268215252837188 0.2528518562129134
25 123 700.0 701 120.85132730399997 1.59 -0.4113871287740624 0.3322153368462531 False True 0.0766433613797206 18.536107039986007 3.9549010426432486e-08 1.6121805015796948 0.7268215252837188 0.2528518562129134
25 124 712.0 713 121.58482467399996 1.59 -0.4113871287740624 0.3152418023049205 True False 0.0766433613797206 18.536107039986007 3.9549010426432486e-08 1.6121805015796948 0.7268215252837188 0.2528518562129134
25 125 712.0 713 122.02607700799996 1.59 -0.4113871287740624 0.3128322260288561 True False 0.0766433613797206 18.536107039986007 3.9549010426432486e-08 1.6121805015796948 0.7268215252837188 0.2528518562129134
25 126 712.0 714 122.45156156299996 1.59 -0.4113871287740624 0.3128322260288561 False True 0.0766433613797206 18.536107039986007 3.9549010426432486e-08 1.6121805015796948 0.7268215252837188 0.2528518562129134
25 127 724.0 726 123.19269277699996 1.59 -0.4113871287740624 0.31042645334596664 True False 0.0766433613797206 18.536107039986007 3.9549010426432486e-08 1.6121805015796948 0.7268215252837188 0.2528518562129134
25 128 724.0 726 123.66627407699997 1.59 -0.4113871287740624 0.31042645334596664 False True 0.0766433613797206 18.536107039986007 3.9549010426432486e-08 1.6121805015796948 0.7268215252837188 0.2528518562129134
25 129 736.0 738 124.38955595899996 1.59 -0.4113871287740624 0.30802448425625234 True False 0.0766433613797206 18.536107039986007 3.9549010426432486e-08 1.6121805015796948 0.7268215252837188 0.2528518562129134
25 130 736.0 738 124.82547781699996 1.59 -0.4113871287740624 0.30802448425625234 False True 0.0766433613797206 18.536107039986007 3.9549010426432486e-08 1.6121805015796948 0.7268215252837188 0.2528518562129134
25 131 748.0 750 125.55079770199995 1.59 -0.4113871287740624 0.3056263187597131 True False 0.0766433613797206 18.536107039986007 3.9549010426432486e-08 1.6121805015796948 0.7268215252837188 0.2528518562129134
25 132 748.0 750 126.02716946399997 1.59 -0.4113871287740624 0.3056263187597131 False True 0.0766433613797206 18.536107039986007 3.9549010426432486e-08 1.6121805015796948 0.7268215252837188 0.2528518562129134
25 133 760.0 762 126.76843628799995 1.59 -0.4113871287740624 0.30323195685634546 True False 0.0766433613797206 18.536107039986007 3.9549010426432486e-08 1.6121805015796948 0.7268215252837188 0.2528518562129134
25 134 760.0 762 127.20617642599993 1.59 -0.4113871287740624 0.30323195685634546 False True 0.0766433613797206 18.536107039986007 3.9549010426432486e-08 1.6121805015796948 0.7268215252837188 0.2528518562129134
25 135 772.0 774 127.95219885999992 1.59 -0.4113871287740624 0.3008413985461563 True False 0.0766433613797206 18.536107039986007 3.9549010426432486e-08 1.6121805015796948 0.7268215252837188 0.2528518562129134
25 136 772.0 774 128.42923141499992 1.59 -0.4113871287740624 0.3008413985461563 False True 0.0766433613797206 18.536107039986007 3.9549010426432486e-08 1.6121805015796948 0.7268215252837188 0.2528518562129134
25 137 784.0 786 129.1686496889999 1.59 -0.4113871287740624 0.29845464382913883 True False 0.0766433613797206 18.536107039986007 3.9549010426432486e-08 1.6121805015796948 0.7268215252837188 0.2528518562129134
25 138 784.0 786 129.6071667219999 1.59 -0.4113871287740624 0.29845464382913883 False True 0.0766433613797206 18.536107039986007 3.9549010426432486e-08 1.6121805015796948 0.7268215252837188 0.2528518562129134
25 139 796.0 798 130.3486673669999 1.59 -0.4113871287740624 0.29607169270529643 True False 0.0766433613797206 18.536107039986007 3.9549010426432486e-08 1.6121805015796948 0.7268215252837188 0.2528518562129134
25 140 796.0 798 130.8274418269999 1.59 -0.4113871287740624 0.29607169270529643 False True 0.0766433613797206 18.536107039986007 3.9549010426432486e-08 1.6121805015796948 0.7268215252837188 0.2528518562129134
25 141 808.0 810 131.57176470499988 1.59 -0.4113871287740624 0.3346553418677146 True False 0.0766433613797206 18.536107039986007 3.9549010426432486e-08 1.6121805015796948 0.7268215252837188 0.2528518562129134
25 142 808.0 810 132.0125892559999 1.59 -0.4113871287740624 0.3370991504823479 True False 0.0766433613797206 18.536107039986007 3.9549010426432486e-08 1.6121805015796948 0.7268215252837188 0.2528518562129134
25 143 808.0 810 132.4703720959999 1.59 -0.4113871287740624 0.3370991504823479 False True 0.0766433613797206 18.536107039986007 3.9549010426432486e-08 1.6121805015796948 0.7268215252837188 0.2528518562129134
25 144 820.0 822 133.2471304529999 1.59 -0.4113871287740624 0.29369254517462906 True False 0.0766433613797206 18.536107039986007 3.9549010426432486e-08 1.6121805015796948 0.7268215252837188 0.2528518562129134
25 145 820.0 823 133.7089957469999 1.59 -0.4113871287740624 0.29369254517462906 False True 0.0766433613797206 18.536107039986007 3.9549010426432486e-08 1.6121805015796948 0.7268215252837188 0.2528518562129134
25 146 832.0 835 134.44990785099992 1.59 -0.4113871287740624 -0.17457731952450845 True False 0.0766433613797206 18.536107039986007 3.9549010426432486e-08 1.6121805015796948 0.7268215252837188 0.2528518562129134
25 147 832.0 835 134.9050212679999 1.59 -0.4113871287740624 -0.17457731952450845 False True 0.0766433613797206 18.536107039986007 3.9549010426432486e-08 1.6121805015796948 0.7268215252837188 0.2528518562129134
25 148 844.0 847 135.6500819639999 1.59 -0.4113871287740624 -0.17602078313423936 True False 0.0766433613797206 18.536107039986007 3.9549010426432486e-08 1.6121805015796948 0.7268215252837188 0.2528518562129134
25 149 844.0 847 136.1090816819999 1.59 -0.4113871287740624 -0.17602078313423936 False True 0.0766433613797206 18.536107039986007 3.9549010426432486e-08 1.6121805015796948 0.7268215252837188 0.2528518562129134
25 150 856.0 859 136.8426061699999 1.59 -0.4113871287740624 -0.17746044315079862 True False 0.0766433613797206 18.536107039986007 3.9549010426432486e-08 1.6121805015796948 0.7268215252837188 0.2528518562129134
25 151 856.0 859 137.28779027899992 1.59 -0.4113871287740624 -0.17746044315079862 False True 0.0766433613797206 18.536107039986007 3.9549010426432486e-08 1.6121805015796948 0.7268215252837188 0.2528518562129134
25 152 868.0 871 138.02856665699994 1.59 -0.4113871287740624 0.33954676269015616 True False 0.0766433613797206 18.536107039986007 3.9549010426432486e-08 1.6121805015796948 0.7268215252837188 0.2528518562129134
25 153 868.0 871 138.48892115999993 1.59 -0.4113871287740624 0.3419981784911395 True False 0.0766433613797206 18.536107039986007 3.9549010426432486e-08 1.6121805015796948 0.7268215252837188 0.2528518562129134
25 154 868.0 871 138.96453957099993 1.59 -0.4113871287740624 0.3419981784911395 False True 0.0766433613797206 18.536107039986007 3.9549010426432486e-08 1.6121805015796948 0.7268215252837188 0.2528518562129134
25 155 880.0 883 139.70596817199993 1.59 -0.4113871287740624 0.34445339788529794 True False 0.0766433613797206 18.536107039986007 3.9549010426432486e-08 1.6121805015796948 0.7268215252837188 0.2528518562129134
25 156 880.0 883 140.14564367999992 1.59 -0.4113871287740624 0.3469124208726314 True False 0.0766433613797206 18.536107039986007 3.9549010426432486e-08 1.6121805015796948 0.7268215252837188 0.2528518562129134
25 157 880.0 883 140.60410288599994 1.59 -0.4113871287740624 0.3469124208726314 False True 0.0766433613797206 18.536107039986007 3.9549010426432486e-08 1.6121805015796948 0.7268215252837188 0.2528518562129134
25 158 892.0 895 141.34668322999994 1.59 -0.4113871287740624 0.34937524745313997 True False 0.0766433613797206 18.536107039986007 3.9549010426432486e-08 1.6121805015796948 0.7268215252837188 0.2528518562129134
25 159 892.0 895 141.81001239899993 1.59 -0.4113871287740624 0.3518418776268202 True False 0.0766433613797206 18.536107039986007 3.9549010426432486e-08 1.6121805015796948 0.7268215252837188 0.2528518562129134
25 160 892.0 895 142.28822420799992 1.59 -0.4113871287740624 0.3518418776268202 False True 0.0766433613797206 18.536107039986007 3.9549010426432486e-08 1.6121805015796948 0.7268215252837188 0.2528518562129134
25 161 904.0 907 143.04212745299992 1.59 -0.4113871287740624 -0.17167898152551464 True False 0.0766433613797206 18.536107039986007 3.9549010426432486e-08 1.6121805015796948 0.7268215252837188 0.2528518562129134
25 162 904.0 908 143.4829217299999 1.59 -0.4113871287740624 -0.17167898152551464 False True 0.0766433613797206 18.536107039986007 3.9549010426432486e-08 1.6121805015796948 0.7268215252837188 0.2528518562129134
25 163 916.0 920 144.2438317189999 6.82 -0.17167898152551464 -0.4113871287740624 False True 0.0766433613797206 18.536107039986007 3.9549010426432486e-08 1.6121805015796948 0.7268215252837188 0.2528518562129134
25 164 920.0 924 144.9692968689999 6.82 -0.17167898152551464 -0.4113871287740624 False True 0.0766433613797206 18.536107039986007 3.9549010426432486e-08 1.6121805015796948 0.7268215252837188 0.2528518562129134
25 165 924.0 928 145.7243137899999 1.59 -0.4113871287740624 -0.17167898152551464 False True 0.0766433613797206 18.536107039986007 3.9549010426432486e-08 1.6121805015796948 0.7268215252837188 0.2528518562129134
25 166 928.0 932 146.4619810319999 1.59 -0.4113871287740624 -0.17167898152551464 False True 0.0766433613797206 18.536107039986007 3.9549010426432486e-08 1.6121805015796948 0.7268215252837188 0.2528518562129134
25 167 932.0 936 147.22347397199988 1.59 -0.4113871287740624 -0.17167898152551464 False True 0.0766433613797206 18.536107039986007 3.9549010426432486e-08 1.6121805015796948 0.7268215252837188 0.2528518562129134
25 168 936.0 940 148.00824094599986 1.59 -0.4113871287740624 -0.17167898152551464 False True 0.0766433613797206 18.536107039986007 3.9549010426432486e-08 1.6121805015796948 0.7268215252837188 0.2528518562129134
25 169 940.0 944 148.74339154699985 1.59 -0.4113871287740624 0.35431231139367547 True False 0.0766433613797206 18.536107039986007 3.9549010426432486e-08 1.6121805015796948 0.7268215252837188 0.2528518562129134
25 170 940.0 944 149.20126922699984 1.59 -0.4113871287740624 0.3567865487537058 True False 0.0766433613797206 18.536107039986007 3.9549010426432486e-08 1.6121805015796948 0.7268215252837188 0.2528518562129134
25 171 940.0 944 149.64559437999984 1.59 -0.4113871287740624 0.3567865487537058 False True 0.0766433613797206 18.536107039986007 3.9549010426432486e-08 1.6121805015796948 0.7268215252837188 0.2528518562129134
25 172 952.0 956 150.38746857699982 1.59 -0.4113871287740624 0.3592645897069112 True False 0.0766433613797206 18.536107039986007 3.9549010426432486e-08 1.6121805015796948 0.7268215252837188 0.2528518562129134
25 173 952.0 956 150.86543570499984 1.59 -0.4113871287740624 0.36174643425329167 True False 0.0766433613797206 18.536107039986007 3.9549010426432486e-08 1.6121805015796948 0.7268215252837188 0.2528518562129134
25 174 952.0 956 151.32723821499985 1.59 -0.4113871287740624 0.36174643425329167 False True 0.0766433613797206 18.536107039986007 3.9549010426432486e-08 1.6121805015796948 0.7268215252837188 0.2528518562129134
25 175 964.0 968 152.06148053899986 1.59 -0.4113871287740624 0.36423208239284716 True False 0.0766433613797206 18.536107039986007 3.9549010426432486e-08 1.6121805015796948 0.7268215252837188 0.2528518562129134
25 176 964.0 968 152.52098893399986 1.59 -0.4113871287740624 0.3667215341255744 True False 0.0766433613797206 18.536107039986007 3.9549010426432486e-08 1.6121805015796948 0.7268215252837188 0.2528518562129134
25 177 964.0 968 152.96267821299986 1.59 -0.4113871287740624 0.3667215341255744 False True 0.0766433613797206 18.536107039986007 3.9549010426432486e-08 1.6121805015796948 0.7268215252837188 0.2528518562129134
25 178 976.0 980 153.72769500899986 1.59 -0.4113871287740624 0.36921478945148 True False 0.0766433613797206 18.536107039986007 3.9549010426432486e-08 1.6121805015796948 0.7268215252837188 0.2528518562129134
25 179 976.0 980 154.23979075299985 1.59 -0.4113871287740624 0.3717118483705573 True False 0.0766433613797206 18.536107039986007 3.9549010426432486e-08 1.6121805015796948 0.7268215252837188 0.2528518562129134
25 180 976.0 980 154.72280237999985 1.59 -0.4113871287740624 0.3717118483705573 False True 0.0766433613797206 18.536107039986007 3.9549010426432486e-08 1.6121805015796948 0.7268215252837188 0.2528518562129134
25 181 988.0 992 155.46215940799985 1.59 -0.4113871287740624 0.3717118483705573 False True 0.0766433613797206 18.536107039986007 3.9549010426432486e-08 1.6121805015796948 0.7268215252837188 0.2528518562129134
25 182 992.0 996 156.24536293799986 1.59 -0.4113871287740624 0.3717118483705573 False True 0.0766433613797206 18.536107039986007 3.9549010426432486e-08 1.6121805015796948 0.7268215252837188 0.2528518562129134
25 183 996.0 1000 156.98142442799988 1.59 -0.4113871287740624 -0.44748512979692506 False True 0.0766433613797206 18.536107039986007 3.9549010426432486e-08 1.6121805015796948 0.7268215252837188 0.2528518562129134
25 184 1000.0 1004 157.70625054799987 1.59 -0.4113871287740624 -0.4108489203398674 False True 0.0766433613797206 18.536107039986007 3.9549010426432486e-08 1.6121805015796948 0.7268215252837188 0.2528518562129134
25 185 1004.0 1008 158.44606110199987 1.59 -0.4113871287740624 -0.19164784569178986 True False 0.0766433613797206 18.536107039986007 3.9549010426432486e-08 1.6121805015796948 0.7268215252837188 0.2528518562129134
25 186 1004.0 1008 165.0717550499999 1.59 -0.4113871287740624 -0.19164784569178986 False True 0.0766433613797206 18.536107039986007 3.9549010426432486e-08 1.6121805015796948 0.7268215252837188 0.2528518562129134
25 187 1016.0 1020 174.8809890769999 1.59 -0.4113871287740624 -0.19164784569178986 False True 0.0766433613797206 18.536107039986007 3.9549010426432486e-08 1.6121805015796948 0.7268215252837188 0.2528518562129134
25 188 1020.0 1024 177.8891868189999 1.59 -0.4113871287740624 -0.19164784569178986 False True 0.0766433613797206 18.536107039986007 3.9549010426432486e-08 1.6121805015796948 0.7268215252837188 0.2528518562129134
25 189 1024.0 1028 179.8176662569999 1.59 -0.4113871287740624 -0.19164784569178986 False True 0.0766433613797206 18.536107039986007 3.9549010426432486e-08 1.6121805015796948 0.7268215252837188 0.2528518562129134
25 190 1028.0 1032 181.51322644099992 1.59 -0.4113871287740624 -0.19164784569178986 False True 0.0766433613797206 18.536107039986007 3.9549010426432486e-08 1.6121805015796948 0.7268215252837188 0.2528518562129134
25 191 1032.0 1036 183.15072713799992 1.59 -0.4113871287740624 -0.19164784569178986 False True 0.0766433613797206 18.536107039986007 3.9549010426432486e-08 1.6121805015796948 0.7268215252837188 0.2528518562129134
25 192 1036.0 1040 184.70682146899992 1.59 -0.4113871287740624 -0.19164784569178986 False True 0.0766433613797206 18.536107039986007 3.9549010426432486e-08 1.6121805015796948 0.7268215252837188 0.2528518562129134
25 193 1040.0 1044 186.20802679699992 1.59 -0.4113871287740624 -0.19164784569178986 False True 0.0766433613797206 18.536107039986007 3.9549010426432486e-08 1.6121805015796948 0.7268215252837188 0.2528518562129134
25 194 1044.0 1048 187.59448842399993 1.59 -0.4113871287740624 -0.19164784569178986 False True 0.0766433613797206 18.536107039986007 3.9549010426432486e-08 1.6121805015796948 0.7268215252837188 0.2528518562129134
25 195 1048.0 1052 189.02787148599995 1.59 -0.4113871287740624 -0.19164784569178986 False True 0.0766433613797206 18.536107039986007 3.9549010426432486e-08 1.6121805015796948 0.7268215252837188 0.2528518562129134
25 196 1052.0 1056 190.30957573799995 1.59 -0.4113871287740624 -0.19164784569178986 False True 0.0766433613797206 18.536107039986007 3.9549010426432486e-08 1.6121805015796948 0.7268215252837188 0.2528518562129134
25 197 1056.0 1060 191.60507315599995 1.59 -0.4113871287740624 -0.19164784569178986 False True 0.0766433613797206 18.536107039986007 3.9549010426432486e-08 1.6121805015796948 0.7268215252837188 0.2528518562129134
25 198 1060.0 1064 192.82572003799996 1.59 -0.4113871287740624 -0.19164784569178986 False True 0.0766433613797206 18.536107039986007 3.9549010426432486e-08 1.6121805015796948 0.7268215252837188 0.2528518562129134
25 199 1064.0 1068 194.00677628599996 1.59 -0.4113871287740624 -0.19164784569178986 False True 0.0766433613797206 18.536107039986007 3.9549010426432486e-08 1.6121805015796948 0.7268215252837188 0.2528518562129134
25 200 1068.0 1072 195.15312353499996 1.59 -0.4113871287740624 -0.19164784569178986 False True 0.0766433613797206 18.536107039986007 3.9549010426432486e-08 1.6121805015796948 0.7268215252837188 0.2528518562129134
25 201 1072.0 1076 196.34827968599996 1.59 -0.4113871287740624 -0.19164784569178986 False True 0.0766433613797206 18.536107039986007 3.9549010426432486e-08 1.6121805015796948 0.7268215252837188 0.2528518562129134
25 202 1076.0 1080 197.47196829299995 1.59 -0.4113871287740624 -0.19164784569178986 False True 0.0766433613797206 18.536107039986007 3.9549010426432486e-08 1.6121805015796948 0.7268215252837188 0.2528518562129134
25 203 1080.0 1084 198.61370241999995 1.59 -0.4113871287740624 -0.4108489203398674 False True 0.0766433613797206 18.536107039986007 3.9549010426432486e-08 1.6121805015796948 0.7268215252837188 0.2528518562129134
25 204 1084.0 1088 199.71227869799995 1.59 -0.4113871287740624 -0.4108489203398674 False True 0.0766433613797206 18.536107039986007 3.9549010426432486e-08 1.6121805015796948 0.7268215252837188 0.2528518562129134
25 205 1088.0 1092 200.80752636499994 1.59 -0.4113871287740624 -0.4108489203398674 False True 0.0766433613797206 18.536107039986007 3.9549010426432486e-08 1.6121805015796948 0.7268215252837188 0.2528518562129134
25 206 1092.0 1096 201.84796591599996 1.59 -0.4113871287740624 -0.4108489203398674 False True 0.0766433613797206 18.536107039986007 3.9549010426432486e-08 1.6121805015796948 0.7268215252837188 0.2528518562129134
25 207 1096.0 1100 202.93215369099994 1.59 -0.4113871287740624 -0.4108489203398674 False True 0.0766433613797206 18.536107039986007 3.9549010426432486e-08 1.6121805015796948 0.7268215252837188 0.2528518562129134
25 208 1100.0 1104 203.93100321599997 1.59 -0.4113871287740624 -0.4108489203398674 False True 0.0766433613797206 18.536107039986007 3.9549010426432486e-08 1.6121805015796948 0.7268215252837188 0.2528518562129134
25 209 1104.0 1108 204.94726029499998 1.59 -0.4113871287740624 -0.4108489203398674 False True 0.0766433613797206 18.536107039986007 3.9549010426432486e-08 1.6121805015796948 0.7268215252837188 0.2528518562129134
25 210 1108.0 1112 205.909358242 1.59 -0.4113871287740624 -0.4108489203398674 False True 0.0766433613797206 18.536107039986007 3.9549010426432486e-08 1.6121805015796948 0.7268215252837188 0.2528518562129134
25 211 1112.0 1116 206.891814348 1.59 -0.4113871287740624 -0.4108489203398674 False True 0.0766433613797206 18.536107039986007 3.9549010426432486e-08 1.6121805015796948 0.7268215252837188 0.2528518562129134
25 212 1116.0 1120 207.90581424 1.59 -0.4113871287740624 -0.18884079392898737 True False 0.0766433613797206 18.536107039986007 3.9549010426432486e-08 1.6121805015796948 0.7268215252837188 0.2528518562129134
25 213 1116.0 1121 208.524778335 1.59 -0.4113871287740624 -0.18884079392898737 False True 0.0766433613797206 18.536107039986007 3.9549010426432486e-08 1.6121805015796948 0.7268215252837188 0.2528518562129134
25 214 1128.0 1133 209.4459605 1.59 -0.4113871287740624 -0.4108489203398674 False True 0.0766433613797206 18.536107039986007 3.9549010426432486e-08 1.6121805015796948 0.7268215252837188 0.2528518562129134
25 215 1132.0 1137 210.388938327 1.59 -0.4113871287740624 -0.4108489203398674 False True 0.0766433613797206 18.536107039986007 3.9549010426432486e-08 1.6121805015796948 0.7268215252837188 0.2528518562129134
25 216 1136.0 1141 211.291144717 1.59 -0.4113871287740624 -0.4108489203398674 False True 0.0766433613797206 18.536107039986007 3.9549010426432486e-08 1.6121805015796948 0.7268215252837188 0.2528518562129134
25 217 1140.0 1145 212.227430925 1.59 -0.4113871287740624 -0.4108489203398674 False True 0.0766433613797206 18.536107039986007 3.9549010426432486e-08 1.6121805015796948 0.7268215252837188 0.2528518562129134
25 218 1144.0 1149 213.108826366 1.59 -0.4113871287740624 -0.44748512979692506 False True 0.0766433613797206 18.536107039986007 3.9549010426432486e-08 1.6121805015796948 0.7268215252837188 0.2528518562129134
25 219 1148.0 1153 214.010877378 1.59 -0.4113871287740624 -0.07597106827144384 True False 0.0766433613797206 18.536107039986007 3.9549010426432486e-08 1.6121805015796948 0.7268215252837188 0.2528518562129134
25 220 1148.0 1153 214.582866004 1.59 -0.4113871287740624 -0.07597106827144384 False True 0.0766433613797206 18.536107039986007 3.9549010426432486e-08 1.6121805015796948 0.7268215252837188 0.2528518562129134
25 221 1160.0 1165 215.443164337 1.59 -0.4113871287740624 -0.07765415825117315 True False 0.0766433613797206 18.536107039986007 3.9549010426432486e-08 1.6121805015796948 0.7268215252837188 0.2528518562129134
25 222 1160.0 1165 215.943653398 1.59 -0.4113871287740624 -0.07765415825117315 False True 0.0766433613797206 18.536107039986007 3.9549010426432486e-08 1.6121805015796948 0.7268215252837188 0.2528518562129134
25 223 1172.0 1177 216.846230005 7.42 -0.07765415825117315 -0.4113871287740624 False True 0.0766433613797206 18.536107039986007 3.9549010426432486e-08 1.6121805015796948 0.7268215252837188 0.2528518562129134
25 224 1176.0 1181 217.684302472 7.42 -0.07765415825117315 -0.4113871287740624 False True 0.0766433613797206 18.536107039986007 3.9549010426432486e-08 1.6121805015796948 0.7268215252837188 0.2528518562129134
25 225 1180.0 1185 218.50358206100003 1.59 -0.4113871287740624 -0.07765415825117315 False True 0.0766433613797206 18.536107039986007 3.9549010426432486e-08 1.6121805015796948 0.7268215252837188 0.2528518562129134
25 226 1184.0 1189 219.32328766100002 1.59 -0.4113871287740624 -0.07765415825117315 False True 0.0766433613797206 18.536107039986007 3.9549010426432486e-08 1.6121805015796948 0.7268215252837188 0.2528518562129134
25 227 1188.0 1193 220.10438526100003 1.59 -0.4113871287740624 -0.07765415825117315 False True 0.0766433613797206 18.536107039986007 3.9549010426432486e-08 1.6121805015796948 0.7268215252837188 0.2528518562129134
25 228 1192.0 1197 220.88448058800003 1.59 -0.4113871287740624 -0.07765415825117315 False True 0.0766433613797206 18.536107039986007 3.9549010426432486e-08 1.6121805015796948 0.7268215252837188 0.2528518562129134
25 229 1196.0 1201 221.70188954000002 7.42 -0.07765415825117315 -0.4113871287740624 False True 0.0766433613797206 18.536107039986007 3.9549010426432486e-08 1.6121805015796948 0.7268215252837188 0.2528518562129134
25 230 1200.0 1205 222.502450739 7.42 -0.07765415825117315 -0.4113871287740624 False True 0.0766433613797206 18.536107039986007 3.9549010426432486e-08 1.6121805015796948 0.7268215252837188 0.2528518562129134
25 231 1204.0 1209 223.280351926 7.42 -0.07765415825117315 -0.4113871287740624 False True 0.0766433613797206 18.536107039986007 3.9549010426432486e-08 1.6121805015796948 0.7268215252837188 0.2528518562129134
25 232 1208.0 1213 224.04172789 7.42 -0.07765415825117315 -0.4113871287740624 False True 0.0766433613797206 18.536107039986007 3.9549010426432486e-08 1.6121805015796948 0.7268215252837188 0.2528518562129134
25 233 1212.0 1217 224.855409283 7.42 -0.07765415825117315 -0.4113871287740624 False True 0.0766433613797206 18.536107039986007 3.9549010426432486e-08 1.6121805015796948 0.7268215252837188 0.2528518562129134
25 234 1216.0 1221 225.641389108 7.42 -0.07765415825117315 -0.4113871287740624 False True 0.0766433613797206 18.536107039986007 3.9549010426432486e-08 1.6121805015796948 0.7268215252837188 0.2528518562129134
25 235 1220.0 1225 226.40002916499998 7.42 -0.07765415825117315 -0.4113871287740624 False True 0.0766433613797206 18.536107039986007 3.9549010426432486e-08 1.6121805015796948 0.7268215252837188 0.2528518562129134
25 236 1224.0 1229 227.15716125899996 1.59 -0.4113871287740624 -0.07765415825117315 False True 0.0766433613797206 18.536107039986007 3.9549010426432486e-08 1.6121805015796948 0.7268215252837188 0.2528518562129134
25 237 1228.0 1233 227.92121874499998 1.59 -0.4113871287740624 -0.07765415825117315 False True 0.0766433613797206 18.536107039986007 3.9549010426432486e-08 1.6121805015796948 0.7268215252837188 0.2528518562129134
25 238 1232.0 1237 228.674175822 1.59 -0.4113871287740624 -0.07765415825117315 False True 0.0766433613797206 18.536107039986007 3.9549010426432486e-08 1.6121805015796948 0.7268215252837188 0.2528518562129134
25 239 1236.0 1241 229.415823273 1.59 -0.4113871287740624 -0.07765415825117315 False True 0.0766433613797206 18.536107039986007 3.9549010426432486e-08 1.6121805015796948 0.7268215252837188 0.2528518562129134
25 240 1240.0 1245 230.14161618 1.59 -0.4113871287740624 -0.07765415825117315 False True 0.0766433613797206 18.536107039986007 3.9549010426432486e-08 1.6121805015796948 0.7268215252837188 0.2528518562129134
25 241 1244.0 1249 230.918195913 1.59 -0.4113871287740624 -0.07765415825117315 False True 0.0766433613797206 18.536107039986007 3.9549010426432486e-08 1.6121805015796948 0.7268215252837188 0.2528518562129134
25 242 1248.0 1253 231.676015725 1.59 -0.4113871287740624 -0.07765415825117315 False True 0.0766433613797206 18.536107039986007 3.9549010426432486e-08 1.6121805015796948 0.7268215252837188 0.2528518562129134
25 243 1252.0 1257 232.398935703 1.59 -0.4113871287740624 -0.07765415825117315 False True 0.0766433613797206 18.536107039986007 3.9549010426432486e-08 1.6121805015796948 0.7268215252837188 0.2528518562129134
25 244 1256.0 1261 233.156019543 1.59 -0.4113871287740624 -0.44748512979692506 False True 0.0766433613797206 18.536107039986007 3.9549010426432486e-08 1.6121805015796948 0.7268215252837188 0.2528518562129134
25 245 1260.0 1265 233.89678387 1.59 -0.4113871287740624 -0.4108489203398674 False True 0.0766433613797206 18.536107039986007 3.9549010426432486e-08 1.6121805015796948 0.7268215252837188 0.2528518562129134
25 246 1264.0 1269 234.66285632900002 1.59 -0.4113871287740624 -0.4108489203398674 False True 0.0766433613797206 18.536107039986007 3.9549010426432486e-08 1.6121805015796948 0.7268215252837188 0.2528518562129134
25 247 1268.0 1273 235.46257572300001 1.59 -0.4113871287740624 -0.4108489203398674 False True 0.0766433613797206 18.536107039986007 3.9549010426432486e-08 1.6121805015796948 0.7268215252837188 0.2528518562129134
25 248 1272.0 1277 236.19994399 1.59 -0.4113871287740624 -0.4108489203398674 False True 0.0766433613797206 18.536107039986007 3.9549010426432486e-08 1.6121805015796948 0.7268215252837188 0.2528518562129134
25 249 1276.0 1281 236.962552783 1.59 -0.4113871287740624 -0.4108489203398674 False True 0.0766433613797206 18.536107039986007 3.9549010426432486e-08 1.6121805015796948 0.7268215252837188 0.2528518562129134
25 250 1280.0 1285 237.70205359800002 1.59 -0.4113871287740624 -0.4108489203398674 False True 0.0766433613797206 18.536107039986007 3.9549010426432486e-08 1.6121805015796948 0.7268215252837188 0.2528518562129134
25 251 1284.0 1289 238.461307698 1.59 -0.4113871287740624 -0.4108489203398674 False True 0.0766433613797206 18.536107039986007 3.9549010426432486e-08 1.6121805015796948 0.7268215252837188 0.2528518562129134
25 252 1288.0 1293 239.254971172 1.59 -0.4113871287740624 -0.4108489203398674 False True 0.0766433613797206 18.536107039986007 3.9549010426432486e-08 1.6121805015796948 0.7268215252837188 0.2528518562129134
25 253 1292.0 1297 239.982255128 1.59 -0.4113871287740624 -0.4108489203398674 False True 0.0766433613797206 18.536107039986007 3.9549010426432486e-08 1.6121805015796948 0.7268215252837188 0.2528518562129134
25 254 1296.0 1301 240.75290274 1.59 -0.4113871287740624 -0.4108489203398674 False True 0.0766433613797206 18.536107039986007 3.9549010426432486e-08 1.6121805015796948 0.7268215252837188 0.2528518562129134
25 255 1300.0 1305 241.48105758399998 1.59 -0.4113871287740624 -0.4108489203398674 False True 0.0766433613797206 18.536107039986007 3.9549010426432486e-08 1.6121805015796948 0.7268215252837188 0.2528518562129134
25 256 1304.0 1309 242.241738216 1.59 -0.4113871287740624 -0.4108489203398674 False True 0.0766433613797206 18.536107039986007 3.9549010426432486e-08 1.6121805015796948 0.7268215252837188 0.2528518562129134
25 257 1308.0 1313 242.97876882 1.59 -0.4113871287740624 -0.4108489203398674 False True 0.0766433613797206 18.536107039986007 3.9549010426432486e-08 1.6121805015796948 0.7268215252837188 0.2528518562129134
25 258 1312.0 1317 243.736052859 1.59 -0.4113871287740624 -0.4108489203398674 False True 0.0766433613797206 18.536107039986007 3.9549010426432486e-08 1.6121805015796948 0.7268215252837188 0.2528518562129134
25 259 1316.0 1321 244.47214708400003 1.59 -0.4113871287740624 -0.4108489203398674 False True 0.0766433613797206 18.536107039986007 3.9549010426432486e-08 1.6121805015796948 0.7268215252837188 0.2528518562129134
25 260 1320.0 1325 245.22146896400002 1.59 -0.4113871287740624 -0.4108489203398674 False True 0.0766433613797206 18.536107039986007 3.9549010426432486e-08 1.6121805015796948 0.7268215252837188 0.2528518562129134
25 261 1324.0 1329 245.95869823200002 1.59 -0.4113871287740624 -0.4108489203398674 False True 0.0766433613797206 18.536107039986007 3.9549010426432486e-08 1.6121805015796948 0.7268215252837188 0.2528518562129134
25 262 1328.0 1333 246.71762559500002 1.59 -0.4113871287740624 -0.4108489203398674 False True 0.0766433613797206 18.536107039986007 3.9549010426432486e-08 1.6121805015796948 0.7268215252837188 0.2528518562129134
25 263 1332.0 1337 247.451679347 1.59 -0.4113871287740624 -0.4108489203398674 False True 0.0766433613797206 18.536107039986007 3.9549010426432486e-08 1.6121805015796948 0.7268215252837188 0.2528518562129134
25 264 1336.0 1341 248.218070903 1.59 -0.4113871287740624 -0.4108489203398674 False True 0.0766433613797206 18.536107039986007 3.9549010426432486e-08 1.6121805015796948 0.7268215252837188 0.2528518562129134
25 265 1340.0 1345 248.953469018 1.59 -0.4113871287740624 -0.4108489203398674 False True 0.0766433613797206 18.536107039986007 3.9549010426432486e-08 1.6121805015796948 0.7268215252837188 0.2528518562129134
25 266 1344.0 1349 249.73179120400002 1.59 -0.4113871287740624 -0.4108489203398674 False True 0.0766433613797206 18.536107039986007 3.9549010426432486e-08 1.6121805015796948 0.7268215252837188 0.2528518562129134
25 267 1348.0 1353 250.45506387100002 1.59 -0.4113871287740624 -0.4108489203398674 False True 0.0766433613797206 18.536107039986007 3.9549010426432486e-08 1.6121805015796948 0.7268215252837188 0.2528518562129134
25 268 1352.0 1357 251.214257712 1.59 -0.4113871287740624 -0.4108489203398674 False True 0.0766433613797206 18.536107039986007 3.9549010426432486e-08 1.6121805015796948 0.7268215252837188 0.2528518562129134
25 269 1356.0 1361 251.998087827 1.59 -0.4113871287740624 -0.4108489203398674 False True 0.0766433613797206 18.536107039986007 3.9549010426432486e-08 1.6121805015796948 0.7268215252837188 0.2528518562129134
25 270 1360.0 1365 252.735851902 1.59 -0.4113871287740624 -0.4108489203398674 False True 0.0766433613797206 18.536107039986007 3.9549010426432486e-08 1.6121805015796948 0.7268215252837188 0.2528518562129134
25 271 1364.0 1369 253.45320625600004 1.59 -0.4113871287740624 -0.1874315626578252 True False 0.0766433613797206 18.536107039986007 3.9549010426432486e-08 1.6121805015796948 0.7268215252837188 0.2528518562129134
25 272 1364.0 1369 253.897552491 1.59 -0.4113871287740624 -0.1874315626578252 False True 0.0766433613797206 18.536107039986007 3.9549010426432486e-08 1.6121805015796948 0.7268215252837188 0.2528518562129134
25 273 1376.0 1381 254.61928800599998 1.59 -0.4113871287740624 -0.1874315626578252 False True 0.0766433613797206 18.536107039986007 3.9549010426432486e-08 1.6121805015796948 0.7268215252837188 0.2528518562129134
25 274 1380.0 1385 255.37678922899994 1.59 -0.4113871287740624 -0.4108489203398674 False True 0.0766433613797206 18.536107039986007 3.9549010426432486e-08 1.6121805015796948 0.7268215252837188 0.2528518562129134
25 275 1384.0 1389 256.13839949499993 1.59 -0.4113871287740624 -0.4108489203398674 False True 0.0766433613797206 18.536107039986007 3.9549010426432486e-08 1.6121805015796948 0.7268215252837188 0.2528518562129134
25 276 1388.0 1393 256.9530969349999 1.59 -0.4113871287740624 -0.4108489203398674 False True 0.0766433613797206 18.536107039986007 3.9549010426432486e-08 1.6121805015796948 0.7268215252837188 0.2528518562129134
25 277 1392.0 1397 257.6979680879999 1.59 -0.4113871287740624 -0.4108489203398674 False True 0.0766433613797206 18.536107039986007 3.9549010426432486e-08 1.6121805015796948 0.7268215252837188 0.2528518562129134
25 278 1396.0 1401 258.47564438699993 1.59 -0.4113871287740624 -0.4108489203398674 False True 0.0766433613797206 18.536107039986007 3.9549010426432486e-08 1.6121805015796948 0.7268215252837188 0.2528518562129134
25 279 1400.0 1405 259.2311770609999 1.59 -0.4113871287740624 -0.4108489203398674 False True 0.0766433613797206 18.536107039986007 3.9549010426432486e-08 1.6121805015796948 0.7268215252837188 0.2528518562129134
25 280 1404.0 1409 259.99809323499994 1.59 -0.4113871287740624 -0.4108489203398674 False True 0.0766433613797206 18.536107039986007 3.9549010426432486e-08 1.6121805015796948 0.7268215252837188 0.2528518562129134
25 281 1408.0 1413 260.75225619799994 1.59 -0.4113871287740624 -0.4108489203398674 False True 0.0766433613797206 18.536107039986007 3.9549010426432486e-08 1.6121805015796948 0.7268215252837188 0.2528518562129134
25 282 1412.0 1417 261.53062362099996 1.59 -0.4113871287740624 -0.4108489203398674 False True 0.0766433613797206 18.536107039986007 3.9549010426432486e-08 1.6121805015796948 0.7268215252837188 0.2528518562129134
25 283 1416.0 1421 262.275559628 1.59 -0.4113871287740624 -0.4108489203398674 False True 0.0766433613797206 18.536107039986007 3.9549010426432486e-08 1.6121805015796948 0.7268215252837188 0.2528518562129134
25 284 1420.0 1425 263.051405164 1.59 -0.4113871287740624 -0.4108489203398674 False True 0.0766433613797206 18.536107039986007 3.9549010426432486e-08 1.6121805015796948 0.7268215252837188 0.2528518562129134
25 285 1424.0 1429 263.79615083600004 1.59 -0.4113871287740624 -0.4108489203398674 False True 0.0766433613797206 18.536107039986007 3.9549010426432486e-08 1.6121805015796948 0.7268215252837188 0.2528518562129134
25 286 1428.0 1433 264.55738854800006 1.59 -0.4113871287740624 -0.4108489203398674 False True 0.0766433613797206 18.536107039986007 3.9549010426432486e-08 1.6121805015796948 0.7268215252837188 0.2528518562129134
25 287 1432.0 1437 265.314570096 1.59 -0.4113871287740624 -0.4108489203398674 False True 0.0766433613797206 18.536107039986007 3.9549010426432486e-08 1.6121805015796948 0.7268215252837188 0.2528518562129134
25 288 1436.0 1441 266.114541718 1.59 -0.4113871287740624 -0.4108489203398674 False True 0.0766433613797206 18.536107039986007 3.9549010426432486e-08 1.6121805015796948 0.7268215252837188 0.2528518562129134
25 289 1440.0 1445 266.91484772800004 1.59 -0.4113871287740624 -0.4108489203398674 False True 0.0766433613797206 18.536107039986007 3.9549010426432486e-08 1.6121805015796948 0.7268215252837188 0.2528518562129134
25 290 1444.0 1449 267.669787917 1.59 -0.4113871287740624 -0.4108489203398674 False True 0.0766433613797206 18.536107039986007 3.9549010426432486e-08 1.6121805015796948 0.7268215252837188 0.2528518562129134
25 291 1448.0 1453 268.437649462 1.59 -0.4113871287740624 -0.4108489203398674 False True 0.0766433613797206 18.536107039986007 3.9549010426432486e-08 1.6121805015796948 0.7268215252837188 0.2528518562129134
25 292 1452.0 1457 269.19088247700006 1.59 -0.4113871287740624 -0.4108489203398674 False True 0.0766433613797206 18.536107039986007 3.9549010426432486e-08 1.6121805015796948 0.7268215252837188 0.2528518562129134
25 293 1456.0 1461 269.97027215900005 1.59 -0.4113871287740624 -0.4108489203398674 False True 0.0766433613797206 18.536107039986007 3.9549010426432486e-08 1.6121805015796948 0.7268215252837188 0.2528518562129134
25 294 1460.0 1465 270.773775595 1.59 -0.4113871287740624 -0.4108489203398674 False True 0.0766433613797206 18.536107039986007 3.9549010426432486e-08 1.6121805015796948 0.7268215252837188 0.2528518562129134
25 295 1464.0 1469 271.528336233 1.59 -0.4113871287740624 -0.4108489203398674 False True 0.0766433613797206 18.536107039986007 3.9549010426432486e-08 1.6121805015796948 0.7268215252837188 0.2528518562129134
25 296 1468.0 1473 272.296711845 1.59 -0.4113871287740624 -0.4108489203398674 False True 0.0766433613797206 18.536107039986007 3.9549010426432486e-08 1.6121805015796948 0.7268215252837188 0.2528518562129134
25 297 1472.0 1477 273.05068708000005 1.59 -0.4113871287740624 -0.4108489203398674 False True 0.0766433613797206 18.536107039986007 3.9549010426432486e-08 1.6121805015796948 0.7268215252837188 0.2528518562129134
25 298 1476.0 1481 273.83056101600005 1.59 -0.4113871287740624 -0.4108489203398674 False True 0.0766433613797206 18.536107039986007 3.9549010426432486e-08 1.6121805015796948 0.7268215252837188 0.2528518562129134
25 299 1480.0 1485 274.6344718550001 1.59 -0.4113871287740624 -0.4108489203398674 False True 0.0766433613797206 18.536107039986007 3.9549010426432486e-08 1.6121805015796948 0.7268215252837188 0.2528518562129134
25 300 1484.0 1489 275.3905643370001 1.59 -0.4113871287740624 -0.4108489203398674 False True 0.0766433613797206 18.536107039986007 3.9549010426432486e-08 1.6121805015796948 0.7268215252837188 0.2528518562129134
25 301 1488.0 1493 276.1699277820001 1.59 -0.4113871287740624 -0.4108489203398674 False True 0.0766433613797206 18.536107039986007 3.9549010426432486e-08 1.6121805015796948 0.7268215252837188 0.2528518562129134
25 302 1492.0 1497 276.9150127410001 1.59 -0.4113871287740624 -0.4108489203398674 False True 0.0766433613797206 18.536107039986007 3.9549010426432486e-08 1.6121805015796948 0.7268215252837188 0.2528518562129134
25 303 1496.0 1501 277.6969710620001 1.59 -0.4113871287740624 -0.4108489203398674 False True 0.0766433613797206 18.536107039986007 3.9549010426432486e-08 1.6121805015796948 0.7268215252837188 0.2528518562129134
25 304 1500.0 1505 278.4508644770001 1.59 -0.4113871287740624 -0.4108489203398674 False True 0.0766433613797206 18.536107039986007 3.9549010426432486e-08 1.6121805015796948 0.7268215252837188 0.2528518562129134
25 305 1504.0 1509 279.2266538020001 1.59 -0.4113871287740624 -0.4108489203398674 False True 0.0766433613797206 18.536107039986007 3.9549010426432486e-08 1.6121805015796948 0.7268215252837188 0.2528518562129134
25 306 1508.0 1513 279.9732654010001 1.59 -0.4113871287740624 -0.4108489203398674 False True 0.0766433613797206 18.536107039986007 3.9549010426432486e-08 1.6121805015796948 0.7268215252837188 0.2528518562129134
25 307 1512.0 1517 280.70542866700015 1.59 -0.4113871287740624 -0.4108489203398674 False True 0.0766433613797206 18.536107039986007 3.9549010426432486e-08 1.6121805015796948 0.7268215252837188 0.2528518562129134
25 308 1516.0 1521 281.42828193900016 1.59 -0.4113871287740624 -0.4108489203398674 False True 0.0766433613797206 18.536107039986007 3.9549010426432486e-08 1.6121805015796948 0.7268215252837188 0.2528518562129134
25 309 1520.0 1525 282.1874949290002 1.59 -0.4113871287740624 -0.4108489203398674 False True 0.0766433613797206 18.536107039986007 3.9549010426432486e-08 1.6121805015796948 0.7268215252837188 0.2528518562129134
25 310 1524.0 1529 282.9433359330002 1.59 -0.4113871287740624 -0.4108489203398674 False True 0.0766433613797206 18.536107039986007 3.9549010426432486e-08 1.6121805015796948 0.7268215252837188 0.2528518562129134
25 311 1528.0 1533 283.72265601500015 1.59 -0.4113871287740624 -0.4108489203398674 False True 0.0766433613797206 18.536107039986007 3.9549010426432486e-08 1.6121805015796948 0.7268215252837188 0.2528518562129134
25 312 1532.0 1537 284.4657310260001 1.59 -0.4113871287740624 -0.4108489203398674 False True 0.0766433613797206 18.536107039986007 3.9549010426432486e-08 1.6121805015796948 0.7268215252837188 0.2528518562129134
25 313 1536.0 1541 285.18672456300015 1.59 -0.4113871287740624 -0.4108489203398674 False True 0.0766433613797206 18.536107039986007 3.9549010426432486e-08 1.6121805015796948 0.7268215252837188 0.2528518562129134
25 314 1540.0 1545 285.94525127300017 1.59 -0.4113871287740624 -0.4108489203398674 False True 0.0766433613797206 18.536107039986007 3.9549010426432486e-08 1.6121805015796948 0.7268215252837188 0.2528518562129134
25 315 1544.0 1549 286.68997872000017 1.59 -0.4113871287740624 -0.4108489203398674 False True 0.0766433613797206 18.536107039986007 3.9549010426432486e-08 1.6121805015796948 0.7268215252837188 0.2528518562129134
25 316 1548.0 1553 287.4692436630002 1.59 -0.4113871287740624 -0.4108489203398674 False True 0.0766433613797206 18.536107039986007 3.9549010426432486e-08 1.6121805015796948 0.7268215252837188 0.2528518562129134
25 317 1552.0 1557 288.2860367660002 1.59 -0.4113871287740624 -0.4108489203398674 False True 0.0766433613797206 18.536107039986007 3.9549010426432486e-08 1.6121805015796948 0.7268215252837188 0.2528518562129134
25 318 1556.0 1561 289.04137952000025 1.59 -0.4113871287740624 -0.4108489203398674 False True 0.0766433613797206 18.536107039986007 3.9549010426432486e-08 1.6121805015796948 0.7268215252837188 0.2528518562129134
25 319 1560.0 1565 289.80654850500025 1.59 -0.4113871287740624 -0.4108489203398674 False True 0.0766433613797206 18.536107039986007 3.9549010426432486e-08 1.6121805015796948 0.7268215252837188 0.2528518562129134
25 320 1564.0 1569 290.54210085100027 1.59 -0.4113871287740624 -0.4108489203398674 False True 0.0766433613797206 18.536107039986007 3.9549010426432486e-08 1.6121805015796948 0.7268215252837188 0.2528518562129134
25 321 1568.0 1573 291.3462511370003 1.59 -0.4113871287740624 -0.4108489203398674 False True 0.0766433613797206 18.536107039986007 3.9549010426432486e-08 1.6121805015796948 0.7268215252837188 0.2528518562129134
25 322 1572.0 1577 292.1441956460003 1.59 -0.4113871287740624 -0.4108489203398674 False True 0.0766433613797206 18.536107039986007 3.9549010426432486e-08 1.6121805015796948 0.7268215252837188 0.2528518562129134
25 323 1576.0 1581 292.8837586500003 1.59 -0.4113871287740624 -0.4108489203398674 False True 0.0766433613797206 18.536107039986007 3.9549010426432486e-08 1.6121805015796948 0.7268215252837188 0.2528518562129134
25 324 1580.0 1585 293.6482013040003 4.42 -0.4108489203398674 -0.4113871287740624 False True 0.0766433613797206 18.536107039986007 3.9549010426432486e-08 1.6121805015796948 0.7268215252837188 0.2528518562129134
25 325 1584.0 1589 294.3906924140003 4.42 -0.4108489203398674 -0.4113871287740624 False True 0.0766433613797206 18.536107039986007 3.9549010426432486e-08 1.6121805015796948 0.7268215252837188 0.2528518562129134
25 326 1588.0 1593 295.1648532350003 4.42 -0.4108489203398674 -0.4113871287740624 False True 0.0766433613797206 18.536107039986007 3.9549010426432486e-08 1.6121805015796948 0.7268215252837188 0.2528518562129134
25 327 1592.0 1597 295.9622437670003 4.42 -0.4108489203398674 -0.4113871287740624 False True 0.0766433613797206 18.536107039986007 3.9549010426432486e-08 1.6121805015796948 0.7268215252837188 0.2528518562129134
25 328 1596.0 1601 296.6893741570003 4.42 -0.4108489203398674 -0.4113871287740624 False True 0.0766433613797206 18.536107039986007 3.9549010426432486e-08 1.6121805015796948 0.7268215252837188 0.2528518562129134
25 329 1600.0 1605 297.4509561570003 4.42 -0.4108489203398674 -0.4113871287740624 False True 0.0766433613797206 18.536107039986007 3.9549010426432486e-08 1.6121805015796948 0.7268215252837188 0.2528518562129134
25 330 1604.0 1609 298.18895037100026 4.42 -0.4108489203398674 -0.4113871287740624 False True 0.0766433613797206 18.536107039986007 3.9549010426432486e-08 1.6121805015796948 0.7268215252837188 0.2528518562129134
25 331 1608.0 1613 298.95058822100026 4.42 -0.4108489203398674 -0.4113871287740624 False True 0.0766433613797206 18.536107039986007 3.9549010426432486e-08 1.6121805015796948 0.7268215252837188 0.2528518562129134
25 332 1612.0 1617 299.68898307400025 4.42 -0.4108489203398674 -0.4113871287740624 False True 0.0766433613797206 18.536107039986007 3.9549010426432486e-08 1.6121805015796948 0.7268215252837188 0.2528518562129134
25 333 1616.0 1621 300.40584492900024 4.42 -0.4108489203398674 -0.4113871287740624 False True 0.0766433613797206 18.536107039986007 3.9549010426432486e-08 1.6121805015796948 0.7268215252837188 0.2528518562129134
25 334 1620.0 1625 301.1618032550002 4.42 -0.4108489203398674 -0.4113871287740624 False True 0.0766433613797206 18.536107039986007 3.9549010426432486e-08 1.6121805015796948 0.7268215252837188 0.2528518562129134
25 335 1624.0 1629 301.9017533310002 4.42 -0.4108489203398674 -0.4113871287740624 False True 0.0766433613797206 18.536107039986007 3.9549010426432486e-08 1.6121805015796948 0.7268215252837188 0.2528518562129134
25 336 1628.0 1633 302.66671664200015 4.42 -0.4108489203398674 -0.4113871287740624 False True 0.0766433613797206 18.536107039986007 3.9549010426432486e-08 1.6121805015796948 0.7268215252837188 0.2528518562129134
25 337 1632.0 1637 303.46489714600017 1.59 -0.4113871287740624 -0.4108489203398674 False True 0.0766433613797206 18.536107039986007 3.9549010426432486e-08 1.6121805015796948 0.7268215252837188 0.2528518562129134
25 338 1636.0 1641 304.20839365300014 4.42 -0.4108489203398674 -0.4113871287740624 False True 0.0766433613797206 18.536107039986007 3.9549010426432486e-08 1.6121805015796948 0.7268215252837188 0.2528518562129134
25 339 1640.0 1645 304.9858269920001 4.42 -0.4108489203398674 -0.4113871287740624 False True 0.0766433613797206 18.536107039986007 3.9549010426432486e-08 1.6121805015796948 0.7268215252837188 0.2528518562129134
25 340 1644.0 1649 305.72939985200014 4.42 -0.4108489203398674 -0.4113871287740624 False True 0.0766433613797206 18.536107039986007 3.9549010426432486e-08 1.6121805015796948 0.7268215252837188 0.2528518562129134
25 341 1648.0 1653 306.50299685600015 4.42 -0.4108489203398674 -0.4113871287740624 False True 0.0766433613797206 18.536107039986007 3.9549010426432486e-08 1.6121805015796948 0.7268215252837188 0.2528518562129134
25 342 1652.0 1657 307.2402535520002 4.42 -0.4108489203398674 -0.4113871287740624 False True 0.0766433613797206 18.536107039986007 3.9549010426432486e-08 1.6121805015796948 0.7268215252837188 0.2528518562129134
25 343 1656.0 1661 308.0217962880002 4.42 -0.4108489203398674 -0.4113871287740624 False True 0.0766433613797206 18.536107039986007 3.9549010426432486e-08 1.6121805015796948 0.7268215252837188 0.2528518562129134
25 344 1660.0 1665 308.8022146820002 4.42 -0.4108489203398674 -0.4113871287740624 False True 0.0766433613797206 18.536107039986007 3.9549010426432486e-08 1.6121805015796948 0.7268215252837188 0.2528518562129134
25 345 1664.0 1669 309.54318098200025 4.42 -0.4108489203398674 -0.4113871287740624 False True 0.0766433613797206 18.536107039986007 3.9549010426432486e-08 1.6121805015796948 0.7268215252837188 0.2528518562129134
25 346 1668.0 1673 322.5094157620003 4.42 -0.4108489203398674 -0.4113871287740624 False True 0.0766433613797206 18.536107039986007 3.9549010426432486e-08 1.6121805015796948 0.7268215252837188 0.2528518562129134
25 347 1672.0 1677 327.9762184790003 1.59 -0.4113871287740624 -0.4108489203398674 False True 0.0766433613797206 18.536107039986007 3.9549010426432486e-08 1.6121805015796948 0.7268215252837188 0.2528518562129134
25 348 1676.0 1681 330.5317344310003 4.42 -0.4108489203398674 -0.4113871287740624 False True 0.0766433613797206 18.536107039986007 3.9549010426432486e-08 1.6121805015796948 0.7268215252837188 0.2528518562129134
25 349 1680.0 1685 332.4080739200003 1.59 -0.4113871287740624 -0.4108489203398674 False True 0.0766433613797206 18.536107039986007 3.9549010426432486e-08 1.6121805015796948 0.7268215252837188 0.2528518562129134
25 350 1684.0 1689 334.2058650340003 4.42 -0.4108489203398674 -0.4113871287740624 False True 0.0766433613797206 18.536107039986007 3.9549010426432486e-08 1.6121805015796948 0.7268215252837188 0.2528518562129134
25 351 1688.0 1693 335.8646389620003 4.42 -0.4108489203398674 -0.4113871287740624 False True 0.0766433613797206 18.536107039986007 3.9549010426432486e-08 1.6121805015796948 0.7268215252837188 0.2528518562129134
25 352 1692.0 1697 337.3660805820003 4.42 -0.4108489203398674 -0.4113871287740624 False True 0.0766433613797206 18.536107039986007 3.9549010426432486e-08 1.6121805015796948 0.7268215252837188 0.2528518562129134
25 353 1696.0 1701 338.85877722200024 4.42 -0.4108489203398674 -0.4113871287740624 False True 0.0766433613797206 18.536107039986007 3.9549010426432486e-08 1.6121805015796948 0.7268215252837188 0.2528518562129134
25 354 1700.0 1705 340.2454799350002 4.42 -0.4108489203398674 -0.4113871287740624 False True 0.0766433613797206 18.536107039986007 3.9549010426432486e-08 1.6121805015796948 0.7268215252837188 0.2528518562129134
25 355 1704.0 1709 341.5825582390002 4.42 -0.4108489203398674 -0.4113871287740624 False True 0.0766433613797206 18.536107039986007 3.9549010426432486e-08 1.6121805015796948 0.7268215252837188 0.2528518562129134
25 356 1708.0 1713 342.9653737610002 4.42 -0.4108489203398674 -0.4113871287740624 False True 0.0766433613797206 18.536107039986007 3.9549010426432486e-08 1.6121805015796948 0.7268215252837188 0.2528518562129134
25 357 1712.0 1717 344.2212684690002 4.42 -0.4108489203398674 -0.4113871287740624 False True 0.0766433613797206 18.536107039986007 3.9549010426432486e-08 1.6121805015796948 0.7268215252837188 0.2528518562129134
25 358 1716.0 1721 345.4418786250002 4.42 -0.4108489203398674 -0.4113871287740624 False True 0.0766433613797206 18.536107039986007 3.9549010426432486e-08 1.6121805015796948 0.7268215252837188 0.2528518562129134
25 359 1720.0 1725 346.6412411040002 4.42 -0.4108489203398674 -0.4113871287740624 False True 0.0766433613797206 18.536107039986007 3.9549010426432486e-08 1.6121805015796948 0.7268215252837188 0.2528518562129134
25 360 1724.0 1729 347.8431010380002 4.42 -0.4108489203398674 -0.4113871287740624 False True 0.0766433613797206 18.536107039986007 3.9549010426432486e-08 1.6121805015796948 0.7268215252837188 0.2528518562129134
25 361 1728.0 1733 348.97109696600023 4.42 -0.4108489203398674 -0.4113871287740624 False True 0.0766433613797206 18.536107039986007 3.9549010426432486e-08 1.6121805015796948 0.7268215252837188 0.2528518562129134
25 362 1732.0 1737 350.0346789950002 4.42 -0.4108489203398674 -0.4113871287740624 False True 0.0766433613797206 18.536107039986007 3.9549010426432486e-08 1.6121805015796948 0.7268215252837188 0.2528518562129134
25 363 1736.0 1741 351.1395682320002 4.42 -0.4108489203398674 -0.4113871287740624 False True 0.0766433613797206 18.536107039986007 3.9549010426432486e-08 1.6121805015796948 0.7268215252837188 0.2528518562129134
25 364 1740.0 1745 352.23270291500023 4.42 -0.4108489203398674 -0.4113871287740624 False True 0.0766433613797206 18.536107039986007 3.9549010426432486e-08 1.6121805015796948 0.7268215252837188 0.2528518562129134
25 365 1744.0 1749 353.33359529000023 4.42 -0.4108489203398674 -0.4113871287740624 False True 0.0766433613797206 18.536107039986007 3.9549010426432486e-08 1.6121805015796948 0.7268215252837188 0.2528518562129134
25 366 1748.0 1753 354.4497162570002 4.42 -0.4108489203398674 -0.07259347753246341 True False 0.0766433613797206 18.536107039986007 3.9549010426432486e-08 1.6121805015796948 0.7268215252837188 0.2528518562129134
25 367 1748.0 1753 355.1182034380002 4.42 -0.4108489203398674 -0.07259347753246341 False True 0.0766433613797206 18.536107039986007 3.9549010426432486e-08 1.6121805015796948 0.7268215252837188 0.2528518562129134
25 368 1760.0 1765 356.11645530400017 4.42 -0.4108489203398674 -0.07259347753246341 False True 0.0766433613797206 18.536107039986007 3.9549010426432486e-08 1.6121805015796948 0.7268215252837188 0.2528518562129134
25 369 1764.0 1769 357.1325036110002 4.42 -0.4108489203398674 0.2913172012371368 True False 0.0766433613797206 18.536107039986007 3.9549010426432486e-08 1.6121805015796948 0.7268215252837188 0.2528518562129134
25 370 1764.0 1769 357.7751546780002 4.42 -0.4108489203398674 0.2913172012371368 False True 0.0766433613797206 18.536107039986007 3.9549010426432486e-08 1.6121805015796948 0.7268215252837188 0.2528518562129134
25 371 1776.0 1781 358.73409985200016 4.42 -0.4108489203398674 0.2889456608928162 True False 0.0766433613797206 18.536107039986007 3.9549010426432486e-08 1.6121805015796948 0.7268215252837188 0.2528518562129134
25 372 1776.0 1781 359.29561556700014 4.42 -0.4108489203398674 0.2889456608928162 False True 0.0766433613797206 18.536107039986007 3.9549010426432486e-08 1.6121805015796948 0.7268215252837188 0.2528518562129134
25 373 1788.0 1793 360.26988205700013 4.42 -0.4108489203398674 0.286577924141674 True False 0.0766433613797206 18.536107039986007 3.9549010426432486e-08 1.6121805015796948 0.7268215252837188 0.2528518562129134
25 374 1788.0 1793 360.8708124090001 4.42 -0.4108489203398674 0.286577924141674 False True 0.0766433613797206 18.536107039986007 3.9549010426432486e-08 1.6121805015796948 0.7268215252837188 0.2528518562129134
25 375 1800.0 1805 361.8556937830001 4.42 -0.4108489203398674 -0.4113871287740624 False True 0.0766433613797206 18.536107039986007 3.9549010426432486e-08 1.6121805015796948 0.7268215252837188 0.2528518562129134
25 376 1804.0 1809 362.7894670840001 4.42 -0.4108489203398674 0.28421399098370353 True False 0.0766433613797206 18.536107039986007 3.9549010426432486e-08 1.6121805015796948 0.7268215252837188 0.2528518562129134
25 377 1804.0 1809 363.3291717690001 4.42 -0.4108489203398674 0.28421399098370353 False True 0.0766433613797206 18.536107039986007 3.9549010426432486e-08 1.6121805015796948 0.7268215252837188 0.2528518562129134
25 378 1816.0 1821 364.2533745120001 4.42 -0.4108489203398674 0.2818538614189081 True False 0.0766433613797206 18.536107039986007 3.9549010426432486e-08 1.6121805015796948 0.7268215252837188 0.2528518562129134
25 379 1816.0 1821 364.8521121060001 4.42 -0.4108489203398674 0.2818538614189081 False True 0.0766433613797206 18.536107039986007 3.9549010426432486e-08 1.6121805015796948 0.7268215252837188 0.2528518562129134
25 380 1828.0 1833 365.7350178290001 4.42 -0.4108489203398674 0.2794975354472877 True False 0.0766433613797206 18.536107039986007 3.9549010426432486e-08 1.6121805015796948 0.7268215252837188 0.2528518562129134
25 381 1828.0 1834 366.25188122900016 4.42 -0.4108489203398674 0.2794975354472877 False True 0.0766433613797206 18.536107039986007 3.9549010426432486e-08 1.6121805015796948 0.7268215252837188 0.2528518562129134
25 382 1840.0 1846 367.13703117200015 4.42 -0.4108489203398674 0.2771450130688424 True False 0.0766433613797206 18.536107039986007 3.9549010426432486e-08 1.6121805015796948 0.7268215252837188 0.2528518562129134
25 383 1840.0 1846 367.72811076700015 4.42 -0.4108489203398674 0.2771450130688424 False True 0.0766433613797206 18.536107039986007 3.9549010426432486e-08 1.6121805015796948 0.7268215252837188 0.2528518562129134
25 384 1852.0 1858 368.57670750800014 4.42 -0.4108489203398674 0.27479629428357216 True False 0.0766433613797206 18.536107039986007 3.9549010426432486e-08 1.6121805015796948 0.7268215252837188 0.2528518562129134
25 385 1852.0 1858 369.08837445400013 4.42 -0.4108489203398674 0.27479629428357216 False True 0.0766433613797206 18.536107039986007 3.9549010426432486e-08 1.6121805015796948 0.7268215252837188 0.2528518562129134
25 386 1864.0 1870 369.8912474360001 4.42 -0.4108489203398674 0.2724513790914736 True False 0.0766433613797206 18.536107039986007 3.9549010426432486e-08 1.6121805015796948 0.7268215252837188 0.2528518562129134
25 387 1864.0 1870 370.3936868590001 4.42 -0.4108489203398674 0.2724513790914736 False True 0.0766433613797206 18.536107039986007 3.9549010426432486e-08 1.6121805015796948 0.7268215252837188 0.2528518562129134
25 388 1876.0 1882 371.2361648690001 4.42 -0.4108489203398674 0.2701102674925535 True False 0.0766433613797206 18.536107039986007 3.9549010426432486e-08 1.6121805015796948 0.7268215252837188 0.2528518562129134
25 389 1876.0 1882 371.7881139580001 4.42 -0.4108489203398674 0.2701102674925535 False True 0.0766433613797206 18.536107039986007 3.9549010426432486e-08 1.6121805015796948 0.7268215252837188 0.2528518562129134
25 390 1888.0 1894 372.5920129530001 4.42 -0.4108489203398674 0.267772959486805 True False 0.0766433613797206 18.536107039986007 3.9549010426432486e-08 1.6121805015796948 0.7268215252837188 0.2528518562129134
25 391 1888.0 1894 373.0880193610001 4.42 -0.4108489203398674 0.267772959486805 False True 0.0766433613797206 18.536107039986007 3.9549010426432486e-08 1.6121805015796948 0.7268215252837188 0.2528518562129134
25 392 1900.0 1906 373.86872226800006 4.42 -0.4108489203398674 0.13660414706660462 True False 0.0766433613797206 18.536107039986007 3.9549010426432486e-08 1.6121805015796948 0.7268215252837188 0.2528518562129134
25 393 1900.0 1906 374.3466967170001 4.42 -0.4108489203398674 0.13660414706660462 False True 0.0766433613797206 18.536107039986007 3.9549010426432486e-08 1.6121805015796948 0.7268215252837188 0.2528518562129134
25 394 1912.0 1918 375.15132549700013 4.42 -0.4108489203398674 0.14083374267668028 True False 0.0766433613797206 18.536107039986007 3.9549010426432486e-08 1.6121805015796948 0.7268215252837188 0.2528518562129134
25 395 1912.0 1918 375.67525459900014 4.42 -0.4108489203398674 0.14083374267668028 False True 0.0766433613797206 18.536107039986007 3.9549010426432486e-08 1.6121805015796948 0.7268215252837188 0.2528518562129134
25 396 1924.0 1930 376.4745053990002 4.42 -0.4108489203398674 0.14295424587147731 True False 0.0766433613797206 18.536107039986007 3.9549010426432486e-08 1.6121805015796948 0.7268215252837188 0.2528518562129134
25 397 1924.0 1930 376.93555465300017 4.42 -0.4108489203398674 0.14295424587147731 False True 0.0766433613797206 18.536107039986007 3.9549010426432486e-08 1.6121805015796948 0.7268215252837188 0.2528518562129134
25 398 1936.0 1942 377.6906131310002 4.42 -0.4108489203398674 0.14295424587147731 False True 0.0766433613797206 18.536107039986007 3.9549010426432486e-08 1.6121805015796948 0.7268215252837188 0.2528518562129134
25 399 1940.0 1946 378.4857135500002 4.42 -0.4108489203398674 0.1450785526594528 True False 0.0766433613797206 18.536107039986007 3.9549010426432486e-08 1.6121805015796948 0.7268215252837188 0.2528518562129134
25 400 1940.0 1946 379.0138457000002 4.42 -0.4108489203398674 0.1450785526594528 False True 0.0766433613797206 18.536107039986007 3.9549010426432486e-08 1.6121805015796948 0.7268215252837188 0.2528518562129134
25 401 1952.0 1958 379.8687591650002 4.42 -0.4108489203398674 0.1450785526594528 False True 0.0766433613797206 18.536107039986007 3.9549010426432486e-08 1.6121805015796948 0.7268215252837188 0.2528518562129134
25 402 1956.0 1962 380.6536368650002 4.42 -0.4108489203398674 0.14720666304059996 True False 0.0766433613797206 18.536107039986007 3.9549010426432486e-08 1.6121805015796948 0.7268215252837188 0.2528518562129134
25 403 1956.0 1963 381.1265469130002 4.42 -0.4108489203398674 0.14720666304059996 False True 0.0766433613797206 18.536107039986007 3.9549010426432486e-08 1.6121805015796948 0.7268215252837188 0.2528518562129134
25 404 1968.0 1975 381.9295764610002 4.42 -0.4108489203398674 0.14933857701492556 True False 0.0766433613797206 18.536107039986007 3.9549010426432486e-08 1.6121805015796948 0.7268215252837188 0.2528518562129134
25 405 1968.0 1975 382.4492924440002 4.42 -0.4108489203398674 0.14933857701492556 False True 0.0766433613797206 18.536107039986007 3.9549010426432486e-08 1.6121805015796948 0.7268215252837188 0.2528518562129134
25 406 1980.0 1987 383.21383069400025 4.42 -0.4108489203398674 0.14933857701492556 False True 0.0766433613797206 18.536107039986007 3.9549010426432486e-08 1.6121805015796948 0.7268215252837188 0.2528518562129134
25 407 1984.0 1991 384.0619049010003 4.42 -0.4108489203398674 0.15147429458242287 True False 0.0766433613797206 18.536107039986007 3.9549010426432486e-08 1.6121805015796948 0.7268215252837188 0.2528518562129134
25 408 1984.0 1991 384.5418742030003 4.42 -0.4108489203398674 0.15147429458242287 False True 0.0766433613797206 18.536107039986007 3.9549010426432486e-08 1.6121805015796948 0.7268215252837188 0.2528518562129134
